# ID XA-000-08-003-000-001-171-13
# Tag _trim_
# Date 240624_17:49:48
# Vref_p 57
# Vref_n 25
# Thr2_glb 37
# Vref_t 118
# Vref_t_range 1
# Pol 0
# ADC range 30-247
# FAST disc 30
ch:   0  126  124  123  125  115  130  122  110  106  106  118  119  124  104  119  126  119  109  116  116  100  107  108  111  108  121   99  122  123  116  104   34
ch:   1  135  132  132  110  123  119  121  118  120  119  126  118  109  124  119  108  111  108  110  114  115  119  117  119  109  119  110  116  109  119  132   49
ch:   2  130  118  126  121  123  122  119  120  131  133  122  105  126  114  131  121  108  116  110  118  107  119  122  118  101  117  125  119  106  117  110   54
ch:   3  123  131  122  119  131  114  122  108  131  136  132  124  122  121  121  125  131  126  123  118  132  123  124  123  105  125  123  124  129  123  126   26
ch:   4  123  119  117  126  125  116  123  131  139  131  118  119  108  117  117  119  109  115  118  120  119  113  110  115  114  115  121  119  121  123  110   36
ch:   5  122  132  119  134  125  126  124  120  125  125  132  118  121  124  125  120  132  123  108  133  119  118  117  114  120  126  118  123  122  122  126   40
ch:   6  131  125  116  122  125  118  123  122  122  119  132  117  118  118  131  116  118  118  108  107  120  123  108  114  110  120  114  105  107  118  116   36
ch:   7  127  123  133  137  120  118  131  121  141  136  122  138  119  124  132  133  118  123  125  118  140  134  124  123  120  126  131  126  131  121  134   47
ch:   8  126  133  122  121  127  123  118  133  122  126  122  127  133  132  118  118  100  122  122  122  105  126  124  123  125  118  125  114  119  122  121   33
ch:   9  120  115  122  127  117  135  133  122  134  121  125  121  125  123  125  119  125  126  128  120  116  118  123  120  124  124  125  118  127  126  127   49
ch:  10  132  139  131  131  117  125  114  123  116  122  118  125  124  119  109  118  115  115  116  117  117  119  116  116  116  109  107  116  120  108  109   31
ch:  11  123  134  133  120  121  120  120  124  107  121  120  121  122  125  126  125  121  132  124  133  108  122  130  123  123  132  123  125  131  126  128   50
ch:  12  122  121  119  121  122  121  123  123  125  120  120  110  120  109  121  120  117  127  119  111  123  131  105  116  121  121  117  120  108  125  122   41
ch:  13  127  132   -1  133  133  132  118  122  118  128  124  124  126  122  127  124  130  133  129  126  124  118  123  121  118  131  114  127  133  131  121   37
ch:  14  127  123  139  125  119  131  119  135  133  106  124  118  126  123  121  121  122  124  117  117  118  105  125  117  117  117  119  118  124  102  121   34
ch:  15  141  131  131  130  120  121  131  125  122  133  117  138  132  122  124  122  121  133  120  126  125  125  124  121  135  136  123  136  126  126  135   47
ch:  16  126  123  120  132  123  118  130  133  119  119  107  117  126  123  126  130  109  122  119  120  117  116  110  120  105  122  117  122  127  126  126   34
ch:  17  139  133  128  123  134  106  125  127  119  123  118  125  130  114  127  133  123  120  124  131  124  118  125  125  118  123  123  125  132  130  125   52
ch:  18  129  108  120  131  127  122  124  117  134  132  125  109  126  121  121  121  121  109  110  111  122  108  124  122  118  118  122  116  121  125  124   34
ch:  19  132  130  134  115  130  121  126  126  131  134  123  126  115  124  119  120  117  119  118  130  126  116  124  123  119  129  127  131  124  124  133   50
ch:  20  125  125  126  120  122  110  118  123  121  120  114  123  123  107  116  118  113  124  110  107  110  122  121  114  122  107  118  116  123  118  120   47
ch:  21  120  122  124  123  120  127  124  121  124  123  126  119  123  127  130  120  133  133  124  118  125  132  122  136  120  124  122  126  130  134  126   52
ch:  22  118  137  122  133  124  129  124  131  131  122  119  129  127  123  123  114  109  120  117  132  124  110  109  119  111  119  122  104  122  122  116   41
ch:  23  131  123  124  124  124  122  122  132  123  118  119  116  125  119  126  132  123  119  125  131  123  117  118  129  123  116  117  126  125  126  133   40
ch:  24  121  131  125   -1  131  123  108  124  125  126  125  127  123  116  119  117  121  121  122  108  123  113  120  120  116  121  131  120  119  123  125   38
ch:  25  132  123  126  132  124  134  121  130  133  118  135  115  124  130  116  129  136  121  133  120  132  123  130  118  124  120  132  133  119  130  124   53
ch:  26  134  131  119  125  131  116  126  116  125  117  116  132  118  126  116  119  116  100  118  119  111  125  115  124  123  119  124  114  123  117  121   36
ch:  27  122  130  133  128  124  124  123  130  122  120  119  122  131  132  130  126  120  124  122  145  120  123  119  133  126  138  119  123  126  122  139   45
ch:  28  108  124  137  126  125  131  122  126  119  121  131  124  124  121  113  114  125  122  120  125  119  114  121  126  125  116  125  114  110  121  125   37
ch:  29  126  124  131  127  122  136  131  122  122  125  124  117  133  124  120  126  127  127  131  133  129  132  117  125  124  130  126  138  133  121  146   44
ch:  30  135  130  124  124  118  134  118  130  118  116  122  120  122  106  119  117  116  122  121  117  127  121  116  120  122  120  123  122  126  110  118   53
ch:  31  135  133  125  136  124  135  130  121  133  125  121  120  123  124  120  131  134  135  135  121  125  120  138  131  131  132  134  125  126  146  134   43
ch:  32  117  132  132  130  131  122  120  131  122  124  129  120  121  118  121  115  116  118  120  122  119  121  118  127  114  115  124  118  118  124  123   38
ch:  33  139  125  117  122  124  134  135  135  126  133  122  125  123  123  138  123  131  136  125  134  130  142  131  130  123  130  133  130  136  132  143   50
ch:  34  132  126  124  120  123  109  126  122  122  124  122  117  122  125  123  102  119  121  109  124  120  125  123  125  117  123  122  118  120  120  120   44
ch:  35  124  137  126  126  142  125  122  122  121  125  137  133  124  124  127  127  132  133  121  119  136  135  126  129  125  136  146  124  131  124  139   36
ch:  36  127  124  123  126  118  119  111  119  118  128  115  121  118  121  103  130  125  118  109  116  115  110  116  130  120  120  125  120  105  127  118   39
ch:  37  126  119  127  126  137  137  131  131  123  125  130  127  130  131  130  132  133  124  123  136  117  126  130  137  134  137  130  132  130  129  134   36
ch:  38  121  133  132  126  123  118  121  115  121  122  124  120  127  123  121  122  118  122  109  105  132  119  126  120  117  121  120  118  119  136  125   40
ch:  39  131  131  120  135  134  131  122  125  122  137  124  133  134  130  134  139  132  140  124  126  121  120  124  125  131  137  136  129  148  137  131   46
ch:  40  123  127  122  122  125  117  117  117  118  131  122  130  125  123  133  106  120  136  132  117  111  109  120  119  119  116  120  120  123  120  122   38
ch:  41  130  129  117  122  126  130  126  136  130  134  125  126  135  130  124  133  126  124  132  119  124  133  126  124  129  132  132  130  134  130  135   45
ch:  42  119  131  120  114  121  121  124  123  119  124  120  116  119  123  123  120  121  126  127  118  121  122  123  119  123  119  120  120  121  134  132   34
ch:  43  139  137  122  133  123  126  131  124  121  125  129  122  125  134  126  109  135  136  131  119  130  124  135  134  131  121  150  132  136  134  139   46
ch:  44  129  118  121  124  132  123  122  122  122  125  119  126  126  123  119  121  116  122  122  136  133  121  121  116  134  125  124  132  116  124  126   37
ch:  45  119  132  116  133  133  123  121  124  129  132  134  134  126  133  131  136  119  123  126  119  134  131  123  136  127  119  124  133  147  138  134   37
ch:  46  135  125  135  124  132  124  121  126  121  132  120  123  124  124  117  123  110  130  122  115  108  109  124  115  118  118  120  123  129  135  125   31
ch:  47  130  134  118  125  130  123  130  131  132  131  125  133  125  125  133  138  122  133  127  132  132  126  125  133  120  131  134  126  135  125  133   46
ch:  48  126  134  121  124  121  126  131  127  131  121  126  119  117  122  122  123  119  119  124  117  123  116  119  118  126  118  119  124  134  137  121   38
ch:  49  122  120  126  131  125  123  131  121  126  118  122  115  132  120  119  116  131  133  115  126  126  127  130  135  123  126  129  134  131  131  131   36
ch:  50  125  135  117  137  132  126  123  133  122  118  132  123  121  131  110  111  120  123  120  123  117  110  121  120  123  129  120  120  116  123  126   36
ch:  51  132  125  130  126  137  127  122  133  138  131  126  127  125  134  139  125  125  130  134  133  135  133  139  132  138  123  139  138  140  138  138   40
ch:  52  127  123  125  123  115  124  136  135  129  125  135  132  120  126  119  123  116  125  118  119  120  120  122  118  131  120  111  126  123  119  120   37
ch:  53  132  125  136  125  130  138  124  121  133  132  132  134  125  127  134  127  121  122  126  122  139  124  122  117  129  132  139  132  125  130  137   45
ch:  54  124  122  126  122  133  121  124  127  123  118  119  123  125  123  124  123  123  108  108  121  132  135  126  117  132  123  118  124  118  124  120   40
ch:  55  130  131  125  123  129  125  121  134  127  138  122  135  130  124  134  135  133  126  122  124  140  127  130  136  134  132  132  139  140  138  134   36
ch:  56  120  133  122  129  119  121  133  122  131  130  125  121  124  133  122  114  120  119  125  122  130  127  117  133  123  126  114  121  117  123  125   38
ch:  57  136  133  127  126  132  127  125  125  136  120  132  131  133  138  133  132  130  141  131  134  140  138  134  131  130  134  132  121  123  148  132   44
ch:  58  124  131  121  121  133  124  126  125  125  122  119  121  126  122  119  109  119  130  111  123  118  133  126  121  119  116  122  121  119  109  116   40
ch:  59  122  125  131  126  125  131  126  123  131  125  124  126  134  136  124  132  126  135  129  124  138  126  132  132  137  125  131  133  137  149  138   29
ch:  60  138  125  125  130  116  122  122  109  121  125  126  124  121  106  125  121  126  122  118  120  108  120  126  124  129  120  125  124  130  130  124   42
ch:  61  130  128  123  132  126  134  121  118  127  137  122  126  118  135  130  138  127  137  134  125  121  140  130  132  133  131  123  135  135  132  135   41
ch:  62  132  121  127  131  118  126  121  127  131  126  123  121  119  131  122  125  117  119  121  117  115  126  119  122  122  125  131  120  116  121  122   45
ch:  63  135  131  117  136  119  138  132  135  125  123  121  138  125  120  130  135  122  125  131  126  137  133  119  130  131  118  132  132  131  127  136   38
ch:  64  126  121  122  127  123  119  131  120  126  123  120  132  116  118  124  130  121  122  136  125  122  133  110  124  119  129  131  114  115  119  129   39
ch:  65  131  121  131  127  132  124  140  117  136  122  134  114  129  133  123  121  130  124  134  138  129  125  133  136  122  122  132  132  124  131  133   49
ch:  66  131  122  130  124  125  137  129  121  124  124  131  129  125  126  116  124  121  125  121  117  126  120  124  130  119  124  122  123  131  110  124   43
ch:  67  135  125  132  124  132  126  122  120  117  139  132  113  130  126  130  135  123  123  131  124  120  123  131  125  117  132  139  133  129  138  135   29
ch:  68  138  134  120  133  122  122  125  119  121  126  126  122  129  124  119  126  125  103  122  125  119  121  118  121  131  115  124  120  117  125  127   29
ch:  69  122  121  119  134  136  129  122  121  125  118  121  122  131  124  135  122  131  124  123  133  133  134  129  126  126  134  119  130  132  131  137   37
ch:  70  135  118  134  135  126  124  121  126  124  120  122  126  119  121  124  106  121  120  123  122  120  116  111  122  117  120  120  116  120  114  118   41
ch:  71  121  119  132  118  130  130  130  132  125  126  121  124  137  119  124  122  125  135  132  118  127  134  126  131  133  127  118  130  135  134  131   24
ch:  72  132  122  130  124  124  115  133  126  115  141  118  121  128  118  124  126  125  125  118  129  119  132  131  124  127  115  121  125  118  120  120   38
ch:  73  119  123  120  121  137  135  122  132  130  125  125  120  132  138  124  132  130  135  133  129  119  124  127  122  130  131  134  137  140  133  132   33
ch:  74  122  125  116  125  138  124  122  122  124  116  120  124  132  130  120  124  121  116  123  118  136  134  124  124  134  133  123  130  131  125  131   38
ch:  75  139  124  120  120  122  127  131  131  135  126  123  133  125  134  134  119  126  136  135  122  131  134  135  124  124  123  133  130  124  126  130   32
ch:  76  133  127  128  130  125  127  127  120  119  126  129  119  135  131  127  121  120  133  121  123  124  126  135  117  119  109  124  120  133  127  123   42
ch:  77  125  119  124  127  132  123  131  120  131  135  129  131  123  140  131  126  132  120  124  134  138  114  122  138  118  124  137  131  125  138  136   29
ch:  78  132  133  119  131  131  123  121  131  126  127  130  131  124  124  126  131  122  123  117  118  125  119  115  123  120  120  122  120  117  127  125   33
ch:  79  126  132  123  132  124  126  139  135  123  124  125  135  122  123  131  123  135  122  123  127  126  123  134  132  125  134  132  136  134  131  146   28
ch:  80  118  125  138  131  125  131  123  123  110  121  117  126  124  124  121  111  119  108  133  115  126  119  122  120  122  118  123  123  132  120  110   43
ch:  81  134  125  133  133  134  124  121  133  134  125  130  125  133  126  131  126  136  130  121  134  117  129  132  124  123  133  132  129  135  129  131   26
ch:  82  121  120  126  124  123  114  117  122  121  115  122  117  124  121  117  119  126  110  110  105  125  117  117  123  120  115  124  124  123  116  122   30
ch:  83  120  135  137  120  120  131  124  123  127  107  123  125  127  120  130  131  130  116  120  121  120  118  134  123  121  121  124  123  131  131  127   27
ch:  84  121  130  119  122  119  123  126  129  132  123  122  123  132  124  119  121  108  131  123  124  127  123  110  119  132  123  123  115  133  125  122   31
ch:  85  120  123  132  124  122  119  121  123  125  121  133  126  127  134  123  123  131  125  120  122  131  118  124  133  121  125  124  132  132  121  131   33
ch:  86  123  119  124  124  122  122  126  125  118  125  115  126  124  120  108  115  129  116  124  117  134  119  117  118  126  121  130  121  123  123  120   40
ch:  87  124  133  137  113  131  129  126  126  132  121  118  131  131  135  124  131  125  123  147  130  135  126  133  121  123  134  118  133  133  132  138   23
ch:  88  119  131  124  136  127  115  124  125  126  124  119  116  134  131  122  122  115  123  122  122  124  117  135  131  108  122  126  124  120  137  134   46
ch:  89  134  132  135  117  123  129  131  123  117  119  125  136  120  122  126  125  125  119  124  126  133  133  135  122  132  124  124  124  131  131  125   27
ch:  90  133  127  125  127  133  136  133  125  129  126  131  135  116  127  138  131  120  132  136  123  122  124  130  122  122  134  123  132  121  132  138   55
ch:  91  130  121  118  129  132  127  125  132  139  120  109  132  127  125  133  126  125  122  135  134  121  119  122  122  132  132  135  135  131  136  134   29
ch:  92  121  134  130  120  131  120  124  116  125  119  132  132   -1  130  122  133  124  121  120  120  106  125  132  120  127  124  118  119  121  129  136   47
ch:  93  130  122  133  123  123  132  125  121  124  121  119  120  120  132  138  131  134  126  121  116  140  132  124  123  131  149  130  126  122  125  131   28
ch:  94  123  117  121  123  130  121  124  127  125  118  125  117  118  120  123  108  126  122  124  132  132  121  124  121  121  118  129  118  119  125  133   38
ch:  95  120  122  117  125  131  137  132  132  111  130  126  126  126  129  119  127  133  119  123  131  134  131  126  121  132  126  127  134  133  130  133   26
ch:  96  122  123  120  121  132  123  122  124  125  131  126  119  106  135  123  122  105  124  120  131  117  123  124  120  118  105  132  122  123  121  118   37
ch:  97  126  121  129  119  135  125  140  135  122  138  133  120  132  130  132  126  124  128  139  133  130  125  124  132  124  133  139  139  134  130  131   21
ch:  98  135  119  135  124  129  124  122  125  124  122  131  119  123  120  123  120  133  126  139  121  122  121  119  125  125  126  118  121  123  124  126   34
ch:  99  125  130  122  125  132  121  124  133  119  130  132  124  124  134  125  132  135  133  131  124  124  122  120  125  127  137  129  135  120  137  145   13
ch: 100  119  123  130  123  118  124  122  117  122  119  114  109  121  126  119  119  119  105  126  129  123  115  126  126  132  118  124  120  122  120  132   46
ch: 101  133  131  123  123  122  120  125  131  133  117  127  134  123  133  122  121  122  111  125  132  124  129  121  116  120  123  120  124  136  118  139   26
ch: 102  132  130  131  124  124  122  122  131  121  121  134  121  120  131  119  132  122  119  123  117  119  122  121  131  123  122  125  116  126  123  123   48
ch: 103  133  134  148  130  124  132  145  140  130  140  133  132  132  123  125  129  123  136  131  125  135  122  121  132  135  139  135  132  149  130  126   39
ch: 104  123  126  133  121  119  116  131  126  123  122  130  120  125  112  134  127  132  119  122  127  123  122  117  108  117  119  124  118  126  121  120   42
ch: 105  122  137  140  131  122  120  129  127  118  136  137  122  126  126  122  126  132  123  125  132  120  121  126  125  131  132  140  134  126  139  136   17
ch: 106  119  138  127  109  122  122  120  119  124  130  134  123  123  125  122  123  121  118  116  125  127  125  118  131  111  119  120  126  122  123  118   32
ch: 107  116  130  125  136  124  123  122  138  135  126  132  120  136  121  124  119  134  120  124  138  122  140  129  121  133  143  132  137  140  136  139   20
ch: 108  124  124  125  131  110  124  129  131  121  117  124  126  137  132  120  122  116  120  121  116  129  122  117  124  118  124  124  122  121  126  130   47
ch: 109  118  131  123  136  129  137  138  119  125  137  126  124  131  126  131  126  133  125  122  135  125  121  136  126  124  126  123  135  131  133  130   17
ch: 110  118  119  114  125  130  108  123  127  107  121  124  115  117  121  125  118  122  124  121  123  118  109  124  122  117  118  124  129  130  127  109   38
ch: 111  124  132  126  119  124  125  130  123  122  134  123  130  128  126  132  127  138  124  124  131  126  125  132  135  126  126  137  131  142  126  140   25
ch: 112  132  136  119  120  121  125  118  131  119  120  118  121  131  122  110  124  131  136  122  122  125  111  121  121  120  126  122  116  126  123  126   47
ch: 113  126  124  138  126  123  122  127  137  126  130  121  124  131  126  134  124  130  123  134  123  121  138  132  136  126  133  135  132  134  135  137   19
ch: 114  138  120  125  131  123  123  121  124  123  123  124  125  125  118  116  131  126  124  118  133  124  120  118  130  123  126  129  117  121  124  120   56
ch: 115  120  131  125  122  131  134  124  124  124  124  124  134  129  119  119  124  131  120  122  119  122  123  130  130  124  118  125  122  132  125  126   13
ch: 116  130  127  132  126  124  116  130  131  134  123  120  121  121  119  130  130  122  115  118  118  127  123  124  122  135  118  125  130  124  123  123   39
ch: 117  117  122  127  131  123  136  139  121  132  124  134  125  126  131  120  118  126  120  131  120  124  122  127  133  125  124  135  132  124  130  136   12
ch: 118  125  122  120  120  129  125  124  124  126  133  124  109  118  120  110  122  124  118  108  131  124  107  122  118  120  122  117  118  121  130  127   44
ch: 119  118  133  116  125  130  124  131  135  131  117  131  120  121  119  133  132  131  132  122  124  126  123  135  126  124  125  134  122  118  126  131   14
ch: 120  125  131  121  133  136  121  122  123  122  123  116  119   -1  120  119  120  124  132  117  122  119  123  121  124  124  118  119  136  120  123  123   40
ch: 121  126  133  124  122  126  127  127  124  119  132  120  126  133  125  121  137  132  132  131  133  114  126  119  121  122  131  137  126  130  135  124   16
ch: 122  131  130  123  124  123  122  125  123  118  127  130  130  124  117  127  126  123  121  125  123  111  109  121  122  123  122  130  134  116  131  122   42
ch: 123  126  122  116  121  119  120  125  120  125  120  119  125  125  132  129  118  121  123  124  133  124  118  118  117  132  126  122  130  115  138  124   12
ch: 124  126  121  123  133  116  129  118  123  122  148  118  122  136  122  118  119  129  117  116  122  116  118  111  117  123  122  129  124  110  121  121   22
ch: 125  125  130  119  125  126  130  122  139  124  128  129  123  107  127  137  133  133  123  128  126  121  125  132  123  122  136  138  130  132  130  132   11
ch: 126  125  122  133  118  122  120  125  136  116  123  118  107  119  117  126  119  121  119  123  119  116  124  103  106  125  108  108  111  108  130  123   17
ch: 127  120  124  129  123  109  130  125  132  126  123  131  123  130  135  122  119  130  129  125  130  115  126  122  126  131  127  131  121  124  119  129   14
