# ID XA-000-08-003-000-001-174-13
# Tag _trim_
# Date 240620_17:20:59
# Vref_p 52
# Vref_n 27
# Thr2_glb 10
# Vref_t 118
# Vref_t_range 1
# Pol 0
# ADC range 30-247
# FAST disc 30
ch:   0   90   94   93  107  105  118  133  133  150  135  142  126  137  140  124  136  122  121  123  137  117  124  124  121  109  118  122  108  125  107  105   -1
ch:   1  126  141  146  153  147  155  152  154  134  142  151  132  135  133  142  140  130  140  137  122  124  125  125  136  119  134  126  117  125  131  121   -1
ch:   2  104  117  129  130  133  151  140  140  135  149  141  138  140  137  131  135  122  118  122  120  118  132  119  118  128  119  124  119  120  104  120   50
ch:   3  136  138  142  148  162  151  138  147  149  136  140  142  134  138  125  139  136  125  131  124  125  126  123  122  132  133  132  119  116  117  121   39
ch:   4  125  122  137  139  137  131  142  141  149  148  149  138  135  137  135  139  134  132  122  120  116  122  121  118  118  117  119  114  129  122  124   -1
ch:   5  140  136  148  150  144  155  152  148  136  140  135  136  141  142  134  137  138  135  139  123  134  122  135  118  132  124  125  124  123  132  122   -1
ch:   6  128  129  147  140  148  139  140  148  140  137  137  134  134  131  138  124  119  122  122  122  120  120  103  116  118  125  114  118  119  110  120   -1
ch:   7  135  152  154  151  156   -1  157  145  141  158  141  133  133  146  147  131  147  137  138  131  135  132  125  122  119  131  131  121  131  120  123   52
ch:   8  125  126  139  148  151  152  145  142  150  146  153  135  136  133  125  137  134  123  134  120  117  109  121  114  123  117  116  136  119  120  116   20
ch:   9  156  155  151  150  146  147  146  140  148  149  141  139  142  140  121  137  136  123  123  131  136  126  125  133  130  127  131  133  122  118  132    6
ch:  10  119  117  139  134  154  142  150  148  151  134  131  140  139  148  126  137   -1  131  133  121  109  125  131  118  124  111  115  107  115  123  138    2
ch:  11  147  148  154  153  146  149  145  134  154  142  139  135  148  136  129  135  122  137  129  127  131  126  121  122  117  133  115  117  132  123  124   -1
ch:  12  135  134  134  132  131  138  141  154  143  147  139  153  148  132  124  137  117  134  126  123  117  133  117  118  120  116  129  121  132  118  107   -1
ch:  13  148  143  150  133  143  140  140  136  138  125  138  136  135  136  131  127  136  133  122  131  125  133  122  117  117  123  121  133  119  115  125   38
ch:  14  130  140  133  142  147  154  161  143  141  142  139  135  134  145  139  126  121  123  136  131  131  124  124  119  129  123  125  117  135  117  117   23
ch:  15  149  154  154  148  167  164  138  146  140  132  141  147  149  149  121  131  131  134  133  132  132  135  130  132  117  127  121  126  122  135  135   44
ch:  16  137  141  135  149  137  147  157  140  144  143  138  136  140  139  125  137  125  123  132  121  129  120  110  123  121  118  120  124  123  118  114   32
ch:  17  152  164  148  153  161  140  146  147  164  147  148  119  155  132  135  135  121  122  134  137  133  123  147  136  122  120  122  116  130  121  120   -1
ch:  18  128  140  150  132  151  154  155  154  149  141  141  138  136  132  140  130  133  126  124  125  116  123  122  123  117  119  119  121  124  126  120   18
ch:  19  147  152  142  136  141  151  151  153  141  140  142  139  132  135  137  138  133  139  130  124  131  125  125  119  124  123  122  133  119  123  121    7
ch:  20  135  142  133  139  147  139  151  149  134  141  136  140  133  130  133  135  134  137  124  137  136  120  131  122  116  122  120  116  118  114  115   11
ch:  21  136  150  165  153  140  156  149  146  146  140  134  137  137  134  136  125  132  134  134  134  135  125  126  133  129  127  116  124  113  131  124    2
ch:  22  137  141  154  132  147  150  137  157  145  142  152  118  127  133  134  135  129  140  136  127  131  117  127  121  137  126  138  133  130  132  132   -1
ch:  23  143  147  168  140  149  149   -1  148  150  139  138  124  150  141  126  139  150  130  122  126  142  135  117  140  132  121  141  119  131  127  124    5
ch:  24  118  124  122  139  143  149  155  141  140  142  139  135  138  131  133  120  131  134  118  125  119  120  123  116  114  118  131  125  117  110  114   -1
ch:  25  148  153  143  163  148  164  156  152  148  149  136  150  137  152  137  135   -1  135  132  139  135  136  132  126  140  131  126  131  118  133  121   33
ch:  26  119  138  139  140  149  163  134  139  141  139  140  144  136  138  141  135  149  132  134  126  120  124  133  137  126  116   -1  126  117  121  120   -1
ch:  27  135  146  137  150  153  152  152  139  153  136  138  135  150  147  131  138  138  132  147  131  126  125  122  121  130  119  123  120  133  124  130   29
ch:  28  131  136  136  138  148  149  146  140  146  146  143  136  140  132  125  135  139  125  130  126  120  120  120  126  109  121  119  123  121  119  124   35
ch:  29  145  143  152  171  149  149  143  142  147  147  147  139  142  138  139  131  137  127  132  137  141  125  131  124  121  134  127  117  132  119  131   -1
ch:  30  139  149  137  142  140  162  151  149  149  138  141  146  135  136  134  136  134  140  135  123  122  121  124  135  131  132  118  121  114  121  120   -1
ch:  31  155  148  153  161  152  148  165  148  148  139  142  132  146  137  150  141  140  134  131  131  123  135  138  135  129  110  123  136  140  132  132   44
ch:  32  136  142  139  139  135  131  149  147  139  142  146  139  147  140  136  133  133  136  133  122  136  133  125  132  130  125  124  125  133  132  121   -1
ch:  33  134  165  166  154  139  140  140  139  139  139   -1  139  139  139  135  137  135  140  131  140  135  134  133  139  137  117  125  136  126  130  141    8
ch:  34  139  138  152  132  141  149  146  148  151  136  140  142  142  127  140  137  119  122  133  126  123  132  138  115  125  120  122  125  131  121  119   36
ch:  35  140  154  153  162  148  158  165  154  162  150  149  143  138  142  146  145  142  134  140  122  140  126  132  130  136  125  135  133  125  133  131   53
ch:  36  126  148  139  145  135  161  153  146  140  136  157  137  147  135  141  135  136  138  139  137  121  131  124  124  132  121  122  131  137  122  126   16
ch:  37  142  151  156  151  171  148  156  152  155  147  138  139  142  140  148  142  136  145  125  138  146  134  140  126  136  122  131  135  127  130  125    7
ch:  38  131  125  154  136  150  154  145  138  143  140  137  134  136  132  133  134  128  133  121  130  129  136  133  129  121  126  134  138  119  116  117   -1
ch:  39  155  142  163  165  168  153  155  155  148  150  147  138  148  143  139  125  137  139  145  123  134  129  124  127  134  133  119  131  139  137  121   40
ch:  40  138  142  139  149  147  149  155  153  148  135  139  140  149  145  135  144  144  132  131  130  134  132  130  136  120  133  132  130  133  120  121   27
ch:  41  147  152  157  158  155  164  151  148  162  139  150  148  134  140  137  133  145  141  147  126  133  134  124  140  124  130  123  145  122  132  122   43
ch:  42  126  131  137  132  149  143  152  149  151  150  147  133  132  135  136  138   -1  136  121  125  126  124  122  132  124  125  136  123  123  123  124   -1
ch:  43  152  162  154  164  167  162  166  151  145  147  151  158  140  142  139  123  141  136  130  136  119  135  126  142  131  121  122  131  123  122  124   41
ch:  44  120  136  139  150  149  148  148  153  137  147  135  136  140  145  138  135  136  135  134  122  134  132  121  121  124  130  133  120  133  134  121    9
ch:  45  153  158  147  155  153  154  161  146  166  148  154  149  126  136  133  133  128  139  140  135  138  125  134  126  133  137  137  131  125  122  131   -1
ch:  46  122  140  142  132  156  151  166  142  152  149  140  148  138  137  127  139  131  140  139  125  132  123  132  125  133  124  132  131  123  132  133   17
ch:  47  151  165  148  155  159  165  148  153  146  147  155  135  137  146  139  139  142  133  129  137  138  137  133  135  125  132  122  141  137  136  138   30
ch:  48  127  120  137  145  143  132  154  147  152  145  148  130  156  125  132  137  132  131  129  146  133  134  131  130  122  125  121  124  123  118  121    9
ch:  49  143  149  155  152  167  165  146  162  134  151  139  158  150  150  149  150  146  149  147  138  153  139  134  132  127  138  135  127  138  146  131   -1
ch:  50  131  155  147  142  133  153  139  155  140  150  136  146  141  136  138  147   -1  136  126  127  132  130  131  132  131  121  131  117  119  133  116   -1
ch:  51  146  151  151  165  158  161  155  145  143  150  140  158  148  137  148  136  131  141  137  131  140  135  136  140  133  132  134  132  132  125  134   12
ch:  52  128  138  133  140  151  147  154  154  146  147  139  136  132  137  134  137  148  123  133  137  138  130  131  125   -1  131  124  119  137  136  127   -1
ch:  53  152  152  152  157  156  167  138  153  154  150  161  140  134  142  137  140   -1  145  136  137  134  135  134  139  131  131  133  121  142  131  133   -1
ch:  54  133  131  142  142  150  155  148  152  137  149  146  132  142  137  132  137  137  138  129  130  140  133  135  136  118  131  137  119  121  123  120   -1
ch:  55  148  152  150  152  157  154  166  161  146  142  138  141  145  134  140  133  132  135  139  149  132  139  152  138  136  135  150  132  138  135  137   -1
ch:  56  132  132  139  138  151  145  148  151  149  153  135  146  131  135  138  141  140  120  133  139  135  140  118  137  133  117  122  132  130  131  123    1
ch:  57  152  155  157  155  161  156  154  147  148  155  138  151  147  148  148  138  152  146  134  133  136  146  138  125  136  134  139  138  134  132  120   22
ch:  58  130  141  142  138  143  152  153  148  138  154  148  150  133  140  127  133   -1  138  124  133  130  125  133  135  133  125  120  133  132  127  124   -1
ch:  59  147  152  154  154  155  154  152  153  138  157  152  154  153  151  139  150  150  142  130  135  149  137  152  141  133  138  130  121  133  140  135   40
ch:  60  125  126  135  143  135  162  152  152  140  137  139  141  142  134  136  133  122  132  137  124  129  135  133  132  130  130  132  129  133  131  124   21
ch:  61  150  152  170  155  163  156  170  148  155  143  145  155  142  148  140  154  145  151  132  121  138  137  129  133  148  120  127  132  126  131  132   -1
ch:  62  131  146  151  134  147  149  152  142  149  151  139  136  136  135  137  136  133  136  124  124  132  124  147  126  124  131  130  124  124  131  134   -1
ch:  63  135  156  166  140  154  142  139  150  148  150  138  156  140   -1  137  146  136  125  133  131  135  119  134  123  119  119  121  137  124  121  130   -1
ch:  64  126  136  143  152  163  144  150  154  143  155  152  140  140  138  147  147  135  138  136  121  132  124  123  137  124  139  131  118  137  122  133   37
ch:  65  150  155  154  150  156  152  150  151  150  140  153  147  138  147  150  126  132  138  139  140  125  135  137  137  133  130  125  134  136  135  125   48
ch:  66  125  131  151  126  151  154  162  156  148  153  139   -1  145  139  145  141  140  139  137  124  127  122  130  136  123  138  123  123  121  138  125   47
ch:  67  147  155  156  170  154  154  140  158  148  154  141  141  146  154  135  137  134  140  134  147  138  137  123  151  140  130  130  134  134  136  133   13
ch:  68  124  154  138  134  145  148  149  154  148  139  150  152  145  133  137  130  139  139  118  130  118  126  135   -1  132  125  125  132  138  131  123   -1
ch:  69  153  151  151  158  149  154  150  137  143  152  149  147  149  135  131  136  151  132  122  137  131  121  139  137  134  139  123  126  138  136  133   -1
ch:  70  139  127  151  136  156  141  150  158  150  156  147  139  146  149  143  133  136  131  130  122  122  124  134  123  126  122  132  120  117  124  130   -1
ch:  71  149  151  165  152  156  157  156  149  139  154  154  139  136  138  159  148  150  134  138  135  134  133  135  147  133  123  124  136  133  137  120   12
ch:  72  121  140  140  145  147  135  152  153  142  139  141  143  140  133  141  118  138  133  132  132  132  132  130  134  123  135  135  135  121  142  127   -1
ch:  73  148  142  151  157  154  152  156  156  153  147  142  138  141  150  131  137  136  147  140  127  130  142  132  133  133  132  126  133  130  133  121   41
ch:  74  127  137  134  136  154  165  140  141  166  149  147  139  140  146  140  135  139  138  132  134  124  137  133  115  122  131  129  129  131  126  139   10
ch:  75  149  150  156  154  151  145  148  154  152  150  149  136  137  138  140  141  133  132  131  142  125  126  131  125  129  131  133  117  140  133  136    5
ch:  76  141  142  137  135  159  162  149  150  148  139  149  141  146  139  142  133  140  137  137  136  132  135  132  134  139  130  136  124  137  137  124   33
ch:  77  152  167  149  151  151  156  153  152  153  154  149  152  149  140  140  123  124  135  127  153  131  137  123  135  132  148  138  121  120  117  135   -1
ch:  78  131  154  151  132  148  147  149  134  141  147  151  154  137  144  136  124   -1  126  131  121  133  130  126  130  135  125  121  135  117  123  136   43
ch:  79  149  157  153  163  158  161  150  161  148  148  142  151  140  154  136  141  138  146  126  125  123  132  131  137  147  134  136  133  120  125  122    6
ch:  80  124  148  132  143  153  145  140  156  150  142  147  147  146  144  123  130  134  125  134  126  135  138  131  132  130  124  126  130  133  132  127   -1
ch:  81  148  149  158  153  154  150  154  149  146  145  152  137  148  134  146  142  136  148  132  134  134  140  123  119  118  147  133  140  120  131  131    5
ch:  82  133  136  153  128  142  164  147  148  142  137  135  146  142  123  138  135  138  136  133  136  125  120  123  125  122  119  129  132  145  126  133   -1
ch:  83  142  158  153  153  147  161  146  158  139  150  152  131  140  140  140  149  140  138  131  135  137  131  137  137  141  137  134  138  139  137  121   -1
ch:  84  126  140  138  138  147  151  153  151  148  134  141  139  131  132  137  133  138  133  129  132  132  127  124  124  118  116  126  122  133  110  133   -1
ch:  85  155  158  149  171  156  152  146  149  148  138  143  163  137  145  140  141  140  139  137  131  139  137  135  136  125  140  127  124  133  134  135   -1
ch:  86  139  141  148  138  150  141  152  150  151  147  145  162  140  152  134  139  132  119  125  133  120  124  134  135  138  133  119  135  119  132  137   -1
ch:  87  151  155  155  164  154  158  156  152  152  150  149  139  136  138  140  149  129  137  147  151  137  135  125  135  137  142  133  125  131  134  122   10
ch:  88  138  132  140  143  147  150  153  151  143  152  152  139  139  138  137  142  134   -1  135  139  130  126  126  123  124  124  125  133  131  136  125   -1
ch:  89  152  158  163  158  155  173  148  131  161  142  147  146  149  136  145  136  136  149  130  133  139  149  139  139  134  126  128  125  123  125  120   -1
ch:  90  128  142  142  142  155  148  150  155  155  141  146  147  136  146  136  139  125  141  135  132  116  120  132  126  124  132  119  123  122  135  124   35
ch:  91  150  158  169  149  169  164  148  154  155  150  153  137  135  150  149  139  140  139  140  139  134  127  140  133  140  139   -1  136  130  146  121   54
ch:  92  124  136  136  151  149  142  152  137  154  137  138  136  148  132  127  133  137  124  124  130  139  122  133  123  132  131  122  130  125  125  117   55
ch:  93  143  155  149  154  154  151  145  149  156  151  140  149  140  140  133  152  138  137  137  142  135  139  134  132  148  134  132  131  142  123  138   -1
ch:  94  136  132  143  150  150  148  155  152  139  150  148  137  148  135  141  145   -1  146  135  119  133  133  133  135  139  123  125  115  132  121  126    9
ch:  95  150  171  157  151  154  141  148  147  153  138  154  142  136  146  141  138  131  148  136  136  147  138  136  135  134  148  132  142  145  133  123   28
ch:  96  135  150  139  148  145  148  137  152  156  152  140  145  135  146  147  137  138  129  148  133  132  120  135  124  122  122  126  125  136  124  117   48
ch:  97  151  158  154  152  157  157  150  145  140  147  141  151  133  148  146  139  146  131  138  136  135  125  139  135  139  135  119  136  138  136  125   -1
ch:  98  125  152  148  135  138  155  151  135  149  141  146  140  145  154  140  139  153  136  133  130  134  126  131  133  120  137  120  121  126  139  123   42
ch:  99  148  157  157  150  140  153  156  148  149  133  140  147  148  148  149  139  136  134  135  130  135  126  133  136  134  124  135  139  132  136  135   38
ch: 100  137  140  141  143  153  150  139  146  148  148  147  147  140  152  142  137  137  131  138  123  138  132  116  133  136  131  123  120  134  138  121    1
ch: 101  156  138  165  151  149  151  164  148  140  147  142  147  141  131  147  143  123  131  135  135  149  139  125  125  125  135  137  121  138  133  130   -1
ch: 102  125  136  154  134  142  153  133  141  141  148  136  139  137  139  139  137  135  129  137  136  127  124  140  131  133  131  133  120  130  131  132   -1
ch: 103  152  152  157  161  158  155  149  147  162  137  152  150  141  136  148  135  134  143  132  140  148  135  127  137  131  136  137  138  135  134  121    1
ch: 104  138  134  138  151  135  142  154  150  150  137  136  146  145  136  141  135  130  132  133  129  130  137  133  122  125  110  122  124  130  122  116   55
ch: 105  148  150  162  161  151  164  149  153  146  154  152  153  149  135  138  131  147  141  135  138  129  136  123  126  131  141  146  137  137  141  132   34
ch: 106  132  126  146  132  150  154  147  139  148  142  141  147  132  135  137  119  131  126  124  133  127  108  125  118  115  125  119  120  122  124  125   30
ch: 107  150  170  154  140  150  163  161  150  140  151  148  142  148  148  139  138  132  139  146  138  140  140  131  149  131  136  137  123  123  136  134   11
ch: 108  134  126  141  142  147  142  142  162  149  146  139  139  135  136  132  138  132  142  124  137  121  135  133  132  124  124   -1  107  123  116  126   -1
ch: 109  151  137  163  153  155  152  142  145  154  136  141  146  138  127  141  122  126  130  134  133  141  125  147  125  132  126  130  136  116  136  145   -1
ch: 110  122  139  151  144  138  157   -1  149  154  141  146  147  152  133  137  136   -1  143  138  136  126  134  125  125  117  125  132  117  121  121  121   46
ch: 111  147  156  156  153  142  148  164  137  142  142  149  154  146  140  143  132  145  140  135  131  137  135  132  127  142  133  123  133  140  133  126   27
ch: 112  134  126  137  133  153  158  154  150  151  160  148  126  135  148  133  136  141  136  121  132  120  126  129  132  131  131  123  132  125  131  134   18
ch: 113  140  153  151  155  154  153  162  141  146  139  152  136  142  137  147  138  140  133  145  129   -1  121  133  137  132  138  127  127  131  147  136   -1
ch: 114  132  134  145  142  151  140  151  154  153  147  145  146  147  139  137  130   -1  132  118  136  136  136  132  134  123  131  119  124  136  133  116   40
ch: 115  142  155  153  154  154  150  151  151  152  166  151  151  154   -1  134  133  140  136  138  128  134  133  132  131  135  124  137  126  130  135  133    7
ch: 116  140  140  139  142  131  149  151  140  150  136  141  147  138  138  137  142  120  137  136  132  119  135  123  119  130  145  132  117  130  137  116    8
ch: 117  148  150  157  150  157  162  161  146  156  153  147  152  142  150  133  135  139  126  136  125  121  121  135  136  130  137  138  132  127  138  125   14
ch: 118  139  144  147  132  158  157  153  149  155  148  151  145  141  139  138  135  121  132  129  132  132  131  133  127  115  130  129  120  125  133  120   49
ch: 119  150  166  158  156  154  153  149  154  152  149  142  147  140  152  139  138  139  138  135  135  130  133  152  125  135  122  123  139  131  138  139   -1
ch: 120  122  145  141  143  147  144  155  148  145  141  152  136  145  149  141  140  133  136  131  123  120  123  122  120  134  133  126  119  116  117  133   -1
ch: 121  151  150  149  155  150  156  152  148  149  147  139  150  126  139  139  138  131  152  131  130  133  131  122  127  134  135  137  134  139  130  121   -1
ch: 122  122  129  141  134  147  141  139  152  142  152  135  147  135  133  134  130  130  141  117  121  133  125  131  123  124  132  121  120  124  123  118   -1
ch: 123  149  153  157  156  151  154  169  155  145  146  138  139  154  136  136  149  148  135  137  135  136  132  132  140  130  121  127  136  137  116  123   29
ch: 124  110  120  108  121  125  134  146  132  148  153  144  140  137  153  137  145  138  133  141  130  133  136  121  131  123  124  122  122  138  131  122   -1
ch: 125  151  150  156  151  153  150  148  164  157  133  134  141  126  148  148  137  134  132  150  131  133  134  123  131  135  141  121  123  135  131  118   -1
ch: 126   90  101  107  108  110  131  119  133  137  133  147  140  135  148  141  140  130  132  144  136  124  119  129  132  119  128  130  123  124  130  135   -1
ch: 127  148  154  163  158  154  155  154  150  154  142  145  136  139  138  143  136  127  138  134  136  150  131  146  131  137  136  139  124  135  136  122   -1
