# ID XA-000-08-003-000-001-174-13
# Tag _trim_
# Date 240624_18:25:46
# Vref_p 56
# Vref_n 26
# Thr2_glb 38
# Vref_t 118
# Vref_t_range 1
# Pol 0
# ADC range 30-247
# FAST disc 30
ch:   0  120  118  118  121  115  122  126  115  131  110  120  106  117  119  105  118  107  104  107  121  103  110  114  107  100  106  109  102  116  102  100   29
ch:   1  119  124  123  125  124  132  125  133  114  123  132  114  118  117  126  125  116  125  125  110  115  117  118  125  113  125  122  110  121  124  119   36
ch:   2  121  126  126  132  124  132  122  117  109  124  120  118  122  118  109  118  105  104  108  105  105  118  106  105  116  107  118  108  110  100  115   43
ch:   3  122  119  117  122  134  124  116  123  124  117  123  125  118  123  110  124  121  116  119  116  116  119  116  117  122  123  124  115  113  111  119   26
ch:   4  132  119  127  125  121  115  121  120  125  123  125  119  118  119  118  122  119  117  108  107  104  113  109  105  107  106  106  105  119  118  120   41
ch:   5  121  111  119  122  117  132  127  122  117  121  116  117  123  130  119  123  124  122  130  115  122  115  124  108  122  118  121  121  122  125  120   37
ch:   6  125  118  125  126  123  116  117  123  119  116  118  116  116  114  119  107  103  108   -1  108  106  107   90  103  106  116  104  107  109  104  115   34
ch:   7  116  131  125  123  132  133  134  121  120  139  121  114  117  126  127  117  133  124  126  120  124  123  120  117  111  123  124  117  125  117  121   32
ch:   8  123  119  125  131  133  133  119  119  124  120  132  116  119  110  108  120  119  109  121  106  103  100  108  103  114  106  106  126  108  115  108   33
ch:   9  138  133  122  123  117  122  120  120  124  130  123  123  125  125  105  123  122  109  114  121  125  120  118  122  120  123  122  126  120  115  126   44
ch:  10  117  110  120  120  134  117  124  121  124  110  108  120  119  127  107  121  115  116  119  108   99  115  119  107  115  105  106  101  104  118  133   37
ch:  11  126  121  129  126  119  124  119  113  133  123  120  117  132  121  114  122  108  124  119  119  119  120  115  116  110  124  108  114  125  120  122   41
ch:  12  134  123  123  116  114  118  119  131  120  123  119  134  126  110  107  121  102  120  116  109  105  121  105  106  109  106  119  115  122  110  104   35
ch:  13  125  119  121  106  119  117  119  116  119  106  120  117  119  120  117  117  123  120  114  120  117  123  116  108  108  119  117  126  117  109  123   37
ch:  14  129  126  113  131  122  130  133  121  119  121  119  116  116  123  121  108  108  109  121  118  119  116  114  108  118  111  118  106  126  108  110   39
ch:  15  130  130  125  119  139  137  115  122  119  109  123  126  132  133  107  117  118  122  122  121  122  125  120  122  110  122  119  123  119  131  133   39
ch:  16  133  133  122  132  118  124  135  119  122  122  118  116  121  119  107  121  109  108  117  108  116  108  101  113  109  108  109  117  115  111  107   41
ch:  17  134  136  119  125  132  117  119  124  141  125  125  101  138  116  120  121  108  108  122  124  121  115  136  126  116  116  119  113  126  118  118   40
ch:  18  122  124  127  117  124  127  133  132  123  121  121  119  117  116  121  114  117  115  114  115  103  115  110  110  105  107  108  111  116  119  115   37
ch:  19  125  131  118  108  117  125  127  132  120  121  123  122  117  120  121  123  120  131  119  116  119  119  119  110  120  120  119  125  117  121  120   41
ch:  20  131  134  120  120  124  117  125  122  110  120  116  121  111  109  115  119  119  122  110  123  124  109  120  115  105  116  109  107  109  106  107   35
ch:  21  116  123  136  124  111  133  124  122  123  119  116  120  120  120  121  110  118  120  122  122  123  116  119  124  122  122  109  121  108  124  121   42
ch:  22  132  125  135  119  122  123  115  134  120  123  127   99  108  111  118  118  115  124  121  115  119  104  117  109  124  119  131  122  120  123  122   42
ch:  23  128  123  141  115  123  125  118  125  129  121  119  106  136  125  115  125  137  118  113  117  133  125  109  134  125  118  136  116  124  124  123   31
ch:  24  116  117  110  123  122  126  131  118  119  122  119  117  119  109  116  105  117  119  105  114  107  109  110  106  103  108  121  118  106  105  107   39
ch:  25  124  126  119  134  120  137  135  132  123  125  118  134  119  135  121  119  132  121  120  127  124  130  121  119  134  122  123  123  116  125  119   38
ch:  26  117  123  120  123  124  135  109  118  119  118  119  122  118  120  123  118  132  118  120  117  107  117  120  130  118  106  103  120  108  116  117   31
ch:  27  117  121  107  122  130  125  126  119  135  115  120  116  132  132  115  123  124  120  135  120  117  119  116  115  122  115  120  117  125  121  124   39
ch:  28  126  122  122  120  124  125  120  118  122  122  122  118  121  117  108  118  122  110  116  111  108  107  107  117  102  110  108  117  115  115  119   46
ch:  29  124  119  125  142  121  124  121  121  124  125  126  121  125  122  125  118  125  118  121  131  134  117  123  117  118  131  123  114  129  118  130   48
ch:  30  134  135  116  126  119  134  125  123  123  116  121  124  116  119  115  119  121  124  120  113  113  108  116  122  119  120  109  115  106  115  111   43
ch:  31  137  123  125  132  125  122  140  124  125  119  123  115  126  121  135  126  126  123  118  120  116  124  132  126  122  106  120  132  138  125  126   37
ch:  32  132  132  123  120  117  106  122  121  117  120  123  119  124  123  119  116  120  121  118  109  123  120  115  121  119  118  117  118  123  123  118   48
ch:  33  115  137  136  126  117  117  119  118  121  120  123  123  123  124  121  122  122  131  119  132  124  123  123  133  132  114  121  133  124  124  139   38
ch:  34  136  123  133  119  120  122  120  122  130  115  118  123  123  108  123  121  103  108  120  116  111  120  124  104  117  110  117  118  121  116  115   39
ch:  35  122  131  124  133  121  134  140  132  137  130  125  125  122  125  132  126  132  121  132  111  132  120  122  121  133  120  130  126  122  130  127   37
ch:  36  124  137  124  124  117  136  127  121  118  114  136  120  124  120  123  118  123  124  125  124  110  119  115  116  120  111  116  122  129  118  122   42
ch:  37  122  124  131  123  148  121  135  132  135  123  120  120  126  124  133  132  123  132  117  131  134  128  135  120  126  117  123  132  124  124  123   34
ch:  38  125  120  133  122  130  131  120  116  121  118  117  114  117  115  117  118  115  118  108  116  117  125  120  118  110  119  123  131  115  107  107   43
ch:  39  135  120  134  136  139  131  133  135  125  127  125  121  132  126  123  114  123  130  134  116  123  120  118  121  125  125  116  123  136  134  119   37
ch:  40  136  134  122  126  124  125  133  127  125  111  120  123  127  125  116  125  131  117  117  117  121  121  117  124  110  122  121  121  122  115  117   53
ch:  41  124  130  132  132  132  137  130  124  139  121  132  126  118  125  122  119  131  132  135  118  122  124  118  135  120  124  120  138  120  131  121   36
ch:  42  123  117  118  118  123  120  126  123  126  125  124  110  114  118  119  121  122  121  107  115  116  115  109  121  115  117  127  116  117  118  118   35
ch:  43  136  136  125  134  139  134  140  132  122  123  132  138  124  125  123  110  132  123  118  124  113  131  121  136  123  117  118  125  122  121  123   39
ch:  44  118  125  124  131  133  123  121  127  118  123  117  118  122  124  121  119  120  120  120  108  121  119  108  110  116  120  122  115  126  126  118   45
ch:  45  134  136  120  132  125  132  135  121  147  125  136  133  111  121  119  120  115  125  127  124  132  120  123  120  125  132  133  124  123  121  125   40
ch:  46  120  124  123  120  133  125  137  120  125  122  119  124  120  120  109  122  117  125  123  115  118  116  118  117  121  116  122  120  118  123  124   43
ch:  47  133  137  121  126  134  138  123  132  123  124  136  118  121  131  124  125  131  120  118  127  131  133  123  126  121  123  119  138  134  133  136   43
ch:  48  125  108  122  124  121  107  126  122  132  122  123  108  136  106  116  120  116  116  111  132  121  120  118  119  113  117  111  118  116  114  116   41
ch:  49  123  124  130  123  139  138  119  137  115  132  122  140  133  133  133  135  132  135  134  127  141  132  124  122  121  133  133  123  135  140  126   48
ch:  50  123  138  124  125  108  125  117  133  119  125  116  124  123  118  121  127  119  122  115  117  120  117  119  122  120  114  122  108  111  125  109   39
ch:  51  130  124  123  138  134  134  133  123  123  130  121  139  133  123  133  122  118  132  126  120  133  125  131  135  126  125  126  125  127  122  134   39
ch:  52  123  124  118  122  134  123  127  133  122  123  116  117  114  120  118  121  127  113  119  123  125  118  118  117  133  121  118  110  130  127  124   49
ch:  53  131  125  122  132  132  141  117  133  135  131  138  123  117  126  122  126  134  132  124  132  123  124  125  134  123  124  132  118  139  125  133   40
ch:  54  130  111  122  127  123  132  122  126  116  125  123  109  123  120  115  119  120  123  117  117  126  121  123  125  109  120  131  109  115  119  115   36
ch:  55  131  124  122  124  134  132  140  135  122  122  119  124  125  118  126  118  118  122  132  137  120  132  141  132  127  126  142  123  136  133  136   33
ch:  56  130  122  124  119  133  122  122  129  123  132  115  123  109  120  121  125  123  106  119  125  122  126  106  124  120  106  115  124  121  123  118   41
ch:  57  132  132  132  131  134  134  132  124  125  137  120  134  130  133  134  124  139  133  124  123  125  135  133  119  131  126  135  135  131  126  119   32
ch:  58  124  126  124  124  120  125  129  123  116  133  125  132  114  124  110  117  110  123  110  119  118  116  119  124  122  119  111  123  123  122  119   31
ch:  59  125  130  130  125  132  132  126  133  118  137  134  135  136  135  124  136  136  132  119  124  136  130  145  135  125  133  123  118  127  137  133   44
ch:  60  123  118  120  125  118  137  125  127  118  117  119  122  122  116  119  117  107  116  123  109  117  123  121  122  121  120  121  120  124  122  121   40
ch:  61  131  125  140  126  137  132  143  122  135  124  126  136  126  133  125  139  132  137  122  111  131  131  121  124  141  116  122  125  123  125  131   50
ch:  62  125  133  132  122  122  120  125  119  123  127  119  117  118  118  121  119  117  123  113  114  119  116  134  117  115  121  122  118  119  124  125   41
ch:  63  118  135  137  116  131  119  118  130  125  131  120  137  123  123  122  132  122  117  120  119  124  114  129  116  115  111  118  132  122  118  125   35
ch:  64  123  123  132  134  147  120  123  133  121  134  127  122  121  120  126  127  119  124  122  107  118  117  110  124  117  133  120  109  127  116  124   44
ch:  65  132  131  130  122  133  125  124  131  125  120  135  125  121  133  135  116  120  123  127  133  117  123  127  132  124  121  122  126  132  132  123   42
ch:  66  119  118  131  110  123  126  133  134  122  132  120  123  123  121  125  122  123  124  121  110  117  108  117  123  116  131  117  116  115  132  120   44
ch:  67  125  131  133  140  130  127  119  136  125  135  122  124  125  139  120  122  119  131  123  135  127  132  119  141  136  122  123  132  132  134  133   45
ch:  68  121  140  124  116  123  124  121  132  124  119  124  132  124  115  119  115  123  124  105  117  105  118  121  121  122  118  119  123  132  122  120   42
ch:  69  132  125  122  133  123  127  125  116  123  131  131  131  131  119  116  121  137  118  110  126  120  116  133  131  125  134  121  124  138  134  132   38
ch:  70  136  120  131  122  132  117  123  136  124  134  122  121  124  132  125  117  121  118  118  112  109  115  121  116  117  111  122  114  108  118  120   43
ch:  71  132  124  137  125  133  135  134  126  118  135  135  121  120  122  147  134  136  122  130  123  121  124  125  137  124  119  120  133  130  134  117   43
ch:  72  119  130  126  125  130  115  126  132  121  118  120  124  121  118  123  103  122  119  118  120  119  120  116  121  116  124  124  125  115  137  123   43
ch:  73  125  120  123  131  130  125  134  135  134  124  123  120  125  134  116  123  122  134  131  120  120  135  123  124  123  123  123  126  125  126  121   46
ch:  74  124  122  115  122  133  136  117  119  141  123  123  119  122  125  122  117  123  123  118  120  110  122  122  105  111  121  118  119  121  120  135   35
ch:  75  133  126  131  126  125  118  123  132  127  126  130  119  120  123  126  126  120  120  119  134  118  121  122  120  121  123  130  115  137  132  134   39
ch:  76  139  134  122  117  136  137  123  124  123  117  125  122  123  120  124  118  123  121  121  123  120  123  119  123  132  120  125  118  127  132  120   43
ch:  77  134  139  120  123  124  133  132  131  135  136  127  136  132  124  126  110  116  121  119  142  119  127  118  125  123  140  135  118  117  110  134   40
ch:  78  124  138  135  120  121  121  122  109  121  122  127  135  119  123  119  108  120  116  116  108  119  120  118  120  123  118  115  125  109  119  131   45
ch:  79  126  133  125  134  133  134  125  136  124  125  123  133  123  139  121  126  126  134  118  116  115  122  122  131  139  126  133  126  116  123  121   33
ch:  80  121  137  117  125  135  123  117  135  127  121  123  125  124  123  107  113  119  110  120  116  123  126  118  120  119  118  120  120  123  124  123   43
ch:  81  131  123  134  126  127  124  134  126  123  123  134  121  133  118  131  131  122  135  120  122  122  134  118  114  109  138  126  135  119  125  126   34
ch:  82  130  121  132  116  120  135  121  123  121  110  111  122  123  105  120  118  124  121  118  123  116  108  115  116  110  107  120  123  136  121  124   38
ch:  83  124  137  125  131  121  134  121  137  119  131  132  114  124  123  125  136  126  129  121  124  130  122  132  131  137  132  125  135  136  135  121   37
ch:  84  123  133  124  119  129  123  125  124  122  109  121  120  109  110  120  117  124  119  116  119  119  118  115  116  107  105  119  118  123  104  125   47
ch:  85  135  135  120  142  132  127  121  126  125  119  124  146  119  126  125  130  127  125  125  121  131  126  126  130  120  135  123  122  131  132  134   36
ch:  86  133  125  130  123  125  118  125  125  125  122  122  137  121  135  116  122  116  105  111  120  107  116  122  123  127  123  109  126  114  124  132   42
ch:  87  135  132  125  136  132  136  135  132  132  126  125  122  120  123  125  135  118  124  136  139  131  126  121  126  132  138  126  121  125  132  122   37
ch:  88  136  123  126  124  132  131  125  127  120  132  132  121  120  121  121  126  120  117  121  125  118  118  117  115  115  117  118  124  121  131  120   30
ch:  89  134  135  135  134  127  150  122  107  137  122  126  123  131  121  130  122  123  136  119  122  133  137  131  133  124  121  120  121  120  122  118   38
ch:  90  122  132  123  124  132  120  122  132  132  118  123  123  117  125  120  123  109  126  120  117  104  113  118  117  117  122  109  116  117  131  119   45
ch:  91  132  135  145  122  142  136  122  132  135  131  133  120  120  133  134  125  126  131  131  132  122  121  135  124  136  135  136  133  129  138  121   45
ch:  92  122  122  122  133  132  120  125  116  132  116  120  117  130  109  114  116  122  109  110  116  131  109  120  115  119  121  116  120  119  119  108   40
ch:  93  124  132  121  129  126  125  120  128  136  133  121  132  122  124  118  138  124  123  124  135  125  132  124  122  138  126  125  123  139  120  137   36
ch:  94  134  119  125  138  124  120  133  125  118  130  124  118  126  119  124  124  117  126  120  106  119  121  119  122  131  117  120  105  122  117  121   34
ch:  95  132  141  133  123  131  119  124  123  133  119  136  124  121  132  125  124  117  134  124  124  136  127  126  125  125  139  126  138  140  131  121   45
ch:  96  133  139  124  124  123  125  115  125  135  130  119  122  116  124  126  121  121  116  133  119  120  108  121  116  111  115  120  120  126  118  115   49
ch:  97  132  136  125  124  133  134  124  121  121  124  123  132  116  133  130  124  132  118  126  125  124  118  134  130  134  126  116  133  135  133  123   42
ch:  98  121  137  129  125  116  131  125  110  124  120  124  121  122  136  121  123  137  121  119  116  121  118  119  122  108  132  110  116  121  136  118   34
ch:  99  132  133  133  123  117  127  134  123  125  114  121  125  132  132  134  125  123  123  124  118  124  121  123  127  125  120  131  136  130  135  134   33
ch: 100  135  131  126  124  135  130  117  122  123  123  123  124  122  134  126  121  121  117  124  111  124  121  104  123  124  122  116  115  125  133  117   41
ch: 101  137  116  137  123  121  124  137  123  121  125  123  126  125  116  132  133  110  120  122  124  137  132  119  120  120  127  134  119  136  132  124   37
ch: 102  123  124  137  123  122  126  108  118  119  124  116  120  120  121  122  120  118  114  123  123  116  116  127  119  122  120  123  115  121  123  125   35
ch: 103  136  127  132  133  134  133  125  121  137  118  133  133  125  120  134  121  120  134  120  131  136  125  122  132  123  131  134  134  133  131  120   41
ch: 104  135  124  124  133  119  120  131  125  131  118  117  126  123  118  123  120  116  118  119  116  117  126  119  111  117  104  115  118  120  117  109   35
ch: 105  124  123  135  133  126  138  124  132  123  135  133  134  132  119  123  117  133  133  122  127  117  126  116  120  123  137  139  133  134  139  126   30
ch: 106  132  118  125  122  124  132  120  117  122  122  119  124  109  118  119  102  115  110  116  118  117   99  117  109  104  118  114  109  115  118  122   43
ch: 107  133  141  125  111  122  136  136  124  120  132  126  124  132  132  124  122  117  127  135  126  133  134  121  139  124  131  133  119  120  133  132   33
ch: 108  132  119  132  124  126  120  120  136  125  121  119  121  117  116  115  121  117  126  113  124  108  123  120  121  117  117  116  103  117  108  122   35
ch: 109  132  115  135  124  133  131  121  122  135  118  122  125  122  115  126  108  117  117  122  122  133  118  138  119  123  121  124  133  115  133  140   32
ch: 110  120  124  134  132  117  133  123  123  132  119  122  125  133  111  121  120  122  127  122  122  116  122  116  117  105  118  124  107  115  116  116   43
ch: 111  125  135  131  124  118  123  139  117  122  123  126  136  131  125  132  118  132  131  122  121  125  125  122  121  137  124  119  126  137  131  124   33
ch: 112  133  120  124  116  135  136  131  125  130  136  125  107  116  131  116  119  125  122  109  118  107  117  117  120  120  120  115  123  120  124  130   52
ch: 113  120  132  122  131  131  131  137  120  123  121  134  120  125  122  132  125  125  119  134  118  116  114  123  130  124  133  122  124  126  141  134   24
ch: 114  132  122  126  133  130  117  126  132  131  122  121  122  124  121  119  110  117  117  105  122  123  123  119  123  116  120  109  118  126  125  108   47
ch: 115  122  131  124  125  131  124  126  129  132  146  132  133  138  125  119  120  131  128  126  118  124  123  123  122  126  120  133  122  125  133  133   33
ch: 116  140  133  132  124  109  131  124  120  126  116  120  124  120  120  118  125  106  123  122  119  106  122  114  108  119  133  121  108  121  132  108   41
ch: 117  126  125  133  122  134  135  135  122  135  133  125  134  127  133  118  122  127  111  123  117  110  115  125  126  122  132  133  124  123  135  122   23
ch: 118  138  134  126  123  137  133  126  124  133  123  131  123  123  123  120  119  105  118  116  120  119  119  121  118  105  120  120  111  119  125  117   39
ch: 119  134  138  134  126  126  127  123  134  132  126  123  126  124  137  124  122  129  125  123  124  119  124  146  119  131  118  118  137  125  135  137   32
ch: 120  122  137  134  125  132  122  132  123  121  122  133  117  123  126  124  124  118  122  118  109  107  117  115  113  123  123  119  110  107  109  125   50
ch: 121  134  125  121  126  123  133  132  123  130  125  120  134  111  122  125  125  119  138  119  118  122  121  116  121  128  125  133  131  136  124  118   30
ch: 122  123  121  126  131  125  118  117  126  120  132  114  123  117  116  116  110  114  125  104  107  119  115  118  116  116  121  115  110  119  117  114   31
ch: 123  133  132  131  133  122  132  142  133  121  124  120  121  138  121  120  135  136  123  126  128  125  122  122  134  122  117  123  131  134  115  121   25
ch: 124  131  131  116  121  122  134  132  112  124  133  122  122  119  133  119  125  121  117  125  111  119  122  107  119  115  116  110  115  131  121  117   39
ch: 125  135  130  131  124  125  124  123  139  136  111  116  122  110  131  134  123  119  119  139  120  122  123  117  122  125  136  117  118  131  126  116   24
ch: 126  124  125  124  134  121  134  118  123  124  120  124  121  117  130  120  121  116  117  126  122  109  108  116  119  107  118  120  117  117  121  127   25
ch: 127  137  134  140  135  126  133  132  129  134  122  124  119  123  123  127  122  115  125  122  124  138  121  137  122  132  126  133  122  132  133  121   17
