# ID XA-000-08-003-000-001-150-04
# Tag _trim_
# Date 240624_19:19:35
# Vref_p 55
# Vref_n 23
# Thr2_glb 47
# Vref_t 118
# Vref_t_range 1
# Pol 1
# ADC range 30-247
# FAST disc 30
ch:   0  149  141  137  136  142  138  140  133  135  140  137  126  125  122  132  139  122  125  132  122  116  120  119  120  125  130  132  137  129  133  115    7
ch:   1  136  132  129  135  149  125  122  126  125  143  134  135  139  123  140  136  109  123  131  131  126  124  120  125  132  125  136  124  119  132  122   40
ch:   2  135  133  127  148  122  125  126  130  126  131  132  137  125  127  120  120  118  137  127  121  135  126  117  141  126  131  120  131  131  125  125    5
ch:   3  133  150  136  141  136  139  139  136  139  126  135  133  126  123  136  134  141  122  133  150  121  140  133  131  125  135  134  135  145  135  134   27
ch:   4  148  137  134  141  124  125  118  136  138  122  149  125  122  127  130  139  116  129  118  124  122  125  116  136  139  133  124  121  125  126  136    4
ch:   5  132  134  125  133  139  138  136  126  123  122  120  138  138  133  130  122  121  121  135  121  125  124  129  126  122  126  125  120  132  130  126   15
ch:   6  125  139  137  136  133  136  141  134  131  135  140  137  133  126  132  132  121  131  129  125  131  118  133  129  131  118  132  122  145  134  124    2
ch:   7  147  133  142  132  140  125  126  135  124  133  122  131  134  149  124  137  123  121  130  138  124  132  127  141  133  122  139  134  140  149  135   27
ch:   8  137  139  134  132  135  140  133  135  137  132  124  134  137  126  133  133  125  140  134  137  135  125  126  122  125  130  138  121  137  127  125    3
ch:   9  140  148  137  141  138  138  131  140  133  132  136  122  123  131  126  119  126  131  124  122  122  123  134  138  126  126  120  138  122  135  141   12
ch:  10  134  132  135  150  132  139  126  133  136  117  124  133  121  133  133  123  122  122  126  121  133  120  131  131  131  121  131  135  128  135  123   -1
ch:  11  137  137  136  126  137  132  133  138  134  133  134  135  148  124  132  138  130  123  135  136  139  134  135  141  134  145  110  138  131  147  137   12
ch:  12  137  134  139  135  123  135  139  146  121  137  131  124  125  140  135  136  109  121  137  132  135  133  146  132  132  125  126  125  135  126  138   -1
ch:  13  141  148  132  153  136  130  135  122  142  132  142  135  120  124  126  131  137  137  132  131  138  134  127  126  142  133  129  132  132  138  136   14
ch:  14  140  139  134  138  131  136  135  132   -1   -1  135  136  132  136  131  121  118  120  121  125  124  132  131  127  124  134  139  133  138  135  133   37
ch:  15  134  133  150  141  147  148  145  124  142  132  135  138  132  147  135  140  124  133  148  123  132  137  136  132  136  138  147  148  145  139  135   26
ch:  16  149  125  134  140  135  135  137  139  125  127  137  131  135  136  136  123  121  122  109  132  124  135  130  120  131  124  137  122  122  132  137   55
ch:  17  136  131  140  133  121  134  147  127  123  120  134  122  122  121  126  122  116  117  114  121  126  122  123  125  126  123  126  109  132  135  119   56
ch:  18  133  135  148  132  125  135  135  125  120  135  120  126  119  133  116  122  109  124  111  117  133  122  121  117  114  118  120  120  116  134  119   17
ch:  19  135  133  135  130  137  122  135  127  118  137  130  116  127  123  105  119  127  117  124  117  117  122  132  123  118  125  132  119  120  125  138   56
ch:  20  139  146  138  124  133  146  139  121  130  124  122  134  121  121  125  119  113  117  120  116  123  109  117  111  120  120  120  125  119  122  118   39
ch:  21  147  127  143  135  123  131  124  133  130  136  125  120  121  131  119  114  121  124  101  124  123  122  119  119  123  108  125  121  124  117  125   56
ch:  22  136  122  138  131  130  127  132  121  122  126  123  117  116  115  118  131  124  104  121  120  123  120  104  115  117  124  129  122  124  121  118   49
ch:  23  135  138  140  137  133  140  135  134  126  138  138  119  127  120  132  125  115  123  123  125  114  123  126  124  121  120  135  118  118  132  121   56
ch:  24  137  139  134  133  136  132  140  121  119  123  118  123  115  119  134  117  109  120  120  119  119  117  109  118  108  113  119  120  120  117  122   49
ch:  25  134  139  133  142  147  123  123  119  125  131  125  135  123  110  122  116  118  121  110  115  122  120  122  120  120  118  116  125  119  126  131   56
ch:  26  124  139  132  123  124  131  124  122  124  119  119  130  123  125  115  122  122  121  131  121  114  107  121   -1  117  108  119  121  130  124  110   49
ch:  27  137  134  141  130  123  140  123  126  125  125  122  138  149  127  130  115  122  132  124  133  133  117  123  121  121  122  122  125  124  119  125   56
ch:  28  126  136  137  132  134  135  125  119  132  136  134  120  121  118  132  110  112  121  115  117  110  118  119  122  124  116  122  120  103  131  121   44
ch:  29  132  138  139  150  124  134  141  132  126  122  123  125  118  120  136  130  117  116  120  120  120  121  130  117  121  117  122  125  123  134  134   56
ch:  30  150  138  134  138  137  133  138  120  134  124  123  134  109  121  124  118  118  120  118  119  119  107  117  123  105  120  120  121  121  117  124   43
ch:  31  138  131  137  131  132  147  130  136  137  133  136  118  122  135  116  121  139  136  121  130  116  124  107  123  111  134  135  102  134  117  134   56
ch:  32  131  139  138  138  135  122  133  132  134  132  118  127  125  124  133  131  120  108  123  116  124  120  119  116  124  118  124  116  119  117  123   34
ch:  33  140  126  134  135  133  127  126  130  124  115  123  132  123  132  130  124  124  121  115  121  116  122  118  122  100  116  118  120  132  125  125   56
ch:  34  135  134  139  126  137  124  118  123  123  131  122  110  119  119  122  109  122  131  118  107  119  127  120  116  120  117  122  125  124  120  119   37
ch:  35  132  123  137  124  134  125  125  126  119  146  131  132  134  134  126  132  122  116  123  119  121  115  125  105  116  120  132  116  131  132  133   56
ch:  36  140  137  133  135  134  134  131  134  123  134  136  122  126  116  120  123  118  118  117  115  117  115  116  119  109  123  123  124  131  122  121   39
ch:  37  122  138  130  132  138  123  135  135  121  127  127  133  114  126  117  117  108  121  123  125  126  121  110  124  122  123  122  123  123  124  140   56
ch:  38  133  133  126  137  141  119  134  123  124  123  134  133  124  131  122  113  109  122  124  123  117  125  119  125  119  122  106  120  115  105  125   45
ch:  39  138  135  137  137  138  132  124  133  119  133  132  122  125  127  118  110  122  131  117  121  119  123  116  121  124  122  123  137  121  126  132   56
ch:  40  147  138  141  142  139  131  134  133  123  121  131  138  120  123  106  111  117  122  121  134  117  121  121  123  117  115  119  120  130  120  133   34
ch:  41  139  139  137  119  133  126  124  125  121  127  129  120  123  123  122  123  121  111  118  124  118  106  123  123  119  136  122  115  119  125  116   56
ch:  42  132  134  137  133  123  131  120  131  121  125  122  134  131  122  120  119  119  122  119  123  115  118  119  134  119  120  117  116  122  125  117   22
ch:  43  132  140  139  133  139  133  130  131  125  135  117  126  133  132  123  116  106  121  116  114  110  132  117  119  125  132  123  132  118  122  137   56
ch:  44  147  136  133  132  135  137  127  123  135  132  132  125  123  121  123  108  117  126  124  115  125  115  115  106  120  105  125  118  119  121  122   34
ch:  45  131  125  146  133  138  132  127  133  125  131  122  136  131  111  131  122  121  121  121  122  117  118  124  119  120  119  123  108  132  120  127   56
ch:  46  133  136  133  136  135  127  122  119  121  119  135  116  133  119  115  122  137  119  119  125  117  107  119  107  117  123  136  123  124  124  124   35
ch:  47  135  132  137  124  135  131  123  139  132  121  145  133  117  133  122  135  120  125  136  119  121  132  129  127  122  122  131  123  118  132  135   56
ch:  48  135  130  138  126  137  122  137  136  131  133  124  123  107  116  123  123  119  117  124  116  133  117  125  120  118  109  129  122  123  136  123   34
ch:  49  130  133  133  147  139  147  116  136  132  135  126  121  131  133  124  117  122  114  113  118  122  124  123  123  122  133  135  134  136  133  124   56
ch:  50  139  132  137  131  125  131  126  135  133  139  124  122  123  121  127  119  123  116  121  109  116  118  122  118  124  123  118  119  124  131  125   56
ch:  51  138  134  142  138  145  135  132  126  135  122  126  133  124  132  136  125  124  110  120  118  123  110  116  117  111  124  125  121  117  135  118   56
ch:  52  135  133  141  136  132  135  124  134  126  124  122  117  132  121  115  123  112  117  122  124  108  120  132  120  115  108  118  123  110  126  124   38
ch:  53  123  135  125  124  124  125  133  133  141  124  126  127  117  119  124  120  123  119  118  109  118  116  120  122  134  118  118  119  131  136  136   56
ch:  54  146  136  132  139  122  138  133  133  140  134  130  118  120  136  133  122  121  124  117  118  118  117  108  118  106  121  113  121  122  119  123   30
ch:  55  136  122  124  137  125  135  135  135  134  119  125  116  139  123  122  119  124  118  122  122  122  124  114  126  115  115  116  124  138  118  132   56
ch:  56  119  138  148  137  139  137  126  118  126  127  132  124  125  125  118  105  136  116  124  119  119  135  124  105  122  119  121  125  124  117  120   45
ch:  57  138  135  148  133  132  125  146  132  126  134  132  125  125  123  125  121  132  121  121  123  130  124  122  132  107  118  137  122  132  139  134   56
ch:  58  131  139  135  134  132  124  125  119  125  123  133  124  125  131  114  120  130  120  118  125  123  130  115  116  119  117  120  122  113  132  106   26
ch:  59  135  148  121  145  125  133  123  137  121  131  124  139  137  110  131  122  121  123  119  131  121  132  109  117  120  141  138  119  137  120  119   56
ch:  60  136  123  133  135  127  125  135  144  137  116  130  121  132  121  132  123  118  121  115  120  118  121  123  115  122  121  125  130  131  115  113   40
ch:  61  135  133  135  147  138  132  132  138  125  123  120  131  122  131  122  126  122  133  115  124  116  133  125  126  134  133  120  123  130  137  130   56
ch:  62  136  137  135  133  123  125  125  136  137  122  125  135  130  122  121  123  119  115  124  118  110  125  119  122  121  121  117  120  120  132  132   52
ch:  63  137  143  141  131  135  139  145  130  137  122  116  117  132  125  120  108  120  106  131  126  104  122  134  110  124  125  136  134  134  123  125   56
ch:  64  130  133  136  133  134  132  137  131  133  132  121  138  136  124  121  132  117  116  132  123  119  116  124  132  125  123  129  131  121  125  121   33
ch:  65  135  137  133  119  134  143  122  139  126  120  127  123  131  124  124  126  127  128  131  119  120  119  107  122  120  119  120  132  134  122  123   56
ch:  66  130  134  133  132  125  120  139  121  123  130  124  125  135  117  136  117  125  121  127  124  118  117  121  118  123  119  126  124  112  126  116   45
ch:  67  137  133  139  149  125  140  125  133  133  136  134  127  125  120  119  135  123  120  117  137  131  119  123  121  123  126  118  123  135  139  137   56
ch:  68  136  133  133  118  118  140  125  122  132  131  123  122  120  124  118  119  131  116  122   -1  115  116  109  115  116  124  123  124  115  116  125   38
ch:  69  143  125  136  138  137  127  138  131  149  135  124  126  136  126  119  123  131  131  116  122  130  123  133  122  118  123  137  123  126  133  132   56
ch:  70  150  138  137  131  129  120  138  121  132  118  120  135  122  132  127  133  133  130  131  116  120  117  117  124  133  131  120  106  130  137  132   25
ch:  71  132  125  138  126  137  123  141  138  139  122  148  136  119  117  108  121  122  121  121  119  132  133  135  130  116  132  124  133  123  136  137   56
ch:  72  142  155  134  130  143  139  126  135  135  124  111  123  130  122  120  122  114  119  124  119  123  123  116  118  112  116  122  120  107  117  115   28
ch:  73  136  137  146  135  135  125  139  132  131  124  123  121  136  135  123  122  116  114  122  123  124  123  126  121  121  133  117  134  120  126  122   56
ch:  74  149  137  134  140  124  134  132  131  133  124  138  123  122  127  121  115  123  131  127  117  119  124  122  120  121  132  118  122  120  133  119   30
ch:  75  136  142  131  139  133  126  133  136  131  119  124  123  110  125  118  134  117  123  124  120  125  125  133  120  118  110  126  131  118  135  125   56
ch:  76  133  152  136  133  137  133  134  135  136  134  121  118  124  127  121  134  120  121  116  124  116  108  125  123  122  116  117  121  122  117  119   27
ch:  77  134  134  145  132  126  131  118  130  123  126  120  134  125  133  122  118  123  125  122  118  118  116  118  118  135  117  117  132  130  125  139   56
ch:  78  140  137  137  138  130  116  130  136  137  122  134  124  124  121  123  125  134  118  120  123  122  124  117  119  123  124  122  126  117  126  133   38
ch:  79  132  135  126  136  130  135  131  122  134  125  118  127  121  120  119  125  121  131  132  122  116  119  127  125  118  119  121  133  132  131  134   56
ch:  80  141  134  145  134  147  132  130  139  118  123  133  121  132  136  120  120  114  124  122  134  122  119  122  130  114  120  120  117  123  131  120   35
ch:  81  134  136  137  132  120  125  123  125  136  126  122  134  133  134  122  131  121  119  127  117  110  121  121  123  134  125  124  121  125  125  125   56
ch:  82  130  120  138  135  137  138  124  125  133  133  132  123  134  121  123  124  124  119  123  121  119  133  134  120  134  116  121  124  126  121  124   30
ch:  83  136  138  140  124  142  138  133  135  135  136  118  125  122  138  126  118  132  115  123  125  124  122  119  118  134  131  134  136  120  134  133   56
ch:  84  139  132  141  137  132  139  133  124  133  120  124  133  134  135  119  130  115  117  120  125  118  116  132  132  114  109  116  110  118  130  121   22
ch:  85  137  134  133  139  133  138  132  122  141  125  127  119  138  123  124  123  118  122  120  122  131  121  117  118  122  135  119  124  130  131  134   54
ch:  86  128  135  127  137  140  137  133  137  138  133  133  136  125  119  119  134  136  139  122  116  125  119  121  119  110  131  119  123  126  123  121   19
ch:  87  131  140  133  134  139  136  148  125  137  126  137  122  123  123  123  127  130  110  121  125  118  124  116  125  118  124  124  125  134  119  120   56
ch:  88  150  135  123  134  139  138  139  135  140  136  135  135  137  124  132  121  123  117  125  120  124  108  118  122  123  136  120  121  134  116  125   34
ch:  89  148  138  137  147  138  132  133  132  120  132  133  120  135  125  117  123  130  136  120  116  122  134  121  121  139  120  117  123  125  125  134   56
ch:  90  140  135  125  141  141  141  132  147  137  131  131  122  132  124  134  131  132  124  131  118  125  117  120  118  124  126  116  125  122  133  135   26
ch:  91  154  131  142  137  125  126  127  125  126  136  132  123  120  124  135  118  123  118  119  132  132  134  133  115  118  126  133  127  128  136  132   56
ch:  92  135  142  146  135  143  136  139  123  134  137  126  126  133  121  104  121  123  131  120  124  107  131  113  122  131  124  132  120  126  126  123   20
ch:  93  138  124  134  136  139  125  131  124  141  136  132  125  123  132  132  119  124  125  122  117  124  123  122  110  118  125  135  122  137  120  133   54
ch:  94  137  142  135  125  134  119  125  118  132  121  134  115  123  135  120  133  118  114  125  124  122  121  111  115  117  138  114  121  123  132  123   25
ch:  95  137  135  147  140  122  133  139  138  131  131  132  118  137  122  132  133  132  133  124  117  132  137  123  134  131  125  134  137  132  138  124   56
ch:  96  132  138  135  136  119  137  137  133  126  122  119  124  122  118  111  137  115  121  133  109  126  119  126  133  132  118  116  134  126  132  132   23
ch:  97  143  135  148  136  131  137  134  125  140  127  125  131  140  124  124  126  135  121  133  113  124  124  133  123  116  127  130  123  125  133  132   56
ch:  98  147  136  138  131  135  127  134  121  137  132  134  133  124  132  124  133  130  105  122  126  119  125  126  132  133  121  131  114  129  125  135   19
ch:  99  140  127  137  135  141  135  137  130  136  122  118  127  125  122  118  125  131  128  124  123  130  124  123  115  123  119  131  124  130  122  126   56
ch: 100  136  134  138  133  122  134  149  134  137  131  117  122  122  124  116  126  131  120  123  123  116  121  132  119  117  124  122  122  107  130  125   23
ch: 101  151  134  134  132  131  132  133  141  137  123  137  136  123  126  131  125  130  111  122  107  124  118  135  133  132  125  120  121  117  123  122   56
ch: 102  125  137  152  137  138  139  133  139  130  130  133  124  118  123  123  122  117  120  120  121  118  118  111  123  121  115  119  122  118  132  125   21
ch: 103  131  138  136  134  134  125  133  136  125  131  123  133  117  122  125  122  120  119  121  121  120  118  116  127  141  124  122  126  139  132  133   56
ch: 104  131  124  127  135  141  140  141  135  126  117  130  122  126  118  116  122  122  121  135  131  122  125  125  124  121  122  137  122  121  117  124   23
ch: 105  137  135  137  138  138  138  137  127  124  132  122  119  133  114  122  125  123  125  122  120  130  120  117  114  113  121  137  124  123  140  133   56
ch: 106  148  138  123  145  134  136  136  133  123  130  121  122  121  117  120  111  132  103  119  131  124  137  125  119  125  119  118  124  119  131  127   17
ch: 107  134  142  139  135  136  145  116  131  136  125  135  127  127  120  125  127  117  113  133  123  119  116  125  135  139  118  119  121  132  135  133   56
ch: 108  142  135  135  125  129  125  137  132  125  126  119  126  134  133  119  119  135  131  128  125  119  126  122  119  121  132  127  133  131  134  124   22
ch: 109  133  147  131  135  155  138  132  126  124  131  126  118  132  123  132  115  131  121  134  115  117  116  136  122  133  121  134  125  133  139  120   56
ch: 110  146  133  138  132  135  130  133  133  124  133  117  135  123  125  132  131  119  118  134  121  114  118  123  126  122  119  135  126  124  122  134   14
ch: 111  147  137  150  135  134  138  148  150  127  126  118  134  126  116  123  118  123  123  132  120  117  134  124  124  125  134  117  122  122  124  134   56
ch: 112  142  142  124  143  133  134  126  124  131  135  133  132  128  122  132  117  123  126  121  122  126  117  123  122  118  123  122  114  122  111  131   21
ch: 113  146  133  135  135  122  145  136  141  137  130  125  124  132  135  125  123  140  134  116  133  127  119  121  133  123  124  126  119  122  124  123   56
ch: 114  132  137  140  139  125  131  145  131  132  133  135  118  135  119  126  124  110  119  125  123  125  125  117  122  117  119  122  127  119  132  137   21
ch: 115  148  126  124  135  133  137  134  118  137  136  132  126  132  120  137  119  124  120  125  138  120  115  121  130  125  123  134  123  117  123   -1   41
ch: 116  134  138  134  132  132  136  139  134  125  125  133  115  117  133  122  119  121  123  118  117  131  117  116  121  108  122  117  121  117  119  122   15
ch: 117  126  127  132  135  138  135  127  140  141  132  130  124  133  138  119  131  122  121  121  121  117  111  120  127  125  122  123  132  123  127  132   51
ch: 118  133  143  142  127  149  132  124  124  118  132  133  135  136  120  121  124  125  121  119  110  126  110  119  118  125  116  117  118  131  133  123   11
ch: 119  123  137  132  148  140  127  131  125  141  134  121  121  145  148  123  133  133  139  121  116  136  127  109  123  120  126  125  123  126  141  133   56
ch: 120  139  136  149  151  136  136  126  135  136  120  119  124  124  120  116  110  109  120  121  108  117  124  122  138  121  118  133  116  138  121  122   18
ch: 121  132  137  136  132  136  141  132  135  140  133  121  125  125  125  124  127  133  117  122  126  117  120  125  121  118  120  136  134  124  135  122   46
ch: 122  131  134  137  131  138  135  122  125  134  133  135  126  133  123  107  135  116  118  126  117  119  111  126  122  110  111  120  115   -1  133  116   21
ch: 123  142  139  125  133  149  133  123  133  124  133  134  135  121  123  132  130  120  125  121  115  125  123  121  126  123  122  118  126  120  132  111   56
ch: 124  136  137  137  141  134  136  125  132  122  122  123  126  119  118  131  131  133  122  121  124  120  124  134  132  110  118  107  119  124  120  111   21
ch: 125  137  138  148  138  132  120  132  119  133  124  120  133  121  123  126  117  131  120  124  116  122  131  138  134  124  124  124  126  123  133  123   39
ch: 126  138  132  138  124  134  138  130  130  120  123  119  124  139  127  139  121  116  121  116  135  119  121  122  122  115  134  122  125  115  119  132   22
ch: 127  134  142  132  136  141  135  135  124  124  124  126  126  124  124  117  141  132  134  124  134  120  139  120  121  124  136  130  119  131  134  139   27
