# ID XA-000-08-003-000-001-182-10
# Tag _trim_
# Date 240620_18:51:46
# Vref_p 47
# Vref_n 24
# Thr2_glb 10
# Vref_t 118
# Vref_t_range 1
# Pol 1
# ADC range 30-247
# FAST disc 30
ch:   0  133  128  143  142  149  144  149  137  166  156  163  156  164  146  160  149  140  135  140  135  150  136  124  130  131  121  121  132  116  117  118   -1
ch:   1  170  179  175  193  186  179  183  172  168  172  170  151   -1  167  162  154  148  147  146  147  139  129  131  139  125  135  132  135  131  133  122   -1
ch:   2  156  143  156  169  167  170  168  168  173  163  156  173  165  149  140  126  154  150  154  150  134  145  138  117  121  126  122  123  118  121  124    7
ch:   3  184  196  188  185  188  180  179  167  159  171  164  152  163  152  152  150  164  142  154  154  139  145  133  138  137  135  136  118  132  132  137   -1
ch:   4  175  174  174  174  179  186  174  170  169  161  156  165  159  151  151  149  143  142  144  137  143  123  123  123  122  135  131  134  108  123  117   28
ch:   5  184  184  187  183  182  187  177  170  168  172  142  165  155  151  163  152  148  147  145  145  145  137  126  134  139  122  130  132  118  123  132   -1
ch:   6  160  173  180  175  185  169  171  171  174  171  168  159  155  154  152  138  155  152  147  137  134  123  126  137  130  124  126  124  116  122  124   -1
ch:   7  198  187  184  188  172  180  173  169  168  156  161  164  169  148  150  148  140  146  133  132  153  138  133  140  131  119  123  127  126  134  119   40
ch:   8  165  174  181  178  171  182  182  178  168  179  155  165  165  153  165  154  139  135  145  134  139  135  138  130  135  122  131  124  126  125  117   33
ch:   9  192  182  186  185  178  179  184  179  172  151   -1  158  163  149  154  157  148  150  145  139  131  142  136  136  131  131  137  122  132  134  116   -1
ch:  10  158  167  180  180  184  175  183  172  170  170  149  166  159  164  136  154  141  138  140  134  133  139  133  126  122  120  120  115  123  123  111   13
ch:  11  183  186  186  173  170  182  168  175  171  167  170  156  163  147  150  158  143  153  137  133  151  136  136  120  137  131  124  123  130  123  119   -1
ch:  12  157  162  169  169  184  170  167  169  179  171  163  155  168  154  150  148  152   -1  141  135  140  135  119  122  125  135  120  126  121  122  119   16
ch:  13  187  190  188  188  170  176  168  169  172  167  170  156  169  164  154  162  148  135  137  141  148  142  132  138  127  122  133  123  125  132  134   31
ch:  14  164  155  178  183  183  173  181  174  168  169  153  151  154  145  148  148  154  150  145  135  135  126  124  139  133  117  130  114  121  119  140   40
ch:  15  194  195  199  187  183  183  157  182  166  178  170  155  155  168  147  153  151  163  151  148  149  140  137  129  141  124  133  129  125  123  132   36
ch:  16  163  172  171  176  173  172  174  182  167  167  168  157  147  155  151  156  140  148  151  142  132  127  133   -1  137  111  117  126  131  124  117   -1
ch:  17  187  189  182  184  169  184  183  175  171  170  158  166  155  155  158  156  139  147  136  137  145  133  136  140  139  121  136  123  138  117  119   -1
ch:  18  164  173  179  185  173  167  188  170  165  169  167  150  150  140  152  151  150  149  138  137  136  146  138  127  121  123   -1  118  117  118  120    2
ch:  19  203  193  190  180  180  186  180  172  167  157  162  147  155  157  150  143  155  136  138  149  140  139  138  136  132  131  123  130  121  130  114   19
ch:  20  165  178  168  172  183  181  172  183  167  175  176  167  162  155  151  157  134  140  155  146  138  126  132  132  123  133  117  123  116  123  126   12
ch:  21  181  196  186  189  185  181  179  173  182  171  167  161  152  155  154  151  152  149  138  149  134  133  135  131  140  133  125  133  123  125  129   26
ch:  22  164  171  181  181  187  180  173  168  165  161  168  164  168  151  163  164  149  156  146  137  129  132  124  135  119  119  123  131  127  118  124   24
ch:  23  174  186  187  170  181   -1  170  179  183  174  163  150  155  156  155  157  149  149  151  150  130  133  132  136  132  124  130  123  120  121  133    9
ch:  24  166  158  167  187  173  197  195  168  164  157  165  161  165  158  149  150  136  140  152  150  136  139  137  124  137  122  135  122  133  117  115   -1
ch:  25  175  198  187  188  177  174  178  169  172  166  163  156  162  142  154  149  150  139  147  145  124  136  149  138  137  136  132  125  119  124  120   -1
ch:  26  158  163  177  185  177  180  182  166  170  172  168  166  156  164  154  137  151  148  142  152  137  124  124  132  124  123  133  132  113  125  119   -1
ch:  27  186  188  187  188  175  171  179  179  180  174  162  157  153  165  153  137  147  147  142  135  140  122  128  124  132  131  135  118  124  124  123   40
ch:  28  169  158  186  170  185  182  173  172  175  168  168  169  167  165  151  152  152  143  139  148  133  134   -1  138  122  125  117  123  120  125  122   -1
ch:  29  184  197  187  181  183  179  181  162  163  164  168  165  153  153  155  158  150  145  139  142  134  135  129  137  138  130   -1  125  130  118  122   11
ch:  30  152  169  177  167  175  179  170  174  172  170  164  165  154  166  163  137  156  140  136  142  137  131  121  134  131  123  128  118   -1  120  114   -1
ch:  31  194  184  184  174  185  178  180  181  172  166  148  168  156  155  139  149  139  145  150  148  137  132  123  130  132  132  133  121  126  126  121   52
ch:  32  157  174  161  177  173  178  179  174  179  179  167  167  166  150  139  153  154  146  138  132  135  127  132  136  129  122  129  122  115  118  117   -1
ch:  33  182  189  188  181  187  178  179  164  169  167  149  162  164  151  149  142  150  150  135  140  147  131  135  134  117  136  122  119  131  116  120   26
ch:  34  158  164  172  165  171  180  170  182  178  163  168  158  165  145  142  151  151  150  135  137   -1  137  133  132  130  131  123  119  119  123  111   -1
ch:  35  191  189  182  173  182  182  183  174  174  170  170  157  150  148  153  140  148  153  148  136  132  133  127  135  141  129  131  131  122  131  132   -1
ch:  36  171  174  186  177  173  180  178  167  179  161  175  168  156  153  144  162  146  149  137   -1  131  132  136  136  138  126  119  132  121  122  119   -1
ch:  37  181  186  183  186  186  184  173  177  167  157  169  164  162  149  152  142  154  141  147  145  145  137  148  134  122  109  125  130  136  121  129   -1
ch:  38  162  169  175  171  173  171  174  180  170  165  166  163  158  161  149  158  141  150  149  145  144  131  129  122  122  123  122  127  121  116  124   48
ch:  39  178  186  181  188  183  180  175  169  171  155  154  163  150  152  161  153  142  140  140  141  135  141  139  130  126  117  122  122  124  106  115   54
ch:  40  163  174  174  185  173  178  170  170  174  165  162  165  158  150  156  133  148  145  150  130  141  125  122  126  126  133  139  120  123  128  117   -1
ch:  41  185  186  183  185  181  193  179  168  170  163  178  168  153  142  151  152  145  151  132  139  135  139  124  135  140  132  135  120  124  132  122    7
ch:  42  146  157  172  171  177  180  170  165  171  166  170  154  158  153  150  137  147  147  137  147  130  130  134  135  125  133  123  122  123  123  116   -1
ch:  43  180  184  198  175  184  183  172  181  173  171  169  169  156  170  154  146  155  150  136  139  148  132  137  148  131  133  123  124  118  124  122   -1
ch:  44  142  158  170  182  169  175  178  175  180  179  165  163  150  162  169  168  155  148  147  145  135  135  123  140  133  131  125  125  123  126  117   -1
ch:  45  183  189  184  185  188  184  170  182  171  177  165  171  163  157  165  150  146  134  127  138  148  132  126  135  129  124  130  126  131  124  119   23
ch:  46  144  167  171  169  169  173  184  178  171  168  166  179  163  162  150  138  141  150  146  130  146  134  131  136  136  123  124  134  129  123  124   25
ch:  47  188  184  183  180  173  171  170  166  174  156  168  156  163  149  150  151  140  149  138  141  135  135  124  131  137  127  126  134  122  123  133   -1
ch:  48  163  159  165  166  175  171  170  180  170  173  161  153  156  155  165  139  137  137  138  146  135  135  140  135  130  136  137  133  118  121  124    7
ch:  49  172  188  188  197  173  181  179  162  182  155  168  158  154  165  152  154  151  147  126  153  123  135  132  129  125  131  132  126  135  126  120    8
ch:  50  152  146  157  153  167  169  172  171  167  177  154  160  149  165  148  150  142  140  146  142  139  146  125  130  132  116  126  123  128   -1  121    4
ch:  51  172  183  187  191  188  172  169  167  171  173  164  170  151  167  156  137  152  148  143  136  147  124  150  129  122  117  130  131  124  126  118   -1
ch:  52  154  149  153  156  149  168  170  171  165  164  154  157  154  151  148  151  124  138  147  136  139  129  146  133  121  124  120  122  129  109  129   20
ch:  53  166  179  185  173  184  188  183  175   -1  171  165  163  163  147  159  154   -1  137  149  127  137  134  130  124  140  135  123  126  121  117  125    4
ch:  54  130  135  147  151  156  172  174  167  165  168  168  158  173  155  157  147  149  152  147  133  133  126  138  130  121  135  129  117  124  111  118   15
ch:  55  183  176  181  198  195  181  180  183  173  179  171  162  172  164  157  148  155  152  135  148  133  131  140  133  147  131  138  126  124  124  125   -1
ch:  56  143  135  147  160  143  174  162  168  162  169  160  166  141  165  153  155  156  149  153  146  133  141  133  134  136  137  121  127  137  120  117   10
ch:  57  170  189  181  175  185  171  181  169  170  170  158  161  164  152  152  155  161  138  138  139  134  149  142  136  138  137  126  132  132  132  124   50
ch:  58  137  136  149  134  155  170  169  171  169  169  165  142  155  153  146  161  137  135  133  139  130  130  132  134  123  122  117  130  133  123  130   -1
ch:  59  151  175  168  180  185  180  185  178  165  167  162  154  153  155  153  137  147  153  151  136  139  135  136  137  118  124  129  131  124  124  118   -1
ch:  60  131  133  138  148  144  139  164  163  150  166  164  165  157  155  147  161  142  139  150   -1  136  150  127  136  124  134  130  123  124  117  116   -1
ch:  61  175  167  181  184  183  179  195  168  185  164  169  156  164  154  148  159  154  146  142  133  138  134  132  123  130  145  132  133   -1  133  134   -1
ch:  62  125  134  141  136  165  147  174  165  163  156  154  156  162  141  152  161  152  146  134  141  154  134  139  123  128  123  123  128  123  132  126   23
ch:  63  182  170  171  183  173  179  178  171  168  165  173  157  153  154  155  141  149  147  136  145  148  149  123  125  135  138  124  132  132  124  108   -1
ch:  64  124  139  140  148  137  138  171  151  151  167  165  169  170  163  155  150  148  140  139  138  140  141  137  121  125  141  133  121  123  119  127   -1
ch:  65  175  169  173  180  173  173  172  171  169  164  168  167  166  153  140  138  127  135  148  133  145  137  140  137  126  135  123  122  131  132  124   -1
ch:  66  117  107  129  132  155  154  154  149  155  157  172  149  165  154  152  161  156  155  149  145  136  134  134  120  131  118  122  120  130  120  108   -1
ch:  67  158  168  179  180  171  185  188  171  179  174  164  165  162  154  155  152  163  147  151  134  132  140  138  132  140  133  134  118  122  124  130   39
ch:  68  121  123  136  139  134  142  154  157  159  150  165  170  163  152  158  155  142  147  148  137  131  135  134  132  131  123  133  122  118  124  118   45
ch:  69  173  170  168  180  172  178  172  169  169  170  173  171  163  153  155  142  137  140  150  138  132  140  141  136  122  136  125  123  132  126  123   -1
ch:  70  117  116  139  126  139  140  154  158  166  154  168  172  155  151  149  146  141  152  145  153  148  148  130  130  138  135   -1  108  134  130  118   -1
ch:  71  158  177  185  175  177  180  180  170  178  171  171  165  158  154  145  155  156  140  138  146  137  134  140  132  142  132  132  135  130  119  125   15
ch:  72  124  123  135  136  136  135  140  156  134  162  156  153  158  154  151  152  153  133  139  138  139  147  124  148  123  120  125  131  116  125  117   -1
ch:  73  165  180  170  173  173  180  182  186  169  168  167  166  149  153  152  153  147  158  135  149  134  147  135  131  133  135  134  138  126  132  132   37
ch:  74  111  124  125  122  139  145  134  157  142  159  160  164  155  150  162  143  142  150  156  129  137  123  129  125  133  119  121  116  121  116  122   -1
ch:  75  151  159  155  166  169  173  166  179  163  168  162  168  154  154  156  142  138  151  135  140  137  124  124  138  129  123  129  120  134  135  125   -1
ch:  76  108  117  131  123  128  140  154  149  136  142  173  152  155  157  154  165  159  150  147  133  126  137  133  135  126  125  130  125  135  136  113   11
ch:  77  153  153  148  167  174  179  157  169  170  168  150  167  164  154  149  137  146  149  149  139  133  130  133  125  132  122   -1  131  129  125  123   -1
ch:  78  103  124  129  128  139  156  149  145  156  149  164  164  157  154  155  149  139  150  139  141  146  127  132  132  120  120  129  123  122  118  117   10
ch:  79  152  150  165  168  175  180  172  168  171  171  169  149  164  151  151  148  158  146  146  139  136  139  135  131  138  126  124  125  120  125  118   -1
ch:  80  109  119  125  131  144  136  145  157  150  152  154  172  162  159  147  149  153  149  163  151  154  133  140  139  135  137  133  122  126  119  132   30
ch:  81  149  155  156  168  166  171  173  175  170  170  164  158  153  166  149  153  141  147  149  161  143  131  135  119  127  130  126  123  135  117  133   25
ch:  82  105  116  127  120  129  143  138  141  152  147  170  163  153  164  149  142  146  148  144  143  137  136  124  132  125  131  119  132  126  123  130   27
ch:  83  148  152  165  175  156  171  187  179  156  157  166  152  164  157  145  154  148  138  157  140  149  148  135  123  132  135  142  124  124  135  124    7
ch:  84  114  105  118  126  136  143  136  158  132  149  169  152  157  154  157  151  136  145  134  129  139  147  119  138  120  138  133  123  118  119  122   -1
ch:  85  141  161  162  169  166  171  180  173  166  172  153  173  152  167  142  155  154  152  145  144  140  129  139  134  121  134  131  126  130  122  125   -1
ch:  86  123  101  129  106  123  138  138  153  152  158  149  158  152  154  150  154  140  148  140  135  146  136  135  137  139  120  135  119  120  120  120   37
ch:  87  154  150  165  152  172  174  173  175  169  168  164  164  156  155  156  152  148  150  147  138  140  137  137  124  124  126  116  134  114  119  126   46
ch:  88   99  111  106  119  124  136  149  149  137  136  152  150  152  153  161  152  154  132  135  136  126  139  131  118  127  131  125  132  119  121  122   34
ch:  89  149  161  156  167  170  167  173  168  165  162  166  151  156  156  154  149  153   -1  142  145  140  133  135  137  135  126  120  134  135  122  119   22
ch:  90  114  113  113  132  131  129  144  143  153  163  163  163  166  163  155  156  150  148  136  151  133  131  122  129  132  124  126  133  129  119  132   -1
ch:  91  151  149  157  166  171  153  166  166  181  161  162  166  154  166  146  142  139  150  151  138  133  134  135  133  134  123  129  120  129  131  121   19
ch:  92  101  111  105  126  124  135  155  147  150  138  158  166  167  167  155  153  154  148  139   -1  135  136  126  134  118  122  131  118  135  116  118   23
ch:  93  151  169  164  175  174  175  168  171  168  165  170  156  151  155  155  151  151  152  150  135  138  137  132  135  139  122  133  123  124  116  122   -1
ch:  94  111  116  121  126  125  140  140  154  156  161  166  158  174  151  158  156  134  151  145  139  130  138  136  136  119  124  132  126  125  122  130   41
ch:  95  150  142  168  170  172  172  183  184  180  171  163  153  162  167  156  154  146   -1  142  141  150  138  141  141  126  123  138  118  116  121  137   -1
ch:  96  111   95  115  125  120  133  133  153  143  150  157  167  167  158  155  156  142  149  150  134  138  133  146  131  138  124  134  132  117  121  119   12
ch:  97  140  167  162  174  170  179  169  177  178  177  166  165  164  158  151  147  138  148  137  137  139  146  142  133  135  142  107  131  135  121  121   -1
ch:  98  105  108  112  120  134  142  154  157  145  155  164  166  154  154  155  131  150  137  148  154  145  136  123  129  130  121  120  119  119  122  123   16
ch:  99  149  161  156  172  175  166  185  182  170  169  162  168  167  164  153  154  149  154  138  153  147  147  137  140  137  124  134  137  135  137  109   -1
ch: 100   99  111  124  123  124  138  142  147  140  154  164  156  148  148  161  139  152  149  149  147  133  133  125  132  125  130  131  117  132  125  124   -1
ch: 101  155  168  158  180  173  182  177  181  166  171  168  169  151  151  149  154  156  138  150  142  150  138  136  137  134  135  123  133  129  135  130    4
ch: 102  114  123  127  116  123  132  144  142  157  163  163  156  156  163  148  143  152  150  135  150   -1   -1  138  134  123  122  120  117  132  123  120    7
ch: 103  170  163  163  166  170  173  185  172  178  174  163  167  166  167  157  146  151  147  141  139  147  140  131  138  147  138  139  126  129  125  131   -1
ch: 104  113  113  118  110  122  135  145  153  136  152  164  164  149  166  153  152  146  153  147   -1  132  133  125  136  127  148  133  121  120  122  113   -1
ch: 105  153  161  172  171  182  180  172  180  169  168  173  165  161  156  155  156  154  138  156  152  132  145  141  124  125  146  135  137  129  124  130   -1
ch: 106  103  108  111  122  129  147  142  145  156  157  157  154  159  155  155  157  148  146  137  134  138  130  130  139  123  136  129  118  117  118  111   31
ch: 107  158  163  172  172  177  185  177  169  172  166  161  169  166  151  149  167  146  161  141  148  140  134  133  125  133  143  123  133  131  138  134   23
ch: 108  109  116  126  131  134  141  156  147  142  163  155  154  156  149  148  140  153  141  148  138  138  135  129  125  131  125  130  120  129  126  123   -1
ch: 109  167  164  168  172  183  179  183  171  180  170  150  165  161  167  156  164  155  148  150  146  139  149  137  137  146  133  140  131  123  115  130   -1
ch: 110  111  125  121  120  139  141  141  156  151  165  172  171  158  164  150  147  150  151  136  148  132  135  131  122  124  134  124  132  124  118  122   -1
ch: 111  171  163  172  181  182  191  180  170  174  172  171  171  158  153  155  155  148  154  148  148  140  138  138  146  135  126  135  127  135  137  134   46
ch: 112  125  125  122  127  130  147  143  149  162  158  164  168  142  168  151  155  151  140  126  134  138  126  133  127  120  126  134  131  124  132  116   31
ch: 113  157  169  170  173  180  182  185  170  179  166  169  167  170  155  163  165  154  152  136  145  147  149  138  138  143  136  147  125  135  123  129   26
ch: 114  113  121  131  138  139  147  154  155  163  170  172  156  163   -1  158  149  138  134  153  137  134  130  133  129  136  120  124  132  123  117  118    9
ch: 115  167  183  185  186  181  178  169  169  183  183   -1  170  157  158  151  149  152  153  137  141  147  137  140  135  141  137  125  150  134  125  132    1
ch: 116  123  127  125  135  124  135  149  169  161  150  156  154  166  153  149  157  134  156  132  145  135  134  134  133  136  122  134  125  126  125  131   41
ch: 117  173  185  196  189  184  184  184  171  180  170  173  155  167  154  158  153  153  139  148  136  153  148  134  136  133  121  129  131  131  131  123   23
ch: 118  125  124  141  139  149  148  162  165  166  159  167  156  154  156  169  156  150  147  134  146  131  136  135  124  132  124  136  138   -1  124  120   43
ch: 119  184  183  188  181  188  186  171  180  174  170  164  170  156  171  161  154  158  148  153  153  155  138  143  136  131  125  132  125  125  130  126   -1
ch: 120  145  131  140  161  152  158  168  152  150  172  168  165  157  166  152  156  151  150  150  152  134  131  137  138  119  127  132  120  133  124  121   -1
ch: 121  181  173  184  196  184  184  184  178  164   -1  169  165  166  154  168  154  164  165  146  143  138  153  143  134  135  136  133  140  124  136  135   40
ch: 122  130  131  131  142  149  156  162  159  172  169  156  164  163  158  152  149  149  146  135  138  137  146  134  137  132  134  131  117   -1  129  117   -1
ch: 123  163  169  179  185  185  183  175  182  169  171  167  162  167  156  157  158  139  137  152  127  126  138  149  134  138  134  133  123  136  137  121    5
ch: 124  123  127  126  139  128  149  158  161  152  153  167  154  160  153  151  156  151  145  152  136  148  140  125  136  133  136  138  125  130  139  121   -1
ch: 125  128  143  140  146  142  159  157  163  172  157  179  171  167  156  161  152  140  152  149  151  155  139  141  146  148  132  136  137  129  134  126   17
ch: 126   88  108  109  117  143  131  145  139  148  149  167  157  168  153  154  155  150  148   -1  135   -1  137  135  133  118  116  124  107  139  117  124   -1
ch: 127   87   84  108  119  109  109  129  123  129  138  151  141  153  152  159  163  163   -1  164  150  140  155  135  141  141  134  148  136  141  131  135   17
