# ID XA-000-08-003-000-001-182-10
# Tag _trim_
# Date 240624_19:55:37
# Vref_p 57
# Vref_n 24
# Thr2_glb 34
# Vref_t 118
# Vref_t_range 1
# Pol 1
# ADC range 30-247
# FAST disc 30
ch:   0  131  122  134  123  125  120  109  107  131  111  121  113  122  106  120  109  106  104  110  107  123  111  105  109  117  106  109  121  108  110  117    5
ch:   1  120  116  115  131  126  118  125  119  115  122  122  104  111  122  122  118  114  114  116  117  115  103  107  120  106  119  118  122  119  124  118   -1
ch:   2  138  118  121  127  125  119  110  117  122  111  109  130  122  104  103   89  120  117  123  119  107  119  118   99  105  114  107  115  107  116  122    8
ch:   3  122  132  125  123  125  120  120  114  105  121  117  105  119  108  108  110  126  109  120  124  115  119  111  119  118  120  122  106  121  123  133    2
ch:   4  134  126  125  122  120  126  120  118  118  108  113  117  117  108  110  109  109  109  109  108  119  100  103  105  104  119  116  121  103  118  108    6
ch:   5  126  119  121  121  122  127  118  117  116  122   92  117  112  106  120  114  109  115  115  114  116  115  105  114  121  105  117  120  107  117  125    1
ch:   6  124  126  128  121  124  114  117  117  124  121  120  117  114  116  110  101  120  119  116  107  106  101  106  119  110  109  115  111  104  118  120   14
ch:   7  133  121  119  126  114  121  117  115  115  104  113  116  125  105  110  108  104  110  101  103  125  116  114  120  111  103  108  118  118  126  117    3
ch:   8  125  125  133  121  111  124  130  122  116  124  108  118  121  107  122  118  103  101  108  104  109  108  118  108  118  105  117  115  119  120  114   12
ch:   9  133  116  120  124  116  118  126  121  120  101  106  115  118  105  111  120  110  116  115  114  103  120  115  116  109  117  124  108  122  125  108   -1
ch:  10  122  121  125  124  127  120  125  118  119  122  102  119  116  121  100  117  107  105  107  104  106  116  110  108  106  105  107  103  115  117  108   17
ch:  11  118  121  121  109  108  124  110  121  119  116  121  113  118  103  110  122  108  121  105  103  123  115  115  101  121  115  109  115  120  118  111   -1
ch:  12  126  120  119  118  125  116  114  117  125  122  117  106  125  114  107  108  118   94  109  105  117  107   93  104  107  119  105  118  116  117  115   15
ch:  13  127  125  125  124  107  117  109  115  119  117  121  114  124  121  116  121  115  102  106  115  119  120  107  118  107  104  119  109  118  122  126    7
ch:  14  134  117  124  131  124  118  123  121  115  121  104  105  107  102  106  105  119  118  110  105  109  103  105  121  117  102  119  102  113  109  136   10
ch:  15  132  131  135  123  121  125  101  126  109  125  121  108  114  125  105  111  116  125  120  117  122  119  117  107  124  108  118  117  118  118  125   30
ch:  16  121  125  123  121  117  111  121  131  117  119  122  113  103  115  109  121  105  115  121  116  105  104  109  105  122  101  103  117  122  119  109   14
ch:  17  132  124  117  120  106  124  125  122  120  120  115  119  114  111  120  119  104  114  104  109  116  107  116  121  120  104  122  113  127  108  114    2
ch:  18  132  132  126  131  118  107  136  116  109  121  120  103  104  101  109  117  116  115  107  108  107  119  118  108  104  108  116  106  105  109  116   18
ch:  19  139  126  126  117  119  130  123  118  115  106  115  100  113  118  109  106  121  102  107  119  116  117  118  118  115  116  108  120  113  122  108    6
ch:  20  125  134  120  120  124  121  118  127  116  126  132  121  119  116  110  122   95  106  125  118  109  102  109  109  106  118  101  111  108  118  124   19
ch:  21  121  130  121  125  124  121  121  120  131  120  119  114  107  115  111  110  118  117  107  119  106  107  110  108  122  118  115  120  116  120  121   13
ch:  22  127  125  131  124  130  121  119  116  110  115  121  118  121  106  122  125  114  123  115  108  102  105  103  116  103  104  108  120  118  109  121   10
ch:  23  111  123  123  107  119  117  116  123  131  124  110  104  110  116  117  121  115  117  120  120  104  109  108  117  116  107  116  111  113  111  127    8
ch:  24  126  118  120  135  118  139  140  110  115  107  118  111  121  119  108  110  101  107  121  121  112  117  118  105  120  107  121  109  124  108  108    9
ch:  25  118  133  122  125  116  117  121  116  122  110  109  109  117  102  115  107  116  106  116  115   99  115  125  118  118  121  118  111  107  118  116   13
ch:  26  122  120  124  131  121  121  126  115  117  123  120  120  114  120  117  100  116  116  109  121  109  102  104  115  108  108  119  121  103  121  116   10
ch:  27  125  124  125  130  118  115  121  123  125  125  114  111  114  123  110  102  109  116  110  107  117  100  106  105  115  117  122  107  118  119  121    6
ch:  28  125  115  134  117  129  124  119  121  124  120  121  124  123  123  115  111  117  115  108  119  106  108  107  119  107  110  103  115  115  121  120   17
ch:  29  126  132  121  119  121  118  121  104  107  115  121  119  108  108  117  121  115  108  108  116  108  109  104  118  120  117  117  111  119  108  119   10
ch:  30  111  122  123  110  120  120  116  121  121  122  115  121  108  123  122  100  121  108  105  117  114  105  102  118  111  108  117  106  118  116  112   11
ch:  31  134  121  120  116  123  118  121  123  121  116  100  122  111  117  101  110  104  107  118  119  114  104  101  108  116  118  119  114  120  120  118    9
ch:  32  118  126  114  121  119  121  121  122  124  127  122  122  122  107  101  118  121  114  107  104  109  104  110  118  110  108  116  114  106  114  110   16
ch:  33  121  125  123  118  126  120  123  110  120  117  102  116  120  108  110  105  117  116  105  110  121  106  114  116  100  121  107  107  121  108  116   10
ch:  34  122  123  121  109  114  121  117  129  123  115  121  111  121  102  103  115  117  118  103  108  123  116  110  115  109  118  116  106  108  119  113   13
ch:  35  132  131  118  114  121  122  124  121  122  121  123  110  105  106  116  105  108  122  117  106  106  106  105  117  123  114  117  120  116  124  126    5
ch:  36  138  131  139  124  119  122  124  116  125  113  129  122  116  115  104  124  113  116  106  109  105  107  116  119  124  114  104  120  116  117  117   10
ch:  37  122  121  118  122  126  127  119  120  116  106  120  116  117  105  109  106  121  108  117  116  118  114  123  115  104   93  115  118  126  116  122    9
ch:  38  126  126  123  122  121  116  120  124  120  117  117  116  116  120  107  122  106  119  119  116  118  106  108  106  106  113  110  119  115  109  121   21
ch:  39  118  123  119  126  122  121  119  115  119  105  105  118  105  114  121  117  108  108  109  116  107  118  119  107  108  102  108  115  116  101  109   10
ch:  40  124  135  130  133  121  121  111  118  124  118  116  118  119  108  119   98  111  110  121  102  117  103  103  108  114  120  124  108  118  122  111   13
ch:  41  131  122  118  123  120  133  121  111  120  109  126  123  107  103  115  116  109  119  103  114  107  117  103  111  123  111  122  106  119  122  118   14
ch:  42  118  121  124  122  125  123  116  109  120  118  123  112  116  110  108  103  114  116  107  119  104  108  117  117  113  119  109  111  116  118  114    9
ch:  43  120  122  136  115  122  124  116  126  120  120  121  124  116  132  118  108  121  117  105  114  120  107  117  127  115  118  110  115  107  119  120    9
ch:  44  114  122  132  135  121  121  123  123  131  130  117  117  106  120  130  131  121  116  117  115  108  109  102  123  119  116  117  116  118  122  110   22
ch:  45  131  129  119  122  132  125  111  129  119  125  117  126  119  117  124  114  107  102   99  114  120  107  106  117  108  108  116  116  121  119  116    5
ch:  46  119  136  126  124  121  119  132  121  120  120  120  133  118  121  109  102  108  117  115  102  122  109  108  120  120  114  115  124  120  120  122   24
ch:  47  131  123  119  118  116  115  116  113  123  107  120  114  119  106  110  117  105  116  107  116  108  111  103  113  120  115  115  123  116  119  127   13
ch:  48  134  127  129  122  132  119  117  128  122  125  116  107  118  116  124  104  105  105  108  119  110  114  121  118  116  123  123  122  114  117  121   28
ch:  49  122  126  124  134  117  122  120  106  130  104  120  114  110  122  109  119  118  116  101  125  100  115  109  107  108  114  120  117  126  122  116    3
ch:  50  130  123  121  119  122  118  120  121  116  130  107  116  105  125  107  115  107  108  117  117  116  122  107  111  117  102  118  114  119  105  119   19
ch:  51  120  123  129  133  131  116  116  110  122  125  117  125  108  124  119  102  117  116  116  107  120  103  126  108  105  102  117  120  117  122  117    6
ch:  52  133  125  125  121  107  120  118  120  116  115  107  110  109  114  108  116   90  107  117  113  117  106  123  116  106  109  107  109  122  107  124    7
ch:  53  118  122  123  108  123  132  125  122  123  121  117  118  118  105  122  117  107  107  120  101  114  109  108  105  123  120  110  118  114  109  121    8
ch:  54  120  118  120  123  120  125  126  117  116  120  120  117  130  117  121  115  117  120  117  104  108  106  119  110  107  122  119  107  119  107  115   19
ch:  55  136  121  121  137  133  122  121  126  121  130  124  117  131  123  122  108  121  121  104  119  106  106  120  110  126  118  125  117  119  121  122    3
ch:  56  135  121  125  130  117  135  118  120  117  121  116  119  102  128  116  120  122  119  123  120  108  120  114  116  122  123  108  120  132  111  116   16
ch:  57  124  138  123  118  125  115  123  117  119  120  115  116  120  114  116  117  124  105  113  115  107  123  122  118  121  122  117  121  122  123  122    3
ch:  58  132  125  132  116  122  132  121  124  118  122  118  101  109  115  105  123  104  104  104  110  105  106  109  118  113  113  105  120  125  121  125   10
ch:  59  106  124  115  123  125  122  130  124  111  117  115  112  109  116  117  102  107  122  120  109  117  111  117  119  102  114  116  122  118  121  115    6
ch:  60  124  125  126  124  122  116  122  119  109  119  118  119  120  117  114  123  110  109  121  107  116  125  109  119  110  120  117  115  121  110  115   15
ch:  61  133  119  126  124  123  120  140  116  134  115  122  109  120  115  109  123  123  115  116  106  114  112  108  104  111  128  119  122  118  126  130   14
ch:  62  123  126  128  121  136  116  134  122  114  114  106  110  118  104  115  122  118  116  105  117  131  114  122  106  114  109  116  120  118  129  124    9
ch:  63  146  122  121  124  116  118  121  118  116  116  126  115  109  116  116  105  116  117  105  116  122  123  103  108  119  123  114  122  122  120  107   13
ch:  64  123  137  135  132  119  109  137  114  114  123  122  125  130  122  119  116  115  114  111  116  119  122  120  104  110  131  121  109  118  117  125   19
ch:  65  135  125  123  122  118  119  119  119  119  115  119  121  122  114  104  104   94  104  118  105  118  117  120  121  108  120  109  110  122  125  122    9
ch:  66  122  106  120  122  134  124  122  109  114  117  131  104  122  115  117  122  122  124  119  118  115  108  117  103  117  104  115  110  121  118  107   19
ch:  67  125  130  132  131  110  127  133  118  124  125  118  119  119  114  119  117  125  116  120  107  106  119  119  109  124  119  121  108  116  120  124    6
ch:  68  130  124  133  127  123  121  124  121  130  114  120  125  121  115  122  121  114  117  120  110  105  109  115  110  117  114  121  116  114  121  117   16
ch:  69  141  134  124  131  123  120  117  116  118  121  130  126  119  111  119  108  104  107  120  109  104  120  121  117  104  122  114  114  123  121  120   16
ch:  70  125  121  133  122  121  119  127  123  123  115  123  132  110  109  113  108  109  121  110  125  123  124  109  114  124  122  117  103  125  125  117   12
ch:  71  126  135  138  124  120  123  123  117  124  122  124  120  118  115  105  120  122  109  108  118  110  113  119  115  126  119  119  125  121  115  123   13
ch:  72  134  125  136  131  124  118  115  124  104  123  109  109  120  116  116  117  121  104  110  115  118  122  106  131  109  105  116  121  107  122  116   14
ch:  73  134  146  127  122  123  125  126  134  119  119  121  119  104  115  110  117  114  125  106  121  113  122  111  114  116  121  121  130  119  123  125    7
ch:  74  124  134  122  126  129  125  107  131  106  119  116  121  114  110  123  107  110  119  125  103  116  101  109  107  120  104  111  106  115  109  121   15
ch:  75  123  133  116  123  117  119  109  124  110  119  109  123  110  110  120  109  105  119  107  116  111  102  105  121  114  108  116  110  125  127  123    7
ch:  76  123  127  137  120  123  123  132  123  115  109  131  111  118  119  117  131  126  118  117  105  104  116  114  118  111  115  119  118  126  133  108   18
ch:  77  124  121  107  119  123  123  103  116  120  117  104  121  121  116  113  102  109  117  120  116  107  106  110  107  117  106  120  120  118  120  120    6
ch:  78  118  135  126  126  126  135  123  115  123  106  120  119  116  118  119  114  106  119  113  116  121  106  115  116  105  106  120  116  116  115  117   11
ch:  79  125  119  123  126  123  129  118  116  121  124  122  103  120  109  114  108  124  114  116  115  114  120  118  115  123  111  114  118  109  120  116    7
ch:  80  124  126  132  125  139  121  121  132  124  118  110  133  122  120  108  111  120  119  133  124  132  110  122  121  121  123  119  115  120  116  131   12
ch:  81  123  125  117  123  120  119  121  120  119  120  116  116  110  124  108  118  106  115  119  132  119  106  115  100  109  115  116  115  126  113  127   12
ch:  82  123  132  133  125  124  133  118  117  121  113  126  119  114  123  109  106  113  117  114  118  111  116  105  117  110  118  107  122  119  122  125   10
ch:  83  122  122  127  135  104  120  135  124  105  108  120  107  120  118  104  119  114  105  126  111  122  123  116  105  117  121  130  117  118  130  122    8
ch:  84  132  119  127  124  134  131  118  134  113  119  131  114  117  116  121  117  104  116  104  103  118  123  101  120  105  125  122  118  110  116  122    9
ch:  85  119  135  123  124  119  121  126  122  115  122  104  132  108  126  104  120  121  120  111  115  118  104  119  116  102  118  118  119  120  117  123    2
ch:  86  140  118  133  117  111  122  118  130  123  123  106  118  109  118  114  120  107  117  111  106  121  116  117  122  124  108  123  108  115  117  119   12
ch:  87  136  122  134  110  124  122  122  122  119  120  118  118  116  116  119  116  110  119  111  109  117  111  117  106  107  109  102  124  105  115  124    6
ch:  88  122  131  119  121  129  124  134  132  118  108  111  108  117  116  123  118  121  102  105  113  104  118  109  100  116  117  116  121  115  117  122   14
ch:  89  126  134  120  121  122  117  122  115  109  106  118  104  116  118  117  109  119  107  116  117  117  108  117  120  118  115  106  122  125  118  116    7
ch:  90  137  130  120  138  126  117  123  119  126  126  122  120  123  123  117  122  118  117  106  124  108  106  104  114  118  115  118  122  120  116  131    4
ch:  91  131  121  122  127  123  101  108  114  127  108  111  121  114  125  105  106  105  119  121  110  106  109  116  115  117  107  116  113  120  125  118   13
ch:  92  117  122  114  123  121  121  136  121  124  106  118  123  125  124  120  118  121  117  110  106  110  110  107  117  103  113  119  106  131  109  116   16
ch:  93  125  139  126  133  125  123  115  119  118  115  123  109  106  115  116  115  118  120  119  107  115  116  109  117  123  107  120  115  118  107  119    1
ch:  94  131  132  124  132  118  125  120  125  127  123  126  116  135  110  121  121  103  120  115  115  103  118  117  120  103  110  121  119  118  118  125   10
ch:  95  125  116  129  130  122  120  130  132  126  121  116  107  117  125  119  118  108  109  116  116  124  116  122  124  108  109  126  107  107  116  136    5
ch:  96  130  107  121  124  119  118  110  125  115  119  121  123  124  119  121  120  109  117  119  105  110  107  121  115  124  114  121  120  108  117  116   11
ch:  97  114  133  122  131  122  123  111  122  124  125  119  116  121  118  114  108  105  116  107  110  117  120  123  114  119  127   93  119  127  115  118   40
ch:  98  124  121  117  123  124  126  132  130  116  115  121  121  110  115  119   95  118  107  118  126  121  115  105  109  116  106  109  109  113  120  122   11
ch:  99  122  132  121  132  125  116  132  126  119  121  114  122  123  122  117  119  111  122  109  123  119  121  117  121  121  109  121  125  125  133  107   -1
ch: 100  117  122  134  120  119  123  122  120  119  123  121  117  106  106  123  105  120  118  118  119  107  109  107  108  109  116  118  107  124  121  121    7
ch: 101  123  132  115  130  121  122  120  123  110  121  120  121  107  109  108  119  122  105  120  117  123  116  116  119  117  120  108  121  120  130  124    2
ch: 102  134  134  127  118  116  120  122  117  125  124  121  114  109  123  106  108  119  119  105  122  118  120  119  117  108  108  108  106  124  120  118    4
ch: 103  140  132  121  122  116  118  131  121  124  125  116  122  121  124  120  107  116  115  116  114  121  118  108  119  126  124  127  118  120  121  125    1
ch: 104  126  122  123  105  121  120  122  124  116  120  122  121  106  124  116  116  110  122  118  107  106  107  104  118  111  133  119  109  116  118  107    6
ch: 105  121  124  133  123  127  122  119  124  119  117  127  119  116  117  118  121  119  106  125  123  105  119  121  105  107  129  121  124  120  119  123   51
ch: 106  122  122  116  131  122  137  123  120  126  118  115   -1  118  116  118  120  116  116  107  107  116  105  109  121  107  122  119  106  109  111  109    4
ch: 107  127  123  127  124  122  131  119  117  121  116  107  124  122  109  108  131  112  129  114  118  115  110  110  106  117  130  109  122  122  133  132    5
ch: 108  122  124  132  123   -1  121  135  118  118  125  115  111  118  107  107  105  120  109  118  115  116  114  106  107  115  110  117  113  121  121  119    7
ch: 109  131  119  118  118  124  120  126  119  128  121  102  120  117  125  118  122  120  115  118  117  116  123  110  119  124  117  125  119  111  106  123   47
ch: 110  125  136  119  120  124  125  110  124  116  122  126  126  119  123  115  115  116  120  109  119  107  109  107  104  113  119  110  120  118  110  121   29
ch: 111  134  118  121  122  123  136  122  118  124  122  124  126  117  109  116  120  112  121  116  118  117  118  118  124  118  115  121  119  126  133  131   -1
ch: 112  135  125  121  119  119  122  116  117  130  121  117  124  104  129  115  119  118  109   94  106  111  104  114  109  106  115  121  120  119  124  114    1
ch: 113  116  122  119  115  120  121  130  117  124  116  120  119  125  116  122  124  121  119  105  116  120  122  118  120  127  120  132  111  125  116  123   -1
ch: 114  122  122  124  132  118  121  120  116  122  126  124  115  118  115  120  109  104  103  123  109  108  106  109  108  120  105  114  120  116  109  116   50
ch: 115  120  133  130  127  121  119  110  117  132  134  114  124  116  119  114  108  118  121  106  116  119  117  120  116  123  123  110  137  123  120  125   -1
ch: 116  123  125  119  118  108  105  115  131  119  103  110  109  123  114  109  120  101  123  103  117  110  107  110  115  120  107  121  117  119  120  127    3
ch: 117  124  130  137  131  125  125  127  118  130  121  125  108  122  116  121  115  117  106  117  107  126  122  110  116  117  105  116  119  120  122  120   19
ch: 118  131  120  131  130  125  120  123  121  120  110  120  114  109  117  132  122  117  110  103  117  104  115  116  105  117  113  122  126  119  120  118    3
ch: 119  136  127  126  122  129  131  111  126  121  120  116  123  110  131  120  118  123  114  121  123  126  115  123  118  116  108  118  115  117  123  124   15
ch: 120  139  120  123  135  123  123  125  105  108  122  123  120  117  123  110  121  117  116  119  124  107  105  119  121  103  116  118  108  128  120  119   33
ch: 121  131  118  122  137  123  125  126  121  108  123  122  119  120  110  130  116  126  127  115  118  115  127  121  110  117  121  120  130  117  131  131   -1
ch: 122  133  123  117  126  120  123  122  115  124  121  108  119  118  118  115  111  115  114  105  108  111  122  117  120  117  120  119  106  117  121  115   -1
ch: 123  121  123  124  126  124  123  120  125  119  121  119  110  123  118  118  120  105  104  119  101  102  119  123  116  121  120  118  110  126  132  119    2
ch: 124  132  132  130  131  121  131  131  132  124  116  123  115  122  114  111  120  118  115  122  109  120  119  105  117  118  121  124  115  123  135  118   49
ch: 125  126  138  125  125  121  125  121  122  124  108  132  126  124  118  119  117  106  121  118  124  131  116  122  123  127  118  122  125  119  125  122   -1
ch: 126  118  129  121  130  140  125  133  120  125  120  132  119  125  117  118  118  119  115  121  107  102  116  117  116  104  102  114  100  132  108  123   -1
ch: 127  123  118  135  138  124  120  131  122  130  123  133  119  121  118  124  131  132  130  134  122  121  135  118  126  127  125  138  133  139  131  137   -1
