# ID XA-000-08-003-000-001-176-10
# Tag _trim_
# Date 240624_19:10:40
# Vref_p 57
# Vref_n 25
# Thr2_glb 45
# Vref_t 118
# Vref_t_range 1
# Pol 1
# ADC range 30-247
# FAST disc 30
ch:   0  134  124  137  139  127  123  123  124  122  120  119  122  122  116  120  118  119  123   -1  110  120  119  108  115  118  110  121  100   95  119  117   -1
ch:   1  125  136  123  131  122  133  133  120  132  134  118  114  115  131  122  120  109  117  115  114  115  105  114  108  117  120  109  118  117  115  114   -1
ch:   2  139  146  122  130  134  134  131  122  111  122  117  115  119  107  113  111  114  104  116  108  105  114  103  110  115  116  102  116  117  101  114   -1
ch:   3  118  132  124  133  137  133  115  118  124  119  102  106  119  116  108  103  125  107  108  116  119  118  113  116  114  123  107  117  117  116  120   49
ch:   4  125  124  121  114  133  121  121  119  120  122  131  118  117  108  120  116  122  108  107  117  118  116  118  116  104  115  113   93  120  120  118    8
ch:   5  134  122  117  122  121  124  122  122  117  131  122  119  119  109  113  118  100  120  122  118  108  120  109  109  121  104  114  116  108  110  115   -1
ch:   6  135  123  120  136  117  122  119  119  118  118  123  119  121  104  113  115  106  119  116  120  119  105  119  111  105  106  105  107  111  105  104   11
ch:   7  136  117  125  138  121  117  110  119  115  134  108  123  110  117  108  110  103  118  118  133  126  106  116  114  107  107  110  113  119   -1  116   -1
ch:   8  132  120  132  135  124  123  122  126  119  110  107  110  120  121  108  115  118  111  110  115  110  101  120  122  118  108  124  107  110  119  117   15
ch:   9  119  120  119  135  133  134  133  122  120  119  123  122  117  120  121  111  110  114  107  120  118  123  119  118  104  120  116  105  119  113  122   -1
ch:  10  133  137  125  123  121  119  133  121  117  124  118  122  120  119  114  117  116  113  115  120  103  101  103  117  108  115  101  117  108  104  106   12
ch:  11  134  138  123  117  125  119  120  120  115  125  116  123  133  121  134  123  108  103  117  119  119  118  115  119  106  133  117  123  102  136  123   -1
ch:  12  123  123  124  121  123  136  133  123  119  119  116  114  126  129  134   -1  119  116  109  113  118  105  103  119  106  117  109  118  115  115  102   10
ch:  13  119  132  141  134  132  114  125  117  119  133  118  122  133  118  121  122  121  107  124  125  114  117  114  126  116  114  108  118  108  124  119    2
ch:  14  124  135  132  123  138  133  122  120  124  116  116  120  116  120  125  120  133  125  114  109  108  119  107  114  100  110  105  111  107  119  115   11
ch:  15  133  125  136  138  140  135  136  123  118  114  137  121  131  117  124  123  119  134  119  115  120  120  111  120  116  120  114  107  117  136  121   -1
ch:  16  133  124  138  121  132  119  137  118  120  121  120  118  133  132  115  119  123  115  115  115  110  125  113  117  122  117  116  117  110  118  136   14
ch:  17  136  134  126  133  123  136  122  119  123  117  118  119  125  105  123  117  116  106  120  119  116  119  115  117  108  133  114  115  116  115  116    4
ch:  18  132  132  122  136  134  124  138  122  120  121  132  130  133  118  116  119  106  111  120  110  134  105  116  118  104  109  117  111  117  113  119   16
ch:  19  124  132  115  122  120  135  123  118  134  122  134  107  124  123  125  121  102  111  116  117  120   -1  123  116  122  110  117  105  105  123  135    2
ch:  20  136  135  133  132  122  133  117  124  116  119  124  120  122  125  114  116  119  109  120  102  104  116  118  109  119  109  110  107  108  107  122   12
ch:  21  141  116  119  125  120  118  134  121  119  122  123  125  114  125  108  122  119  139  119  118  123  120  116  108  119  118  117  122  120  117  118    8
ch:  22  124  135  135  119  122  132  125  123  123  142  120  118  117  115  107  136  117  118  108  106  104  108  115  115  113  118  108  124  111  107  114   10
ch:  23  133  124  118  117  124  123  121  120  135  118  111  123  118  124  119  116  118  120  119  114  121  109  106  106  104  119  106  115  117  121  118    3
ch:  24  123  137  124  124  119  124  121  117  132  131  126  109  117  124  119  119  118  123  115  123  120  117  106  109  104  106  113  116  111  109  110   23
ch:  25  133  142  137  117  124  120  119  132  115  119  119  118  117  115  120  122  119  115  121  123  106  118  105  108  114  118  117  119  122  118  121    4
ch:  26  136  132  122  136  139  134  123  133  119  125  132  122  122  123  114  118  125  109  123  109  118  111  117  118  119  111  116  120  106  121  117   11
ch:  27  124  119  138  131  118  130  137  134  132  107  118  115  120  119  113  133  117  115  107  121  122  120  106  121  108  133  115  113  122  119  115    7
ch:  28  121  135  133  137  135  134  135  135  136  120  132  135  115  120  131  114  120  107  122  123  105  120  115  119  120  124  117  124  108  121  117   11
ch:  29  124  133  140  137  134  146  145  139  143  148  137  137  152  136  144  134  139  146  150  135  153  141  150  139  146  153  136  156  149  154  150   10
ch:  30  138  136  133  135  134  121  123  137  133  121  123  123  123  119  118  117  126  120  114  118  122  119  132  116  118  102  132  118  120  120  117   21
ch:  31  121  138  132  133  120  123  135  130  122  123  134  121  116  122  106  135  123  121  120  119  119  118  122  125  116  120  117  117  121  135  119   11
ch:  32  124  122  121  122  122  133  124  123  109  114  119  135  126  119  119  123  122  125  118  121  119  120  108  106  120  121  113  115  110  105  120   20
ch:  33  127  132  133  135  131  134  131  125  131  135  123  134  121  123  126  121  114  123  107  116  121  120  118  107  123  116  118  123  125  119  122   11
ch:  34  138  135  146  124  121  115  132  125  138  121  124  118  125  133  116  116  117  116  115  120  119   -1  125  106  118  118  121  119  118  118  116   25
ch:  35  123  125  125  123  124  140  117  133  139  131  123  120  125  124  136  125  116  118  133  122  121  108  109  119  125  133  133  132  119  133  125    6
ch:  36  133  135  121  120  131  138  132  131  121  122  123  121  124  121  125  120  123  120  108  117  115  139  133  123  122  104  118  109  133  105  116   24
ch:  37  126  135  135  124  135  123  137  123  117  131  122  134  126  120  118  123  108  134  119  123  117  132  132  119  119  122  120  111  120  126  122   10
ch:  38  135  122  120  139  134  120  125  124  123  122  117  122  133  121  120  124  121  124  117  111  109  118  109  114  115  121  119  108  118  117  116   28
ch:  39  122  140  125  139  119  132  124  125  123  134  122  111  135  122  141  106  118  108  121  119  118  118  121  120  120  122  120  135  132  118  105   24
ch:  40  134  120  123  134  133  135  122  137  131  119  119  131  116  110  126  120  119  121  118  115  120  107  114  121  119  113  118  123  118  110  119   26
ch:  41  134  135  133  140  132  133  133  121  123  121  127  117  132  122  118  119  121  122  137  121  133  116  120  120  122  119  121  116  126  110  119    9
ch:  42  136  139  125  125  132  132  124  126  133  122  122  132  113  117  117  121  121  113  116  122  117  122  124  118  108  120  109  106  115  121  124   16
ch:  43  138  121  145  134  132  133  136  135  123  123  133  119  135  116  124  121  122  133  118  118  130  131  110  114  123  124  124  121  115  116  118   17
ch:  44  136  125  140  145  133  122  132  134  132  124  133  119  116  122  123  120  116  117  119  121  114  110  110  109  120  118  119  124  108  118  118   34
ch:  45  135  122  138  121  121  119  133  120  121  133  120  116  136  110  121  111  119  131  117  133  121  119  117  115  102  116  107  108  115  124  122   12
ch:  46  125  120  131  126  122  134  138  121  134  122  137  121  121  121  115  111  116  120  122  118  133  114  121  119  106  111  121  119  117  127  133   43
ch:  47  126  121  123  145  122  135  124  120  124  135  123  132  133  122  119  122  117  110  122  121  106  118  131  124  109  133  119  122  110  133  132   19
ch:  48  130  123  133  134  134  122  133  120  135  135  131  120  118  119  134  124  114  122  117  135  115  116  117  110  108  120  118  115  118  124  115   24
ch:  49  132  111  124  124  134  118  123  136  120  119  132  123  122  119  119  116  123  122  107  121  123  121  119  120  119  118  117  117  117  117  121   24
ch:  50  125  138  137  145  120  140  135  119  120  123  131  117  119  116  119  122  120  118  110  117  119  123  118  110  112  112  123  117  122  122  120   38
ch:  51  122  134  137  134  133  121  137  121  115  125  125  119  116  117  134  117  122  117  117  118  123  122  121  125  125  119  117  109  139  132  120   16
ch:  52  134  132  132  123  136  137  122  133  136  110  118  124  121  134  133  122  121  119  119  123  121  125  117  111  104  119  114  122  134  121  111   49
ch:  53  134  131  143  138  138  136  119  118  137  122  132  124  134  122  118  123  118  113  122  110  108  115  118  119  120  118  122  126  116  122  118   23
ch:  54  118  119  131  141  135  135  132  136  133  122  119  118  118  119  132  113  121  123  108  122  133  117  120  121  116  124  123  136  117  121  120   54
ch:  55  146  133  133  139  133  138  125  122  124  136  123  125  133  137  126  121  124  132  116  125  118  116  118  109  124  135  133  134  115  122  124   10
ch:  56  134  122  116  114  125  135  135  121  123  132  124  132  115  121  119  134  125  118  122  133  140  121  125  118  115  111  126  121  135  125  133   45
ch:  57   -1  135  134  146  138  138  133  123  120  131  121  113  131  126  114  134  124  110  118  131  120  114  117  134  120  115  117  118  132  123  120   14
ch:  58  138  124  136  127  119  124  115  136  103  125  118  139  133  118  133  132  121  131  121  120  120  109  116  114  122  119  140  117  119  134  118   56
ch:  59  137  139  134  123  137  132  135  119  122  119  133  133  120  124  121  133  121  120  123  124  124  120  115  115  122  106  120  115  134  123  136   18
ch:  60  134  125  136  123  139  123  132  122  134  129  125  134  124  121  117  123  104  119  130  114  114  120  117  114  115  117  118  115  116  119  110   56
ch:  61  140  134  132  123  134  137  137  119  136  122  125  125  118  115  124  120  116  124  117  124  121  121  117  109  110  117  125  119  124  119  119   13
ch:  62  126  133  123  137  131  134  141  117  138  124  136  107  135  135  121  135  120  116  133  138  132  125  120  136  123  119  116  133  115  123  116   56
ch:  63  118  124  136  136  137  123  123  132  124  121  119  126  124  132  120  124  120  125  134  122  130  119  140  123  116  120  120  132  124  132  123   18
ch:  64  124  141  132  121  142  122  125  134  134  123  119  124  122  122  120  117  114  102  119  120  108  104  114  124  120  111  120  118  125  121  123   56
ch:  65  132  132  134  134  132  140  137  121  123  117  121  134  121  123  124  123  126  125  122  118  123  122  122  132  108  123  123  132  122  134  108   15
ch:  66  134  124  131  140  124  150  124  124  140  137  119  118  105  126  135  117  124  121  123  118  111  116  118  118  136  116  119  116  117  121  108   50
ch:  67  134  148  126  139  117  124  126  120  134  107  125  124  125  131  126  120  121  119  119  114  123  118  120  139  116  119  133  123  116  132  123   18
ch:  68  122  121  140  139  135  134  123  122  125  135  117  114  132  123  119  133  120  121  118  115  122  119  124  110  138  115  113  135  126  111  122   52
ch:  69  117  120  125  125  137  140  140  124  135  135  132  118  138  134  126  124  111  124  109  115  108  115  121  119  126  124  116  123  136  132  133   15
ch:  70  133  124  133  132  139  141  125  121  135  119  132  124  137  119  132  123  117  120  109  141  114  123  120  118  107  102  117  131  117  131  121   44
ch:  71  126  138  132  139  133  137  125  124  124  136  123  116  135  122  122  123  124  116  122  133  120  134  117  122  120  116  121  136  135  122  122   16
ch:  72  142  134  137  125  135  134  124  136  124  132  119  122  134  125  123  117  118  111  121  118  116  122  119  119  119  118  119  114  115  118  113   45
ch:  73  132  135  123  118  134  136  126  124  142  145  123  120  133  124  116  125  117  117  121  124  119  119  121  122  131  117  119  127  119  121  122   10
ch:  74  110  125  126  133  133  111  119  146  123  122  138  121  124  123  122  124  117  110  120  123  117  137  119  108  119  119  118  109  118  120  116   53
ch:  75  137  138  137  132  140  134  137  116  122  133  130  124  121  136  120  122  123  126  122  114  131  119  134  133  118  118  123  114  122  122  123   12
ch:  76  125  123  118  132  135  140  134  134  110  115  123  122  131  123  124  132  125  124  116  106  133  108  120  117  110  111  120  118  115  119  122   38
ch:  77  148  141  134  136  122  133  118  136  126  137  133  124  117  122  114  122  119  116  117  126  124  121  123  122  116  116  107  117  123  126  136   11
ch:  78  136  136  134  119  136  137  133  120  142  118  120  123  120  136  119  119  120  120  107  120  116  110  115  116  107  116  115  105  119  123  110   42
ch:  79  121  132  135  132  132  146  118  138  121  124  134  123  118  117  125  121  115  120  133  119  120  117  124  136  119  122  122  134  119  117  110    7
ch:  80  134  132  137  130  131  131  137  121  121  139  124  133  135  135  121  119  117  117  117  122  121  115  114  118  108  104  116  117  125  121  120   50
ch:  81  132  142  136  122  122  130  121  121  132  136  134  135  121  131  122  134  116  122  113  121  119  126  120  123  121   -1  117  131  126  124  134   13
ch:  82  131  139  113  134  136  125  132  134  136  129  133  124  122  115  122  121  126  117  126  124  110  119  120  119  123  124  121  115  118  132  122   47
ch:  83  134  137  131  120  139  137  132  120  133  137  119  115  136  118  124  122  124  124  122  118  116  119  123  116  124  134  134  118  123  132  124    3
ch:  84  138  137  134  139  139  134  137  121  125  127  133  120  117  110  119  121  118  122  110  105  122  114  107  105  119  123  121  109  117  107  120   34
ch:  85  123  140  135  125  137  139  146  137  120  133  131  122  138  118  115  113  116  114  117  115  122  117  137  122  122  108  114  118  116  133  117    6
ch:  86  124  133  133  133  116  121  117  119  120  120  119  119  122  126  122  120  122  114  105  116  116  116  121  118  121  119  124  109  120  120  118   43
ch:  87  139  133  120  134  135  136  137  120  123  131  133  120  121  130  120  124  116  115  124  121  120  121  123  115  133  119  127  122  135  120  133    8
ch:  88  126  125  139  131  125  138  131  136  125  123  121  120  135  122  111  124  124  122  114  124  125  118  108  107  119  114  120  122  113  121  120   30
ch:  89  126  123  134  134  131  118  122  120  134  138  131  116  122  121  117  131  119  116  116  121  118  115  109  120   99  107  116  119  120  124  120    7
ch:  90  124  135  126  125  120  133  126  115  135  131  119  121  119  118  114  124  116  118  107  109  122  130  132  107  116  107  114  123  108  120  119   27
ch:  91  134  134  125  122  125  136  131  124  120  119  124  122  124  117  121  119  116  123  120  110  115  120  122  116  108  119  121  118  121  120  106   -1
ch:  92  132  135  137  136  133  140  123  119  131  122   -1  116  123  118  124  116  120  122  119  116  107  122  108  125  115  122  105  116  121  117  120   19
ch:  93  138  121  137  119  124  132  120  123  122  137  123  116  110  124  121  118  119  132  121  124  122  119  119  121  117  108  125  118  117  123  121    4
ch:  94  117  124  121  136  123  132  121  137  119  132  132  120  120  121  114  123  124  120  117  113   -1  119  119  117  101  119  100  105  114  124  119   24
ch:  95  133  123  134  140  139   -1  134  137  134  133  124  134  117  129  123  121  133  122  123  107  122  124  124  121  122  122  115  119  107  124  119    2
ch:  96  119  122  135  131  120  124  119  121  122  137  130  110  116  125  115  116  118  119  119  123  113  102  110  113  110  118  114  103  107  111  106   17
ch:  97  122  133  125  136  121  138  137  121  119  114  127  117  121  113  119  122  122  134  124  139  116  106  116  123  114  118  124  123  119  124  122   27
ch:  98  126  146  120  125  121  135  139  133  124  123  122  122  111  122  115  121  111  117  119  116  108  119  107  113  121  115  118  108  122  110  120   16
ch:  99  123  119  135  140  138  135  119  132  132  130  137  109  132  118  117  118  131  118  125  117  108  112  123  126  134  120  117  133  122  119  134   -1
ch: 100  123  140  124  121  124  120  123  132  124  131  132  135  120  121  131  117  108  119  109  124  110  119  120  107  120  121  116  116  115  109  117   12
ch: 101  124  114  124  123  123  135  126  133  136  122  120  115  132  116  125  118  122  126  109  113  108  117  107  125  109  108  121  119  122  121  123   -1
ch: 102  125  122  136  123  122  127  133  125  132  133  117  123  121  125  123  107  114  125  110  116  117  113  117  111  115  116  108  119  108  117  118   14
ch: 103  126  137  134  138  122  138  130  115  120  121  126  124  134  134  133  126  119  117  119  122  111  119  117  119  115  114  121  117  120  118  117    6
ch: 104  134  119  121  139  118  123  120  124  120  124  136  107  116  135  133  124  124  108  113  114  111  120  109  108  119   -1  118  117  111  104  125   10
ch: 105  131  125  134  115  125  133  133  123  126  133  119  124  115  120  122  123  117  120  118  115  121  120  122  124  107  120  119  116  114  117  125   -1
ch: 106   -1  123  132  119  129  122  132  124  133  124  133  124  108  118  122  109  104  115  115  107  115  113  110  106  113  117  121  110  106  115  103    6
ch: 107  124  135  123  132  125  138  127  110  118  105  116  126  123  120  132  122  119  117  118  119  121  121  118  120  125  125  121  107  110  121  121   -1
ch: 108  132  137  132  133  109  132  133  124  125  111  111  111  111  119  115  117  111  117  106  115  119  107  111  116  115  119  115  123  115  114  120    7
ch: 109  121  114  123  136  117  132  121  120  131  120  131  137  132  131  117  134  122  114  125  117  122  119  122   -1  119  110  116  108  122  124  118   15
ch: 110  136  125  126  139  122  139  123  111  122  122  108  115  113  111  118   -1  110  113  118  118  104  115  116  122  106  116  104  118  113  118  117   -1
ch: 111  148  133  131  140  132  126  137  125  124  141  121  136  119  113  120  118  119  132  115  117  123  106  113  108  119  117  122  124  127  118  122   36
ch: 112  129  121  130  134  141  141  124  137  121  132  120  115  113  124  114  107  120  116  120  118  121  109  117  119  107  104  116  110  103  110  122   36
ch: 113  136  123  133  124  132  125  108  137  122  123  122  118  135  118  120  116  118  115  118  115  111  126  113  104  115  115  110  110  123  113  110   17
ch: 114  140  135  124  126  121  133  124  122  121  117  137  118  121  117  120  109  108  119  107  111  105  114  103  102  114  104  117  130  109  117  111   -1
ch: 115  123  124  125  139  111  123  121  133  133  119  119  121  138  121  133  119  123  109  121  125  116  121  123  122  105  106  119  105  129  118  119   -1
ch: 116  125  116  134  121  122  121  136  108  122  116  123  118  109  120  118  107  117  105  118  118  115  103  117  122  120  108  105  110  109  101  113   31
ch: 117  136  135  135  123  122  121  123   -1  122  120  116  117  121  133  119  119  124  114  120  109  116  108  116  116  120  122  120  120  123  118  121   -1
ch: 118  136  137  131  122  140  124  120  120  120  124  115  119  117  124  120  107  115  111  117  114  116  118  117  106  114  110  115  110  115  109  116   -1
ch: 119  127  117  118  122  122  135  123  111  122  109  122  123  120  122  118  121  117  115  124  119  117  105  101  107  118  107  107  115  117  117  133   30
ch: 120  132  116  132  120  121  121  135  123  118  130  131  123  120  120  118  111  119   -1  107  106  117  121  113  106  105  115  115  118  104  108  119   47
ch: 121  134  133  135  134  135  124  121  117  120  122  120  136  133  123  119  118  122  121  110  125  119  106  122  108  111  115  114  124  106  122  117   43
ch: 122  133  125  132  121  118  116  116  121  119  123  131  118  121  105  116  110  104  120  103  102  120  115  107  102  102  107  115  120  111  117  111   -1
ch: 123  139  135  136  124  134  124  108  122  114  124  136  139  120  115  118  116  112  118  119  118  117  119  116  108  119  105  120  120  114  115  119   22
ch: 124  124  135  142  131  133  121  115  147  120  116  133   -1  119  119  105  120  107  122  105  117  115  114  120  120  118  117  119  114  110  117  120   -1
ch: 125  136  137  134  134  142  121  123  132  132  122  121  118  135  120  131  120  110  122  119  116  118  117  117  126  124  134  122  116  111  118  118   -1
ch: 126  138  133  123  137  137  137  118  121  124  122  118  119  122  105  137  122  108  123  115  121  120  122  108  110  105  123  134  114  110  107  110   21
ch: 127  131  134  137  114  134  119  132  139  110  132  122  118  117  120  113  115  124  121  121  122  117  108  113  120  121  116  120  132  111  114  124    6
