# ID XA-000-08-003-000-001-143-03
# Tag _trim_
# Date 240620_18:33:45
# Vref_p 48
# Vref_n 22
# Thr2_glb 10
# Vref_t 118
# Vref_t_range 1
# Pol 1
# ADC range 30-247
# FAST disc 30
ch:   0  101   89  123  131  118  133  142  143  156  153  166  154  145  161  168  148  141  136   -1  133  136  141  131  136  135  136  134  134  125  121  131   35
ch:   1  177  168  180  180  182  173  168  163  174  178  168  165  158  168  157  151  161  149  145  145  135  140  152  142  162  135  139  136  137  136  127   -1
ch:   2  125  127  134  154  158  152  165  169  166  157  161  165  171  168  150  152  148  136  147  132  138  135  137  145  136  133  130  131  135  133  133   30
ch:   3  170  186  181  172  180  184  169  165  169  166  165  168  166  169  164  156  142  154  148  141  151  134  148  136  133  150  140  134  135  135  140   43
ch:   4  157  142  163  171  157  168  168  164  164  166  166  163  155  163  156  153  151  152  138  129  141  140  147  126  132  127  120  127  115  137  123   -1
ch:   5  185  190  183  181  186  172  165  167  172  170  168  170  170  155  163  154  150  153  147  141  136  146  135  138  137  137  136  137  130  132  137   22
ch:   6  143  148  177  168  153  167  167  174  177  154  161  167  150  142  164  139  150  136  133  150  142  150  136  129  116  121  135  141  123  117  121   54
ch:   7  179  183  190  183  182  174  165  184  172  167  170  158  172  162  151  165  154  151  148  151  133  151  153  132  135  137  134  138  138  140  137   15
ch:   8  152  155  159  173  178  174  167  168  173  168  166  165  159  165  153  148  150  149  148  146  141  136  142  138  134  138  131  130  124  132  131   34
ch:   9  189  191  183  184  181  172  169  166  167  169  154  169  158  164  162  147  153  147  149  146  154  157  152  134  149  150  134  135  139  145  133   41
ch:  10  142  163  167  172  171  175  173  165  167  169  163  153  166  161  166  138  151  148  131  138  146  149  137  146  132  124  130  133  133  131  118   -1
ch:  11  185  183  179  183  171  187  180  187  170  168  171  152  170  152  165  152  154  162  160  164  140  149  136  140  134  145  139  147  138  138  132   -1
ch:  12  151  139  177  171  168  182  167  175  169  172  152  168  152  163  162  142  152  137  147  139  133  141  145  115  135  137  122   -1  120  127  125   -1
ch:  13  185  189  197  181  185  179  164  168  170  166  169  170  169  153  153  156  161  151  147  153  149  137  148  133  141  146  137  122  135  156  133   54
ch:  14  158  155  156  157  166  179  187  175  162  167  172  153  164  148  154  147  139  150  139  138  133  141  132  145  131  134  118  135  131  127  124   18
ch:  15  181  184  184  179  181  185  172  163  170  172  168  167  156  161  166  150  162  149  154  147  138  133  151  156  135  131  138  126  133  135  133    3
ch:  16  151  149  163  171  164  166  173  168  167  171  168  162  147  154  154  145  142  147  148  139  139  145  136  136   -1  140  135  132  129  122  125   39
ch:  17  169  185  182  189  185  176  175  165  169  169  165  164  150  155  164  153  150  167  149  150  159  147  148  137  132  149  147  142  132  139  136   -1
ch:  18  147  161  156  183  164  165  181  167  154  163  150  156  157  149  142  137  150  154  148  136  138  136  134  137  121  127  131  122  123  131  121   -1
ch:  19  184  186  189  175  183  179  180  177  182  170  164  157  151  162  155  148  151  139  151  147  148  142  140  131  148  133  146  134  133  134  123   -1
ch:  20  149  139  171  171  173  170  172  166  167  154  156  164  153  148  149  157  152  147  150  145  136  137  139  131  133  133  129  135  131  115  132   26
ch:  21  180  183  189  180  185  171  180  171  164  164  155  155  157  158  164  154  134  152  157  150  137  149  141  138  149  146  132  131  123  122  127   -1
ch:  22  159  163  168  159  182  171  181  169  171  168  155  155  154  151  157  155  151  150  125  139  131  140  137  133  122  135  124  115  135  135  120   -1
ch:  23  186  189  189  181  169  184  172  179  167  165  168  159  169  161  145  150  154  150  148  141  148  153  136  139  136  146  135  134  125  134  144   28
ch:  24  139  150  161  167  164  180  170  174  179  163  171  168  147  164  155  148  155  153  138  149  150  130  136  140  136  126  139  125  125  129  123   -1
ch:  25  168  174  172  181  188  174  179  180  178  155  170  163  166  170  165  149  150  138  165  151  147  139  141  138  140  132  129  142  148  133  132   28
ch:  26  147  158  145  158  178  157  181  169  165  169  164  156  154  161  151  147  142  148  151  141  135  137  134  133  127  126  136  131  127  117  132   -1
ch:  27  181  190  184  181  183   -1  180  164  179  166  169  170  150  155  151  157  155  148   -1  146  138  145  143  136  150  139  148  139  136  135  135   -1
ch:  28  141  139  171  167  162  171  172  165  167  177  166  166  156  152  155  144  153  148  150  139  135  137  138  136  126  139  131  138  117  135  132   56
ch:  29  182  182  194  188  184  175  175  174  182  173  169  156  161  166  164  160  151  138  151  145  149  140  152  135  140  140  137  146  149  138  137   30
ch:  30  148  147  153  158  172  161  172  171  163  159  168  156  151  162  147  156  142  149  136  136  148  131  126  149  136  136  123  123  135  123  119   14
ch:  31  180  187  175  181  182  175  180  165  168  163  154  172  166  156  150  156  154  132  136  141  149  126  151  148  143  132  125  137  126  133  136    2
ch:  32  137  138  167  162  148  174  156  158  165  166  163   -1  155  147  151  150  148  146  136  138  133  140  123  126  135  149  135  132  131  119  137   -1
ch:  33  181  179  169  181  183  173  170  180  171  158  173  167  149  162  151  151  155  157  167  152  142  153  134  142  132  145  141  142  139  137  135   20
ch:  34  129  155  145  166  170  169  173  170  165  169  164  169  150  155  159  148  151  146  137  146  139  150  133  138  145  137  129  131  133  126  124   -1
ch:  35  171  202  187  186  183  178  172  173  170  155  165  162  141  152  160  151  140  149  163  138  163  146  149  134  147  124  136  142  148  139  121   41
ch:  36  137  152  152  155  174  158  169  164  167  158  166  167  163  160  154  141  149  140  146  147  136  143  140  127  135  136  131  121  124  136  134   30
ch:  37  173  190  180  183  172  175  177  186  170  170  163  168  154  152  162  151  163  152  148  150  135  140  142  142  148  141  140  133  122  125  132   -1
ch:  38  133  147  145  158  163  163  174  161  168  164  164  150  168  171  148  147  141  141  149  140  150  136  135  133  132  140  123  138  111  129  132    4
ch:  39  182  183  191  172  175  171  165  177   -1  170  166  150  162  158  162  151  149  149  148  138  152  151  137  152  145  137  138  124  131  139  138   46
ch:  40  133  140  145  137  164  166  174  166  168  169  164  163  162  165  155  152  163  150  152  137  140  135  132  136  137  136  135  130  124  121  131   26
ch:  41  171  170  187  196  188  180  169  182  179  165  153  147  168  166  156  151  152  152  136  161  136  149  148  149  134  134  136  134  136  141  136   50
ch:  42  137  141  145  157  154  164  170  183  166  163  168  162  156  161  151  161  149  148  147  148  136  146  136  133  136  123  132  132  121  123  129   50
ch:  43  172  170  178  194  182  180  184  177  171  180  168  169  170  150  152  157  161  146  150  149  152  137  140  149  138  136  137  135  146  136  148    3
ch:  44  133  140  149  137  161  167  170  173  166   -1  167  167  165  156  152  163  150  145  152  145  147  136  137  135  133  134  133  125  130  121   -1   -1
ch:  45  170  172  183  185  184  181  179  184  165  165  164  166  167  165  164  163  146  149  150  136  139  149  137  141  134  134  125  134  139  134  136   15
ch:  46  140  140  143  152  151  164  158  173  166  164  154  167  150  167  141  164  148  152  147  140  138  139  137  141  135  110  125  132  123  131  136   19
ch:  47  166  184  185  185  190  173  171  173  168  173  157  172  176  158  164  164  156  157  148  165  146  139  142  126  140  135  149  134  128  138  135   -1
ch:  48  123  124  141  145  148  158  168  167  155  165  170  166  153  166  142  154  153  154  136   -1  137  152  149  135  147  150  136  132  124  126  124   26
ch:  49  167  175  180  188  177  171  171  172  164  177  156  170  156  169  150  156  154  162  151  145  139  149  140  149  139  147  149  133  139  148  139    5
ch:  50  139  142  153  154  156  150  164  157  151  174  165  155  153   -1  152  155  151  148  149  135  142  134  140  139  131  134  116  125  141  129  122   44
ch:  51  172  169  185  186  197  187  180  171  164  169  163  159  166  164  153  149  152  151  142  138  152  133  152  131  149  149  137  149  136  139  133   -1
ch:  52  139  126  141  147  148  168  170  170  173  158  165  161  152  155  164  163  156  137  134  137  145  147  138  134  126  142  133  125  131  133  131   -1
ch:  53  173  186  182  187  178  183  178  173  181  169  168  157  166  163  154  154  151  141  150  150  151  140  140  142  133  149  138  137  131  126  135   15
ch:  54  129  139  127  142  158  152  158  169  178  162  168  178  153  162  154  164  151  133  141  138  131  132  140  146  148  117  139  125  126  137  131   37
ch:  55  172  173  174  181  186  182  180  181  170  174  165  168  163  174  164  151  141  151  136  142  148  138  142  136  135  147  133  137  148  138  123   16
ch:  56  119  130  129  149  152  168  169  168  172  172  172  167  169  152  163  140  140  148   -1  146  150  135  138  136  143  127  131  140  125  139  133   37
ch:  57  181  172  170  182  181  173  179  178  168  167  168  167  168  169  156  152  154  139  146  139  150  148  138  134  135  132  143  122  132  132  136   -1
ch:  58  136  128  128  148  150  155  164  156  166  167  154  165  162  167  153  149  141  146  150  136  135  129  138  134  122  138  132  138  135  135  138   42
ch:  59  185  170  170  175  179  181  170  163  178  170  167  158  151  159  156  156  164  153  147  142  139  142  131  143  147  126  137  140  135  152  135   46
ch:  60  121  142  141  147  152  158  153  158  174  175  169  150  154  154  150  154  150  141  141  145  151  145  140  140  126  139  135  133  136  131  133    8
ch:  61  168  171  167  174  179  173  167  173  172  182  158  161  167  153  165  152  149  149  141  131  148  143  140  140  136  147  139  124  139  145  134   -1
ch:  62  135  138  145  142  158  150  163  169  150  166  156  164  155  163  163  155  151  146  133  154  146  149  148  137  136  131  147  133  139  126  131   -1
ch:  63  170  175  174  189  186  170  181  179  178  159  161  150  156  167  154  154  150  147  142  156  150  147  142  135  137  133  143  139  138  136  132   -1
ch:  64  123  129  145  151  140  164  158  169  168  168  168  150  158  170  163  162  150  145  152  150  137  134  153  148  135  129  137  132  136  146  124    8
ch:  65  162  172  183  185  175  179  171  180  173  156  161  169  173  162  152  142  147  150  140  146  147  139  156  136  138  135  138  150  130  139  143   -1
ch:  66  130  143  141  150  156  156  172  173  156  166  162  168  156  147  153  136  147  145  149  139  146  140  126  120  133  132  148  135  131  137  131   -1
ch:  67  174  185  174  182  180  164  172  170  180  166  165  169  161  166  162  164  148  154  146  155  155  138  134  142  143  149  133  140  138  137  139   -1
ch:  68  123  126  131  151  161  141  155  170  167  172  166  163  171  152  149  150  161  157  149  146  147  145  139  145  137  135  134  133  131  120  128   29
ch:  69  173  172  188  181  181  174  179  178  155  164  165  170  157  164  154  164  155  148  141  148  149  147  141  134  137  134  149  123  155  148  136   -1
ch:  70  137  129  129  152  156  151  164  162  158  166  173  170  168  151  151  148  153  146  134  148  142  140  146  146  141  137  136  138  134  139  140   41
ch:  71  170  173  171  170  179  175  180  181  173  166  167  162  164  158  164  166  166  146  140  143  148  149  145  148  140  132  142  139  147  142  132   -1
ch:  72  121  139  141  152  144  158  153  157  171  166  171  153  148  154  149  153  151  146  139   -1  140  147  139  119  139  140  140  131  134  127  138    6
ch:  73  171  172  181  179  172  172  187  173  170  170  166  180  158  145  153  155  152  152  150  147  143  147  136  147  132  137  142  143  134  141  145   -1
ch:  74  126  125  136  143  158  148  172  167  154  165  159  172  168  152  153  153  156  145  152  147  138  136  143  130  136  120  132  125  130  127  139   -1
ch:  75  173  173  181  170  180  172  172  169  179  167  152  164  159  155  154  168  152  149  145  153  139  153  142  149  149  139  148  146  133  140  120   37
ch:  76  137  135  139  151  159  165  170  172  173  156  172  174  156  166  162  151  151  148  146  135  140  143  139  145  122  130  133  132  124  131  136    2
ch:  77  169  171  171  183  178  187  179  170  170  166  169  162  158  166  170  152  150  150  148  149  155  153  156  148  150  148  141  143  131  146  136   -1
ch:  78  143  135  141  155  154  148  168  172  167  175  171  166  155  165  143  155  156  150  147  152  148  140  137  135  124  138  144  134  123  131  127   -1
ch:  79  168  170  182  189  180  180  180  180  168  164  167  153  157  150  166  167  156  137  152  154  153  138  152  144  146  152  137  152  142  150  134    1
ch:  80  130  128  153  149  159  165  181  168  173  165  152  166  162  168  152  148  161  164   -1  163  136  147  145  135  141  146  140  117  138  125  120   -1
ch:  81  169  168  174  188  186  186  182  173  171  158  166   -1  164  151  163  150  150  152  156  145  149  137  152  154  139  136  133  136  134  135  145   -1
ch:  82  133  125  155  146  150  155  169  155  178  180  173  171  155  155  167  151  149  141  147  150  152  139  143  145  134  127  140  136  133  131  136   -1
ch:  83  175  182  183  181  185  180  180  181  168  167  170  164  167  152  155  166  153  163  151  152  151  140  148  137  140  147  139  138  142  136  138   -1
ch:  84  130  140  141  145  157  164  151  156  159  160  173  165  167  163  150  154  142  142  141  147  122  147  139  136  131  137  142  137  129  134  124   -1
ch:  85  166  179  171  187  179  174  168  154  167  169  164  162  162  166  168  170  148  162  146  151  131  149  142  141  153  132  138  121  141  140  133   55
ch:  86  142  141  141  146  155  162  167  173  164  173  170  154  167  169  154  166  151  136  151  143  148  138  148  151  134  140  135  133  133  124  132   42
ch:  87  158  181  181  174  185  164  171  168   -1  172  178  152  158  153  140  168  152  150  148  141   -1  144  154  136  142  133  142  139  145  133  132   26
ch:  88  137  144  138  146  155  156  155  166  170  172  168  169  163  154  148  150  142  140   -1  144  147  153  133  137  135  139  125  122  145  127  131   -1
ch:  89  168  165  186  174  166  179  177  182  167  165  170  168  154  169  166  148  150  151  150  155  136  152  150  138  137  134  136  141  136  148  125   13
ch:  90  138  147  151  142  174  156  169  169  164  164  168  166  170  155  153  152  148  143  137  147  138  136  142  134  139  136  138  145  126  134  138   40
ch:  91  151  159  161  166  170  174  181  182  164  151  170  170  158  166  173  156  151  152  147  154  150  139  147  137  141  139  133  139  135  125  135   -1
ch:  92  109  118  115  125  139  151  138  152  147  165  155  163  165  154  151  150  136  152  150  136  150  137  138  140  135  139  123  133  145  130  132   12
ch:  93  126  138  142  155  156  152  166  172  182  156  170  163  158  152  151  148  153  153  147  145  149  139  137  141  137  135  141  136  131  150  133   -1
ch:  94   57   58   62   72   73   83   99   99   99   99  108   93  105  121  137  152  149  137  156  159  173  180  186  187  189  191  195  195  206  209  209   19
ch:  95  169  173  174  185  171  179  185  173  172  181  177  164  164  165  153  147  150  139  153  140  148  138  149  150  147  133  134  132  142  124  123   -1
ch:  96  115  122  115  140  143  142  155  142  161  166  158  161  151  155  140  138  148  140  146  144  133  130  126  135  129  130  135  125  123  121  134   32
ch:  97  172  184  183  190  174  180  178  178  166  164  164  166  153  179  157  154  142  140  152  133  133  151  140  139  148  139  148  139  138  137  131   10
ch:  98  139  149  145  162  158  168  164  167  165  163  165  167  165   -1  154  152  149  146  135  141  154  145  140  139  134  150  132  136  131  121  122   -1
ch:  99  180  185  184  184  178  187  172  174  171  167  162  159  169  166  164  156  148  139  151  148  145  149  139  136  140  134  135  151  138  147  145   49
ch: 100  131  128  157  142  148  156  157  172  161  163  166  164  159  162  153  133  155  152  154  146  140  136  151  137  117  127  124  131  115  120  125   10
ch: 101  181  184  179  185  186  182  172  177  187  182  167  170  156  168  163  153  158  140  148  145  146  141  148  131  135  133  149  123  132  132  133   30
ch: 102  153  155  151  163  156  169  173  180  169  170  178  168  151  166  152  150  142  141  146  125  138  131  152  148  133  124  137  134  139  123  119   20
ch: 103  180  185  189  186  180  171  170  173  185  173  162  152  151  162  150  154  154  150  148  149  148  148  145  149  135  139  137  136  142  155  135   -1
ch: 104  133  148  151  165  164  167  170  170  165  172  171  169  155   -1  170  150  164  152  149   -1  136  145  131  147  136  139  139  141  122  132  135   -1
ch: 105  183  184  187  174  179  172  163  168  169  169  169  165  150  154  156  162  147  153  149  146  147  148  131  146  139  142  141  143  141  141  126   -1
ch: 106  143  157  150  171  169  163  181  167  171  170  164  173  156  153  164  153  157  141  147  152  147  139  136  131  136  132  133  131  123  130  133   -1
ch: 107  170  185  189  180  179  171  185  173  178  174  165  170  165  156  165  158  144  141  138  138  146  136  137  148  138  130  143  137  132  135  122   -1
ch: 108  140  149  159  151  164  171  164  174  167  167  171  162  179  163  163  147  165  139  145   -1  140  151  134  142  134  133  133  139  119  135  132   -1
ch: 109  171  184  184  181  181  168  182  175  170  165  169  166  162  171  168  154  153  150  139  149  143  147  140  140  137  137  140  131  126  135  124   15
ch: 110  149  163  153  173  170  174  171  172  161  170  172  166  171  161  156  161  154  149  149  150  151  136  127  135  143  137  124  123  130  133  132   12
ch: 111  180  185  182  186  184  181  183  165  181  166  165  169  168  170  155  155  148  150  152  149  124  151  131  149  138  149  136  140  132  131  133   -1
ch: 112  137  149  169  161  164  181  167  175  165  169  154  170  165  154  167  165  153  152  150  148  137  149  141  138  137  137  132  138  133  135  125   -1
ch: 113  180  185  187  185  179  173  172  170  172  169  156  168  171  152  150  145  141   -1  155  151  153  152  132  132  148  153  119  135  131  136  125   -1
ch: 114  157  163  158  171  169  171  171  169  171  166  165  156  162   -1  151  145  148  148  149  134  141  142  141  124  137  125  132  130  133  131  125   -1
ch: 115  168  186  188  181  185  184  180  170  164  167  170  167  155  156  152  158  157  155  150  149  140  151  137  150  138  137  137  136  137  125  136   -1
ch: 116  140  149  157  171  179  178  165  174  179  164  164  160  155  166  152  150  157  148  138  139  151  134  140  148  131  139  140  130  132  136  132   20
ch: 117  175  184  191  186  188  185  173  170  172  152  167  170  170  158  156  151  150  139  148  147  143  149  148  140  147  139  135  133   -1  135  136   -1
ch: 118  142  159  152  183  173  169  185  183  168  170  168  171  161  169  167  152  149  134  145  136  138  141  153  149  140  135  134  147  140  138  136    4
ch: 119  172  186  185  181  180  180  173  173  168  173  164  152  153  154  166  163  148  149  150  138  135  135  132  149  139  132  126  132  135  138  133   -1
ch: 120  152  149  159  167  159  181  178  174  175  169  167  162  159  154  155  158  152  140   -1  146  145  136  127  138  150  134  133  136  132  149  132    9
ch: 121  187  175  173  186  180  173  174  178  172  178  156  162  158  163  153  145  165  147  146  148  146  138  148  147  139  137  146  142  146  137  117   13
ch: 122  129  147  150  167  179  167  173  172  172  177  154  168  154  163  148  147  149  142  150  139  135  139  131  148  126  126  140  133  133  129  124   32
ch: 123  174  175  184  181  181  180  170  156  174  169  165  172  156  154  155  156  150  156  140  150  138  138  165  136  132  147  150  145  149  134  136   -1
ch: 124  126  117  141  133  149  158  162  151  167  156  171  162  167  172  155  161  142  150  149   -1  151  151  147  135  147  138  139  142  137  123  136   51
ch: 125  169  172  181  186  179  174  179  175  170  172  170   -1  158  177  150  155  154  148  151  146  151  141  153  147  147  147  149  146  134  143  136   -1
ch: 126  103  109  106  127  131  125  141  145  149  163  147  165  152  163  154  151  147  143  139  138  140  141  141  140  141  137  130  141  130  119  124   -1
ch: 127  137  157  150  151  158  172  172  171  168  168  169  151  164  172  163  171  158  149  153  146  151  151  158  137  140  147  141  137  143  136  146   52
