# ID XA-000-08-003-000-001-170-13
# Tag _trim_
# Date 240624_18:07:44
# Vref_p 57
# Vref_n 24
# Thr2_glb 38
# Vref_t 118
# Vref_t_range 1
# Pol 0
# ADC range 30-247
# FAST disc 30
ch:   0  122  138  117  122  120  109  120  119  120  123  115  120  107  108  118  102  115  109  113  117  116  110  105  108  135  107  109  121  116  117  104   35
ch:   1  125  133  122  119  124  133  124  120  123  120  122  122  123  121  108  122  134  124  124  125  124  134  125  122  127  137  140  123  124  132  134   -1
ch:   2  126  133  121  122  119  121  116  119  102  118  116  108  117  103  108  117  122  114  116  105  122  102  119  108  117  111  119  104  122  117  111   38
ch:   3  124  134  123  132  117  123  122  134  132  133  118  118  108  122  121  117  122  124  122  125  119  125  132  126  120  123  123  133  133  132  138   -1
ch:   4  117  119  125  109  115  124  107  106  115  119  121  107  124  117  121  115  108  119  101  117  116  115  105  118  119  102  110  114  108  120  115   40
ch:   5  123  121  114  118  116  126  123  119  119  116  120  113  120  107  106  117  116  110  112  122  115  121  117  116  118  111  110  110  124  124  119    4
ch:   6  107  117  118  126  116  121  122  121  121  113  109  119  122  115  118  115  104  120  123  107  120  118  110  120  109  119   -1  123  106  117  117   45
ch:   7  125  121  127  107  123  134  118  136  118  118  123  126  117  120  117  124  118  123  133  123  132  121  121  126  132  124  135  123  123  133  133    9
ch:   8  121  120  117  125  118  124  121  115  114  121  115  115  117  119  110  115  116  115  112  110  116  104  113  110  116  111  116  115  118  120  125   44
ch:   9  116  124  121  117  122  120  125  135  117  121  119  124  117  122  119  123  120  126  118  125  119  113  115  131  121  115  125  121  121  125  139    8
ch:  10  125  131  126  121  117  115  119  125  120  116  120  120  105  122  124  107  120  119  121  116  106  122  109  108  108  119  116  117  113  104  122   38
ch:  11  135  123  125  130  120  117  131  110  132  122  124  124  111  118  124  135  118  119  115  124  122  109  117  115  137  131  121  124  118  123  124    7
ch:  12  116  118  117  122  132  125  117  122  125  124  122  113  117  108  116  117  118  121  107  114  115  119  116  124  107  110  115  118  124  107  123   40
ch:  13  116  130  121  105  118  120  136  124  119  130  131  131  118  124  125  124  120  135  132  116  111  118  130  122  132  117  123  131  119  124  148   13
ch:  14  121  137  120  133  120  132  125  115  120  105  117  120  105  117  123  117  118  101  120  103  108  114  118  105  101  117  115  117  110  107  118   32
ch:  15  126  120  126  133  121  133  131  127  117  108  120  122  122  124  124  135  123  121  121  124  121  118  123  120  121  123  121  131  117  133  132    7
ch:  16  110  128  123  125  122  125  119  109  121  117  115  117  116  117  124  109  123  127  110  123  121  105  117  112  103  117  116  111  120  116  116   46
ch:  17  120  116  124  120  132  117  108  126  121  120  132  125  118  120  121  130  123  115  120  126  121  128  123  125  115  126  126  122  124  131  135   16
ch:  18  123  129  120  122  119  119  119  117  119  122  123  121  109  119  120  121  106  118  131  124  117  102  117  111  119  120  118  119  123  122  119   31
ch:  19  119  109  124  125  120  121  131  116  127  121  120  123  116  119  119  121  119  124  122  132  130  132  124  121  124  131  124  131  136  133  134    7
ch:  20  118  116  120  118  121  117  123  120  120  110  133  117  123  115  118  116  106  113  118  118  116  117  113  120  121  119  118  110  130  120  115   40
ch:  21  126  124  123  121  119  119  120  127  117  119  139  121  126  121  131  126  134  124  132  126  124  131  133  133  113  121  133  136  134  136  141   15
ch:  22  122  120  117  124  116  117  121  122  118  110  118  117  126  124  124  124  111  101  120  117  109  117  117  118  107  119  120  120  124  123  122   39
ch:  23  122  125  111  136  122  124  132  119  126  116  122  118  124  126  131  116  121  110  110  133  120  125  125  119  117  131  125  126  127  126  120    7
ch:  24  117  132  119  126  118  113  114  118  110  113  124  117  104  120  116  109  110  106  129  114  118  116  108  117  120  119  125  121  125  105  137   38
ch:  25  118  124  122  120  123  121  133  122  122  119  122  134  119  121  121  125  118  135  115  123  124  123  134  133  131  137  132  133  135  130  156   13
ch:  26  121  118  118  110  119  120  110  118  116  131  120  124  119  117  111  124  117  115  123  105  121  120  120  120  127  111  123  115  125  122  123   44
ch:  27  125  130  121  132  123  124  116  122  116  119  130  123  134  135  121  118  135  124  137  120  122  137  125  137  126  148  133  124  139  140  141   15
ch:  28  125  122  121  121  124  120  124  116  119  121  120  118  118  102  118  123  121  126  108  121  116  116  124  118  120  111  123  115  126  135  131   41
ch:  29  118  125  125  121  125  121  131  122  119  116  124  126  124  110  124  122  124  122  107  121  120  116  117  120  121  127  126  124  126  137  121   14
ch:  30  110  110  122  119  116  129  127  126  120  133  118  116  121  125  109  113  121  115  123  116  122  132  110  119  123  119  114  117  115  107  105   40
ch:  31  130  123  119  117  107  121  125  117  127  133  123  125  116  133  123  122  121  123  130  137  124  126  141  123  132  134  135  127  131  123  137    5
ch:  32  118  124  119  137  134  130  116  122  123  115  131  123  119  121  117  123  121  117  108  106  120  107  133  114  121  127  133  121  116  121  130   56
ch:  33  125  106  116  139  136  132  134  123  125  125  127  118  132  123  110  125  131  105  121  122  129  115  132  120  133  120  122  134  133  126  136   20
ch:  34  119  123  118  124  121  116  125  123  122  118  120  125  120  124  119  115  118  120  118   -1  109  119  124  118  125  120  134  123  115  116  121   41
ch:  35  131  125  126  131  120  111  124  123  117  132  118  120  121  117  121  132  127  130  134  131  118  130  119  136  134  142  132  132  125  137  126   16
ch:  36  106  126  116  118  119  122  130  110  123  119  120  108  124  110  119  115  123  122  117  121  134  116  126  111  115  132  119  123  126  125  127   45
ch:  37  123  123  120  121  131  117  117  126  129  122  126  123  132  125  127  110  122  131  131  136  124  125  134  134  133  134  136  123  133  134  140   17
ch:  38  132  124  122  110  120  123  117  123  131  123  130  127  115  122  132  118  117  135  121  118  115  106  120  115  115  122  110  133  115  122  116   45
ch:  39  132  142  119  123  119  122  130  121  124  126  123  128  121  125  136  130  137  127  133  116  132  125  137  139  137  131  130  135  133  133  136   19
ch:  40  114  122  134  126  120  124  116  124  115  122  127  123  117  120  104  123  119  120  114  107  121  124  119  107  121  124  117  117  136  117  127   45
ch:  41  115  139  125  123  117  122  123  132  121  116  122  123  133  125  125  130  123  130  134  133  121  127  135  130  118  113  142  132  131  127  137   14
ch:  42  118  131  119  124  119  124  124  124  123  115  123  115  110  115  119  127  116  118  122  119  118  120  106  119  124  123  125  119  131  111  127   41
ch:  43  136  132  109  124  124  121  118  119  124  120  131  122  131  133  125  109  123  123  124  123  120  123  121  124  138  133  133  138  126  133  127   19
ch:  44  133  132  124  119  106  117  126  107  110  122  117  121  124  117  108  120  126  115  118  106  125  123  107  115  111  118  117  122  125  124  119   41
ch:  45  133  120  124  123  110  134  117  131  123  120  133  115  134  120  125  115  121  124  134  123  134  133  121  125  131  121  124  136  136  133  141   27
ch:  46  120  120  121  120  121  122  120  121  117  118  131  130  121  133  122  117  122  117  122  118  119  126  116  122  121  120  120  125  131  119  120   43
ch:  47  119  122  126  125  125  119  122  123  130  134  125  118  133  119  130  133  130  120  123  123  125  134  134  136  133  141  118  136  122  135  133   21
ch:  48  120  126  124  121  120  134  118  119  125  117  122  132  119  123  131  104  122  118  123  121  126  118  120  121  132  140  124  125  131  125  123   41
ch:  49  120  134  132  131  118  124  133  119  107  120  131  133  126  121  121  134  126  131  125  133  123  125  119  132  123  119  120  126  123  126  124   24
ch:  50  121  130  123  120  129  121  120  121  119  124  118  110  130  100  115  110  119  120  116  127  125  125  118  124  115  119  121  130  123  126  118   38
ch:  51  122  123  135  123  124  135  122  125  131  120  121  138  133  119  131  124  122  125  126  137  117  131  136  132  138  135  126  131  131  147  136   17
ch:  52  135  124  131  116  120  122  121  120  132  108  121  117  122  123  109   98  107  125  118  125  117  125  122  105  118  119  121  117  134  125  137   37
ch:  53  136  127  137  132  135  150  124  126  132  120  110  123  124  136  130  110  126  117  135  135  122  132  125  137  127  134  122  136  133  127  137   16
ch:  54  119  105  120  134  119  124  121  119  103  123  106  132  117  115  119  117  131  117  119  126  117  116  116  132  107  124  133  122  123  130  132   46
ch:  55  131  124  126  134  124  133  123  111  120  120  111  130  131  121  119  122  132  122  125  121  115  125  125  132  135  132  134  131  132  124  139   14
ch:  56  120  118  108  129  111  115  117  122  117  119  121  123  116  122  116  110  119  125  119  111  119  122  121  116  119  116  124  110  121  124  135   46
ch:  57  123  124  119  125  131  131  135  127  125  127  122  120  133  137  133  139  131  121  120  126  136  121  132  123  124  124  126  132  138  135  138   24
ch:  58  134  127  122  114  121  118  119  123  135  135  117  105  131  122  106  106  115  120  123  111  119  131  120  107  123  130  131  118  115  132  133   38
ch:  59  121  130  132  119  131  133  134  131  137  132  139  122  126  131  133  131  132  131  133  137  133  133  140  134  135  140  138  133  151  153  135   18
ch:  60  128  125  124  102  125  119  119  119  119  117  117  120  120  125  118  119  117  120  125  116  135  122  125  131  135  127  118  133  123  122  125   33
ch:  61  124  132  124  119  124  118  124  127  125  116  118  134  132  131  121  130  135  120  121  126  127  122  135  124  125  124  120  140  118  151  137   18
ch:  62  130  120  116  123  121  119  124  120  119  118  124  124  115  122  124  122  108  117  123  125  121  123  119  124  126  118  121  122  124  142  132   39
ch:  63  118  120  123  123  133  123  121  132  135  139  132  135  135  124  132  124  130  135  120  121  137  133  125  133  137  127  137  133  125  149  134   15
ch:  64  125  126  121  125  116  113  118  120  130  110  117  125  115  120  118  126  131  124  126  117  104  108  119  116  124  118  123  122  124  118  126   38
ch:  65  123  126  121  148  125  122  125  116  131  132  116  135  135  127  138  123  132  132  137  140  123  127  123  142  141  131  140  132  132  138  136   15
ch:  66  109  114  118  118  125  125  124  123  119  121  130  109  119  117  105  120  125  108  111  115  120  121  119  120  109  119  115  119  134  126  124   42
ch:  67  122  130  124  130  126  120  123  136  125  122  118  120  122  123  135  125  120  120  136  136  125  142  137  149  133  119  138  125  137  133  133   16
ch:  68  119  126  122  117  108  134  120  126  120  125  124  123  116  107  107  125  108  121  120  118  119  125  123  107  120  118  119  125  121  132  137   37
ch:  69  121  127  127  134  119  130  125  131  125  132  133  139  130  124  131  120  136  134  126  124  116  137  120  121  137  140  135  137  131  125  132   21
ch:  70  133  121  120  121  118  120  117  119  119  123  131  117  132  121  122  125  122  120  104  126  122  125  116  122  121  121  124  119  125  120  119   41
ch:  71  133  135  133  118  122  121  121  122  124  133  131  123  136  131  123  124  126  124  132  123  124  120  131  140  139  136  137  134  133  131  137   15
ch:  72  123  120  123  117  121  118  131  124  118  117  120  120  107  116  107  117  122  111  118  120  119  120  110  119  130  123  120  117  123  122  125   40
ch:  73  133  117  132  116  127  133  117  124  130  122  131  125  124  129  121  124  137  132  123  121  130  129  131  130  126  138  138  133  138  132  139   19
ch:  74  124  127  135  120  121  122  119  106  109  123  121  123  130  116  121  120  110  124  110  115  121  120  125  119  123  109  131  124  119  124  118   41
ch:  75  123  132  127  119  132  120  121  129  120  124  126  145  125  127  134  133  123  133  120  133  131  137  118  136  140  138  121  134  132  140  135   19
ch:  76  131  122  124  127  119  133  122  122  123  124  107  120  125  117  121  122  123  109  122  116  123  119  123  117  120  123  133  121  123  133  126   37
ch:  77  126  118  123  122  125  126  122  118  122  132  130  125  123  131  125  149  133  136  135  126  126  132  132  130  134  126  138  135  136  151  135   20
ch:  78  126  138  118  114  124  132  131  125  123  118  106  118  119  122  118  117  118  111  111  135  118  123  118  123  120  125  121  134  127  124  111   38
ch:  79  132  124  121  125  119  121  124  121  123  123  119  120  120  122  121  134  124  118  139  134  125  124  122  134  126  138  126  127  137  134  135   12
ch:  80  135  137  140  138  142  152  151  150  156  155  165  155  152  158  170  172  180  181  174  196  197  182  187  182  191  204  200  197  205  207  209   23
ch:  81  119  132  119  138  119  145  125  115  122  126  121  132  116  125  130  134  134  120  110  124  118  121  133  124  123  135  131  124  130  122  121   20
ch:  82  135  130  107  117  131  112  115  120  125  118  119  115  122   -1  124  122  111  117  116  119  118  122  118  119  117  124  120  114  121  124  132   39
ch:  83  133  118  124  122  138  124  122  135  120  120  123  127  124  119  124  124  131  127  124  137  133  137  124  134  124  124  139  122  122  139  132   23
ch:  84  121  116  117  130  119  118  134  122  120  118  124  117  123  133  121  116  116  125  122  117  124  124  118  119  113  121  119  125  111  135  121   48
ch:  85  119  125  133  132  126  116  124  119  133  121  113  125  122  124  121  123  127  136  110  121  135  133  117  134  131  133  139  136  136  135  139   10
ch:  86  126  125  107  129  124  122  120  125  115  123  123  110  117  135  116  115  123  117  123  129  131  120  110  116  119  109  133  126  119  120  122   39
ch:  87  122  123  126  134  139  119  123  133  123  125  120  116  127  129  132  126  121  120  133  125  136  132  136  134  127  134  126  140  150  148  133   15
ch:  88  123  124  115  121  115  116  131  124  125  116  120  111  115  123  130  123  126  124  127  125  120  116  123  135  114  121  118  120  124  125  125   45
ch:  89  131  121  133  124  118  125  121  127  117  111  131  122  124  123  132  111  124  122  124  127  130  132  134  124  126  134  131  136  125  140  140   13
ch:  90  124  116  123  125  121  120  115  104  124  117  119  120  111  125  118  122  118  121  126  109  121  116  119  126  110  119  119  116  122  123  133   37
ch:  91  124  125  134  131  131  133  123  118  131  136  123  125  126  121  137  127  134  136  131  121  127  122  126  126  134  135  137  133  125  134  125   19
ch:  92  131  108  125  124  124  118  122  119  140  119  123  116  135  121  126  124  121  117  116  122  122  126  119  121  135  123  118  137  130  124  131   56
ch:  93  113  118  131  121  124  122  121  132  121  121  126  120  115  120  125  122  132  126  114  124  124  125  134  132  121  119  126  118  123  132  133   10
ch:  94  120  131  119  125  121  121  125  118  125  121  110  124  118  119  124  124  119  109  123  123  123  119  122  120  123  110  123  127  127  139  126   42
ch:  95  115  106  133  125  110  126  120  120  126  121  121  121  125  125  119  133  116  118  107  122  123  136  119  125  125  137  125  131  117  125  136    5
ch:  96  118  118  108  116  122  118  117  123  125  121  123  121  109  118  118  115  122  110  111  132  125  122  103  118  114  117  107  118  133  133  121   47
ch:  97  124  133  132  122   -1  123  121  134  121  120  132  117  117  117  121  119  131  118  122  123  134  123  119  124  122  120  134  131  139  125  123    4
ch:  98  118  116  111  107  131  119  119  109  120  122  116  117  125  108  117  107  120  106  107  119  132  118  124  119  118  116  127  126  122  120  121   46
ch:  99  118  120  120  122  132  123  139  123  119  133  121  123  122  121  123  125  139  119  119  133  116  135  120  117  133  134  140  133  140  129  135    7
ch: 100  116  126  111  119  122  125  132  125  125  125  120  118  127  125  131  120  123  123  125   -1  116  125  120  132  122  122  123  126  125  122  131   42
ch: 101  123  118  132  124  121  123  138  120  122  135  123  132  115  120  121  126  118  132  120  121  119  116  126  126  133  139  123  127  132  131  122   14
ch: 102  123  119  122  116  122  119  123  133  117  116  119  131  121  119  118  121  117  124  114  108  131  130  125  120  120  116  118  126  131  107  124   45
ch: 103  119  132  120  123  120  117  121  132  125  119  118  124  111  116  131  105  120  124  120  125  121  124  125  126  131  118  123  133  119  125  138    3
ch: 104  120  117  116  115  110  122  138  114  108  118  117  122   -1  120  119  107  106  119  124  117  125  125  120  130  128  121  124  124  133  128  120   51
ch: 105  123  120  121  125  117  123  123  118  125  122  131  117  126  116  123  124  130  116  118  126  125  123  122  125  132  126  133  126  131  126  148   10
ch: 106  133  122  125  120  109  116  121  109  121  124  121  117  126  123  124  126  120  118  118  126  116  120  117  123  116  132  119  118  133  121  131   47
ch: 107  132  122  109  117  111  124  124  121  118  116  120  124  120  124  126  137  124  116  123  123  124  116  122  120  123  136  133  134  121  130  132   14
ch: 108  116  132  133  104  115  126  121  131  123  121  118  122  124  120  125  134  118  119  115  117  123  124  125  124  121  126  135  126  122  123  115   46
ch: 109  132  125  132  135  119  109  133  110  122  121  122  117  124  110  119  129  124  110  122  121  132  125  134  125  122  131  126  124  133  127  116   10
ch: 110  121  116  108  127  122  118  111  117  122  123  117  106  126  116  124  117  125  129  126  125  110  119  109  126  102  117  124  126  119  134  126   39
ch: 111  131  124  119  117  117  125  134  115  124  116  119  140  122  123  137  123  122  122  120  120  130  128  121  126  126  110  132  131  133  133  135    4
ch: 112  131  131  119  120  133  124  118  123  106  126  121  126  116  116  120  121  118  115  120  117  131  124  125  125  119  126  121  123  125  125  126   37
ch: 113  120  123  121  120  116  115  132  118  116  132  133  110  126  124  123  123  125  125  122  107  124  126  124  119  115  126  121  135  133  124  120    4
ch: 114  126  120  122  120  120  116  113  120  119  115  120  118  118  124  120  120  116  118   99  121  122  127  122  127  133  135  125  121  121  124  128   44
ch: 115  118  124  126  113  124  134  124  121  121  122  125  117  134  130  121  120  126  124  131  123  131  132  131  124  124  122  131  122  135  133  126    3
ch: 116  126  134  123  123  124  114  121  122  111  130  104  124  110  133  110  119  120  129  110  121  121  117  111  129  122  118  123  119  121  110  126   46
ch: 117  122  133  124  127  117  123  131  115  134  124  121  121  121  117  118  121  129  111  124  122  117  124  134  132  131  121  125  121  132  122  123    6
ch: 118  125  130  127  121  131  118  123  122  119  132  117  105  109  126  119  130  119  121  129  123  107  126  106  117  135  116  111  130  124  119  121   45
ch: 119  125  119  135  126  132  132  126  124  117  118  139  116  115  119  119  137  125  136  119  133  122  120  133  132  130  126  122  119  135  125  123   26
ch: 120  130  121  122  119  120  123  107  125  118  123  120  128  124  127  117  118  110  115  108  121  124  124  115  119  122  109  117  121  117  119  115   36
ch: 121  109  125  131  122  122  117  118  131  105  121  120  127  125  125  118  123  130  117  124  120  121  115  127  133  134  123  126  137  142  122  138    8
ch: 122  117  118  121  115  123  122  122  117  135  127  121  110  118  108  122  116  106  116  104  110  118  117  116  113  107  125  116  124  125  120  120   47
ch: 123  118  118  132  120  124  117  123  124  121  123  108  120  123  121  121  125  121  120  130  119  134  122  122  132  121  117  118  126  126  119  134    2
ch: 124  130  124  121  118  125  123  120  117  121  120  111  120  125  123  122  118  118  120  124  120  115  118  121  118  121  119  120  109  122  119  130   56
ch: 125  124  122  134  131  131  124  133  122  114  121  133  125  134  119  125  120  118  123  131  120  121  126  139  133  121  121  118  120  119  121  139    4
ch: 126  121  124  122  125  121  120  123  115  121  117  121  118  123  116  131  121  126  116  121  118  123  119  125  126  123  125  110  118  122  120  123   43
ch: 127  127  125  119  132  124  122  115  123  118  124  132  126  125  111  125  120  119  136  131  124  119  134  109  132  120  131  121  123  125  134  131   13
