# ID XA-000-08-003-000-002-013-07
# Tag _trim_
# Date 240620_17:43:23
# Vref_p 58
# Vref_n 23
# Thr2_glb 55
# Vref_t 118
# Vref_t_range 1
# Pol 0
# ADC range 30-247
# FAST disc 30
ch:   0  122  120  106  122  117  121  118  116  125  125  119  124  123  122  117  121  125  115  119  127  119  121  133  120  124  122  133  134  125  123  138   20
ch:   1  119  132  112  125  121  123  117  131  132  133  135  123  123  123  134  133  123  127  121  123  141  134  124  132  133  124  135  137  121  142  138   11
ch:   2  120  103  115  133  108  127  124  109  125  120  118  117  125  130  125  119  118  121  120  133  127  130  131  119  135  132  116  132  131  124  133   28
ch:   3  119  131  132  125  126  132  117  118  132  131  123  135  126  125  131  137  132  117  134  133  125  139  138  138  135  133  133  136  138  137  137    5
ch:   4  127  116  123  111  122  115  120  122  116  120  122  122  133  120  125  119  116  108  121  123  123  136  123  122  129  124  132  132  124  124  141   39
ch:   5  122  122  117  118  122  131  117  124  123  120  123  121  117  126  126  122  124  131  134  123  132  123  125  134  122  137  131  139  138  148  131   12
ch:   6  116  119  121  120  122  125  137  116  118  117  116  130  127  110  122  119  118  125  120  116  127  132  121  121  118  113  123  124  137  132  124   56
ch:   7  119  123  124  121  124  118  126  119  124  122  119  120  122  111  131  125  135  121  139  120  126  135  132  133  132  121  140  134  126  140  125    4
ch:   8  115  119  121  123  117  122  126  119  119  131  119  118  132  127  136  121  125  132  123  133  122  125  136  119  122  141  134  133  132  132  141   56
ch:   9  126  120  134  120  134  109  114  120  120  122  122  134  133  124  121  125  125  136  129  137  123  135  143  126  130  125  123  139  138  137  132   11
ch:  10  117  132  110  116  116  131  123  124  130  117  122  120  125  122  125  134  124  136  122  125  126  119  120  125  118  124  117  125  137  123  130   56
ch:  11  109  124  127  124  126  111  111  134  121  123  126  121  119  133  131  121  120  121  138  123  125  131  133  144  137  138  140  134  155  149  140   14
ch:  12  118  116  116  120  115  124  108  123  126  115  116  125  133  133  124  131  119  117  117  125  119  120  135  116  119  135  118  127  131  120  141   50
ch:  13  120  123  109  118  123  121  133  124  117  123  135  122  131  134  131  136  119  122  126  133  120  150  133  125  135  148  124  151  130  135  141    9
ch:  14  116  119  132  121  116  126  118  121  122  125  133  125  122  119  122  121  123  122  126  125  118  115  131  116  111  132  125  152  133  138  131   47
ch:  15  121  119  116  122  120  119  119  119  126  125  131  131  117  132  121  131  125  121  138  122  132  142  136  131  134  123  132  136  133  135  137   10
ch:  16  117  122  121  118  121  120  120  125  120  124  119  126  140  134  124  118  118  136  136  125  120  121  123  124  121  121  119  133  134  139  131   54
ch:  17  121  124  115   -1  122  125  126  126  115  118  121  123  124  124  132  123  133  116  123  135  124  134  134  141  141  138  140  131  139  141  140    9
ch:  18  106  103  138  117  118  122  123  121  110  121  126  116  123  133  124  124  126  134  133  132  123  124  138  135  122  133  136  124  140  118  131   56
ch:  19  108  117  117  123  116  115  132  121  126  125  133  137  126  134  126  132  132  124  132  131  125  136  148  153  141  119  136  143  138  155  150   15
ch:  20  120  118  110  125  126  120  121  110  117  132  117  121  111  120  115  122  121  123  127  120  123  121  127  131  136  124  136  122  142  131  126   50
ch:  21  106  120  120  105  122  116  121  120  122  132  118  123  132  133  122  132  124  139  132  134  140  142  149  137  132  149  153  136  139  140  149   19
ch:  22  118  120  125  108  119  126  125  122  120   -1  121  124  124  132  118  132  126  110  117  136  131  123  124  123  132  123  138  120  132  134  132   45
ch:  23  117  125  122  130  134  139  126  118  121  133  123  138  117  116  120  134  122  133  138  136  137  135  126  126  132  135  153  140  141  137  139    6
ch:  24  118  118  131  115  115  117  121  119  122  116  116  118  121  119  117  117  136  116  134  136  121  121  121  122  124  131  121  123  126  126  145   43
ch:  25  108  121  120  123  132  125  131  135  123  131  123  133  115  124  124  125  133  140  122  124  136  132  133  133  143  123  150  141  146  126  144    3
ch:  26  117  118  118  118  119  122  124  124  120  130  126  117  121  133  121  124  124  120  134  130  131  124  130  132  124  136  122  131  134  125  126   43
ch:  27  114  119  133  107  124  126  118  123  135  122  124  121  133  135  132  137  140  137  137  138  138  134  138  145  141  136  151  137  143  143  148   10
ch:  28  132  122  118  118  123  126  118  138  125  131  134  133  114  119  119  131  132  124  124  123  125  134  125  123  122  124  123  123  134  124  137   56
ch:  29  122  119  122  124  117  130  123  114  124  124  118  125  133  130  117  125  124  142  121  140  139  133  135  124  142  126  127  135  147  135  140    9
ch:  30  118  131  118  124  118  133  109  119  126  132  124  109  127  131  118  122  123  122  131  120  121  120  124  122  135  122  142  124  120  123  119   54
ch:  31  122  124  116  114  125  116  123  122  123  118  121  133  131  120  136  119  138  126  134  138  123  136  137  134  140  133  147  143  140  140   -1   11
ch:  32  115  116  121  130  123  120  131  121  126  124  124  125  132  125  126  123  138  130  135  118  136  131  124  135  123  131  125  137  137  132  136   50
ch:  33  124  118  121  120  122  126  124  121  117  134  137  122  132  121  126  124  131  125  136  131  139  142  140  134  138  133  125  139  140  134  136   10
ch:  34  115  124  118  120  123  116  129  120  136  119  122  120  125  122  131  123  120  118  124  125  130  122  118  134  133  122  120  121  131  123  123   45
ch:  35  123  120  123  123  134  117  116  126  120  120  126  132  132  124  136  133  116  123  137  124  131  132  137  138  147  125  137  144  147  146  142   12
ch:  36  113  117  109  119  110  119  128  123  118  124  116  122  125  122  123  123  119  127  121  132  118  111  133  118  134  124  121  126  127  124  132   47
ch:  37  111  123  134  123  118  123  122  121  137  125  131  119  123  131  126  132  118  127  129  139  133  134  147  115  151  141  126  134  138  133  139    8
ch:  38  124  121  120  125  117  116  124  125  119  135  121  136  132  120  135  127  129  123  125  131  132  123  113  126  121  134  133  141  136  132  134   56
ch:  39  105  111  124  115  125  125  125  126  117  111  119  134  133  118  127  138  125  119  138  140  141  126  141  148  147  142  140  134  139  133  135    5
ch:  40  115  124  123  119  124  108  123  114  118  114  117  127  122  115  134  124  125  120  132  132  124  119  120  137  130  132  138  131  127  137  120   39
ch:  41  118  111  124  122  125  110  122  128  126  135  117  123  124  121  136  123  133  137  139  137  133  131  137  147  125  139  139  132  150  146  156    7
ch:  42  120  114  119  118  131  124  117  133  124  118  116  123  132  118  124  126  123  117  123  133  124  124  132  132  131  126  122  133  136  150  141   44
ch:  43  116  126  124  118  117  133  120  118  139  137  134  127  130  124  132  126  139  123  134  130  141  138  132  141  146  138  140  141  153  143  147    8
ch:  44  125  120  134  122  108  125  123  116  120  125  121  124  123  125  119  119  123  132  124  132  130  126  122  138  132  125  138  118  135  133  137   48
ch:  45  133  134  118  125  133  126  122  125  120  114  139  132  124  136  125  124  125  133  138  131  136  133  145  138  143  133  138  140  141  135  139    5
ch:  46  123  115  132  119  109  114  126  132  119  118  124  132  121  132  126  111  122  125  133  131  115  130  135  123  117  133  131  121  133  138  139   44
ch:  47  116  118  122  115  123  116  121  116  124  126  124  131  125  118  135  121  135  138  133  136  137  123  134  141  142  140  139  138  140  147  147    6
ch:  48  118  117  118  120  115  124  120  116  124  117  127  127  122  134  118  119  132  124  114  119  121  131  137  123  125  123  131  136  137  123  138   48
ch:  49  123  117  118  116  118  117  131  124  109  125  117  123  124  117  137  123  137  141  126  132  118  133  131  135  137  138  136  140  140  147  138    5
ch:  50  120  110  120  121  123  123  132  117  122  118  119  121  125  125  124  121  122  133  124  134  130  117  123  124  124  125  136  127  133  139  141   38
ch:  51  121  114  122  114  125  126  108  116  119  124  122  123  125  116  127  126  119  138  109  129  137  133  122  131  135  119  132  132  135  135  136    6
ch:  52  119  117  118  119  132  115  122  121  122  118  117  134  117  119  139  133  140  133  114  121  135  140  133  130  139  135  135  140  121  140  143   44
ch:  53  116  118  123  123  121  120  119  119  115  121  135  124  134  117  138  132  125  149  140  116  134  150  134  131  138  138  140  149  152  138  137    7
ch:  54  122  117  119  121  121  122  116  130  124  121  126  139  134  126  142  136  134  119  127  124  135  131  138  126  121  127  137  136  135  140  138   44
ch:  55  133  119  118  124  122  121  136  119  122  133  126  125  131  135  122  121  124  135  132  132  133  134  142  138  137  138  134  132  139  130  143   13
ch:  56  123  114  106  121  106  115  123  131  124  130  125  114  123  118  124  131  114  124  125  123  123  118  124  121  123  135  132  120  131  148  122   39
ch:  57  122  121  117  120  125  118  133  121  122  121  121  122  123  133  136  130  125  125  121  127  135  123  132  139  139  127  134  132  137  148  147    3
ch:  58  120  105  116  125  116  122  123  125  122  129  124  132  120  134  116  139  116  121  109  125  135  133  128  137  135  133  139  138  142  140  138   41
ch:  59  123  118  122  108  118  117  124  134  134  122  133  134  115  138  135  134  136  138  139  138  133  139  133  135  136  147  140  147  149  137  141    5
ch:  60  119  116  118  116  116  119  118  137  134  123  121  120  125  124  125  119  132  134  119  122  119  120  133  121  119  131  121  126  135  140  137   50
ch:  61  119  115  121  118  119  134  122  132  124  126  131  116  122  132  133  131  131  134  134  126  131  126  134  126  133  133  141  138  139  139  137    6
ch:  62  120  110  121  120  119  115  132  137  119  119  122  120  131  113  122  125  132  117  124  131  131  119  132  124  133  123  130  134  132  138  147   42
ch:  63  109  120  131  130  117  121  122  120  133  131  135  126  119  125  139  132  114  134  133  122  149  140  140  123  139  139  130  149  140  153  137    9
ch:  64  132  119  110  122  116  124  124  119  133  125  119  123  133  135  119  126  134  137  133  132  134  131  122  123  141  139  132  124  138  133  127   39
ch:  65  110  125  117  117  132  116  135  118  132  130  130  134  131  119  134  117  123  121  135  124  132  132  129  132  135  147  134  143  136  143  132    5
ch:  66  125  117  117  119  121  131  123  118  120  127  108  121  121  124  116  114  122  119  119  131  127  124  138  118  123  130  131  141  127  133  141   48
ch:  67  118  127  117  123  124  134  123  125  116  136  136  132  136  134  133  139  142  133  138  148  137  151  143  146  143  148  141  142  146  149  153   14
ch:  68  122  122  111  125  116  117  123  132  110  123  119  120  122  124  131  111  130  122  133  134  123  125  125  137  124  132  140  122  131  135  135   27
ch:  69  114  131  117  118  118  123  127  132  123  126  135  122  120  138  115  132  132  124  135  117  126  141  133  141  138  137  145  137  147  149  152    7
ch:  70  111  127  119  132  125  120  116  119  118  132  134  120  116  125  120  120  123  117  113  130  123  124  124  132  123  133  132  127  140  132  132   33
ch:  71  133  120  119  122  133  135  124  116  126  134  135  141  133  132  123  119  136  137  138  135  125  132  138  130  137  135  137  136  139  146  148    8
ch:  72  118  121  118  121  123  122  121  121  134  133  121  123  135  124  126  119  133  113  136  126  135  139  124  133  123  136  134  137  133  149  138   33
ch:  73  133  120  116  122  123  133  123  132  124  124  138  150  130  125  125  134  125  137  134  135  130  133  131  140  136  123  142  134  139  134  143    9
ch:  74  118  120  116  115  122  119  126  120  120  126  132  120  118  113  132  123  118  115  121  135  132  124  121  138  135  123  136  126  138  136  136   28
ch:  75  126  123  124  119  115  115  119  122  132  133  132  122  127  124  139  130  131  137  137  119  140  132  132  120  134  147  136  151  143  139  148   14
ch:  76  108  109  123  126  131  124  117  124  117  132  135  127  123  129  133  125  121  134  125  118  123  120  136  117  122  135  124  132  124  132  125   38
ch:  77  131  118  121  118  126  123  126  120  120  117  119  121  130  120  131  125  122  118  123  131  134  124  138  136  139  133  137  151  133  139  150    7
ch:  78  114  111  136  109  116  118  124  132  122  135  123  121  123  118  123  121  120  122  131  119  135  126  132  140  123  134  139  132  132  132  138   32
ch:  79  109  121  119  122  122  125  124  136  115  143  131  116  138  132  124  124  125  135  139  150  126  140  138  136  134  140  138  134  150  137  139   13
ch:  80  114  108  125  122  123  119  137  125  136  121  135  122  131  130  130  125  124  126  129  121  122  118  131  137  138  137  137  131  129  152  136   34
ch:  81  120  122  120  124  126  122  126  133  123  130  122  131  131  122  133  138  121  131  137  123  131  121  136  138  139  138  136  133  132  138  147    6
ch:  82  120  119  117  114  121  124  119  121  120  118  117  126  134  124  134  123  132  121  132  130  119  126  129  148  138  141  130  122  127  129  138   40
ch:  83  115  105  123  132  117  131  134  131  138  125  117  132  136  117  136  123  124  122  116  124  135  136  134  140  141  134  122  138  149  147  145    9
ch:  84  119  138  118  117  115  117  123  118  122  108  115  124  125  124  125  117  126  123  124  122  120  136  121  126  133  125  132  122  124  139  124   29
ch:  85  110  122  117  121  119  121  125  134  126  119  119  130  123  133  120  134  122  142  134  134  133  138  132  143  136  145  143  141  139  149  138    5
ch:  86  110  113  123  123  119  110  121  110  119  125  118  124  110  117  107  115  118  131  131  121  131  121  116  123  135  124  132  124  133  139  139   27
ch:  87  124  116  123  133  124  134  135  122  116  126  126  126  123  123  134  124  131  129  135  129  142  137  125  125  121  126  124  136  132  142  138    5
ch:  88  131  115  121  117  118  117  110  133  120  121  126  134  115  124  134  119  121  132  123  126  123  123  122  124  132  125  136  124  133  139  138   20
ch:  89  120  125  120  105  127  123  122  132  123  126  131  132  120  140  135  134  141  135  124  139  141  133  135  137  125  133  148  134  133  150  151    4
ch:  90  130  110  120  135  125  118  123  121  122  129  123  123  125  122  126  132  136  136  131  125  132  135  125  119  110  130  139  135  130  126  124   26
ch:  91  109  117  122  120  110  120  120  121  120  134  135  139  133  137  135  124  133  132  125  126  138  136  120  147  147  138  141  131  139  148  140    9
ch:  92  119  118  123  122  110  121  120  131  120  116  125  123  132  141  133  136  138  120  126  131  123  122  123  118  134  134  118  137  124  123  140   27
ch:  93  124  121  114  131  122   -1  121  122  120  134  121  119  121  122  126  121  122  131  138  131  133  132  136  138  136  138  137  142  133  133  136    4
ch:  94  124  120  121  113  124  120  124  124  116  126  119  125  135  133  118  114  124  127  118  138  121  133  126  126  134  132  126  133  127  135  150   31
ch:  95  123  125  126  131  125  125  119  119  123  120  124  125  124  134  140  122  136  136  137  139  138  127  138  132  140  138  133  125  139  147  138   44
ch:  96  118  118  121  124  122  105  118  124  125  131  123  136  134  118  124  133  136  125  126  123  123  138  122  134  139  134  135  132  134  135  123   21
ch:  97  116  124  122  126  120  124  123  121  134  133  135  120  133  121  136  122  123  131  126  126  148  131  125  138  136  132  124  141  148  137  130    6
ch:  98  121  120  117  116  126  119  118  137  110  132  122  122  134  122  137  126  137  131  123  120   -1  135  133  120  121  133  132  134  131  132  141   20
ch:  99  118  124  125  122  118  132  115  131  137  135  119  122  135  137  132  132  134  138  137  142  120  125  137  134  137  148  150  149  125  123  141    6
ch: 100  120  116  118  124  131  125  114  123  115  122  125  122  126  123  123  135  116  125  132  120  130  122  131  133  131  122  130  133  124  138  136   24
ch: 101  122  125  124  125  120  132  120  122  126  120  124  131  131  124  125  130  129  138  130  136  140  138  135  138  141  143  134  140  124  140  137    9
ch: 102  119  126  122  117  116  117  113  118  122  108  124  118  121  121  122  117  133  119  122  131  131  134  133  109  119  121  137  138  134  140  131   17
ch: 103  136  133  119  121  130  131  122  132  123  115  126  122  133  125  132  130  123  126  138  136  132  121  132  142  122  147  139  147  131  136  135    8
ch: 104  121  117  116  135  123  110  115  116  117  109  123  119  116  121  120  132  120  124  118  125  120  125  135  137  121  126  142  119  125  137  125   20
ch: 105  120  120  118  119  121  119  132  131  121  132  132  125  123  122  124  139  125  136  122  125  124  122  124  133  119  132  136  133  149  119  147   -1
ch: 106  125  115  119  124  133  121  106  133  127  132  118  115  125  124  136  136  124  126  125  132  134  124  121  120  138  126  136  132  124  129  131   19
ch: 107  119  115  116  116  132  126  121  125  115  130  125  133  122  125  136  120  122  130  136  126  133  122  134  143  133  139  134  148  149  136  148   56
ch: 108  130  115  117  131  132  117  122  116  115  118  126  118  124  122  127  133  108  123  123  124  113  125  138  122  119  131  119  134  137  125  138   17
ch: 109  117  122  123  123  119  115  122  122  135  136  126  125  131  125  142  131  123  138  126  125  137  121  132  146  138  140  142  147  139  147  140    6
ch: 110  116  118  124  118  121  132  122  118  122  118  135  133  133  124  139  122  123  139  126  134  127  126  132  120  133  124  140  129  121  146  125   20
ch: 111  133  126  115  121  120  117  126  125  117  123  124  127  125  133  125  126  132  125  121  126  142  138  138  146  135  139  135  136  146  155  127   18
ch: 112  114  115  124  123  110  118  116  119  122  125  122  131  117  121  116  113  124  132  139  135  123  132  119  125  124  135  121  119  131  131  138    8
ch: 113  118  118  116  116  120  120  126  129  126  131  122  120  125  117  129  133  141  132  140  122  133  149  139  137  124  133  138  140  154  147  140    5
ch: 114  132  110  121  118  106  122  121  121  133  124  131  124  132  133  119  120  126  116  120  127  118  134  122  115  124  124  123  136  136  137  132   19
ch: 115  125  132  117  119  120  122  124  123  137  124  117  132  121  132  138  124  137  125  122  124  132  121  138  126  125  134  137  142  140  151  158   -1
ch: 116  117  121  118  130  132  107  116  115  123  131  108  115  121  121  123  115  116  125  137  138  110  134  125  134  135  132  131  121  127  133  135   15
ch: 117  117  116  121  126  124  126  124  131  121  122  114  129  119  121  125  132  119  133  123  133  136  136  132  140  136  138  134  134  148  138  134   17
ch: 118  121  120  110  120  107  125  125  122  113  115  124  132  125  117  120  123  120  119  132  122  126  124  124  122  132  131  132  134  137  126  127   17
ch: 119  124  114  116  124  126  125  118  125  116  121  118  126  123  117  126  118  134  132  126  124  120  123  133  118  133  134  132  126  135  143  140   -1
ch: 120  110  126  121  124  117  125  108  120  121  117  124  110  113  121  121  133  123  130  129  121  131  122  122  120  135  124  121  124  131  136   -1    4
ch: 121  109  124  119  117  125  122  123  122  119  133  124  126  131  119  123  122  133  124  119  137  134  133  141  127  134  137  141  139  137  135  136   11
ch: 122  118  116  118  122  120  119  110  115  111  121  109  115  124  121  123  113  126  121  112  130  121  121  117  124  125  122  118  132  121  135  134   16
ch: 123  126  120  111  115  120  108  131  118  122  126  127  124  121  124  118  124  132  133  127  125  140  132  134  140  127  139  132  139  138  141  142   55
ch: 124  115  108  104  116  119  121  127  124  107  125  137  120  123  132  132  132  129  119  132  122  121  125  121  118  131  122  132  123  134  126  140    2
ch: 125  123  114  124  123  124  120  114  119  114  119  119  121  119  123  121  136  127  125  131  136  124  134  135  132  124  132  125  136  131  141  140   -1
ch: 126  124  123  131  115  112  107  129  125  120  124  110  117  119  109  116  124  121  115  130  125  120  127  122  131  132  132  124  123  125  134  133   -1
ch: 127  119  118  115  130  120  133  110  132  122  124  123  125  131  134  116  125  127  133  121  124  134  132  127  123  132  147  136  140  138  153  137   -1
