# ID XA-000-08-003-000-001-230-08
# Tag _trim_
# Date 240715_19:24:03
# Vref_p 58
# Vref_n 26
# Thr2_glb 47
# Vref_t 118
# Vref_t_range 1
# Pol 0
# ADC range 30-247
# FAST disc 30
ch:   0  118  115  122  120  125  132  123  117  119  122  123  119  125  135  125  126  119  120  120  107  117  117  130  122  115  119  110  121  118  107  117   51
ch:   1  125  122  117  129  119  135  132  124  120  132  120  119  120  130  121  131  122  117  131  134  130  119  120  119  126  131  132  121  119  125  124   56
ch:   2  120  120  114  111  122  121  122  124  119  125  123  121  119  114  116  132  130  114  119  120  118  119  114  123  120  118  118  118  108  132  117   56
ch:   3  118  121  122  125  117  132  124  110  127  124  119  120  122  123  132  132  125  135  126  110  141  125  109  133  122  124  117  125  125  132  132   56
ch:   4  121  122  116  121  118  123  122  123  107  117  120  114  115  121  119  113  116  120  125  114  120  118  126  117  113  110  124  122  133  119  127   56
ch:   5  105  119  122  130  131  122  124  122  118  125  130  134  117  113  117  121  110  122  123  122  131  133  118  122  116  121  123  131  125  132  131   43
ch:   6  117  121  106  130  108  117  117  110  118  123  115  110  122  118  116  116  111  119  118  120  123  117  100  111  115  107  115  109  106  104  117   56
ch:   7  118  118  124  125  124  131  120  118  126  131  119  116  124  122  124  107  120  121  124  127  117  131  125  131  124  120  124  133  134  125  126   56
ch:   8  107  120  119  136  116  118  108  124  117  113  119  118  117  124  123  115  121  107  116  123  119  116  114  116  110  116  111  124  116  118  123   56
ch:   9  111  119  123  123  116  130  130  118  136  117  120  125  122  134  123  131  124  121  120  124  121  125  124  123  122  126  126  130  132  126  126   53
ch:  10  117  117  131  119  107  111  127  118  118  120  118  122  120  121  122  121  106  109  120  115  120  116  115  114  115  125  126  125  116  122  123   56
ch:  11  116  119  125  119  109  120  133  135  115  117  130  122  120  123  117  116  118  124  136  119  120  123  134  133  116  125  123  145  115  125  132   52
ch:  12  117  110  123  122  138  117  121  120  123  118  121  123  115  134  116  125  125  125  110  115  109  110  106  115  130  124  109  122  131  118  116   56
ch:  13  116  124  124  123  130  115  123  118  122  120  120  116  120  124  119  116  119  121  123  125  121  119  114  124  132  122  134  118  121  120  118   36
ch:  14  118  118  122  108  121  135  127  117  121  119  124  115  120  116  131  119  122  117  122  106  118  131  115  118  115  119  121  120  123  109  119   56
ch:  15  127  119  118  126  126  121  117  132  126  120  122  117  114  130  133  130  120  133  121  123  122  124  138  121  131  125  122  119  131  136  136   39
ch:  16  115  121  114  121  118  126  117  119  109  123  122  122  119  125  131  119  117  107  119  133  123  120  119  122  123  120  122  116  125  132  133   56
ch:  17  121  120  131  123  120  124  119  129  135  122  130  133  123  119  122  134  124  125  121  127  132  133  132  126  131  125  121  137  137  131  126   52
ch:  18  111  116  131  121  118  116  121  117  134  124  120  131  132  122  123  120  131  120  117  117  115  123  118  118  120  114  117  124  115  121  130   56
ch:  19  119  122  127  125  125  126  120  140  125  121  125  135  133  124  131  120  126  124  121  125  125  116  130  130  130  123  125  132  136  130  134   30
ch:  20  102  118  107  119  114  108  121  108  102  124  108  121  116  120  123  120  117  131  124  114  117  118  116  109  119  118  131  130  114  108  124   56
ch:  21  126  120  116  124  121  117  133  119  123  136  117  118  124  107  107  121  122  125  132  121  132  120  130  127  129  132  121  117  134  135  132   42
ch:  22  114  122  114  118  117  126  125  134  125  125  132  122  122  130  110  122  110  119  114  121  123  121  124  119  135  120  120  131  134  121  124   56
ch:  23  121  121  130  122  132  122  121  123  119  118  119  120  119  134  131  117  120  121  130  122  122  123  124  130  136  127  119  136  131  140  123   30
ch:  24  123  119  119  124  113  127  118  131  116  120  131  117  115  123  123  123  125  117  115  124  126  120  115  116  113  117  125  122  120  132  115   56
ch:  25  127  115  117  126  124  119  134  122  124  119  119  110  114  122  118  125  121  123  122  111  125  120  134  124  121  121  125  133  121  120  126   38
ch:  26  121  124  109  120  118  122  136  118  115  132  120  120  122  115  117  126  117  127  107  132  138  131  109  135  132  120  123  120  135  125  122   56
ch:  27  121  115  118  119  124  131  123  110  123  123  118  126  127  135  120  133  114  122  118  131  123  135  115  115  122  128  124  131  130  118  134   30
ch:  28  118  123  120  110  118  122  116  114  124  108  121  120  103  126  111  124  115  119  116  125  116  118  129  121  105  120  111  117  116  120  121   56
ch:  29  118  120  121  122  118  131  123  117  125  123  125  119  117  116  131  132  132  132  126  122  119  115  118  123  121  113  133  108  115  132  133   36
ch:  30  131  123  131  119  116  123  114  123  120  122  109  133  115  120  119  121  117  127  121  125  126  118  117  126  114  119  122  115  114  117  122   56
ch:  31  122  136  133  126  129  124  125  115  120  117  118  123  129  132  120  121  134  117  117  122  122  125  119  136  115  114  124  123  119  133  133   22
ch:  32  120  122  120  123  126  119  116  131  129  135  116  119  131  124  118  118  121  116  131  118  120  126  118  121  123  120  123  117  121  123  115   56
ch:  33  121  116  127  127  123  124  122  130  130  127  124  124  122  124  135  130  132  119  124  119  130  125  117  122  124  136  138  120  125  138  133   37
ch:  34  119  116  120  121  118  122  130  118  123  122  124  122  123  122  121  122  133  125  119  121  122  119  133  121  119  107  107  117  116  114  116   56
ch:  35  116  122  134  122  121  118  121  123  124  126  123  125  132  116  134  129  117  131  131  135  122  126  126  124  134  120  132  123  135  132  137   22
ch:  36  122  118  116  116  118  127  121  121  124  122  115  118  120  117  118  125  123  124  118  115  117  119  132  119  117  120  122  120  119  118  124   56
ch:  37  121  120  117  119  127  126  121  136  133  122  118  119  134  121  125  122  130  123  126  115  123  132  124  126  138  120  123  137  125  135  136   31
ch:  38  117  122  120  124  122  114  118  119  130  121  118  131  116  120  132  123  132  119  120  130  127  117  122  115  123  111  121  115  121  127  117   56
ch:  39  118  116  118  122  120  125  140  131  122  124  125  122  121  116  133  134  132  117  127  123  133  122  123  124  121  129  137  131  122  133  133   18
ch:  40  125  115  116  125  134  124  110  130  117  123  115  132  108  125  121  122  136  116  120  111  129  125  133  131  110  116  125  133  118  121  134   56
ch:  41  125  122  131  123  135  121  120  116  120  122  124  121  125  133  121  132  123  121  122  124  132  131  121  117  126  132  121  127  126  134  132   29
ch:  42  128  130  125  123  120  132  118  120  120  118  122  125  126  121  122  115  120  121  124  125  119  126  120  122  130  121  121  124  131  132  122   56
ch:  43  117  118  125  123  120  127  118  123  122  127  122  123  121  116  137  125  120  131  137  120  135  123  124  126  144  136  125  133  138  136  136   30
ch:  44  105  122  119  117  124  124  131  120  120  121  119  111  118  133  120  119  121  138  121  135  122  120  120  120  119  125  131  133  123  121  123   56
ch:  45  113  123  119  124  122  133  137  116  124  121  130  122  130  125  120  117  131  121  121  124  126  125  126  125  132  120  124  134  124  139  123   39
ch:  46  121  123  119  125  114  127  117  121  121  133  134  132  114  137  113  119  115  125  119  119  108  122  125  119  122  122  116  127  123  116  127   56
ch:  47  126  120  134  131  121  119  123  117  127  121  136  124  134  135  115  110  134  116  121  134  131  117  131  134  134  126  130  137  135  139  125   30
ch:  48  117  110  119  122  121  121  113  119  122  129  118  119  131  120  126  119  117  123  125  134  129  118  113  134  126  129  124  130  115  123  126   56
ch:  49  120  124  124  135  117  130  118  129  126  120  124  119  122  117  114  123  124  130  126  133  118  129  123  122  121  121  122  123  145  134  139   19
ch:  50  118  118  123  124  119  134  127  122  126  117  126  124  111  121  134  123  117  118  130  134  121  130  122  122  123  124  119  134  120  124  119   56
ch:  51  108  121  132  132  127  134  134  127  125  126  134  122  124  126  133  127  133  121  132  133  121  135  136  123  133  121  124  125  130  141  133   37
ch:  52  120  117  135  123  117  131  124  119  121  123  124  131  138  124  121  131  123  134  131  139  123  123  130  126  122  123  126  139  119  134  124   56
ch:  53  135  125  134  123  121  123  130  131  114  134  137  129  133  131  126  117  122  123  124  124  126  123  124  130  136  132  121  138  136  131  142   19
ch:  54  119  120  122  116  124  122  130  109  122  120  135  125  115  121  135  119  122  114  120  118  118  116  122  120  136  107  127  121  118  125  116   56
ch:  55  133  119  125  134  125  124  133  126  135  123  124  127  133  124  126  126  120  136  132  137  134  131  133  126  131  133  123  125  121  137  127   22
ch:  56  120  126  119  126  121  125  122  117  117  133  119  124  123  120  121  121  122  117  122  124  118  115  122  110  118  123  134  125  131  138  120   56
ch:  57  130  125  124  129  127  121  131  122  122  123  117  131  119  125  132  126  124  115  122  126  131  115  133  123  116  123  137  130  137  134  134   22
ch:  58  121  122  123  120  119  122  122  115  126  113  123  116  124  119  120  132  130  123  131  124  117  125  120  122  124  116  133  124  132  134  131   56
ch:  59  122  119  121  118  125  132  115  123  133  123  124  125  130  126  125  135  135  133  113  135  118  120  127  122  139  122  124  116  140  131  132   29
ch:  60  125  118  121  125  124  126  123  131  123  127  118  134  131  126  125  132  119  133  121  122  122  126  122  126  116  124  124  138  115  134  121   56
ch:  61  120  130  125  123  113  117  126  131  121  134  127  130  118  133  124  124  124  131  139  122  133  117  122  123  122  136  116  123  121  136  127   18
ch:  62  119  123  120  120  116  116  118  120  119  117  122  119  116  121  115  120  117  125  126  122  125  121  130  127  122  116  107  125  125  123  125   56
ch:  63  130  119  122  121  116  130  126  127  120  123  129  132  124  125  122  138  132  133  136  140  137  132  130  136  122  135  134  134  135  120  133   32
ch:  64  123  133  124  119  119  120  123  120  120  134  126  121  131  125  118  122  132  121  140  121  118  117  125  119  117  135  127  119  116  137  126   56
ch:  65  124  134  126  125  123  121  123  123  125  131  134  126  131  132  134  138  130  135  135  134  138  134  142  133  133  145  134  137  132  129  133   23
ch:  66  123  110  126  123  118  125  121  133  122  127  123  123  119  120  121  118  123  120  121  130  117  117  113  119  134  117  126  115  125  122  125   56
ch:  67  119  106  119  122  124  122  118  116  121  135  126  127  125  111  125  140  126  126  123  122  118  126  135  136  137  132  139  131  126  139  139   15
ch:  68  123  115  125  119  135  124  133  126  124  120  115  123  127  121  121  122  119  114  122  117  124  131  122  121  125  132  134  125  117  134  123   56
ch:  69  123  118  123  132  126  125  132  122  114  141  125  131  124  121  134  135  122  131  135  136  134  129  132  130  124  132  128  131  121  137  135   18
ch:  70  117  125  119  131  136  119  123  119  128  116  138  131  126  121  117  123  115  125  125  117  116  121  135  118  113  120  116  123  124  116  125   56
ch:  71  129  124  119  122  135  129  138  119  123  118  122  140  125  121  131  141  135  131  125  138  120  125  136  131  134  138  141  122  125  134  126   17
ch:  72  129  131  132  124  133  116  134  123  113  124  131  121  115  120  117  115  132  131  126  121  121  132  127  140  115  125  120  135  123  120  124   56
ch:  73  134  133  118  132  122  131  121  122  124  132  126  120  130  125  125  131  121  132  110  132  122  137  124  122  137  120  135  139  132  132  136   18
ch:  74  117  113  121  121  119  121  119  121  109  122  116  122  119  127  119  119  118  131  123  123  123  109  120  129  126  122  123  119  124  114  123   56
ch:  75  124  125  125  116  134  127  123  125  122  117  119  126  120  144  121  122  132  135  125  137  130  131  127  124  130  136  138  132  136  151  133   15
ch:  76  117  117  120  131  131  124  125  123  123  118  132  127  118  127  121  125  123  127  122  120  116  117  125  125  135  130  116  131  118  125  130   56
ch:  77  130  117  124  133  120  123  118  119  127  126  132  124  132  132  125  124  138  125  125  136  133  136  126  120  133  124  124  137  137  137  139   18
ch:  78  124  121  116  122  124  116  117  122  114  123  122  131  125  134  125  115  119  126  135  131  124  116  119  126  124  126  130  119  125  115  125   56
ch:  79  126  122  126  115  120  117  125  133  130  117  124  122  131  123  132  124  126  115  127  129  124  134  128  126  138  126  136  127  125  136  133   18
ch:  80  125  125  122  124  120  121  124  125  126  122  119  126  121  124  119  119  122  124  122  117  109  118  122  131  121  123  127  125  136  122  125   56
ch:  81  116  136  132  126  124  124  120  131  131  136  122  127  124  132  123  131  125  134  133  130  130  127  118  125  132  134  118  132  124  140  134   18
ch:  82  125  122  118  116  110  127  119  121  122  119  121  121  124  122  115  124  116  122  118  123  122  138  125  134  134  124  130  119  131  122  131   56
ch:  83  118  126  124  114  124  126  132  119  124  114  120  132  118  125  136  120  131  123  131  111  127  126  124  120  135  134  134  133  137  137  140   17
ch:  84  120  117  132  116  122  117  120  119  120  132  120  122  124  124  117  117  118  116  120  131  127  122  122  120  136  119  116  129  118  134  122   55
ch:  85  122  123  120  124  126  116  125  125  120  121  122  124  118  131  131  126  134  135  127  122  123  109  123  136  123  130  124  132  131  131  135   23
ch:  86  113  117  125  115  114  120  132  130  131  124  124  132  125  122  115  121  124  108  114  121  121  124  120  130  126  130  121  120  117  122  117   56
ch:  87  133  118  134  122  122  127  124  122  119  126  125  120  120  123  127  122  122  126  122  123  125  136  117  132  134  147  127  132  133  133  131   18
ch:  88  125  122  123  118  125  109  119  131  117  115  131  116  115  124  126  115  132  119  119  125  119  113  127  130  119  123  105  122  113  124  119   56
ch:  89  127  124  122  124  125  124  130  123  118  132  126  135  126  126  125  118  135  131  135  127  122  133  137  136  135  134  118  137  135  143  135   26
ch:  90  119  121  118  120  124  120  116  132  119  125  121  127  119  118  116  124  127  123  122  125  124  124  123  131  130  130  122  135  124  126  118   52
ch:  91  125  122  132  122  121  132  137  130  116  121  131  119  125  119  125  134  121  129  122  122  126  132  135  133  137  125  132  130  140  136  131   21
ch:  92  121  118  127  119  134  120  124  109  129  119  107  123  122  120  124  117  119  114  122  121  123  123  119  123  117  129  122  120  123  119  127   50
ch:  93  124  123  126  132  124  131  123  123  120  126  124  135  126  124  124  134  133  122  126  131  133  141  124  124  126  126  135  142  132  136  130   18
ch:  94  119  122  118  125  126  117  116  124  126  118  130  121  135  123  120  116  123  123  124  126  133  122  130  119  134  116  106  126  132  124  130   56
ch:  95  122  109  122  121  119  120  125  132  135  117  104  116  131  119  122  135  130  120  131  118  113  123  124  134  121  124  134  138  122  132  132   18
ch:  96  123  118  124  119  118  118  118  115  113  127  123  134  115  115  117  122  109  108  117  130  132  118  119  131  130  122  121  126  124  126  123   55
ch:  97  122  122  125  126  131  133  127  124  131  125  121  121  134  139  115  132  124  130  119  120  125  130  122  132  133  122  131  127  123  123  141   19
ch:  98  121  125  119  121  120  122  118  120  115  120  120  130  127  126  124  137  121  126  118  111  116  123  124  118  118  125  133  121  122  132  124   55
ch:  99  119  122  118  115  122  122  135  124  122  123  116  122  125  124  126  111  133  118  126  123  133  125  132  125  137  122  122  125  125  122  134   18
ch: 100  119  135  124  120  130  120  124  124  123  129  118  123  123  119  118  130  126  125  110  120  121  133  131  123  125  120  122  123  125  126  137   56
ch: 101  120  115  115  109  123  123  119  121  118  126  124  130  122  129  123  127  124  121  123  132  124  120  124  124  120  135  126  115  131  137  134   18
ch: 102  123  119  118  123  131  116  119  133  123  125  120  122  117  129  122  133  116  106  113  111  114  121  108  106  122  121  114  135  115  121  117   44
ch: 103  115  124  129  115  123  132  125  122  118  125  131  123  111  133  131  139  123  126  133  126  134  122  126  132  134  133  127  134  123  133  134   16
ch: 104  122  114  122  123  116  126  126  127  125  116  118  123  120  125  123  114  118  116  131  121  113  125  118  118  121  125  127  120  118  131  122   54
ch: 105  119  120  122  116  125  132  117  123   -1  121  123  132  111  126  133  119  127  121  126  125  124  130  123  131  132  133  121  131  123  137  134   20
ch: 106  118  131  122  120  123  119  120  120  120  121  122  123  116  121  125  117  120  124  130  126  115  123  135  117  132  133  119  130  131  134  122   56
ch: 107  116  123  119  116  123  119  125  132  125  120  123  122  120  127  123  123  125  124  133  118  124  120  122  120  126  130  126  124  125  117  124   14
ch: 108  127  115  131  121  130  120  111  120  118  127  133  117  125  121  108  121  117  117  125  114  125  127  120  123  120  123  124  110  130  133  127   56
ch: 109  115  120  122  124  117  120  117  123  119  125  122  116  125  124  127  125  133  125  125  122  121  132  116  125  122  126  131  121  127  137  138   23
ch: 110  120  120  114  126  119  122  118  116  117  126  121  125  118  120  133  125  119  115  106  121  120  124  114  110  122  119  115  122  122  125  117   56
ch: 111  127  118  126  122  132  117  119  133  120  123  126  136  135  119  125  110  124  129  133  121  122  127  136  122  134  115  126  131  122  134  132   22
ch: 112  121  115  119  125  122  126  118  121  126  122  131  120  116  122  120  131  120  114  131  115  108  117  131  121  118  125  117  126  116  125  126   56
ch: 113  119  120  132  131  124  124  120  121  119  121  140  126  122  132  124  130  123  120  125  122  117  121  137  120  139  131  119  124  141  124  127   39
ch: 114  118  118  107  117  134  127  110  116  121  115  117  133  116  114  114  119  124  116  120  125  116  117  124  120  127  127  108  111  120  129  123   39
ch: 115  122  124  120  123  115  125  122  129  134  109  126  121  131  124  114  125  124  117  132  119  131  139  134  131  122  135  124  130  120  142  132   21
ch: 116  127  116  109  122  124  136  122  127  118  131  122  120  116  118  120  124  122  119  127  130  124  118  120  118  109  124  130  132  126  126  132   48
ch: 117  122  116  125  118  122  118  116  121  120  123  121  122  119  115  132  121  127  116  127  125  125  133  123  114  119  122  121  134  124  124  127   40
ch: 118  122  124  117  117  121  124  123  118  108  122  115  118  125  117  115  124  116  129  116  108  117  125  120  120  124  121  118  107  123  125  119   56
ch: 119  121  120  114  133  134  121  116  132  125  123  127  132  117  129  123  135  126  131  116  125  125  143  119  131  115  120  120  133  121  138  133   43
ch: 120  109  122  127  121  115  127  129  124  121  119  117  117  127  115  114  127  122  123  121  131  119  130  130  125  116  126  129  126  126  117  132   56
ch: 121  125  118  118  119  120  130  132  119  122  131  132  123  130  125  123  132  138  130  122  119  126  122  122  121  119  135  130  124  118  108  125   38
ch: 122  117  120  121  121  116  117  114  123  125  114  120  122  118  113  131  123  116  117  117  135  108  124  119  117  124  117  120  124  118  120  121   56
ch: 123  118  125  131  119  117  126  138  116  129  123  125  133  131  121  125  131  120  136  124  127  137  119  124  130  125  132  131  132  139  134  130   37
ch: 124  118  118  116  104  118  122  123  117  130  118  119  118  121  125  118  126  123  117  124  115  120  126  122  118  121  118  106  109  125  121  124   53
ch: 125  134  135  120  124  132  124  120  130  122  122  124  116  131  124  136  122  130  132  115  132  133  116  122  124  118  130  116  126  138  122  123   37
ch: 126  113  118  115  120  121  119  120  135  119  132  114  124  120  120  121  116  119  118  119  123  115  133  115  122  115  114  108  123  121  116  124   47
ch: 127  127  118  123  134  126  120  132  122  121  118  115  127  126  130  116  131  125  123  119  131  121  126  131  134  132  132  124  123  136  139  120   56
