# ID XA-000-08-003-000-001-190-10
# Tag _trim_
# Date 240715_20:09:09
# Vref_p 57
# Vref_n 19
# Thr2_glb 53
# Vref_t 118
# Vref_t_range 1
# Pol 1
# ADC range 30-247
# FAST disc 30
ch:   0  109  123  122  121  125  116  123  124  125  122  124  119  115  120  131  114  131  123  127  118  119  125  118  126  126  125  126  137  133  134  137    4
ch:   1  122  136  123  123  120  122  122  121  126  111  118  116  122  127  115  117  120  117  116  126  111  122  118  123  118  125  123  122  134  133  123   17
ch:   2  138  123  124  117  126  113  124  139  116  123  117  117  131  127  124  106  118  122  122  111  118  130  123  116  124  118  131  120  122  132  138   17
ch:   3  120  133  117  136  117  120  122  121  118  124  111  123  121  106  124  118  124  114  110  117  130  116  127  118  117  109  125  116  133  119  133   19
ch:   4  116  121  123  120  120  124  115  119  117  123  119  124  122  121  108  119  118  119  116  114  116  115  124  116  121  118  127  118  126  132  138   30
ch:   5  118  123  121  120  123  119  116  107  120  109  123  110  125  122  118  118  121  123  107  108  115  128  119  117  110  115  122  132  124  135  135   16
ch:   6  118  119  118  108  122  130  121  118  125  120  120  110  120  121  120  109  118  118  114  103  115  115  118  116  117  114  120  121  133  121  124   28
ch:   7  118  117  119  116  124  122  121  116  116  111  110  123  120  123  115  108  117  118  119  121  122  110  107  120  118  114  126  124  118  135  136   24
ch:   8  122  122  120  124  118  115  110  117  127  110  118  120  126  114  114  122  124  115  117  122  114  120  113  117  117  114  131  122  123  117  122   35
ch:   9  121  127  120  116  119  116  122  122  116  122  117  114  117  115  114  123  118  109  110  121  119  111  124  121  114  120  115  130  132  123  133   27
ch:  10  115  127  133  122  125  122  117  123  123  122  122  117  109  114  111  116  121  115  112  117  118  115  124  117  120  122  124  120  113  123  132   36
ch:  11  126  113  123  110  106  117  116  123  118  119  124  119  114  109  119  131  116  107  116  114  118  123  117  123  118  117  126  130  127  123  126   30
ch:  12  125  118  121  123  119  115  125  119  118  131  121  121  117  120  115  115  117  117  110  117  106  111  121  123  115  120  123  131  124  132  121   46
ch:  13  130  121  132  114  119  131  116  115  117  119  126  120  123  120  130  122  122  116  124  109  118  122  114  118  116  117  118  132  123  133  129   30
ch:  14  133  117  116  122  125  120  118  118  115  123  124  118  117  131  115  108  119  106  122  119  112  110  114  118  104  130  119  112  126  126  135   38
ch:  15  115  121  124  123  120  107  131  118  122  111  121  126  126  118  116  117  109  114  120  123  124  126  120  114  114  132  110  132  131  138  139   30
ch:  16  119  120  124  123  108  122  129  133  123  124  118  108  120  123  115  118  121  116  134  120  111  118  107  123  116  119  115  118  115  120  130   37
ch:  17  116  122  120  119  121  118  114  122  120  126  115  114  115  118  120  122  117  114  118  123  109  121  119  115  126  118  124  121  132  124  116   31
ch:  18  124  121  123  118  114  122  112  119  114  114  118  114  111  116  118  115  105  120  115  122  119  109  110  118  121  108  125  117  121  117  124   32
ch:  19  126  117  119  119  123  118  121  115  135  114  117  118  113  124  122  115  118  117  114  118  123  119  120  124  122  121  116  126  132  138  135   44
ch:  20  132  111  123  116  119  117  121  131  117  124  117  121  117  126  121  118  117  130  117   -1  119  117  122  118  123  115  120  122  123  122  118   40
ch:  21  123  122  133  121  121  124  122  116  119  124  120  111  125  118  116  125  108  110  117  116  123  124  124  108  116  118  126  124  125  122  126   25
ch:  22  119  132  121  119  114  126  120  109  123  110  122  112  109  115  104  116  116  108  114  114  115  122  105  117  133  110  115  122  121  132  121   44
ch:  23  118  131  124  124  125  122  116  125  119  126  122  116  119  120  119  116  111  117  118  121  123  116  118  120  118  122  118  132  139  118  131   34
ch:  24  120  126  115  115  120  122  118  116  110  117  105  111  119  120  119  119  115  116  118  125  109  118  115  115  110  115  120  124  121  133  124   36
ch:  25  119  125  117  118  133  123  117  132  131  122  120  121  107  124  122  116  125  122  120  123  123  120  116  126  120  123  119  132  130  126  127   35
ch:  26  123  119  125  122  119  123  108  126  117  121  123  107  116  111  117  109  108  113  120  115  122  118  121  117  120  116  120  107  130  125  117   38
ch:  27  122  127  116  117  123  123  125  121  113  136  117  118  110  123  116  122  120  122  102  113  123  131  114  123  119  118  118  126  126  121  132   40
ch:  28  123  124  108  133  119  117  123  123  125  118  115  129  125  125  126  122  117  105  119  129  119  122  119  116  117  115  117  117  123  122  131   41
ch:  29  125  131  126  117  120  121  118  130  114  117  124  120  119  114  121  117  125  109  119  121  110  124  122  120  121  126  125  120  124  120  119   47
ch:  30  124  121  117  131  117  122  121  118  123  124  115  122  116  110  120  117  126  116  116  112  106  119  102  116  132  119  120  118  121  137  126   30
ch:  31  115  115  116  120  132  121  119  125  124  124  121  114  119  130  108  106  126  114  125  114  126  124  121  115  123  121  109  124  119  137  123   40
ch:  32  125  126  122  118  133  117  118  121  121  119  111  114  115  105  117  120  113  118  116  113  120  122  123  124  118  115  113  118  125  118  125   31
ch:  33  132  124  125  117  114  114  106  121  130  115  123  116  122  120  115  108  116  114  108  115  117  116  117  119  122  119  130  122  134  119  125   35
ch:  34  120  119  117  127  119  123  115  123  122  119  125  120  115  115  106  123  117  116  115  122  123  115  123  116  121  131  122  115  122  123  122   45
ch:  35  121  121  124  117  117  117  118  116  120  118  114  116  124  116  115  118  116  115  116  122  113  119  117  131  123  120  125  121  118  129  134   48
ch:  36  115  125  134  118  121  119  114  120  120  125  121  120  116  121  118  110  118  115  120  115  108  124  131  110  122  120  114  121  137  132  122   32
ch:  37  123  119  126  126  122  117  118  114  116  122  120  113  120  123  110  108  120  111  119  108  124  117  126  116  122  123  126  118  135  124  134   33
ch:  38  122  117  125  124  127  109  120  107  114  123  107  116  119  121  106  117  106  116  110  115  121  117  120  110  111  126  123  126  121  122  125   33
ch:  39  116  118  113  138  120  126  121  119  119  113  120  117  123  111  117  117  123  109  108  116  122  116  125  108  135  131  122  125  133  126  120   40
ch:  40  116  119  120  118  133  122  121  136  115  118  124  119  123  109  117  120  122  114  107  120  109  119  119  117  122  122  120  108  116  119  134   40
ch:  41  133  117  128  118  122  122  133  114  116  119  106  120  115  120  121  124  117  116  121  116  120  116  125  121  127  123  127  124  131  119  126   51
ch:  42  120  107  105  124  125  121  109  114  117  121  118   -1  118  121  115  105  110  115  119  117  104  127  107  118  122  113  120  125  123  111  126   45
ch:  43  123  120  115  127  121  116  125  123  117  117  117  118  110  115  119  114  120  122  107  122  115  120  110  138  110  117  124  117  122  121  131   37
ch:  44  114  122  132  116  123  122  109  125  115  108  118  114  122  118  120  121  118  114  119  120  121  107  116  111  130  114  117  131  124  120  135   31
ch:  45  126  117  122  127  121  117  124  119  123  111  120  116  107  125  117  118  124  118  116  132  124  108  121  119  118  115  125  137  127  136  132   37
ch:  46  110  121  120  131  122  124  117  131  125  120  115  111  114  109  117  119  117  120  121  117  109  116  119  118  122  118  118  116  133  125  134   30
ch:  47  109  125  130  123  131  130  122  120  122  117  117  120  128  118  116  119  118  123  118  117  109  115  123  118  123  127  122  124  118  130  134   45
ch:  48  120  121  120  119  122  116  116  133  120  117  109  124  130  122  122  121  117  117  114  135  122  121  116  110  116  124  122  130  123  122  132   32
ch:  49  123  116  122  117  119  123  123  123  126  110  122  122  122  123  122  117  120  104  121  124  118  133  106  118  124  114  137  135  131  123  138   47
ch:  50  120  132  123  115  118  126  121  118  131  117  115  115  119  107  111  120  107  116  114  122  121  109  118  118  110  120  123  114  115  116  118   31
ch:  51  122  121  124  121  135  116  119  122  125  118  120  119  125  115  114  122  118  115  118  115  108  121  121  116  122  121  119  121  124  131  132   45
ch:  52  136  121  131  121  123  109  117  121  115  125  123  117  114  124  117  114  116  110  131  111  108  116  119  115  119  117  116  121  135  139  122   45
ch:  53  119  126  122  116  117  123  121  119  115  120  131  115  119  122  108  117  117  124  129  118  104  125  118  120  115  118  125  119  123  123  137   42
ch:  54  124  124  124  133  124  116  123  125  129  120  116  117  124  122  122  114  116  126  116  115  116  125  135  112  131  115  117  132  121  137  123   55
ch:  55  122  123  122  120  119  117  119  109  118  114  120  120  118  110  117  114  119  127  123  115  116  117  109  118  123  124  121  130  125  130  123   43
ch:  56  121  118  133  132  120  115  113  116  122  119  118  111  115  119  117  119  114  116  118  120  122  109  104  133  125  122  123  137  124  115  132   37
ch:  57  123  120  120  141  116  122  121  127  119  120  113  110  122  122  121  122  119  114  120  121  117  127  116  118  119  132  109  136  130  137  125   55
ch:  58  120  115  130  123  120  109  122  120  106  131  117  130  118  114  120  108  105  109  107  112  122  124  120  117  122  109  118  120  114  131  135   48
ch:  59  118  136  124  123  130  132  125  121  119  121  134  116  122  133  121  127  117  116  121  118  129  123  131  120  135  134  119  131  133  131  132   49
ch:  60  116  121  121  120  116  115  132  110  124  121  124  126  106  110  123  121  109  115  118  108  130  118  121  122  125  107  117  126  111  122  118   35
ch:  61  123  119  124  120  115  119  119  116  130  125  121  123  116  125  132  120  136  117  121  119  120  126  113  120  120  120  131  134  131  130  139   34
ch:  62  123  119  114  122  133  122  118  121  115  124  117  115  122  126  118  122  107  114  114  117  133  119  110  124  125  118  118  124  126  119  133   54
ch:  63  122  120  118  124  119  123  135  115  125  114  120  124  119  118  124  122  107  121  123  120  119  127  119  124  133  126  120  136  119  126  138   46
ch:  64  131  118  107  133  120  114  127  121  121  120  117  125  120  120  123  112  114  118  117  116  122  109  116  110  119  123  131  111  111  124  125   50
ch:  65  133  123  122  133  127  120  122  118  117  116  125  131  116  124  120  123  121  120  122  123  117  113  123  121  120  121  122  133  133  130  127   56
ch:  66  121  124  122  121  128  120  132  119  124  119  120  123  122  123  117  120  133  123  119  121  118  110  114  121  108  124  120  121  125  124  126   49
ch:  67  119  120  135  113  110  121  120  118  114  126  116  117  117  114  113  125  110  123  119  121  115  116  119  123  123  121  125  135  130  130  132   43
ch:  68  123  119  125  119  122  125  110  125  119  111  135  110  125  118  119  110  111  116  124  122  107  122  110  120  123  118  125  125  132  119  119   50
ch:  69  132  118  123  126  125  115  124  125  126  124  117  112  116  123  117  129  120  118  129  117  123  117  123  122  132  120  118  125  126  133  126   46
ch:  70  126  139  122  131  131  125  119  108  116  116  120  120  114  122  116  122  119  120  121  111  114  127  118  113  120  117  131  116  118  137  133   56
ch:  71  120  125  135  119  123  123  116  114  123  114  119  124  119  117  121  120  115  114  119  120  125  121  123  120  125  118  119  123  120  129  130   34
ch:  72  124  120  119  120  132  122  116  119  119  123  122  124  120  117  119  120  121  107  110  124  123  110  126  124  122  124  115  125  133  122  133   40
ch:  73  125  119  125  134  110  115  121  117  120  132  118  120  117  123  119  109  114  108  116  119  116  115  117  129  125  124  110  123  121  132  132   39
ch:  74  123  131  120  124  124  120  135  117  121  118  122  123  115  122  108  125  119  110  121  117  118  122  123  119  131  124  122  139  136  125  127   51
ch:  75  116  115  122  132  135  133  122  109  113  120  121  119  108  121  119  131  119  113  116  117  115  108  123  120  123  117  120  127  124  121  123   41
ch:  76  121  125  108  123  121  124  135  120  110  120  109  116  115  123  118  111  124  110  116  106  122  115  126  118  124  126  122  116  124  133  132   51
ch:  77  117  125  124  117  131  122  121  121  114  110  110  121  110  116  115  117  118  109  126  110  105  106  113  119  125  118  118  119  123  123  135   54
ch:  78  117  121  110  119  132  132  126  119  130  115  119  119  118  115  132  116  132  120  114  109  107  120  111  115  115  119  115  116  121  121  131   40
ch:  79  124  116  131  122  127  130  107  125  114  118  119  109  117  117  118  116  123  114  116  106  124  117  121  118  121  105  121  119  121  125  126   48
ch:  80  118  127  121  126  124  126  127  115  127  126  123  115  118  114  122  122  121  115  117  118  117  115  114  123  123  120  111  133  115  121  124   50
ch:  81  121  131  121  133  115  123  127  116  120  118  114  110  116  120  115  125  105  117  109  118  110  116  108  121  124  126  117  132  125  126  132   56
ch:  82  119  119  125  124  119  110  118  115  119  118  121  120  120  115  120  127  120  116  118  108  114  123  109  115  121  117  117  118  125  125  125   56
ch:  83  124  117  120  121  123  122  119  120  117  117  118  107  121  121  125  124  121  126  115  118  120  117  125  122  119  119  119  136  131  119  131   37
ch:  84  118  115  124  122  117  121  122  119  121  126  116  123  126  121  125  116  121  110  119  119  117  118  120  120  118  116  120  122  133  120  125   38
ch:  85  121  122  115  125  119  118  122  132  117  121  123  110  121  116  120  113  108  115  116  118  115  116  121  119  116  118  123  116  120  122  135   46
ch:  86  117  114  124  131  122  108  130  124  119  131  118  122  116  119  123  121  118  110  117  116  124  122   -1  111  118  119  110  132  127  134  127   56
ch:  87  118  122  123  122  123  117  124  125  134  121  118  118  111  117  131  105  106  118  104  123  108  122  119  133  122  121  126  131  122  131  125   45
ch:  88  127  107  123  134  125  124  123  116  116  122  115  120  113  119  110  114  106  118  108  122  109  118  116  109  118  124  120  121  131  133  124   56
ch:  89  124  132  125  113  122  118  122  121  115  123  120  120  117  116  128  118  111  122  110  115  117  119  108  116  116  123  108  110  117  117  133   46
ch:  90  119  131  122  126  117  125  119  134  110  123  117  114  120  112  118  107  105  126  116  114  112  119  108  114  124  118  125  117  121  124  139   48
ch:  91  122  117  126  119  126  120  101  111  118  106  110  116  104  109  122  117  105  119  110  118  109  109  121  107  121  124  123  117  120  119  126   43
ch:  92  116  117  120  127  121  118  115  121  118  118  130  123  111  111  116  124  119  122  124  109  135  113  119  127  123  124  120  115  115  126  118   56
ch:  93  119  118  115  120  119  115  124  114  121  118  117  118  118  119  125  108  115  116  121  107  110  107  124  114  114  118  118  116  119  118  106   48
ch:  94  117  118  120  123  111  117  115  119  124  117  119  119  111  121  106  110  119  106  117  122  110  119  121  115  118  117  118  122  124  123  125   50
ch:  95  109  125  125  114  126  118  120  120  117  119  114  115  110  122  123  115  116  106  114  115  120  115  115  113  116  119  123  118  123  119  131   48
ch:  96  117  125  122  120  115  118  119  116  115  125  115  133  117  116  114  118  108  109  116  104  117  116  109  110  121  122  118  126  121  131  126   56
ch:  97  120  123  115  116  121  118  125  120  118  118  121  121  126  115  107  111  123  120  107  109  115  116  110  122  111  131  117  119  119  132  120   45
ch:  98  125  122  121  120  119  110  134  126  109  123  127  113  116  130  115  125  117  119  110  115  119  106  120  118  120  120  122  122  124  116  121   56
ch:  99  118  122  118  116  111  115  120  126  130  111  121  124  108  115  107  121  124  122  109  120  115  122  110  117  116  123  121  133  125  131  130   37
ch: 100  132  120  123  124  125  115  121  118  119  117  103  115  124  124  121  116  118  125  109  119  108  125  118  120  132  105  118  119  118  130  123   53
ch: 101  119  119  127  118  130  126  122  116  124  122  122  118  124  125  116  121  123  117  125  124  122  116  117  116  118  113  123  123  124  117  136   38
ch: 102  122  116  118  130  120  122  118  130  110  115  117  108  125  114  123  118  110  119  121  109  107  115  125  123  103  113  116  122  121  119  125   56
ch: 103  108  120  121  119  120  127  119  110  123  123  121  116  120  118  126  118  109  125  125  120  120  109  108  123  125  119  126  121  123  131  126   40
ch: 104  123  119  122  118  120  123  139  116  115  131  130  120  121  117  110  113  114  121  114  121  133  129  108  119  109  110  116  131  125  125  137   54
ch: 105  124  122  134  116  115  130  122  118  119  121  126  118  108  125  110  116  104  122  115  115  118  124  126  118  114  129  111  110  127  125  125   47
ch: 106  117  120  126  130  126  131  116  116  112  123  115  116  118  116  117  122  110  116  117  120  107  122  129  109  119  118  115  118  124  120  118   56
ch: 107  125  125  119  119  130  127  102  120  123  108  132  122  117  122  118  119  112  119  118  117  130  116  123  114  126  126  120  119  110  130  133   52
ch: 108  121  131  115  136  122  117  116  115  116  117  120  125  108  111  117  116  119  114  119  124  124  111  116  121  119  114  113  121  118  131  125   56
ch: 109  119  132  127  122  118  121  115  119  125  115  108  126  120  108  113  114  118  118  121  116  129  110  120  131  124  118  124  120  123  122  134   38
ch: 110  124  119  119  115  121  118  119  111  127  121  114  127  122  114  123  106  121  123  109  118  115  115  105  109  116  114  109  107  117  123  121   44
ch: 111  121  121  122  122  123  121  118  120  111  122  116  130  120  116  117  107  121  110  109  121  116  117  117  124  119  109  119  133  124  134  134   24
ch: 112  124  119  132  108  120  130  106  116  122  122  120  106  122  117  112  123  123  111  118  111  123  112  120  116  118  121  120  129  121  125  116   52
ch: 113  134  125  115  120  119  124  121  123  121  123  110  122  119  117  130  118  124  121  120  118  116  111  119  117  119  116  133  121  125  131  121   36
ch: 114  115  132  119  107  116  120  117  117  121  118  120  117  137  120  122  115  123  116  105  110  116  122  119  113  120  108  121  118  123  119  146   42
ch: 115  126  131  119  126  115  127  117  124  119  115  120  116  120  118  118  113  121  119  121  119  125  116  125  123  117  122  122  125  122  124  119   19
ch: 116  125  120  124  123  122  122  122  121  124  116  116  127  118  118  118  107  102  118  115  116  125  123  117  117  114  115  123  121  117  122  130   51
ch: 117  108  119  113  125  123  118  105  119  123  110  124  121  119  110  105  109  127  119  115  116  122  123  116  120  115  116  118  115  120  130  127   35
ch: 118  120  120  108  125  124  120  122  123  122  118  120  118  119  119  104  118  135  119  115  109  103  117  114  110  116  118  119  126  118  132  133   49
ch: 119  132  133  124  115  123  121  113  120  130  124  119  117  117  119  113  127  116  117  114  121  117  116  125  119  125  121  115  120  106  132  133   37
ch: 120  136  135  102  116  124  122  104  135  115  121  119  116  120  116  120  107  118  119  106  104  119  114  106  109  115  113  118  116  123  116  123   45
ch: 121  120  122  121  125  125  123  133  123  118  117  124  121  119  113  118  104  119  113  120  118  122  121  134  115  120  121  123  131  124  136  124   21
ch: 122  109  115  133  116  120  114  115  118  123  121  106  104  108  118  114  117  114  111  111  116  116  103  117  120  118  119  111  111  125  123  130   40
ch: 123  119  122  121  121  125  124  130  119  121  116  117  107  120  123  115  122  111  115  118  118  120  121  114  115  118  119  126  133  133  136  132   28
ch: 124  111  131  132  123  109  117  139  135  120  118  122  129  123  118  115  117  118  122  120  115  121  109  121  117  132  116  113  138  133  125  125   35
ch: 125  121  125  125  120  119  130  121  115  123  126  129  117  110  115  128  119  122  119  120  123  130  116  118  122  117  117  134  126  118  125  136   17
ch: 126  121  121  110  131  125  121  116  124  118  115  116  116  119  111  114  110  118  104  123  116  115  121  121  119  110  119  126  119  127  136  125   23
ch: 127  116  110  121  121  120  133  119  132  133  115  134  126  116  123  124  116  116  112  116  108  118  118  123  124  135  137  121  146  123  139  140   29
