ch    0:      0     0     0     0     0     0     0     0     0     0     0     0     0     0     0     0     0     0     0     0     0     0     0     6   135  1301  8581 15344 10601  9839 11182  1504
ch    1:      0     0     0     0     0     0     0     0     0     0     0     0     0     0     0     0     0     0     0     0     0     0     3    22   277  2914 13781  8562 13237 11726  9465  3557
ch    2:      0     0     0     0     0     0     0     0     0     0     0     0     0     0     0     0     0     0     0     0     0     1     1    29   445  3932  2449 12556  4051  8914 11124  4298
ch    3:      0     0     0     0     0     0     0     0     0     0     0     0     0     0     0     0     0     0     0     0     0     1    12    81  1034  5483  9177 11839  9629 13913 16956  8825
ch    4:      0     0     0     0     0     0     0     0     0     0     0     0     0     0     0     0     0     0     0     0     0     0     8    87   812  5527  9741 11566  5316  9818  6677  7171
ch    5:      0     0     0     0     0     0     0     0     0     0     0     0     0     0     0     0     0     0     0     0     0     0    14   130  1271  9412 14278 12429 14416  8221  7273  4479
ch    6:      0     0     0     0     0     0     0     0     0     0     0     0     0     0     0     0     0     0     0     0     0     1    21   136  1091  8967 12200 10220  7369  6521 13432  8331
ch    7:      0     0     0     0     0     0     0     0     0     0     0     0     0     0     0     0     0     0     0     0     0     1    17   265  2017 10624  8516  9057 13805  9769  9911  5272
ch    8:      0     0     0     0     0     0     0     0     0     0     0     0     0     0     0     0     0     0     0     0     0     2    14   191  1625 13268  8895 10479  4469  8420 10787 11434
ch    9:      0     0     0     0     0     0     0     0     0     0     0     0     0     0     0     0     0     0     0     0     0     2    30   337  2006 13982  9451  7581  8624  9178  7865 14278
ch   10:      0     0     0     0     0     0     0     0     0     0     0     0     0     0     0     0     0     0     0     0     0     0    14   167  1862 13493  8859 13465 13960  8195 16966 12345
ch   11:      0     0     0     0     0     0     0     0     0     0     0     0     0     0     0     0     0     0     0     0     0     2    33   348  3707 17634  6384 12495 13641  7650 13816 13671
ch   12:      0     0     0     0     0     0     0     0     0     0     0     0     0     0     0     0     0     0     0     0     1     2    25   274  3003 12528 10638  9641 13164 13423 11118 14290
ch   13:      0     0     0     0     0     0     0     0     0     0     0     0     0     0     0     0     0     0     0     0     0     1    40   412  2717  3217 12008 12524  9647 13583  9687 13074
ch   14:      0     0     0     0     0     0     0     0     0     0     0     0     0     0     0     0     0     0     0     0     0     2    22   304  2516 15504 11078 16544  9396  9910 13224 17184
ch   15:      0     0     0     0     0     0     0     0     0     0     0     0     0     0     0     0     0     0     0     0     0     2    39   465  3394  9715 10525 16151 11686 11481  8442 13334
ch   16:      0     0     0     0     0     0     0     0     0     0     0     0     0     0     0     0     0     0     0     0     0     3    37   439  3269  2291 10543  7388 10946  9125  9832 18491
ch   17:      0     0     0     0     0     0     0     0     0     0     0     0     0     0     0     0     0     0     0     0     0     7    59   662  4031  5642 10578  5200 11327  7780  5657 16034
ch   18:      0     0     0     0     0     0     0     0     0     0     0     0     0     0     0     0     0     0     0     0     1     3    71   565  3331 12444 13641  8319  7651  4701 10140  4817
ch   19:      0     0     0     0     0     0     0     0     0     0     0     0     0     0     0     0     0     0     0     0     0     6    57   866  5116 18810  8162 14883 13655 11727 14487 14770
ch   20:      0     0     0     0     0     0     0     0     0     0     0     0     0     0     0     0     0     0     0     0     0     3    52   784  4349 15478 10290 11169 12422 13299  9870  2224
ch   21:      0     0     0     0     0     0     0     0     0     0     0     0     0     0     0     0     0     0     0     0     0     4   106   728  5832 14977 11306 13519 11341 11518  9870 18077
ch   22:      0     0     0     0     0     0     0     0     0     0     0     0     0     0     0     0     0     0     0     0     0     5    91   680  5527  8094  9812 11741 10638  9991  9601  6924
ch   23:      0     0     0     0     0     0     0     0     0     0     0     0     0     0     0     0     0     0     0     0     0    10   110  1006  7863  4764  6796  5446 13125  9369 10841 16490
ch   24:      0     0     0     0     0     0     0     0     0     0     0     0     0     0     0     0     0     0     0     0     0     4    66   629  5365  8675 10302 11073  8983  8629  7389 13775
ch   25:      0     0     0     0     0     0     0     0     0     0     0     0     0     0     0     0     0     0     0     0     1    14   139  1006  7248 10072 11859 10045  8540  8043  7205  4955
ch   26:      0     0     0     0     0     0     0     0     0     0     0     0     0     0     0     0     0     0     0     0     1    11   175  1143  9085 12296 13426 10696  9723 10008  6859 14029
ch   27:      0     0     0     0     0     0     0     0     0     0     0     0     0     0     0     0     0     0     0     0     1    17   161  1449 10740  9786 10153  8205  9169  5743  6880  3343
ch   28:      0     0     0     0     0     0     0     0     0     0     0     0     0     0     0     0     0     0     0     0     2    13   120  1044  8001  6424 10217  7189  8229  8068 10892 15044
ch   29:      0     0     0     0     0     0     0     0     0     0     0     0     0     0     0     0     0     0     0     0     2    14   151  1196  8880 11594  9877  9254 13348  6781  5988  2381
ch   30:      0     0     0     0     0     0     0     0     0     0     0     0     0     0     0     0     0     0     0     0     0    11   152  1063  9960  5601 13006  5329  7408 11273 13085 15019
ch   31:      0     0     0     0     0     0     0     0     0     0     0     0     0     0     0     0     0     0     0     1     4    22   182  1642 11934  7967  8888 16396 11833 14144 14996  5923
ch   32:      0     0     0     0     0     0     0     0     0     0     0     0     0     0     0     0     0     0     0     0     3    16   187  1112 10694  9342 11602  8996 10775 15484  4300 17209
ch   33:      0     0     0     0     0     0     0     0     0     0     0     0     0     0     0     0     0     0     0     0     0    12   216  1815 10558 13559 11797  5286 14521 11091  6182  1153
ch   34:      0     0     0     0     0     0     0     0     0     0     0     0     0     0     0     0     0     0     0     1     3    12   141  1333  9387 16855  7425 12352  8273  9965 12187 12539
ch   35:      0     0     0     0     0     0     0     0     0     0     0     0     0     0     0     0     0     0     0     0     2    19   203  1733 15424  9447  9567 10053 15297  5783  8977  2621
ch   36:      0     0     0     0     0     0     0     0     0     0     0     0     0     0     0     0     0     0     0     0     0    23   170  1346  9435 10689 12284 11676  6569 14890  9744 11373
ch   37:      0     0     0     0     0     0     0     0     0     0     0     0     0     0     0     0     0     0     0     0     0    24   238  2093 13812  8460 13666 10325 12834 11686  9819  1832
ch   38:      0     0     0     0     0     0     0     0     0     0     0     0     0     0     0     0     0     0     0     0     1    31   192  2222 12418  4630 11705 10729 11956 14166  7159  3443
ch   39:      0     0     0     0     0     0     0     0     0     0     0     0     0     0     0     0     0     0     0     0     3    22   349  1973 15053 12188  7322  9043  9678 14019 11071  3880
ch   40:      0     0     0     0     0     0     0     0     0     0     0     0     0     0     0     0     0     0     0     0     2    23   236  2169 16855 10499 13754 11374 13917 14074 12414 14992
ch   41:      0     0     0     0     0     0     0     0     0     0     0     0     0     0     0     0     0     0     0     1     4    27   345  2254 13922  7942  8475  5964  8463 11734  9268 16328
ch   42:      0     0     0     0     0     0     0     0     0     0     0     0     0     0     0     0     0     0     0     0     1    11   359  2101 10956 10385  6216  8381  9746 11074  7284  3353
ch   43:      0     0     0     0     0     0     0     0     0     0     0     0     0     0     0     0     0     0     0     0     4    31   380  2799 15805  9129  7269  7359 12700  9711  5029  1302
ch   44:      0     0     0     0     0     0     0     0     0     0     0     0     0     0     0     0     0     0     0     0     2    36   264  2761 19729  7940  9790 13348 11687 12154 10302  3519
ch   45:      0     0     0     0     0     0     0     0     0     0     0     0     0     0     0     0     0     0     0     0     2    29   364  2258 15184 11590  7135  5392 13538  6887  7347  6319
ch   46:      0     0     0     0     0     0     0     0     0     0     0     0     0     0     0     0     0     0     0     0     2    24   262  2759 14841  6968 10627 10654 12915 11429  6933 12218
ch   47:      0     0     0     0     0     0     0     0     0     0     0     0     0     0     0     0     0     0     0     1     6    52   574  3780 15785  9751 10662  9304 13467 13266 11129  6267
ch   48:      0     0     0     0     0     0     0     0     0     0     0     0     0     0     0     0     0     0     0     0     2    38   457  2099  8260 13088  7808  9231  9390  6773  7744  9839
ch   49:      0     0     0     0     0     0     0     0     0     0     0     0     0     0     0     0     0     0     0     0     3    44   360  3983  8289 13483 11699 12541 11187  5760  8991  7396
ch   50:      0     0     0     0     0     0     0     0     0     0     0     0     0     0     0     0     0     0     0     0     1    47   479  3290 18252 10738 13240 10203 12512  8879 10739  9013
ch   51:      0     0     0     0     0     0     0     0     0     0     0     0     0     0     0     0     0     0     0     0     3    47   451  2661  2041 10806  6750 13543 10084 12035  8717 19010
ch   52:      0     0     0     0     0     0     0     0     0     0     0     0     0     0     0     0     0     0     0     0     5    41   324  2953  2381 10747 16938 15420 15143 13237 11362  9641
ch   53:      0     0     0     0     0     0     0     0     0     0     0     0     0     0     0     0     0     0     0     0    11    47   447  3436  6001  9771  8677 12942 12554  8401 11592  2743
ch   54:      0     0     0     0     0     0     0     0     0     0     0     0     0     0     0     0     0     0     0     0     2    47   312  3898  3749 15264  8875  6785 11862  6981 10108  6428
ch   55:      0     0     0     0     0     0     0     0     0     0     0     0     0     0     0     0     0     0     0     0     5    60   603  3595  4213 11239  9752 13998 12308 15875  7919  2113
ch   56:      0     0     0     0     0     0     0     0     0     0     0     0     0     0     0     0     0     0     0     0     5    67   447  4212  8796 13361 14636 11652  7428 11700  9249  2493
ch   57:      0     0     0     0     0     0     0     0     0     0     0     0     0     0     0     0     0     0     0     0     3    43   438  4043  6848  7881  6790 12509  9373 15770  7141  8866
ch   58:      0     0     0     0     0     0     0     0     0     0     0     0     0     0     0     0     0     0     0     0     4    28   394  2907  1545  9468  3592 11705 11057 12488  6469 11947
ch   59:      0     0     0     0     0     0     0     0     0     0     0     0     0     0     0     0     0     0     0     0     4    52   894  4996  9727 14386 11611  9573  9127 10518  4267 13499
ch   60:      0     0     0     0     0     0     0     0     0     0     0     0     0     0     0     0     0     0     0     3     6    80   487  5665  9823 15285 10296  6262 13521  7744 14696  2754
ch   61:      0     0     0     0     0     0     0     0     0     0     0     0     0     0     0     0     0     0     0     0     2    73   675  5724 14724  7046  8161  9768 10867  8336  5695  6460
ch   62:      0     0     0     0     0     0     0     0     0     0     0     0     0     0     0     0     0     0     0     0     4    62   427  4128  5906 15755  9594  9943  9865  6478  8790  3042
ch   63:      0     0     0     0     0     0     0     0     0     0     0     0     0     0     0     0     0     0     0     0    12    62   687  4983 18922 13767 13592 12198 10764  9923  8502  3747
ch   64:      0     0     0     0     0     0     0     0     0     0     0     0     0     0     0     0     0     0     0     0     5    62   455  4009  3055  9106  7615  9081  5568  7635  4574 11337
ch   65:      0     0     0     0     0     0     0     0     0     0     0     0     0     0     0     0     0     0     0     1     7   111   836  6390 10112 15292  9813 10633 12310  6982 10443  3374
ch   66:      0     0     0     0     0     0     0     0     0     0     0     0     0     0     0     0     0     0     0     1     6    85   558  4618  6178 10952 14469  5756  8862 11621 11745  6261
ch   67:      0     0     0     0     0     0     0     0     0     0     0     0     0     0     0     0     0     0     0     2    11    91   848  4170 11591 10851 10030 12975 13328  4700  5185  7598
ch   68:      0     0     0     0     0     0     0     0     0     0     0     0     0     0     0     0     0     0     0     0     5    44   527  5860 10295 17629  7682  5507 17429  5228 14480 12525
ch   69:      0     0     0     0     0     0     0     0     0     0     0     0     0     0     0     0     0     0     0     0     4    65   631  4946 15019 15344  6607  8204 10063 11996 12767  6026
ch   70:      0     0     0     0     0     0     0     0     0     0     0     0     0     0     0     0     0     0     0     0     4    46   425  4022  6624 11359  8832 12466 13071  9245 10800  3970
ch   71:      0     0     0     0     0     0     0     0     0     0     0     0     0     0     0     0     0     0     0     1     8    99   826  6418  7814 13738  9131  8227  8600  9330  9083  2712
ch   72:      0     0     0     0     0     0     0     0     0     0     0     0     0     0     0     0     0     0     0     0     5    75   599  4289  9418 11035  9223  9006  8655 10544 14354 11626
ch   73:      0     0     0     0     0     0     0     0     0     0     0     0     0     0     0     0     0     0     0     0     4    83  1024  6295  6365  8978 11009  6315  9656  7234 12756  5630
ch   74:      0     0     0     0     0     0     0     0     0     0     0     0     0     0     0     0     0     0     0     1     6    67   691  5789 11543  9288 11158  7076 11315  8784  8448 14413
ch   75:      0     0     0     0     0     0     0     0     0     0     0     0     0     0     0     0     0     0     0     1    11   100   833  6307  3220  6478  7877  7784  7692 13747  5104 11069
ch   76:      0     0     0     0     0     0     0     0     0     0     0     0     0     0     0     0     0     0     0     0     5    55   927  5125 12745 12700  5484 11081 14681 12422  7742 16288
ch   77:      0     0     0     0     0     0     0     0     0     0     0     0     0     0     0     0     0     0     0     0    10   113  1177  8313  5862  6542 13778 11613  7601  6147  8562  5252
ch   78:      0     0     0     0     0     0     0     0     0     0     0     0     0     0     0     0     0     0     0     0     5   124   933  5738 14322  7004 12235  9274 11388 11252  6496  8855
ch   79:      0     0     0     0     0     0     0     0     0     0     0     0     0     0     0     0     0     0     0     1    10    83   699  5972 17681 11800  9179  7813 12268 13203 11096  4659
ch   80:      0     0     0     0     0     0     0     0     0     0     0     0     0     0     0     0     0     0     0     1     6    66   681  5723  8153 12823 12383  9530 11094  6215 14177  5835
ch   81:      0     0     0     0     0     0     0     0     0     0     0     0     0     0     0     0     0     0     0     0     7    92   855  7863 19332  5753  9549  7255  9508  8893 11211  6143
ch   82:      0     0     0     0     0     0     0     0     0     0     0     0     0     0     0     0     0     0     0     0     0    45   630  4291 10395  7617  7339  7764 12295  8600 11935  6194
ch   83:      0     0     0     0     0     0     0     0     0     0     0     0     0     0     0     0     0     0     0     0     9   119  1157  6900  6633  4856  9884  8482  6997 11964 10866  4557
ch   84:      0     0     0     0     0     0     0     0     0     0     0     0     0     0     0     0     0     0     0     0     5   113   703  4666 11584  7975 11217  7467  7636 11628 11552 14745
ch   85:      0     0     0     0     0     0     0     0     0     0     0     0     0     0     0     0     0     0     0     0     7    75   930  7921 18027  9825  9727  7583  8328  6878  9814  6266
ch   86:      0     0     0     0     0     0     0     0     0     0     0     0     0     0     0     0     0     0     0     1    12    99   731  4550  5587 14839 11598  9105  2441  9985  8673 17208
ch   87:      0     0     0     0     0     0     0     0     0     0     0     0     0     0     0     0     0     0     0     0     4    90   908  8034  7723 13896  9752 10945 14116 11009  6054  4563
ch   88:      0     0     0     0     0     0     0     0     0     0     0     0     0     0     0     0     0     0     0     3    16    99   897  6715 11362  7499  9880 10971 10224  6379  7641 13655
ch   89:      0     0     0     0     0     0     0     0     0     0     0     0     0     0     0     0     0     0     0     2     8    92   985  7286  4363  8606 11034  6559 10522 11197 10943 12264
ch   90:      0     0     0     0     0     0     0     0     0     0     0     0     0     0     0     0     0     0     0     1     7    49   500  4360 10145  9392  8592  9749  7808  6516 10671 15461
ch   91:      0     0     0     0     0     0     0     0     0     0     0     0     0     0     0     0     0     0     0     0     9   141   942  7366  8757 13844  9543 11310  6836  9481 11809  7201
ch   92:      0     0     0     0     0     0     0     0     0     0     0     0     0     0     0     0     0     0     0     0     6   115  1027  5427 17825  6898  8424 11827 14836 11025  6093 14856
ch   93:      0     0     0     0     0     0     0     0     0     0     0     0     0     0     0     0     0     0     0     1     6   140  1108  7675  2742  6529 14223 11505 12049  4525  8254  7484
ch   94:      0     0     0     0     0     0     0     0     0     0     0     0     0     0     0     0     0     0     0     1     5    76   515  5515 15663 10786  6403  4914 10598 12549  6100 16767
ch   95:      0     0     0     0     0     0     0     0     0     0     0     0     0     0     0     0     0     0     0     0     6    79  1199  7480  5232 11664  8921  9574 10748 10790  9506  3750
ch   96:      0     0     0     0     0     0     0     0     0     0     0     0     0     0     0     0     0     0     0     1     5    64   742  6342 17513  6896  9513 10511  9964 11166  8985 15954
ch   97:      0     0     0     0     0     0     0     0     0     0     0     0     0     0     0     0     0     0     0     0    11   102  1101  9924 12583  8608 11585  9751  9330 10626 12965 11153
ch   98:      0     0     0     0     0     0     0     0     0     0     0     0     0     0     0     0     0     0     0     1     5    71   523  4341 10274  7246 10333 12950 14311 12693  6427 14457
ch   99:      0     0     0     0     0     0     0     0     0     0     0     0     0     0     0     0     0     0     0     0    14   135  1178  7347 12282  8704  8444 12236 14060 11011 10158  6845
ch  100:      0     0     0     0     0     0     0     0     0     0     0     0     0     0     0     0     0     0     0     1     9    77   835  5187 13255 12541 11565  9613 11510 13227  7134 11386
ch  101:      0     0     0     0     0     0     0     0     0     0     0     0     0     0     0     0     0     0     0     2    14   102  1136  9280  7424 12922 11641 15004  4654  8252  9491  5606
ch  102:      0     0     0     0     0     0     0     0     0     0     0     0     0     0     0     0     0     0     0     0     4    91   989  5307  8722 14728 12277 11105 11531  7866 11002 16622
ch  103:      0     0     0     0     0     0     0     0     0     0     0     0     0     0     0     0     0     0     0     0    15   121  1104  6992  9981  8264  8910 11542 14313 10458  9519  5940
ch  104:      0     0     0     0     0     0     0     0     0     0     0     0     0     0     0     0     0     0     0     0    14   110   865  7668 17840 12178 10720 13753  5594  7548 10821 16024
ch  105:      0     0     0     0     0     0     0     0     0     0     0     0     0     0     0     0     0     0     0     1    15   116  1168  8633  9234  6871 10749 11578 10178  8094 15623  7543
ch  106:      0     0     0     0     0     0     0     0     0     0     0     0     0     0     0     0     0     0     0     0     5    92   569  6580  3302  8681  8056  7069 12593 10346 10805 11047
ch  107:      0     0     0     0     0     0     0     0     0     0     0     0     0     0     0     0     0     0     0     2     9   121   974  7908  2088 10648 10862  5444 11296 13382  6633  4661
ch  108:      0     0     0     0     0     0     0     0     0     0     0     0     0     0     0     0     0     0     0     0    10    44   861  6912  1762  8926 10555 10093  7664 10715  7498  9801
ch  109:      0     0     0     0     0     0     0     0     0     0     0     0     0     0     0     0     0     0     0     0    11   133   996  7917 11043 11608 17724 14001  6653 10287  9907 14900
ch  110:      0     0     0     0     0     0     0     0     0     0     0     0     0     0     0     0     0     0     0     0     3    81   504  5828 12071  7777  9949 10127 10382  6787 13014 13611
ch  111:      0     0     0     0     0     0     0     0     0     0     0     0     0     0     0     0     0     0     0     1    14   178  1523  8162  6725 10550 11077  9959 13274  8797 11389  5281
ch  112:      0     0     0     0     0     0     0     0     0     0     0     0     0     0     0     0     0     0     0     0     9    86   750  5050 15434  6947 14004 12502  9510  9372 13480  9822
ch  113:      0     0     0     0     0     0     0     0     0     0     0     0     0     0     0     0     0     0     0     0     7   128  1314  8762 16215 10489  8948  9676  7417  9280  6002  8608
ch  114:      0     0     0     0     0     0     0     0     0     0     0     0     0     0     0     0     0     0     0     1     5    75   634  5367 13869 10610  9977  5551  9299  8297 12696 12549
ch  115:      0     0     0     0     0     0     0     0     0     0     0     0     0     0     0     0     0     0     0     1     6    71  1306  8839 16236 10696  8087 10503 11139 10275  8941  5460
ch  116:      0     0     0     0     0     0     0     0     0     0     0     0     0     0     0     0     0     0     0     1    13    86   589  5383  5974 10908  7118 14306 14461  9952  5842  7985
ch  117:      0     0     0     0     0     0     0     0     0     0     0     0     0     0     0     0     0     0     0     1     9    84  1083  9717  7825 11948  8340 12095  7911  8637 10912  8493
ch  118:      0     0     0     0     0     0     0     0     0     0     0     0     0     0     0     0     0     0     0     0     2    93   850  6568 13899  8913  3111  9218  9572  6720 11586  8020
ch  119:      0     0     0     0     0     0     0     0     0     0     0     0     0     0     0     0     0     0     0     1    14   143  1177  7437 12295 12192 13346 16956  5883 15964  8861 13170
ch  120:      0     0     0     0     0     0     0     0     0     0     0     0     0     0     0     0     0     0     0     0     3    79   753  7071 13978 13618 13814 14146 13304  5999  9463  6681
ch  121:      0     0     0     0     0     0     0     0     0     0     0     0     0     0     0     0     0     0     0     0    13    92  1146 11972 17572  7463  8412 12783 12913  8211  9671 13741
ch  122:      0     0     0     0     0     0     0     0     0     0     0     0     0     0     0     0     0     0     0     0     4    80   790  5339 16721 12883  6625  9620 10191  9201 12465  6581
ch  123:      0     0     0     0     0     0     0     0     0     0     0     0     0     0     0     0     0     0     0     1    11   172   869  9839  8419  7571  8164 10594 10649 12083 10699 12408
ch  124:      0     0     0     0     0     0     0     0     0     0     0     0     0     0     0     0     0     0     0    81     9    92   793  7389 10641 10844  3460 13007  9392 12594 13653  5943
ch  125:      0     0     0     0     0     0     0     0     0     0     0     0     0     0     0     0     0     0     0     3     8   108  1164  9002  8360  7652  8442  9423  5148 10633 13823 13422
ch  126:      0     0     0     0     0     0     0     0     0     0     0     0     0     0     0     0     0     0     0     0     6   113   945  8811  5824  9847  8853 14267 12304  7433  7085  7259
ch  127:      0     0     0     0     0     0     0     0     0     0     0     0     0     0     0     0     0     0     0     1    35   280  2146 18453  4099  7750  5069  9584  7440  8862 10436 12499
