ch    0:      0     0     0     0     0     0     0     0     0     0     0     0     0     0     0     0     0     0     0     0     0     0     0     4    47   821  8806  3745  6237  7812 11909  1277
ch    1:      0     0     0     0     0     0     0     0     0     0     0     0     0     0     0     0     0     0     0     0     0     0     0     2   110  1158 14960  9302  8454 11716  7869    51
ch    2:      0     0     0     0     0     0     0     0     0     0     0     0     0     0     0     0     0     0     0     0     0     0     0    11   207  2221  9874  8397  7206 11963 11029     1
ch    3:      0     0     0     0     0     0     0     0     0     0     0     0     0     0     0     0     0     0     0     0     0     0     0    13   190  2857  8218 13910 14145 10658 11328   314
ch    4:      0     0     0     0     0     0     0     0     0     0     0     0     0     0     0     0     0     0     0     0     0     0     0     2   184  1648 13029 16489 11785  5989  5752     1
ch    5:      0     0     0     0     0     0     0     0     0     0     0     0     0     0     0     0     0     0     0     0     0     0     0    13   340  6067 10968 10228  6364 12340 10159  1008
ch    6:      0     0     0     0     0     0     0     0     0     0     0     0     0     0     0     0     0     0     0     0     0     0     0     4   132  2235  7719 10533  7475  8085 10387     0
ch    7:      0     0     0     0     0     0     0     0     0     0     0     0     0     0     0     0     0     0     0     0     0     0     0    17   382  6146  2975 12396  8411 10996  9249  1323
ch    8:      0     0     0     0     0     0     0     0     0     0     0     0     0     0     0     0     0     0     0     0     0     0     0    11   328  4262 12066  7823  7439  9522  7885     5
ch    9:      0     0     0     0     0     0     0     0     0     0     0     0     0     0     0     0     0     0     0     0     0     0     3    30   395  8174 11095  8263 10741 13340  9635  2338
ch   10:      0     0     0     0     0     0     0     0     0     0     0     0     0     0     0     0     0     0     0     0     0     0     0    13   317  4141 10377 12145  9753 13052 13977     7
ch   11:      0     0     0     0     0     0     0     0     0     0     0     0     0     0     0     0     0     0     0     0     0     0     1    40   482  7543 13355 15090  9192  8850  9637  3845
ch   12:      0     0     0     0     0     0     0     0     0     0     0     0     0     0     0     0     0     0     0     0     0     0     3     8   307  5256 10336  5914 10453 10984  9088     7
ch   13:      0     0     0     0     0     0     0     0     0     0     0     0     0     0     0     0     0     0     0     0     0     0     0    40   528  9157  5790 10367 10457  9832  8905  4630
ch   14:      0     0     0     0     0     0     0     0     0     0     0     0     0     0     0     0     0     0     0     0     0     0     1    24   377  5610 11559 12923  7152  8449 13325    15
ch   15:      0     0     0     0     0     0     0     0     0     0     0     0     0     0     0     0     0     0     0     0     0     0     0    16  1016  8291 11338  9613 11563 10878  8210  5805
ch   16:      0     0     0     0     0     0     0     0     0     0     0     0     0     0     0     0     0     0     0     0     0     0     0    19   402  6698 11362  7114 12746  8963 11866    11
ch   17:      0     0     0     0     0     0     0     0     0     0     0     0     0     0     0     0     0     0     0     0     0     0     3    51   839 10043 12464 10205 10582  7432 11397  7100
ch   18:      0     0     0     0     0     0     0     0     0     0     0     0     0     0     0     0     0     0     0     0     0     0     0    21   473  8081  9638  8604 11151 15528  9932    18
ch   19:      0     0     0     0     0     0     0     0     0     0     0     0     0     0     0     0     0     0     0     0     0     0     2    36   851 10932  8637 10064  9735 16108 11418  7451
ch   20:      0     0     0     0     0     0     0     0     0     0     0     0     0     0     0     0     0     0     0     0     0     0     0    21   564  5654 10752 13160 14519 11212  8928    20
ch   21:      0     0     0     0     0     0     0     0     0     0     0     0     0     0     0     0     0     0     0     0     0     0     4    36   963 11960  7882 12031  9640 12332  9698  9453
ch   22:      0     0     0     0     0     0     0     0     0     0     0     0     0     0     0     0     0     0     0     0     0     0     1    24   755  7958  7478 14904 10580 12235 10924    40
ch   23:      0     0     0     0     0     0     0     0     0     0     0     0     0     0     0     0     0     0     0     0     0     0     5    36  1077 16474  9124  8237  9763 12139 10206 10415
ch   24:      0     0     0     0     0     0     0     0     0     0     0     0     0     0     0     0     0     0     0     0     0     0     2    44   591  9779  9628 13281 15557  8795  9316    34
ch   25:      0     0     0     0     0     0     0     0     0     0     0     0     0     0     0     0     0     0     0     0     0     0     2    66  1165 10481  9817 11572 11557  9061 11129 10482
ch   26:      0     0     0     0     0     0     0     0     0     0     0     0     0     0     0     0     0     0     0     0     0     0     2    32   784  8675  9451  8961  9138 11616  8791    48
ch   27:      0     0     0     0     0     0     0     0     0     0     0     0     0     0     0     0     0     0     0     0     0     0     2    50  1569  8568  8871 10590 10381  6756  9717 15379
ch   28:      0     0     0     0     0     0     0     0     0     0     0     0     0     0     0     0     0     0     0     0     0     0     0    17   671 11400 10593  8238  6775 11034  9424    40
ch   29:      0     0     0     0     0     0     0     0     0     0     0     0     0     0     0     0     0     0     0     0     0     0     1    70  1243 10579  8564  9836 13571 10670 10037  4707
ch   30:      0     0     0     0     0     0     0     0     0     0     0     0     0     0     0     0     0     0     0     0     0     0     1    44   582 11180 13512 10941 10149 12700 11604    61
ch   31:      0     0     0     0     0     0     0     0     0     0     0     0     0     0     0     0     0     0     0     0     0     1     6    61  1503  5129  6468  9991  9131  9531 11667 13579
ch   32:      0     0     0     0     0     0     0     0     0     0     0     0     0     0     0     0     0     0     0     0     0     0     1    33   594  9152  7227 12197 11651 16222 10741    60
ch   33:      0     0     0     0     0     0     0     0     0     0     0     0     0     0     0     0     0     0     0     0     0     0     3    56  1787 15469  7103 11003  7798 13516 10010 11976
ch   34:      0     0     0     0     0     0     0     0     0     0     0     0     0     0     0     0     0     0     0     0     0     0     2    38  1003 10665  7776  6691 12514 10482  8829    85
ch   35:      0     0     0     0     0     0     0     0     0     0     0     0     0     0     0     0     0     0     0     0     0     0     1   110  1129 10372 16289  8561 11818  7899 12539  9560
ch   36:      0     0     0     0     0     0     0     0     0     0     0     0     0     0     0     0     0     0     0     0     0     0     1    39   784 10165  7087 11892 10031  8535  7011    72
ch   37:      0     0     0     0     0     0     0     0     0     0     0     0     0     0     0     0     0     0     0     0     0     0     2    77  2181  9804 15377 11545 11888 11636 11324 13990
ch   38:      0     0     0     0     0     0     0     0     0     0     0     0     0     0     0     0     0     0     0     0     0     0     2    40   968 13957 10231 11926 11693 12776  7835   113
ch   39:      0     0     0     0     0     0     0     0     0     0     0     0     0     0     0     0     0     0     0     0     0     0     7    94  1834 13931  7726  7795 11175  8764  7163 12753
ch   40:      0     0     0     0     0     0     0     0     0     0     0     0     0     0     0     0     0     0     0     0     0     0     0     0     0     0 11728     1     0    19 10728     9
ch   41:      0     0     0     0     0     0     0     0     0     0     0     0     0     0     0     0     0     0     0     0     0     0     5    86  2068  7860 10400 12376  8344 12729 10357 13453
ch   42:      0     0     0     0     0     0     0     0     0     0     0     0     0     0     0     0     0     0     0     0     0     0     0    35   946 11572 10614 11193  8597  7244 10105   179
ch   43:      0     0     0     0     0     0     0     0     0     0     0     0     0     0     0     0     0     0     0     0     0     0     2   105  1843  8726  9604  9669 12800 14030 10346 13403
ch   44:      0     0     0     0     0     0     0     0     0     0     0     0     0     0     0     0     0     0     0     0     0     0     0    39  1425 10521  6783  6295 14685  8858 13581   192
ch   45:      0     0     0     0     0     0     0     0     0     0     0     0     0     0     0     0     0     0     0     0     0     0     1   119  1986 13120  7821  8459 13679  6501  8340 13983
ch   46:      0     0     0     0     0     0     0     0     0     0     0     0     0     0     0     0     0     0     0     0     0     0     3    33   732  6916 16421 11719 13122 12451  9912   312
ch   47:      0     0     0     0     0     0     0     0     0     0     0     0     0     0     0     0     0     0     0     0     0     0     8   110  2011  7633  7603  9144  6788 13981 13495 17954
ch   48:      0     0     0     0     0     0     0     0     0     0     0     0     0     0     0     0     0     0     0     0     0     0     0    41   970 13833  8328  9444 11713  6237 12867   240
ch   49:      0     0     0     0     0     0     0     0     0     0     0     0     0     0     0     0     0     0     0     0     0     0     4   114  2371 12475  9591  9017 13555 11176 10312  1847
ch   50:      0     0     0     0     0     0     0     0     0     0     0     0     0     0     0     0     0     0     0     0     0     0     0    65  1634  9468 10136 10554 10186 10066  7169   350
ch   51:      0     0     0     0     0     0     0     0     0     0     0     0     0     0     0     0     0     0     0     0     0     0     8   174  2365 10291 12184  9006  9066 10509  8262 15995
ch   52:      0     0     0     0     0     0     0     0     0     0     0     0     0     0     0     0     0     0     0     0     0     0     2    22  1158  6180  9322 12553 14432 12374 10372   495
ch   53:      0     0     0     0     0     0     0     0     0     0     0     0     0     0     0     0     0     0     0     0     0     0     7   123  3201 11421  6587  6587  6074  9477 14380 13327
ch   54:      0     0     0     0     0     0     0     0     0     0     0     0     0     0     0     0     0     0     0     0     0     0     1    68  1525 15383 14097 11033 13586  5964  8152   466
ch   55:      0     0     0     0     0     0     0     0     0     0     0     0     0     0     0     0     0     0     0     0     0     0     5    86  3060 11300 12312  6948 12878  9812  9355 15598
ch   56:      0     0     0     0     0     0     0     0     0     0     0     0     0     0     0     0     0     0     0     0     0     0     4    93  1755  3646 11516  9618 10579  9283 10602   389
ch   57:      0     0     0     0     0     0     0     0     0     0     0     0     0     0     0     0     0     0     0     0     0     0     5   175  2886 13087  9043  8367  8782 14555  9845  9215
ch   58:      0     0     0     0     0     0     0     0     0     0     0     0     0     0     0     0     0     0     0     0     0     0     0    37  1305  5387  8988  7395 12546 14745 14033   583
ch   59:      0     0     0     0     0     0     0     0     0     0     0     0     0     0     0     0     0     0     0     0     0     1     8   177  3629  5534  9745  5729 11050  5174  6984 15196
ch   60:      0     0     0     0     0     0     0     0     0     0     0     0     0     0     0     0     0     0     0     0     0     0     2    72  1182  6932 10431 10424  7714  5842 11227   765
ch   61:      0     0     0     0     0     0     0     0     0     0     0     0     0     0     0     0     0     0     0     0     0     0     6    83  3108  8340 11784 11542  5681 12811  9679  9499
ch   62:      0     0     0     0     0     0     0     0     0     0     0     0     0     0     0     0     0     0     0     0     0     0     5    80  1764  9702  7136  8193  6492  4896  9701   718
ch   63:      0     0     0     0     0     0     0     0     0     0     0     0     0     0     0     0     0     0     0     0     0     1     5   140  2820 14973  8884 13797  2944 12854 10479  8118
ch   64:      0     0     0     0     0     0     0     0     0     0     0     0     0     0     0     0     0     0     0     0     0     0     3    50  1190 12508 12043 13218 12217  8745 14032   739
ch   65:      0     0     0     0     0     0     0     0     0     0     0     0     0     0     0     0     0     0     0     0     0     0     3   200  3011  7207 10429 12560  8967 13301  9102  9383
ch   66:      0     0     0     0     0     0     0     0     0     0     0     0     0     0     0     0     0     0     0     0     0     0     4   115  2511 14537  5702  7756 10386 14531 10310   907
ch   67:      0     0     0     0     0     0     0     0     0     0     0     0     0     0     0     0     0     0     0     0     0     0    18   164  4992  8790 12162 10470 13872 11366 10272  4324
ch   68:      0     0     0     0     0     0     0     0     0     0     0     0     0     0     0     0     0     0     0     0     0     0     5   126  1299 12339  5736  9739  3561 16412 15795  1050
ch   69:      0     0     0     0     0     0     0     0     0     0     0     0     0     0     0     0     0     0     0     0     0     0     4   152  3347 11883 10629 11209  6318 12000  5849  9917
ch   70:      0     0     0     0     0     0     0     0     0     0     0     0     0     0     0     0     0     0     0     0     0     0     3   100  2075 12236 10668 13224  6620 10488  9873  1576
ch   71:      0     0     0     0     0     0     0     0     0     0     0     0     0     0     0     0     0     0     0     0     0     0     5   376  3976  5523  4726  8459 10974 10922  5944 14965
ch   72:      0     0     0     0     0     0     0     0     0     0     0     0     0     0     0     0     0     0     0     0     0     0     5    84  2409  6348  8142  6885  6615  7870 11647  1613
ch   73:      0     0     0     0     0     0     0     0     0     0     0     0     0     0     0     0     0     0     0     0     0     1    11   306  6605 14735 12392  8087 10313 11879  9083 11752
ch   74:      0     0     0     0     0     0     0     0     0     0     0     0     0     0     0     0     0     0     0     0     0     0     1   104  3487 10215 11845  8618  7752  8692 10596  1911
ch   75:      0     0     0     0     0     0     0     0     0     0     0     0     0     0     0     0     0     0     0     0     0     0    11   344  4447  7525 10355 10604  7954  9194 11779 11509
ch   76:      0     0     0     0     0     0     0     0     0     0     0     0     0     0     0     0     0     0     0     0     0     0     2   158  1404  9137 11198 16789 10050  9745  9289  1339
ch   77:      0     0     0     0     0     0     0     0     0     0     0     0     0     0     0     0     0     0     0     0     0     0    11   262  5648 10791 10562 12723  7623  6347 11053 15350
ch   78:      0     0     0     0     0     0     0     0     0     0     0     0     0     0     0     0     0     0     0     0     0     0     5   145  2783  6763 10058  7569  9025  8412  8112  1584
ch   79:      0     0     0     0     0     0     0     0     0     0     0     0     0     0     0     0     0     0     0     0     0     0     7   188  7040  7176  5932 10080 11078  7909  8472 17109
ch   80:      0     0     0     0     0     0     0     0     0     0     0     0     0     0     0     0     0     0     0     0     0     0     5   129  1835  7216 11639 14819  6237 10474 11956  1894
ch   81:      0     0     0     0     0     0     0     0     0     0     0     0     0     0     0     0     0     0     0     0     0     0    14   248  9496 10990  9364 12147  9599  7475  6977 14603
ch   82:      0     0     0     0     0     0     0     0     0     0     0     0     0     0     0     0     0     0     0     0     0     0     4   198  4487 11547  9674 13600 10446  8473  7540  1907
ch   83:      0     0     0     0     0     0     0     0     0     0     0     0     0     0     0     0     0     0     0     0     0     0     6   314  7073 12552 12825  9520 10090  8238 13800  1697
ch   84:      0     0     0     0     0     0     0     0     0     0     0     0     0     0     0     0     0     0     0     0     0     0     5   176  3459  7861 12047 12690  6007  8419  9492  2468
ch   85:      0     0     0     0     0     0     0     0     0     0     0     0     0     0     0     0     0     0     0     0     0     0    11   442  6251  9186 12873  9186 13210 11907 10260 10506
ch   86:      0     0     0     0     0     0     0     0     0     0     0     0     0     0     0     0     0     0     0     0     0     0     6   176  4619 10547  9840 10387  8364 12915  9748  1202
ch   87:      0     0     0     0     0     0     0     0     0     0     0     0     0     0     0     0     0     0     0     0     0     0     5   260  6328  6987  8584  8943  6090  8836  8690 12295
ch   88:      0     0     0     0     0     0     0     0     0     0     0     0     0     0     0     0     0     0     0     0     0     0     3   187  2926  9753 11145  8725 11516  9356  9524  2017
ch   89:      0     0     0     0     0     0     0     0     0     0     0     0     0     0     0     0     0     0     0     0     0     2    19   389  4604  8008 11621  5512 10831 10496  8171 15372
ch   90:      0     0     0     0     0     0     0     0     0     0     0     0     0     0     0     0     0     0     0     0     0     0    15   243  3122 10099  8261  7404 15220 13035  9436  2415
ch   91:      0     0     0     0     0     0     0     0     0     0     0     0     0     0     0     0     0     0     0     0     0     2    13   276  6362 10542  5102  5286  9670 10004  8035  6855
ch   92:      0     0     0     0     0     0     0     0     0     0     0     0     0     0     0     0     0     0     0     0     0     0     1   232  2920 12267  6756 12186  5678 13072  9556  2138
ch   93:      0     0     0     0     0     0     0     0     0     0     0     0     0     0     0     0     0     0     0     0     0     0    14   465  7598 14574  9646 10361  5153 11670 12198 18168
ch   94:      0     0     0     0     0     0     0     0     0     0     0     0     0     0     0     0     0     0     0     0     0     0     5   206  3605 12986  6880  9941 12343 12883 13188  2318
ch   95:      0     0     0     0     0     0     0     0     0     0     0     0     0     0     0     0     0     0     0     0     0     0    18   451  5458  9432  9484 10413  8426 13202 10460  6773
ch   96:      0     0     0     0     0     0     0     0     0     0     0     0     0     0     0     0     0     0     0     0     0     0     4   185  4448  2850 13365 13435  9867 13070 13000  2186
ch   97:      0     0     0     0     0     0     0     0     0     0     0     0     0     0     0     0     0     0     0     0     0     1    11   393  6415  6388 15046  8785  4035 14527  9307  3985
ch   98:      0     0     0     0     0     0     0     0     0     0     0     0     0     0     0     0     0     0     0     0     0     0     5   128  3472 13265  8501  8870 10192 12238  9041  2446
ch   99:      0     0     0     0     0     0     0     0     0     0     0     0     0     0     0     0     0     0     0     0     0     0     9   449  7104  8400  8102  8247 14016 10208 10531  4376
ch  100:      0     0     0     0     0     0     0     0     0     0     0     0     0     0     0     0     0     0     0     0     0     0     2   192  3522 10349  7458  9443 11224  7791  6863  2065
ch  101:      0     0     0     0     0     0     0     0     0     0     0     0     0     0     0     0     0     0     0     0     0     0    13   558  8871  9705 12603 14621  8675 14144  7044  8502
ch  102:      0     0     0     0     0     0     0     0     0     0     0     0     0     0     0     0     0     0     0     0     0     0     5   213  3893  7248  7060  8552 13681  9761  8385  2767
ch  103:      0     0     0     0     0     0     0     0     0     0     0     0     0     0     0     0     0     0     0     0     0     1    28   464  6942 12333 12484  6554 14627 15378  9405 15340
ch  104:      0     0     0     0     0     0     0     0     0     0     0     0     0     0     0     0     0     0     0     0     0     0     2   174  2218 14556 13406  7974 13627  9182  7586  2443
ch  105:      0     0     0     0     0     0     0     0     0     0     0     0     0     0     0     0     0     0     0     0     0     0    11   541  7888 13412 13732  5962  9606 12111  6582 14604
ch  106:      0     0     0     0     0     0     0     0     0     0     0     0     0     0     0     0     0     0     0     0     0     0     8   173  5295  9650 14529  9218 11295 13052 10638  2632
ch  107:      0     0     0     0     0     0     0     0     0     0     0     0     0     0     0     0     0     0     0     0     0     0    17   390  6811 10127 14445 11734 11209  5326  8330 17245
ch  108:      0     0     0     0     0     0     0     0     0     0     0     0     0     0     0     0     0     0     0     0     0     0     7   132  1949 15118  9925  8332 13950 12627  5358  2887
ch  109:      0     0     0     0     0     0     0     0     0     0     0     0     0     0     0     0     0     0     0     0     0     0    10   441  8191  9839 11220 12909  9163 15363 12184 18381
ch  110:      0     0     0     0     0     0     0     0     0     0     0     0     0     0     0     0     0     0     0     0     0     0     5   150  3393 10397 12278  6814 10824 12343  8402  2803
ch  111:      0     0     0     0     0     0     0     0     0     0     0     0     0     0     0     0     0     0     0     0     0     1    22   576  7102 12710  6007 10279  8447 12367 10284 12486
ch  112:      0     0     0     0     0     0     0     0     0     0     0     0     0     0     0     0     0     0     0     0     0     0    16   189  2695 13554 12618 15658 12763 11464 11490  2009
ch  113:      0     0     0     0     0     0     0     0     0     0     0     0     0     0     0     0     0     0     0     0     0     1    15   381  9561  9737  6233  5658 15805  8460  8689 13146
ch  114:      0     0     0     0     0     0     0     0     0     0     0     0     0     0     0     0     0     0     0     0     0     0    10   150  4459  9008  9857 11141 11668 10006 11685  3065
ch  115:      0     0     0     0     0     0     0     0     0     0     0     0     0     0     0     0     0     0     0     0     0     0    20   281  6553 11107 13974 12298  6959 14221 11759 14917
ch  116:      0     0     0     0     0     0     0     0     0     0     0     0     0     0     0     0     0     0     0     0     0     0     2   246  3573 15760  8958 12888  5933 14058 11703  2604
ch  117:      0     0     0     0     0     0     0     0     0     0     0     0     0     0     0     0     0     0     0     0     0     0    12   484  7425  9475  8835  9819  6756  6449 10780 11501
ch  118:      0     0     0     0     0     0     0     0     0     0     0     0     0     0     0     0     0     0     0     0     0     0     5   196  4536 11517 11256 10756  9341  4742 12672  2713
ch  119:      0     0     0     0     0     0     0     0     0     0     0     0     0     0     0     0     0     0     0     0     0     0    21   557  7696 13651  9188 10168 14259  7399  5819 12223
ch  120:      0     0     0     0     0     0     0     0     0     0     0     0     0     0     0     0     0     0     0     0     0     0     4   181  3293  8262 12892 10501  9825  4938 11354  3435
ch  121:      0     0     0     0     0     0     0     0     0     0     0     0     0     0     0     0     0     0     0     0     0     0    16   584  9943  8968 10541  8473 10112 10181  8455 10926
ch  122:      0     0     0     0     0     0     0     0     0     0     0     0     0     0     0     0     0     0     0     0     0     1    11   251  7095  4415  8063  7346  7594 10710 16035  4341
ch  123:      0     0     0     0     0     0     0     0     0     0     0     0     0     0     0     0     0     0     0     0     0     1    41   546  9664 14186 14690 11687 12711 12548 10111  6384
ch  124:      0     0     0     0     0     0     0     0     0     0     0     0     0     0     0     0     0     0     0     0     0     1    15   415  5779 11663 12714 12237  9872  7974 11888  5115
ch  125:      0     0     0     0     0     0     0     0     0     0     0     0     0     0     0     0     0     0     0     0     0     2    66  1840  6010 12720  7317  7260  6339 16088  9030 15353
ch  126:      0     0     0     0     0     0     0     0     0     0     0     0     0     0     0     0     0     0     0     0     0     0    11   230  5748 12293  9218 10936  9417 10139 11304  4194
ch  127:      0     0     0     0     0     0     0     0     0     0     0     0     0     0     0     0     0     1    20   170  1040  5378  5399  8839  7966 11199 14255 13501 14137 13168 14677 10308
