ch    0:      0     0     0     0     0     0     0     0     0     0     0     0     0     0     0     0     0     0     0     0     0    12    71   717  3240 12147 13871  8466  9843 12056  7772   301
ch    1:      0     0     0     0     0     0     0     0     0     0     0     0     0     0     0     0     0     0     0     0     1    22   220  1351  8229  9329  8882 11573 10814  7249  7691     0
ch    2:      0     0     0     0     0     0     0     0     0     0     0     0     0     0     0     0     0     0     0     0     0    19   166  1399  8558 12581  9844  9891 15413 11071 10717     1
ch    3:      0     0     0     0     0     0     0     0     0     0     0     0     0     0     0     0     0     0     0     0     7    41   318  2632 16870 11708  6064  7354  8431 12639 11634     0
ch    4:      0     0     0     0     0     0     0     0     0     0     0     0     0     0     0     0     0     0     0     0     2    28   233  2447 12448 11000 12219  7712 10411  7851  7186    10
ch    5:      0     0     0     0     0     0     0     0     0     0     0     0     0     0     0     0     0     0     0     0     1    30   438  3303 14558 11510 12058 11612 10490  8971 10046     0
ch    6:      0     0     0     0     0     0     0     0     0     0     0     0     0     0     0     0     0     0     0     0     1    33   333  2561 15464 14487 13015 12845  9454 12761  8181    24
ch    7:      0     0     0     0     0     0     0     0     0     0     0     0     0     0     0     0     0     0     0     0     5    37   467  3615  5114  9399  7711 10355 12416 13037 12114     0
ch    8:      0     0     0     0     0     0     0     0     0     0     0     0     0     0     0     0     0     0     0     0     2    30   298  2466  5428 14688  5857 10320  9466 15557  9409    28
ch    9:      0     0     0     0     0     0     0     0     0     0     0     0     0     0     0     0     0     0     0     1     7    91   797  7148  9241 10750  7537  5379 15010 12174  9577     2
ch   10:      0     0     0     0     0     0     0     0     0     0     0     0     0     0     0     0     0     0     0     0    11    46   426  5312  4175  7934  8498 12204 13352  9403 10844    33
ch   11:      0     0     0     0     0     0     0     0     0     0     0     0     0     0     0     0     0     0     0     2    12   135  1094  7913  5430 11655 13660 11632  6629 10398 13238     0
ch   12:      0     0     0     0     0     0     0     0     0     0     0     0     0     0     0     0     0     0     0     0     7    71  1028  6752  5074  6205  8457 12684  7578 12992 16569    23
ch   13:      0     0     0     0     0     0     0     0     0     0     0     0     0     0     0     0     0     0     0     0    11   151  1139  9084 16879  9586  8896  8952  9515  8552 13337     1
ch   14:      0     0     0     0     0     0     0     0     0     0     0     0     0     0     0     0     0     0     0     1    11   101   947  6013 13329 10722  5293  8828 10812  6414  8861    24
ch   15:      0     0     0     0     0     0     0     0     0     0     0     0     0     0     0     0     0     0     0     0    11   113  1105  6854  8470 10451 12603 10832  9512  9415  6753     1
ch   16:      0     0     0     0     0     0     0     0     0     0     0     0     0     0     0     0     0     0     0     0     4    85  1241  8791  4243  6250  8541 14612  7425  6846  8684    28
ch   17:      0     0     0     0     0     0     0     0     0     0     0     0     0     0     0     0     0     0     0     0    22   133  1802 11156 14046 11994 10591 11506 12108  5084  7649     0
ch   18:      0     0     0     0     0     0     0     0     0     0     0     0     0     0     0     0     0     0     0     0    10   102  1105  8865 13895 10658 12466 11962 11940 10987  6577    34
ch   19:      0     0     0     0     0     0     0     0     0     0     0     0     0     0     0     0     0     0     0     1    28   212  1378 17722  8006  9332  8916  6566  5833 12944  7550     1
ch   20:      0     0     0     0     0     0     0     0     0     0     0     0     0     0     0     0     0     0     0     1     6   114  1377  9263 19130  9157  8036 10762  7452  5854 13926    37
ch   21:      0     0     0     0     0     0     0     0     0     0     0     0     0     0     0     0     0     0     0     5    35   389  2260 16403 13281  7867  9925  5279 16559 10673  7825     0
ch   22:      0     0     0     0     0     0     0     0     0     0     0     0     0     0     0     0     0     0     0     0    16   155  1312 11183 12473 11007 13029  9015 11086  4441  7816    17
ch   23:      0     0     0     0     0     0     0     0     0     0     0     0     0     0     0     0     0     0     0     1    25   289  2749  5869 11959 12266 10849  8293  9094 15372  9314     1
ch   24:      0     0     0     0     0     0     0     0     0     0     0     0     0     0     0     0     0     0     0     1    13   263  1919 12146  8577 11407 13989  8495 14764  6328  6944    20
ch   25:      0     0     0     0     0     0     0     0     0     0     0     0     0     0     0     0     0     0     1     2    21   287  2550 16783  9551 10013  8457  8491  6682  7198  8967     3
ch   26:      0     0     0     0     0     0     0     0     0     0     0     0     0     0     0     0     0     0     0     0    13   249  1858 11237  5645 10702  8352  9860  6755 10893 16811    15
ch   27:      0     0     0     0     0     0     0     0     0     0     0     0     0     0     0     0     0     0     1     3    36   520  4040  5806 10348 10320  7790 12500  6088 12442 10164     1
ch   28:      0     0     0     0     0     0     0     0     0     0     0     0     0     0     0     0     0     0     0     0    17   263  2059 15123  5499  8098  7874 11990 12970  3696  9206    30
ch   29:      0     0     0     0     0     0     0     0     0     0     0     0     0     0     0     0     0     0     1     4    37   435  3668  3859  8084 12268  8567 11858 12963 12170  9814     3
ch   30:      0     0     0     0     0     0     0     0     0     0     0     0     0     0     0     0     0     0     0     3    38   230  2049 15045 11405 13006  8722  7558  9688 12513  9001    50
ch   31:      0     0     0     0     0     0     0     0     0     0     0     0     0     0     0     0     0     0     0     1    41   336  3961  8539 15033  7526  8794 11337 11109 12887 15007     2
ch   32:      0     0     0     0     0     0     0     0     0     0     0     0     0     0     0     0     0     0     0     1    25   368  2719 19328  8712 13511  8675  9893 11626  9485 12630    23
ch   33:      0     0     0     0     0     0     0     0     0     0     0     0     0     0     0     0     0     0     0     1    41   660  5468  7997 10809 11531 11221  7690 16512 11931  7896     3
ch   34:      0     0     0     0     0     0     0     0     0     0     0     0     0     0     0     0     0     0     0     1    32   362  2045  7092  8648  6287 11624 11294  9055  9986 11625    28
ch   35:      0     0     0     0     0     0     0     0     0     0     0     0     0     0     0     0     0     0     1     5    82   605  5526 13292 11242 11709 10168  9556  7941 12011  8154     3
ch   36:      0     0     0     0     0     0     0     0     0     0     0     0     0     0     0     0     0     0     0     0    30   282  2753 12258 12449  8828  8566 12007  9103  9795  9779    23
ch   37:      0     0     0     0     0     0     0     0     0     0     0     0     0     0     0     0     0     0     0     4    67   617  5767 15968 10183  6689 11270  5512 13482 12163 16216     5
ch   38:      0     0     0     0     0     0     0     0     0     0     0     0     0     0     0     0     0     0     0     2    37   208  3124 16559  7590  4769  7261  8265 11526 10116 12629    45
ch   39:      0     0     0     0     0     0     0     0     0     0     0     0     0     0     0     0     0     0     0     5    80   613  6307 13566 12140 12408  7190 10782  8219  9450  9091     0
ch   40:      0     0     0     0     0     0     0     0     0     0     0     0     0     0     0     0     0     0     0     4    39   346  2904  3235 11923  9974 11921 11242 10651 11745  8613    26
ch   41:      0     0     0     0     0     0     0     0     0     0     0     0     0     0     0     0     0     0     1     7   107   653  7164 15383 10655 12893  3484  9295 12676 12626  9988     1
ch   42:      0     0     0     0     0     0     0     0     0     0     0     0     0     0     0     0     0     0     0     2    52   570  5021 15230 13343  9895 16561  8378 14137 11065 11551    27
ch   43:      0     0     0     0     0     0     0     0     0     0     0     0     0     0     0     0     0     0     0     7    82   576  5803  9515 10619  8228 12136  7497 11831 11661 11553     5
ch   44:      0     0     0     0     0     0     0     0     0     0     0     0     0     0     0     0     0     0     1     7    30   453  2548  1933  6512  6749 12549 10552  7778 11756 12448    34
ch   45:      0     0     0     0     0     0     0     0     0     0     0     0     0     0     0     0     0     0     1    14    86  1187  8428 14497 15064 12735 11357 10809 12089 12511 11573   566
ch   46:      0     0     0     0     0     0     0     0     0     0     0     0     0     0     0     0     0     0     0     1    42   488  4705  8814  6689 10223 10818 14693  8829 11850 12929    21
ch   47:      0     0     0     0     0     0     0     0     0     0     0     0     0     0     0     0     0     0     1     7   117   737  7992  6113 11488 10161 13408 10955  9966  6205  9484     4
ch   48:      0     0     0     0     0     0     0     0     0     0     0     0     0     0     0     0     0     1     1     2    20   388  4176 13815 14744 12557  3603  6886  8657 10701  5415    37
ch   49:      0     0     0     0     0     0     0     0     0     0     0     0     0     0     0     0     0     0     0     8   111   806  6666  6798 13684  8892 11303  8904  9053 11036  8214     1
ch   50:      0     0     0     0     0     0     0     0     0     0     0     0     0     0     0     0     0     0     0     0    53   538  3706 10404  9166  6228  7836  7412 11226 12443  4543    26
ch   51:      0     0     0     0     0     0     0     0     0     0     0     0     0     0     0     0     0     0     0     3   109   777 10508 11592 13466 11675 12917 13277  7057 11527 10751     3
ch   52:      0     0     0     0     0     0     0     0     0     0     0     0     0     0     0     0     0     0     0     2    34   344  3447 16660 16049  4484 10456 10047  6888 13818  9767    21
ch   53:      0     0     0     0     0     0     0     0     0     0     0     0     0     0     0     0     0     1     1     8   129  1162  7601 15481  5967  7372 10902 11324  7575  3813 15630     6
ch   54:      0     0     0     0     0     0     0     0     0     0     0     0     0     0     0     0     0     0     0     3    48   319  4351 11581  9082  9528 10259  8019  7282 12356 14497    25
ch   55:      0     0     0     0     0     0     0     0     0     0     0     0     0     0     0     0     0     0     1     6   136  1197  7493 15400 10173 12776 14549  8329 11778  7708  7533     8
ch   56:      0     0     0     0     0     0     0     0     0     0     0     0     0     0     0     0     0     0     0     5    66   638  4334 11573  9484  7559  4011  9660 15888 12730  6507    18
ch   57:      0     0     0     0     0     0     0     0     0     0     0     0     0     0     0     0     0    53   417  6100  9588  6154  8297 14269 13587 10261  9534  9366 13270 12415 11739   398
ch   58:      0     0     0     0     0     0     0     0     0     0     0     0     0     0     0     0     0     0     1     5    58   402  4113 17426 10396 10108 11125 12630 12488  7533 11087    28
ch   59:      0     0     0     0     0     0     0     0     0     0     0     0     0     0     0     0     0     0     0     8    84   991  9048  5465  9261  8674 12465 13885 11055  8871  6977     4
ch   60:      0     0     0     0     0     0     0     0     0     0     0     0     0     0     0     0     0     0     0     5    88   633  5027  5963  5962  7823 11118 11270  9887 12282 10701    18
ch   61:      0     0     0     0     0     0     0     0     0     0     0     0     0     0     0     0     0     0     1    15   135   990  9349 10553 15760  7585 13560  6455 12625  6526 15173  1180
ch   62:      0     0     0     0     0     0     0     0     0     0     0     0     0     0     0     0     0     0     0     3    68   575  4971 15028 10428 12590 12138  8777  6228 12200  9240    45
ch   63:      0     0     0     0     0     0     0     0     0     0     0     0     0     0     0     0     0     0     1     7    81   934 11124 16754  8087 12954  9812  9503 12128 12522 12635     3
ch   64:      0     0     0     0     0     0     0     0     0     0     0     0     0     0     0     0     0     0     0     6    61   615  4393 18664 10368  8729 12881  7210  7038  4398 11561    37
ch   65:      0     0     0     0     0     0     0     0     0     0     0     0     0     0     0     0     0     0     0     5    89   918  9926  4458 14431 11245  9822 10342 10255  5830  9715     6
ch   66:      0     0     0     0     0     0     0     0     0     0     0     0     0     0     0     0     0     0     0    10    53   929  6889 17887  9041 12726 15772 12818 13140  7658 10463    23
ch   67:      0     0     0     0     0     0     0     0     0     0     0     0     0     0     0     0     0     0     0     6   135  1255 15196 14755 10028  9171  9639  9750  4066  7103 11061     3
ch   68:      0     0     0     0     0     0     0     0     0     0     0     0     0     0     0     0     0     0     0     4    38   704  5845 13069  9910 11605 13146 12118 11433 13985  5853    23
ch   69:      0     0     0     0     0     0     0     0     0     0     0     0     0     0     0     0     0     0     1    11    99  1552  7825  8353 13187 10529  8999 11682  9680  8733 14309     8
ch   70:      0     0     0     0     0     0     0     0     0     0     0     0     0     0     0     0     0     0     1     2    94   716  7138  6993 10919 12228 11144 13194 11170 12755 16541    15
ch   71:      0     0     0     0     0     0     0     0     0     0     0     0     0     0     0     0     0     1     1     9   125  1567  8932  5050  8068 11420  8321 16278 10153 11721 11456     6
ch   72:      0     0     0     0     0     0     0     0     0     0     0     0     0     0     0     0     0     0     0     5    53   609  6270 17524  8850 15408  9327 12191  6062 13587  7899    16
ch   73:      0     0     0     0     0     0     0     0     0     0     0     0     0     0     0     0     0     0     1     7   129  1069 15458 13641  8065 11218 12716  7630  5792 10252  8954     7
ch   74:      0     0     0     0     0     0     0     0     0     0     0     0     0     0     0     0     0     0     2     4    88   859  6584 13460  9526  5379 11102 10783  9671  6662  9676    14
ch   75:      0     0     0     0     0     0     0     0     0     0     0     0     0     0     0     0     0     0     1    13   196  1271 14182 14476  9523 11329  6520 10541 12941  8779  4748     1
ch   76:      0     0     0     0     0     0     0     0     0     0     0     0     0     0     0     0     0     0     0     3    55   589  5203 14980 12862 11721  4289  9052  5445  9370 11467    22
ch   77:      0     0     0     0     0     0     0     0     0     0     0     0     0     0     0     0     0     0     1     3   119  1356  8849  5258 11800  9327 12393  9458 10076  9048 10881     9
ch   78:      0     0     0     0     0     0     0     0     0     0     0     0     0     0     0     0     0     0     0     4    61   765  5374 11330 11538 12386  8206 10064 12801 11105 14989    25
ch   79:      0     0     0     0     0     0     0     0     0     0     0     0     0     0     0     0     0     0     1    13   268  1742 15072 10874  7782  8954 11614 13913  9839  8072 11005     2
ch   80:      0     0     0     0     0     0     0     0     0     0     0     0     0     0     0     0     0     0     0     7    54   632  7050 14225  6932  8551  6758  9226  9119  6006  7598    28
ch   81:      0     0     0     0     0     0     0     0     0     0     0     0     0     0     0     0     0     1     1     7   140  1640 10817  7285  7214 13894 11543  7572  9350  7763 11609     7
ch   82:      0     0     0     0     0     0     0     0     0     0     0     0     0     0     0     0     0     0     1     5   109   762  6965 17419 11124  7223 13703  8364 11850  9417 10412    31
ch   83:      0     0     0     0     0     0     0     0     0     0     0     0     0     0     0     0     0     0     0     7   194  1363 15010 15443 11509  5701 11482 10258  4986  6130  4837    14
ch   84:      0     0     0     0     0     0     0     0     0     0     0     0     0     0     0     0     0     0     1     6   138   772  8282 10492 12302  8464  9858  9468  3231  7716  9020    26
ch   85:      0     0     0     0     0     0     0     0     0     0     0     0     0     0     0     0     0     0     1    12   208  1768 12663  9046  8869 14443  6242  8902  7765  9193  7359    21
ch   86:      0     0     0     0     0     0     0     0     0     0     0     0     0     0     0     0     0     0     1     6    77   713  7103  5553 11204  7095 10204 11870 12415  7928  8294    40
ch   87:      0     0     0     0     0     0     0     0     0     0     0     0     0     0     0     0     0     0     1    10   175  1289 15182 15870 10037 10573 11715  8336 13025 10077 11907  3030
ch   88:      0     0     0     0     0     0     0     0     0     0     0     0     0     0     0     0     0     0     0     9   115  1099 11287  8785  8715  5913 10230  7472 12590  9101  8797    29
ch   89:      0     0     0     0     0     0     0     0     0     0     0     0     0     0     0     0     0     0     0    11   168  1503 17801  7986  4840 14274 13689 12367 12103 14515 13304  1994
ch   90:      0     0     0     0     0     0     0     0     0     0     0     0     0     0     0     0     0     0     1     3   128  1332  9375 12087  9674  8005  8334 10897  9053 15559 12604    31
ch   91:      0     0     0     0     0     0     0     0     0     0     0     0     0     0     0     0     0     0     1    19   148  1795 15379 17161  6281  7013  9946  9991 16238 10802  9445     7
ch   92:      0     0     0     0     0     0     0     0     0     0     0     0     0     0     0     0     0     0     0     8    98   748  7153 10298 13685 14089  7118 10801  9110  8377  8402    36
ch   93:      0     0     0     0     0     0     0     0     0     0     0     0     0     0     0     0     0     1     1     9   116  1539 13106  5519  9042  9570 10205  5391 11170 14192  8807    15
ch   94:      0     0     0     0     0     0     0     0     0     0     0     0     0     0     0     0     0     0     0     4   110   816  7154  2966 10485 12663 11385 10938 11213 13688  8951    49
ch   95:      0     0     0     0     0     0     0     0     0     0     0     0     0     0     0     0     0     0     4    19   197  1920 12524 11419 15158 13172  8880  9513 12148  8396  9871    22
ch   96:      0     0     0     0     0     0     0     0     0     0     0     0     0     0     0     0     0     0     0     5    92  1215  7494 14622  9419 13644 12793  6603 10041  8048  3331    49
ch   97:      0     0     0     0     0     0     0     0     0     0     0     0     0     0     0     0     0     0     1    16   235  2658 13030  5810  9966  9709  6829  8115  9124 11721 13648     9
ch   98:      0     0     0     0     0     0     0     0     0     0     0     0     0     0     0     0     0     1     1     6   140  1097  8390  8803 11297 11371  9327  8768  8459  4563 10926    31
ch   99:      0     0     0     0     0     0     0     0     0     0     0     0     0     0     0     0     0     0     5    33   184  2387 15471 17010 14239 12154 14383 12566 12362  7921 10604    19
ch  100:      0     0     0     0     0     0     0     0     0     0     0     0     0     0     0     0     0     0     0    10   107  1837 15739  5100 11682  4726 12272 10665 13040 14446  4031    50
ch  101:      0     0     0     0     0     0     0     0     0     0     0     0     0     0     0     0     0     0     0    17   187  1577 16876 16334 15995  9503  5389  8692  9955 12603  7061    23
ch  102:      0     0     0     0     0     0     0     0     0     0     0     0     0     0     0     0     0     0     0     7    95   840  8752 12922 13329  6644 10129  6711 12179  6796  5704    71
ch  103:      0     0     0     0     0     0     0     0     0     0     0     0     0     0     0     0     0     0     0    14   368  2041  1586  5905 10905 13434  9252 11706  9064  8853  8945    24
ch  104:      0     0     0     0     0     0     0     0     0     0     0     0     0     0     0     0     0     0     0     1    98  1150 10403 10775 11635  9001  4983 10464 14740 10418  9917    48
ch  105:      0     0     0     0     0     0     0     0     0     0     0     0     0     0     0     0     0     0     1    15   243  1721 14665  5741 14282 10698 12825 13618 10990 12386 13017  1536
ch  106:      0     0     0     0     0     0     0     0     0     0     0     0     0     0     0     0     0     0     1    17    99  1439 10371  3229  9375  7564 10629 10534 14647 10930 11040    48
ch  107:      0     0     0     0     0     0     0     0     0     0     0     0     0     0     0     0     0     0     0    25   281  1789 18598  6749  8531 13976  9330  6541  8334 14873  7372    27
ch  108:      0     0     0     0     0     0     0     0     0     0     0     0     0     0     0     0     0     0     2    12   108   955 11175  5605  8364 12389 10210 13784 16495  8430 14378    44
ch  109:      0     0     0     0     0     0     0     0     0     0     0     0     0     0     0     0     0     0     0    11   247  2164 14822  8068 10334  7417 10864  6094 10088  8704 11861  1389
ch  110:      0     0     0     0     0     0     0     0     0     0     0     0     0     0     0     0     0     0     0     7    72  1158  7163 15579 13806 11090  8455  8521 13994  6443 11034    46
ch  111:      0     0     0     0     0     0     0     0     0     0     0     0     0     0     0     0     0     0     1     9   210  2160 14413 12278 11418 10127  8626  8875  5948  8506  4956  2757
ch  112:      0     0     0     0     0     0     0     0     0     0     0     0     0     0     0     0     0     0     0     9   112  1615 12086  8102 12366 10064  8874 14644  9821  4113  5854    52
ch  113:      0     0     0     0     0     0     0     0     0     0     0     0     0     0     0     0     0     0     0    13   224  2393 18430  5163 10901  9095  9614 11753  7346 12711 13996  8704
ch  114:      0     0     0     0     0     0     0     0     0     0     0     0     0     0     0     0     0     0     0     7    96  1035  7659 11427 12614 10907  6652 10538  6696 10536 13860    63
ch  115:      0     0     0     0     0     0     0     0     0     0     0     0     0     0     0     0     0     0     1     8   236  1743 14563 14892  3496 11808 13585  5891 10777 14582 10524  8395
ch  116:      0     0     0     0     0     0     0     0     0     0     0     0     0     0     0     0     0     0     1     4    85  1372  7903 12431  8459  5825  8072  9306 13305 10179 16386    51
ch  117:      0     0     0     0     0     0     0     0     0     0     0     0     0     0     0     0     0     0     3     5   154  1287 18413  4563  5678  8321  7334  8341  9188  9406  6968  8092
ch  118:      0     0     0     0     0     0     0     0     0     0     0     0     0     0     0     0     0     0     1    17   155  1080 13823 17206  7637 10912 12573 11862 11263  8652 10297    49
ch  119:      0     0     0     0     0     0     0     0     0     0     0     0     0     0     0     0     1     1     5    20   186  1463 16628  5633  4954 12531  8304  7877 10047  9201 10929    52
ch  120:      0     0     0     0     0     0     0     0     0     0     0     0     0     0     0     0     0     0     0     8    98   816  8079  7885  9436 11658  6258 13246 10487 11897 14704   109
ch  121:      0     0     0     0     0     0     0     0     0     0     0     0     0     0     0     0     0     0     0    12   126  1623 12677 13635 11438 10941 11856  8476  9635 10460  7003  8399
ch  122:      0     0     0     0     0     0     0     0     0     0     0     0     0     0     0     0     0     0     0     8   139  1473  9576  2644 12689 11397 11076 11350  5336  7855 10858    80
ch  123:      0     0     0     0     0     0     0     0     0     0     0     0     0     0     0     0     0     1     2    11   186  2068 12387  8611 16000  8847 10002  9791  7860 10215 13511 12134
ch  124:      0     0     0     0     0     0     0     0     0     0     0     0     0     0     0     0     0     0     1    16    99  1060 11629  3819 12604 10726 12372  6938 13275  8468 12425    52
ch  125:      0     0     0     0     0     0     0     0     0     0     0     0     0     0     0     0     0     0     0    38   404  3224  1947 16145  5115 11841  9088  9914 11108 13395  7432    41
ch  126:      0     0     0     0     0     0     0     0     0     0     0     0     0     0     0     0     0     0     1     7   119  1049  6415  5330  9298 12588  8761  7342  8094 12840 10536 11845
ch  127:      0     0     0     0     0     0     0     0     0     0     0     0     0     0     0     0     0     0     0    24   375  3195  4576  7853 12910 11025 10603  5607 13594  8657 12311  6721
