ch    0:      0     0     0     0     0     0     0     0     0     0     0     0     0     0     0     0     0     0     0     0     0     2    57   530  2811 15521  5278  8877  9509 10407 10330     0
ch    1:      0     0     0     0     0     0     0     0     0     0     0     0     0     0     0     0     0     0     0     0     1    21   153  1776  8076 11634 13063  8428 10679  9990  8951     0
ch    2:      0     0     0     0     0     0     0     0     0     0     0     0     0     0     0     0     0     0     0     0     2    10   145  1460  9277 13683 10407 15147  6669 10146  6374     3
ch    3:      0     0     0     0     0     0     0     0     0     0     0     0     0     0     0     0     0     0     0     0     1    33   279  2640 14232  4316 13631  8557  7748  6348  7342     1
ch    4:      0     0     0     0     0     0     0     0     0     0     0     0     0     0     0     0     0     0     0     0     3    13   291  2254 13091  7294  6107 10426  6237 12218 11693    18
ch    5:      0     0     0     0     0     0     0     0     0     0     0     0     0     0     0     0     0     0     0     0     1    24   499  3058 11919 10179 12678 13953 12896  9412  9016     1
ch    6:      0     0     0     0     0     0     0     0     0     0     0     0     0     0     0     0     0     0     0     0     1    20   329  1873 15410 15234 11707 11827  7230  5420  6625    39
ch    7:      0     0     0     0     0     0     0     0     0     0     0     0     0     0     0     0     0     0     0     1    10    52   434  4852  9559 14666 10187  8883 12087  6452 12309     2
ch    8:      0     0     0     0     0     0     0     0     0     0     0     0     0     0     0     0     0     0     0     0     1    15   366  3202 17346  8747 12412 10605 11598 10222 12325    30
ch    9:      0     0     0     0     0     0     0     0     0     0     0     0     0     0     0     0     0     0     0     0     7    66   640  6613  8955  7740  9993 12297  9925 14605 14139     4
ch   10:      0     0     0     0     0     0     0     0     0     0     0     0     0     0     0     0     0     0     0     0     2    61   526  5022  4242 10232  8875 10830  6212 10678 14720    53
ch   11:      0     0     0     0     0     0     0     0     0     0     0     0     0     0     0     0     0     0     0     1     7    76  1091  7337  8085  8964 12554 14688 17071 11338 14324     8
ch   12:      0     0     0     0     0     0     0     0     0     0     0     0     0     0     0     0     0     0     0     0     2    64   870  6320  8432 11428 12761  7266 13559 11438 10251    52
ch   13:      0     0     0     0     0     0     0     0     0     0     0     0     0     0     0     0     0     0     0     0     3    63   901  8103 10719 16611 10597 11118  8982  7798 16520     5
ch   14:      0     0     0     0     0     0     0     0     0     0     0     0     0     0     0     0     0     0     0     0     3    78   891  5638 15607 12784  8005  8255 10655 14197  4996    40
ch   15:      0     0     0     0     0     0     0     0     0     0     0     0     0     0     0     0     0     0     0     0     9   120   958  8070  8359  7219  8995  6780  7846 11354  4408     5
ch   16:      0     0     0     0     0     0     0     0     0     0     0     0     0     0     0     0     0     0     0     0     7    73   744  8021  7268 14917  5663  8192 12727 10919 10542    68
ch   17:      0     0     0     0     0     0     0     0     0     0     0     0     0     0     0     0     0     0     0     0     3   152  1528 13545 13271 13489 10470  9160 13879 14890 12395     6
ch   18:      0     0     0     0     0     0     0     0     0     0     0     0     0     0     0     0     0     0     0     1     7    77   857  8086 13471 13794 11515 11795 11166  6254 11972    67
ch   19:      0     0     0     0     0     0     0     0     0     0     0     0     0     0     0     0     0     0     0     3     8   140  1657 11729 14737  7414  8937  9228 12224  7074 11220     4
ch   20:      0     0     0     0     0     0     0     0     0     0     0     0     0     0     0     0     0     0     0     0     5   135  1163  8035  9298 18336 12516 11603  7365 12046  7984    46
ch   21:      0     0     0     0     0     0     0     0     0     0     0     0     0     0     0     0     0     0     0     0    22   191  2732 11718 11139  9067 13345 12791  5939 10719 11546     7
ch   22:      0     0     0     0     0     0     0     0     0     0     0     0     0     0     0     0     0     0     0     0    10   129  1121 10298 13366 12174 12511 12035  8804 13429 10454    43
ch   23:      0     0     0     0     0     0     0     0     0     0     0     0     0     0     0     0     0     0     0     0    15   362  3418 12627 11445 11876  9895  7601  7081 12940  8674     6
ch   24:      0     0     0     0     0     0     0     0     0     0     0     0     0     0     0     0     0     0     0     0    19   164  2457 16162 14142  7978 10772 13517  8906  7725 10335    17
ch   25:      0     0     0     0     0     0     0     0     0     0     0     0     0     0     0     0     0     0     0     1    19   249  2241 15329  5540  6780 10057  9025 12177 11371  6392     5
ch   26:      0     0     0     0     0     0     0     0     0     0     0     0     0     0     0     0     0     0     0     1    16   194  1584 10302 16980 13681 15304 15352  6729  8209 10328    56
ch   27:      0     0     0     0     0     0     0     0     0     0     0     0     0     0     0     0     0     0     0     2    30   387  3331  4104 15048  7133 12056  7706 10421  8679 12121     4
ch   28:      0     0     0     0     0     0     0     0     0     0     0     0     0     0     0     0     0     0     0     0    19   188  1838 13481  6393  8418  7916 10136  8077  8994 13170    38
ch   29:      0     0     0     0     0     0     0     0     0     0     0     0     0     0     0     0     0     0     0     2    28   357  3143  2546 10670 10146  8165  9245 11838 14172 10211     4
ch   30:      0     0     0     0     0     0     0     0     0     0     0     0     0     0     0     0     0     0     0     0    18   182  1768 13441  9612  7318  6766 11585  9553 13036 11308    67
ch   31:      0     0     0     0     0     0     0     0     0     0     0     0     0     0     0     0     0     0     0     3    23   455  3352  5678 13298 11368  7879  6346 13110 14441  7529     4
ch   32:      0     0     0     0     0     0     0     0     0     0     0     0     0     0     0     0     0     0     0     0     7   229  2279 17812  9091 11760  7932 11303 12979  9200 10629    38
ch   33:      0     0     0     0     0     0     0     0     0     0     0     0     0     0     0     0     0     0     0     2    38   517  4605  5738 10466  8032 14750 13740  5026  7832 12659     6
ch   34:      0     0     0     0     0     0     0     0     0     0     0     0     0     0     0     0     0     0     0     1    21   271  2475 15467  8646 12029 10086 13091 13446 12026 14370    48
ch   35:      0     0     0     0     0     0     0     0     0     0     0     0     0     0     0     0     0     0     0     5    39   514  4661 10160 14224  6385 11724 11290 12631 15958  6609     2
ch   36:      0     0     0     0     0     0     0     0     0     0     0     0     0     0     0     0     0     0     0     0    39   242  2339  5444 12689  8744  6302  6836 12177 12455 11355    55
ch   37:      0     0     0     0     0     0     0     0     0     0     0     0     0     0     0     0     0     0     1     5    47   717  4865 13925  8615  8050  7624  7883  8977  6399 12528     4
ch   38:      0     0     0     0     0     0     0     0     0     0     0     0     0     0     0     0     0     0     0     0    14   245  1884   977  5734  7463 11001 10454  8738  9475 10469    47
ch   39:      0     0     0     0     0     0     0     0     0     0     0     0     0     0     0     0     0     0     0     3    53   483  5514 11405  8427 13537  9152 16578  8156  7527 12423     4
ch   40:      0     0     0     0     0     0     0     0     0     0     0     0     0     0     0     0     0     0     0     2    30   250  2493   905  9877 12238 12561 12601  8527 10061 14370    45
ch   41:      0     0     0     0     0     0     0     0     0     0     0     0     0     0     0     0     0     1     1     7    36   942  6251 16303 11906 11626 11292  5685 13177 11251 11486     6
ch   42:      0     0     0     0     0     0     0     0     0     0     0     0     0     0     0     0     0     0     0     1    35   401  4245  2202 12249  9815 12541  8566  5208 10633  7252    70
ch   43:      0     0     0     0     0     0     0     0     0     0     0     0     0     0     0     0     0     0     0     4    63   655  4911 13524 12828  9004 13846 11105 10853 10956 11833     3
ch   44:      0     0     0     0     0     0     0     0     0     0     0     0     0     0     0     0     0     0     0     1    22   338  3021  5788  6688  8835 11895 12735  9150 11131 12146    54
ch   45:      0     0     0     0     0     0     0     0     0     0     0     0     0     0     0     0     0     0     0     7    96   673  5648  2244  9786 13260 11465 12209  8874  6087 12546     3
ch   46:      0     0     0     0     0     0     0     0     0     0     0     0     0     0     0     0     0     0     0     1    28   378  4151  6726  7101 10807 13190  9105  9725 12261 11154    41
ch   47:      0     0     0     0     0     0     0     0     0     0     0     0     0     0     0     0     0     0     0     9    67   806  6732 18187  9359 12477  8961 12265 10365 12186 12095     2
ch   48:      0     0     0     0     0     0     0     0     0     0     0     0     0     0     0     0     0     0     0     5    26   319  3725  8971  8558  8371 12448 10407 11559 13157 12779    33
ch   49:      0     0     0     0     0     0     0     0     0     0     0     0     0     0     0     0     0     0     1     3    44   657  5872 11937  7654  5932  9583  9632  6709 11701  8804     6
ch   50:      0     0     0     0     0     0     0     0     0     0     0     0     0     0     0     0     0     0     0     0    18   413  3127   814  8187  6754 11957 11377  9283 10009 10050    52
ch   51:      0     0     0     0     0     0     0     0     0     0     0     0     0     0     0     0     0     0     1     5    62   975  9366  8138 11741  8084 15155 15563 14450  8762 11080     0
ch   52:      0     0     0     0     0     0     0     0     0     0     0     0     0     0     0     0     0     0     0     1    32   386  3840 12066 14021 12069 12955  8406  6506  8125 13469    41
ch   53:      0     0     0     0     0     0     0     0     0     0     0     0     0     0     0     0     0     0     0     4    86   874  6630 11403 12556  5742 11116  9350  9933  8247  8234     8
ch   54:      0     0     0     0     0     0     0     0     0     0     0     0     0     0     0     0     0     0     0     1    37   248  3896  1462 14837 14136  7549 12514  9798  7295 11307    45
ch   55:      0     0     0     0     0     0     0     0     0     0     0     0     0     0     0     0     0     0     1     6    84   944  6854  2339 11405 15025  7168 10917 12700 10300 12275     5
ch   56:      0     0     0     0     0     0     0     0     0     0     0     0     0     0     0     0     0     0     1     2    24   472  3787  1968 10337 10916 13603  7019  8218 11592 12468    34
ch   57:      0     0     0     0     0     0     0     0     0     0     0     0     0     0     0     0     2    52   469  5821  9408 12404  8040 13497 11049 11344  9594 13355  6940 11920 10216  2708
ch   58:      0     0     0     0     0     0     0     0     0     0     0     0     0     0     0     0     0     0     0     2    28   480  4978 14376 12748 11034 13596  9422  7380 11129 12267    48
ch   59:      0     0     0     0     0     0     0     0     0     0     0     0     0     0     0     0     0     0     0     4    56   757  8196  2992  8564 10668  9004 15211 10113  9401 11814     3
ch   60:      0     0     0     0     0     0     0     0     0     0     0     0     0     0     0     0     0     0     0     2    58   753  6053  4970 12145  7632  6674 13588  9646  9183  9667    33
ch   61:      0     0     0     0     0     0     0     0     0     0     0     0     0     0     0     0     0     0     2     6    57   774  7871  5876 10918 10379  9835 12009  7757 11500  8988     5
ch   62:      0     0     0     0     0     0     0     0     0     0     0     0     0     0     0     0     0     0     0     0    56   459  4106 14881  7432 11332  9180  6959 15294  7975  8324    48
ch   63:      0     0     0     0     0     0     0     0     0     0     0     0     0     0     0     0     0     0     0     4    61  1095  9774 12563 12612  7244 12698 12278  5615  8360  5318     9
ch   64:      0     0     0     0     0     0     0     0     0     0     0     0     0     0     0     0     0     0     0     2    35   457  3646 14599  6484 12375 10535 10187  9461 11653  5741    51
ch   65:      0     0     0     0     0     0     0     0     0     0     0     0     0     0     0     0     0     0     0     3    85   789  8646 16923  4765 14824 13042  7839  7086  5690 13916     8
ch   66:      0     0     0     0     0     0     0     0     0     0     0     0     0     0     0     0     0     0     0     3    40  1150  4215 16597 14682  9509  5521  8531 10762  7398  8649    26
ch   67:      0     0     0     0     0     0     0     0     0     0     0     0     0     0     0     0     0     0     0     5   122  1069  9258  8367  6812 15449 14236 11089  4689 11558 10593     4
ch   68:      0     0     0     0     0     0     0     0     0     0     0     0     0     0     0     0     0     0     0     1    16   380  3953  8531 11487  6458 11502 11927  8528 11175  9352    31
ch   69:      0     0     0     0     0     0     0     0     0     0     0     0     0     0     0     0     0     0     2     6    70   723  9405  5070  9839  9068  9084 13277 11653 11614 11307     6
ch   70:      0     0     0     0     0     0     0     0     0     0     0     0     0     0     0     0     0     0     1     2    68   552  6005  3778 10914 10208 10714 10160 10692 13798  7841    28
ch   71:      0     0     0     0     0     0     0     0     0     0     0     0     0     0     0     0     0     0     0     8    71   708 11175 16096 12467 11129 13744 10122 10992 11055 12467     6
ch   72:      0     0     0     0     0     0     0     0     0     0     0     0     0     0     0     0     0     0     0     5    29   442  5246  8335 11162 12627 14539 10398  6189  6115  8742    25
ch   73:      0     0     0     0     0     0     0     0     0     0     0     0     0     0     0     0     0     0     0     5    54  1225  9642  6877  9986  7409  6375 13044  8094 15151 10732     6
ch   74:      0     0     0     0     0     0     0     0     0     0     0     0     0     0     0     0     0     0     0     3    46   699  5672  7613  7617  6791  5326 11560  6824  9779 12665    40
ch   75:      0     0     0     0     0     0     0     0     0     0     0     0     0     0     0     0     0     0     0     5   145   934 11610  2077 11802  7877 11687 11826 13255  4338  8669     6
ch   76:      0     0     0     0     0     0     0     0     0     0     0     0     0     0     0     0     0     0     0     2    53   441  6441  4825  7476 10932  9127  7250  9596 14141  6705    41
ch   77:      0     0     0     0     0     0     0     0     0     0     0     0     0     0     0     0     0     0     0     7    92  1095  9841 14222 11251 12199 15280 13322  7058  9022  8534    10
ch   78:      0     0     0     0     0     0     0     0     0     0     0     0     0     0     0     0     0     0     0     1    37   360  5663 14659 10753  8696  6166 11847 17050  8055  8423    49
ch   79:      0     0     0     0     0     0     0     0     0     0     0     0     0     0     0     0     0     0     0     9   123  1323 13081  6871  6617 11449  5051 10930  6947 10051 14279    13
ch   80:      0     0     0     0     0     0     0     0     0     0     0     0     0     0     0     0     0     0     0     3    51   512  4251 16672 16694  6424 11642 15348 10775  8787 12045    39
ch   81:      0     0     0     0     0     0     0     0     0     0     0     0     0     0     0     0     0     0     0     8    83  1317  9373  8903 15244  9548  9373 11451 10909 11329 10487    10
ch   82:      0     0     0     0     0     0     0     0     0     0     0     0     0     0     0     0     0     0     0     3    66   718  8408 13836  6064  6915  5583  7004 12879  6137 13647    34
ch   83:      0     0     0     0     0     0     0     0     0     0     0     0     0     0     0     0     0     0     0     4   114  1101  9008  9931  8858  5892 12608  8504  9634 10126 11380    12
ch   84:      0     0     0     0     0     0     0     0     0     0     0     0     0     0     0     0     0     0     0     2   110   792  7167  8778 12222 15263  7690 12284  9876 10202  9005    36
ch   85:      0     0     0     0     0     0     0     0     0     0     0     0     0     0     0     0     0     0     0    10   103  1449 11199 16151 12738  9364  9547 12109  9909  7532 12653     8
ch   86:      0     0     0     0     0     0     0     0     0     0     0     0     0     0     0     0     0     0     1     2    41   950  4458  4661 10700 10728 11692  8265 10399 11370  4501    65
ch   87:      0     0     0     0     0     0     0     0     0     0     0     0     0     0     0     0     0     0     0     5   123  1447  9659  9291 10302 12381 13166  9486 13927  9138 12559    11
ch   88:      0     0     0     0     0     0     0     0     0     0     0     0     0     0     0     0     0     0     1     6    78   806 10059  4081 10121  8243  8191  8401  9302 14665  8118    36
ch   89:      0     0     0     0     0     0     0     0     0     0     0     0     0     0     0     0     0     0     0    11    85  1820 15935  8041 12814 10926 18356  9320  9386 10319  6957    10
ch   90:      0     0     0     0     0     0     0     0     0     0     0     0     0     0     0     0     0     0     0     4    93   732  7255 15102  8401 11281 10966  5211  9013  7357 10634    26
ch   91:      0     0     0     0     0     0     0     0     0     0     0     0     0     0     0     0     0     0     0     5   117  2119 13670  7723 11106 10820  8282 10960 12255 10508  8301     9
ch   92:      0     0     0     0     0     0     0     0     0     0     0     0     0     0     0     0     0     0     0     1    53   604  8097  7022 11412  6150 13860  7209 10994  9654 13917    45
ch   93:      0     0     0     0     0     0     0     0     0     0     0     0     0     0     0     0     0     0     1     3   146   900 11330  8249  8819  9347  9107 12013 10728  7929  6717    18
ch   94:      0     0     0     0     0     0     0     0     0     0     0     0     0     0     0     0     0     0     0     3    62   668  4776  8472  8848  8914 10772 10622  9937 13830 11279    60
ch   95:      0     0     0     0     0     0     0     0     0     0     0     0     0     0     0     0     0     0     0    16   130  1571 15238  6632 14129  9921 12427 10018  7719  7043 10567    16
ch   96:      0     0     0     0     0     0     0     0     0     0     0     0     0     0     0     0     0     0     1     4    64  1003  6662 14716  9547 10176  3021 10665  8670 11351 10575    55
ch   97:      0     0     0     0     0     0     0     0     0     0     0     0     0     0     0     0     0     0     0    14   176  2080 15343  8805 12206 12751  5831 10445 10129  5787 11709    14
ch   98:      0     0     0     0     0     0     0     0     0     0     0     0     0     0     0     0     0     0     0     3    64   571  7385  5339 11468  9379  4929 11721  9132  9517 10679    24
ch   99:      0     0     0     0     0     0     0     0     0     0     0     0     0     0     0     0     0     0     1     6   150  1873 18640 15694 14867 11094  6945  8445 15156 10877  4716    27
ch  100:      0     0     0     0     0     0     0     0     0     0     0     0     0     0     0     0     0     0     0     9   109   775  9801 17126 12913 10763 14337 13477  9904  9793  9395    43
ch  101:      0     0     0     0     0     0     0     0     0     0     0     0     0     0     0     0     0     0     0     8   139  1261 15293 13053 15539 13789 12558  9773  6693 16070 10644    27
ch  102:      0     0     0     0     0     0     0     0     0     0     0     0     0     0     0     0     0     0     0     5    68   693  7454 13715  7959 13371  6982 14222  9629  8450 11567    39
ch  103:      0     0     0     0     0     0     0     0     0     0     0     0     0     0     0     0     0     0     0    14   163  1730  8075  5162  3776  6253  9229  6171 11270  4355 13224    24
ch  104:      0     0     0     0     0     0     0     0     0     0     0     0     0     0     0     0     0     0     0     5    80   970  6546  6186  7769 15080  8659 13233  8533  8171  8907    43
ch  105:      0     0     0     0     0     0     0     0     0     0     0     0     0     0     0     0     0     0     0    16   174  2078 13170 14345 14696  8390  8262  5378  8757  6110  5064    44
ch  106:      0     0     0     0     0     0     0     0     0     0     0     0     0     0     0     0     0     0     1    12    72  1190  9409 16303  7487  8336 13115  9509 10471  6041  9183    43
ch  107:      0     0     0     0     0     0     0     0     0     0     0     0     0     0     0     0     0     1     1    14   192  2390 16271  5549 11908 12889 13440 11421 11074 10011 15554    28
ch  108:      0     0     0     0     0     0     0     0     0     0     0     0     0     0     0     0     0     0     0     2    68   797 10113 15635 10178  4247 12924  7277 14095 16608 14740    22
ch  109:      0     0     0     0     0     0     0     0     0     0     0     0     0     0     0     0     0     0     0     5   203  1829 13654  6967  7096  9335 11404  7689 14924  7864 14388    24
ch  110:      0     0     0     0     0     0     0     0     0     0     0     0     0     0     0     0     0     0     1     9    74  1025  9297 13153 10550  6466  9232  8249 13956 10656  9569    24
ch  111:      0     0     0     0     0     0     0     0     0     0     0     0     0     0     0     0     0     0     0    12   124  1173 18228  3807  9257 11654 11447  4399  9851 12839 12200    49
ch  112:      0     0     0     0     0     0     0     0     0     0     0     0     0     0     0     0     0     0     0     8    86   998  8144 15531  7175 11775 14058 10273  9515  5122 11431    38
ch  113:      0     0     0     0     0     0     0     0     0     0     0     0     0     0     0     0     0     1     2    11   198  2931 15696  9750 15119  6456  9579 12649  9637  8261 11616    33
ch  114:      0     0     0     0     0     0     0     0     0     0     0     0     0     0     0     0     0     0     0     4    89   921  6771  9277  8715 11579  6419 12168 14400 10786 13789    48
ch  115:      0     0     0     0     0     0     0     0     0     0     0     0     0     0     0     0     0     0     1    18   145  2084 17585  3009 14704 15759  8481 11364  3873  9423 11713    54
ch  116:      0     0     0     0     0     0     0     0     0     0     0     0     0     0     0     0     0     0     1     2   100  1181 10283 12799 14150  1548 12506 10908 10054  4460  8999    44
ch  117:      0     0     0     0     0     0     0     0     0     0     0     0     0     0     0     0     0     0     1    16   118  1764 17282  5955 11739  9969 10250 14368 14423  9097  8336    51
ch  118:      0     0     0     0     0     0     0     0     0     0     0     0     0     0     0     0     0     0     0     4    80   815  8394 17601  8051 11944 11029 10770  8971 14855  9824    36
ch  119:      0     0     0     0     0     0     0     0     0     0     0     0     0     0     0     0     0     0     2    12   214  1303 15063 13748 10450 10959 10639  8998 11516  7999 12703    35
ch  120:      0     0     0     0     0     0     0     0     0     0     0     0     0     0     0     0     0     0     0     9    65   880 10586  5302 15450  9777 12896 11321 13806  6503  6245    67
ch  121:      0     0     0     0     0     0     0     0     0     0     0     0     0     0     0     0     0     0     1    11   116  1297 10642 12120  5679 11551 11645 11625  7575 10879  7925    27
ch  122:      0     0     0     0     0     0     0     0     0     0     0     0     0     0     0     0     0     0     0     5    61   742  8143  6347  8015 12487 12463 10248  7180  8717 11925    82
ch  123:      0     0     0     0     0     0     0     0     0     0     0     0     0     0     0     0     0     1     3    12   178  1880 15519  6006  6403 11849  8923 11001 11820  9073 10964    44
ch  124:      0     0     0     0     0     0     0     0     0     0     0     0     0     0     0     0     0     0     1     4   140  1549 15400  6391  9182 12568 12693  9829 12195 11796  7225    56
ch  125:      0     0     0     0     0     0     0     0     0     0     0     0     0     0     0     0     0     0     2    12   303  2838 12553 14530  9600 13739 12016 12911  9908  7847  4792    40
ch  126:      0     0     0     0     0     0     0     0     0     0     0     0     0     0     0     0     0     0     1     4    90   660  9092  5069  8343 14514  8511  8045  8501  7742  9159  8928
ch  127:      0     0     0     0     0     0     0     0     0     0     0     0     0     0     0     0     0     0     4    14   249  3470  7225  7360  9027 11959 12107  8545  8390 11669  8454   787
