ch    0:      0     0     0     0     0     0     0     0     0     0     0     0     0     0     0     0     0     0     0     0     0     0     0     1   126  1134  9016  8028 11543  9940 10405  4519
ch    1:      0     0     0     0     0     0     0     0     0     0     0     0     0     0     0     0     0     0     0     0     0     0     0     1    57  1244 13002  9670 16306 11571  7139 11604
ch    2:      0     0     0     0     0     0     0     0     0     0     0     0     0     0     0     0     0     0     0     0     0     0     0    23   182  1725 12203 12365  9832  9197 11134  3109
ch    3:      0     0     0     0     0     0     0     0     0     0     0     0     0     0     0     0     0     0     0     0     0     0     0  1413   152  2412  5498  6003 11054 10586  7021 12377
ch    4:      0     0     0     0     0     0     0     0     0     0     0     0     0     0     0     0     0     0     0     0     0     0     0     9   250  2932 13230  8602  4777  4927  3479   917
ch    5:      0     0     0     0     0     0     0     0     0     0     0     0     0     0     0     0     0     0     0     0     0     0     0    16   258  3436 15592  6015 11830  8740 11343  5015
ch    6:      0     0     0     0     0     0     0     0     0     0     0     0     0     0     0     0     0     0     0     0     0     0     0    26   369  4801  9428 12479 10424 14236  8018   591
ch    7:      0     0     0     0     0     0     0     0     0     0     0     0     0     0     0     0     0     0     0     0     0     0     1    24   501  4037  7763  9456  8840 11458 10033  6634
ch    8:      0     0     0     0     0     0     0     0     0     0     0     0     0     0     0     0     0     0     0     0     0     0     0    24   306  4957 11080  6976 12205 10387 11019   653
ch    9:      0     0     0     0     0     0     0     0     0     0     0     0     0     0     0     0     0     0     0     0     0     0     1    36   680  5714 12036  6259 11534 10834 10035 10701
ch   10:      0     0     0     0     0     0     0     0     0     0     0     0     0     0     0     0     0     0     0     0     0     1     2    30   431  5032  8807 10059  6442 12761 11089   717
ch   11:      0     0     0     0     0     0     0     0     0     0     0     0     0     0     0     0     0     0     0     0     0     0     3    48   835  8286 11200 10256  8117 10934  5351 14557
ch   12:      0     0     0     0     0     0     0     0     0     0     0     0     0     0     0     0     0     0     0     0     0     0     1    30   456  6816 13352 11566  9938 11022 10529   787
ch   13:      0     0     0     0     0     0     0     0     0     0     0     0     0     0     0     0     0     0     0     0     0     0     0    64   661  9229 12566  9668 14257 11343 10688 12103
ch   14:      0     0     0     0     0     0     0     0     0     0     0     0     0     0     0     0     0     0     0     0     0     0     2    30   534  6745 10945 13837 12093 13937 10029   765
ch   15:      0     0     0     0     0     0     0     0     0     0     0     0     0     0     0     0     0     0     0     0     0     0     0    47   648  8807 16119  8874  8938 12000  9127  7915
ch   16:      0     0     0     0     0     0     0     0     0     0     0     0     0     0     0     0     0     0     0     0     0     0     1    37   601  9378 10805 13504  9431 12675 14263   770
ch   17:      0     0     0     0     0     0     0     0     0     0     0     0     0     0     0     0     0     0     0     0     0     0     1    46   580  9022 10437  8520  9028 12202  4838  7104
ch   18:      0     0     0     0     0     0     0     0     0     0     0     0     0     0     0     0     0     0     0     0     0     0     0    37   520  8878 12089  5494  9109 12240 10220  1011
ch   19:      0     0     0     0     0     0     0     0     0     0     0     0     0     0     0     0     0     0     0     0     0     0     1    45   797 10759 10993  9677 13473 11088  4001  6793
ch   20:      0     0     0     0     0     0     0     0     0     0     0     0     0     0     0     0     0     0     0     0     0     0     2    38   723 11979 11974 13503 12391 11424 10741   887
ch   21:      0     0     0     0     0     0     0     0     0     0     0     0     0     0     0     0     0     0     0     0     0     0     4    50   706 16713  8771  8512 11604  8067 10037  3934
ch   22:      0     0     0     0     0     0     0     0     0     0     0     0     0     0     0     0     0     0     0     0     0     0     1    79   689 10902 10867 10743 10418  9841  7198   834
ch   23:      0     0     0     0     0     0     0     0     0     0     0     0     0     0     0     0     0     0     0     0     0     0     5    40  1142 15086 11344 16924  9651 10971  8993  5258
ch   24:      0     0     0     0     0     0     0     0     0     0     0     0     0     0     0     0     0     0     0     0     0     0     1    30   717 12043  8170  9419 14803  8500  6099   757
ch   25:      0     0     0     0     0     0     0     0     0     0     0     0     0     0     0     0     0     0     0     0     0     0     1    56   872 15719 10236 11965 11171  9379  8261 14242
ch   26:      0     0     0     0     0     0     0     0     0     0     0     0     0     0     0     0     0     0     0     0     0     0     0    63  1104 11890  8029 12797  7221 11944  6553  1019
ch   27:      0     0     0     0     0     0     0     0     0     0     0     0     0     0     0     0     0     0     0     0     0     0     6    61  1502 15045 12333  9708 12805 12679  8116  2952
ch   28:      0     0     0     0     0     0     0     0     0     0     0     0     0     0     0     0     0     0     0     0     0     0     0    43  1029 11472 11690  7060  9833 15612 13381  1003
ch   29:      0     0     0     0     0     0     0     0     0     0     0     0     0     0     0     0     0     0     0     0     0     0     1    45  1170 12521 10946  9997 13457  8407 11972 12094
ch   30:      0     0     0     0     0     0     0     0     0     0     0     0     0     0     0     0     0     0     0     0     0     0     7    71  1316 11292 12111 12358 11623  4197  8641  1049
ch   31:      0     0     0     0     0     0     0     0     0     0     0     0     0     0     0     0     0     0     0     0     0     0     2   123  1917 14937  8531 12884 14736 11206 10600 15982
ch   32:      0     0     0     0     0     0     0     0     0     0     0     0     0     0     0     0     0     0     0     0     0     0     3    56  1319 14769  8482 12259  7950  8092 11125  1201
ch   33:      0     0     0     0     0     0     0     0     0     0     0     0     0     0     0     0     0     0     0     0     0     0     1    70  1650 12364  7345  8054  8043 11405  6549  2786
ch   34:      0     0     0     0     0     0     0     0     0     0     0     0     0     0     0     0     0     0     0     0     0     0     2    50  1448 12588  6613  9973 10226 10608  9387  1034
ch   35:      0     0     0     0     0     0     0     0     0     0     0     0     0     0     0     0     0     0     0     0     0     0     4    63  1177 12719  8268  6670  6946 10345  8954 15969
ch   36:      0     0     0     0     0     0     0     0     0     0     0     0     0     0     0     0     0     0     0     0     0     0     0    89  1975 14715 12704 11101  9233  4314  5834  1301
ch   37:      0     0     0     0     0     0     0     0     0     0     0     0     0     0     0     0     0     0     0     0     0     0     1    75  1405  8393  9680 10779  7846 11481  7278 12729
ch   38:      0     0     0     0     0     0     0     0     0     0     0     0     0     0     0     0     0     0     0     0     0     1     4    87  2158 15688  8957  6829 10942 11369  3885  1139
ch   39:      0     0     0     0     0     0     0     0     0     0     0     0     0     0     0     0     0     0     0     0     0     0     3    67  2276 13711 10614 10798  9589 13186 16160 16611
ch   40:      0     0     0     0     0     0     0     0     0     0     0     0     0     0     0     0     0     0     0     0     0     0     5    87  1240 15011 10459 11961 10726  7708 13387  1366
ch   41:      0     0     0     0     0     0     0     0     0     0     0     0     0     0     0     0     0     0     0     0     0     0     4   139  1496  9052  9352 12320 10524  9590 12487 13241
ch   42:      0     0     0     0     0     0     0     0     0     0     0     0     0     0     0     0     0     0     0     0     0     1     2    64  1983  5930  5506  7524  7315 11417 13648  1610
ch   43:      0     0     0     0     0     0     0     0     0     0     0     0     0     0     0     0     0     0     0     0     0     0     3   108  3240 11164 11497 10811 12441 13511  9578 14798
ch   44:      0     0     0     0     0     0     0     0     0     0     0     0     0     0     0     0     0     0     0     0     0     0     2   159  1540 15304 10645  9461 14333 13659 10410  1669
ch   45:      0     0     0     0     0     0     0     0     0     0     0     0     0     0     0     0     0     0     0     0     0     0     1   175  2425 12690 15306  9779 13484  6645  9533 14777
ch   46:      0     0     0     0     0     0     0     0     0     0     0     0     0     0     0     0     0     0     0     0     1     1     5   126  2051  5726  9954 13074  9499 10330  5104  1929
ch   47:      0     0     0     0     0     0     0     0     0     0     0     0     0     0     0     0     0     0     0     0     0     0     5   139  2142  9542  7185  8296 12395 11842 12499  5075
ch   48:      0     0     0     0     0     0     0     0     0     0     0     0     0     0     0     0     0     0     0     0     0     0     3   100  1431 14284  9285 10920  9104  9665 12634  2218
ch   49:      0     0     0     0     0     0     0     0     0     0     0     0     0     0     0     0     0     0     0     0     0     0     3   127  2411 13385  8473  9880  9965  8937  9083 16891
ch   50:      0     0     0     0     0     0     0     0     0     0     0     0     0     0     0     0     0     0     0     0     0     0     7   129  2567  8514 11196  9563  8403  8990 15040  2310
ch   51:      0     0     0     0     0     0     0     0     0     0     0     0     0     0     0     0     0     0     0     0     0     0     3   158  3401 11998  9103 13107 10653 11943  5569  2498
ch   52:      0     0     0     0     0     0     0     0     0     0     0     0     0     0     0     0     0     0     0     0     0     0     2   117  2586 12808  8544 11971 11609 14287 12152  2032
ch   53:      0     0     0     0     0     0     0     0     0     0     0     0     0     0     0     0     0     0     0     0     0     0     8   168  3709  7841 11298  7327 10643  6138  9588 17043
ch   54:      0     0     0     0     0     0     0     0     0     0     0     0     0     0     0     0     0     0     0     0     0     0     1   215  2724 15250  9640 10498  9180  8591 11604  2360
ch   55:      0     0     0     0     0     0     0     0     0     0     0     0     0     0     0     0     0     0     0     0     0     0    11   175  4064  8509  6886  7491 10724  8257 13088  6683
ch   56:      0     0     0     0     0     0     0     0     0     0     0     0     0     0     0     0     0     0     0     0     0     0     7   125  2932 15618 12633 11612 10410 14263  8517  2448
ch   57:      0     0     0     0     0     0     0     0     0     0     0     0     0     0     0     0     0     0     0     0     0     0     4   148  4538 12069 10413 12827  7887  9505  5595 18725
ch   58:      0     0     0     0     0     0     0     0     0     0     0     0     0     0     0     0     0     0     0     0     0     0     3   138  2783  5713  8174  4319 12052 11596 10725  2800
ch   59:      0     0     0     0     0     0     0     0     0     0     0     0     0     0     0     0     0     0     0     0     0     0     9   308  4250  8186 10218  9955  9222 13024 13224  9427
ch   60:      0     0     0     0     0     0     0     0     0     0     0     0     0     0     0     0     0     0     0     0     0     0     3   167  2107 14684 11262 12963 10709  5398  6819  4288
ch   61:      0     0     0     0     0     0     0     0     0     0     0     0     0     0     0     0     0     0     0     0     0     0     5   196  5274  6012  6614 12928 12427  4901 13608  7258
ch   62:      0     0     0     0     0     0     0     0     0     0     0     0     0     0     0     0     0     0     0     0     0     0    11   171  2324 13220 10841 12518 16467 11167 11038  4015
ch   63:      0     0     0     0     0     0     0     0     0     0     0     0     0     0     0     0     0     0     0     0     0     0     7   239  5913 12979  6045 12493  9768 10503 16153  6014
ch   64:      0     0     0     0     0     0     0     0     0     0     0     0     0     0     0     0     0     0     0     0     0     0    11   147  4105 11566 13921 10520  8214 12005 12492  4255
ch   65:      0     0     0     0     0     0     0     0     0     0     0     0     0     0     0     0     0     0     0     0     0     1     7   176  4001 10747  5756  9654  8392  8008 10981  9325
ch   66:      0     0     0     0     0     0     0     0     0     0     0     0     0     0     0     0     0     0     0     0     0     0     5   207  3221  9593  8344  6445 11402 13396  9916  4303
ch   67:      0     0     0     0     0     0     0     0     0     0     0     0     0     0     0     0     0     0     0     0     0     0    10   298  4910  9746 10309  8283  7335 12192  7089 16258
ch   68:      0     0     0     0     0     0     0     0     0     0     0     0     0     0     0     0     0     0     0     0     0     0     8   203  2420 10029 12414 11557 10373  6545 15384  4506
ch   69:      0     0     0     0     0     0     0     0     0     0     0     0     0     0     0     0     0     0     0     0     0     0    11   248  3920 11897 10207 10148 13865  8992 11364  7196
ch   70:      0     0     0     0     0     0     0     0     0     0     0     0     0     0     0     0     0     0     0     0     0     0     5   199  4068 10635  8475 12002  9886  5652  7150  4508
ch   71:      0     0     0     0     0     0     0     0     0     0     0     0     0     0     0     0     0     0     0     0     0     0    15   289  5739 11451  7590  9882 13943  8832  8584 11463
ch   72:      0     0     0     0     0     0     0     0     0     0     0     0     0     0     0     0     0     0     0     0     0     0    11   146  3429  9561  9440 13016 13237 14920  5279  6140
ch   73:      0     0     0     0     0     0     0     0     0     0     0     0     0     0     0     0     0     0     0     0     0     1     7   264  4205 11149 11699 11243  7610 13464 11110  5186
ch   74:      0     0     0     0     0     0     0     0     0     0     0     0     0     0     0     0     0     0     0     0     0     0    10   168  4206 13895 10451 10593 11975 16239 10325  6573
ch   75:      0     0     0     0     0     0     0     0     0     0     0     0     0     0     0     0     0     0     0     0     0     0    12   352  3865 12880  7075  9820  9370  8549 10046 15395
ch   76:      0     0     0     0     0     0     0     0     0     0     0     0     0     0     0     0     0     0     0     0     0     0     8   228  2492 14143 11207  4862 15081  3238  9827  6221
ch   77:      0     0     0     0     0     0     0     0     0     0     0     0     0     0     0     0     0     0     0     0     0     1    11   160  4850  9286  9427 10985 11492  8782  9345  4138
ch   78:      0     0     0     0     0     0     0     0     0     0     0     0     0     0     0     0     0     0     0     0     0     0    10   206  5085 15652  9498 15157  8524  8674 11656  5702
ch   79:      0     0     0     0     0     0     0     0     0     0     0     0     0     0     0     0     0     0     0     0     0     1    14   266  4040  8969 11094  6959  8443 10429 10402  4201
ch   80:      0     0     0     0     0     0     0     0     0     0     0     0     0     0     0     0     0     0     0     0     0     1     8   268  3108 14182 10084 11032 11883 13537 10399  5929
ch   81:      0     0     0     0     0     0     0     0     0     0     0     0     0     0     0     0     0     0     0     0     0     0     9   239  5755 12862 12991 13778  7961 10440 11890  1580
ch   82:      0     0     0     0     0     0     0     0     0     0     0     0     0     0     0     0     0     0     0     0     0     1     5   204  2611 13065 10378 12251  7553  7072  5545  5307
ch   83:      0     0     0     0     0     0     0     0     0     0     0     0     0     0     0     0     0     0     0     0     0     0    11   400  4816 12399  8820  9344 11609 11437  9036 16874
ch   84:      0     0     0     0     0     0     0     0     0     0     0     0     0     0     0     0     0     0     0     0     0     0     5   306  6148  7798 10320 11560  9558 10837  8665  5497
ch   85:      0     0     0     0     0     0     0     0     0     0     0     0     0     0     0     0     0     0     0     0     0     1     6   293  6450 10302  8486 13959 16519  7149 12928 14940
ch   86:      0     0     0     0     0     0     0     0     0     0     0     0     0     0     0     0     0     0     0     0     0     0     2   316  3498 12523 14453 11420  4706 11724  6926  4716
ch   87:      0     0     0     0     0     0     0     0     0     0     0     0     0     0     0     0     0     0     0     0     0     0    12   248  4109 11069  9582 10979  9949  6676 10479 15266
ch   88:      0     0     0     0     0     0     0     0     0     0     0     0     0     0     0     0     0     0     0     0     0     0    12   226  3947  9134  8691  7664 10518 12255 10967  4734
ch   89:      0     0     0     0     0     0     0     0     0     0     0     0     0     0     0     0     0     0     0     0     0     0     6   252  4119 12017  7751 12692  8482 12586 12565 10997
ch   90:      0     0     0     0     0     0     0     0     0     0     0     0     0     0     0     0     0     0     0     0     0     0     6   188  4004  9218 11626  8704 11553 10908  8829  4838
ch   91:      0     0     0     0     0     0     0     0     0     0     0     0     0     0     0     0     0     0     0     0     0     0    11   388  4241  5678 11069  8574  7041 11026 11482  9264
ch   92:      0     0     0     0     0     0     0     0     0     0     0     0     0     0     0     0     0     0     0     0     0     0     6   244  3740 12710 12573 16197  9661  8571  9309  5536
ch   93:      0     0     0     0     0     0     0     0     0     0     0     0     0     0     0     0     0     0     0     0     0     1    12   275  6418 12323  6634 10397  8699  6695  8200  7892
ch   94:      0     0     0     0     0     0     0     0     0     0     0     0     0     0     0     0     0     0     0     0     0     0    12   146  3758 12195 12238  9386  4558  8157  9374  4633
ch   95:      0     0     0     0     0     0     0     0     0     0     0     0     0     0     0     0     0     0     0     0     0     0    16   351  5144  6589  8240 12607 10101 14446  6860  8180
ch   96:      0     0     0     0     0     0     0     0     0     0     0     0     0     0     0     0     0     0     0     0     0     0    10   226  4837 10783 11059 12209 11815 11513  9704  4148
ch   97:      0     0     0     0     0     0     0     0     0     0     0     0     0     0     0     0     0     0     0     0     0     0     7   339  6159 12269 15396  6531  9015  7830  9013 11757
ch   98:      0     0     0     0     0     0     0     0     0     0     0     0     0     0     0     0     0     0     0     0     0     0     7   260  3815 11829  9502  7851 11862 13220  9732  5713
ch   99:      0     0     0     0     0     0     0     0     0     0     0     0     0     0     0     0     0     0     0     0     0     0    24   455  5271  9274 10870 11202  9945 10662  7511  9063
ch  100:      0     0     0     0     0     0     0     0     0     0     0     0     0     0     0     0     0     0     0     0     0     0     1   174  5962 12055 11104 12395  9152 13306 12590  6884
ch  101:      0     0     0     0     0     0     0     0     0     0     0     0     0     0     0     0     0     0     0     0     0     0     8   323  6176  9643 14038 10511 12053 13276 16395  9061
ch  102:      0     0     0     0     0     0     0     0     0     0     0     0     0     0     0     0     0     0     0     0     0     0     8   236  3124 11924 11782  8976  6357  5383 13340  6269
ch  103:      0     0     0     0     0     0     0     0     0     0     0     0     0     0     0     0     0     0     0     0     0     1    17   292  5330 10436 12997 15655  7267  9586 10150 10207
ch  104:      0     0     0     0     0     0     0     0     0     0     0     0     0     0     0     0     0     0     0     0     0     0    11   282  4652  9832  8162  8333  8942 10774 11726  8644
ch  105:      0     0     0     0     0     0     0     0     0     0     0     0     0     0     0     0     0     0     0     0     1     4    13   360  7025 11589  6683 10759 10873  8711 10764 12339
ch  106:      0     0     0     0     0     0     0     0     0     0     0     0     0     0     0     0     0     0     0     0     0     2     6   275  5605  8274 11598  8469 10544  9058 12063  6767
ch  107:      0     0     0     0     0     0     0     0     0     0     0     0     0     0     0     0     0     0     0     0     0     0    12   450  6163 12147  8753 10986 11995  3717 13209  7305
ch  108:      0     0     0     0     0     0     0     0     0     0     0     0     0     0     0     0     0     0     0     0     0     1    11   300  5837  8921  7911 11897  9087  8714  8569  9929
ch  109:      0     0     0     0     0     0     0     0     0     0     0     0     0     0     0     0     0     0     0     0     0     0    31   360  9880 10208  8790  7824  9077  4889 10390 13173
ch  110:      0     0     0     0     0     0     0     0     0     0     0     0     0     0     0     0     0     0     0     0     0     0    11   239  3747  9362  9033  7874  8668 11823  6249 10663
ch  111:      0     0     0     0     0     0     0     0     0     0     0     0     0     0     0     0     0     0     0     0     0     0    22   497  6947 10888  6845  9996  8541  9825 11223 11705
ch  112:      0     0     0     0     0     0     0     0     0     0     0     0     0     0     0     0     0     0     0     0     0     0    20   376  4362 12928 13028 12208 11193  9404 13255 14301
ch  113:      0     0     0     0     0     0     0     0     0     0     0     0     0     0     0     0     0     0     0     0     0     1    20   321  6227  9945  5875 12958  7189  8602 10694 16124
ch  114:      0     0     0     0     0     0     0     0     0     0     0     0     0     0     0     0     0     0     0     0     0     0    15   458  4440 14336 10914 11243 10172 10704  9952 17654
ch  115:      0     0     0     0     0     0     0     0     0     0     0     0     0     0     0     0     0     0     0     0     0     0    16   439  7423  7314 14405  6942 16563 10206  8753  1526
ch  116:      0     0     0     0     0     0     0     0     0     0     0     0     0     0     0     0     0     0     0     0     0     1    20   312  9552 10627 10152  6395 11321  8521 11943  2362
ch  117:      0     0     0     0     0     0     0     0     0     0     0     0     0     0     0     0     0     0     0     0     0     0    33   384  6604  8643 10824 12496  7475 11812 10507  8517
ch  118:      0     0     0     0     0     0     0     0     0     0     0     0     0     0     0     0     0     0     0     0     0     0     9   346  7638 11220 10054 14174 11080  9179  9194  5732
ch  119:      0     0     0     0     0     0     0     0     0     0     0     0     0     0     0     0     0     0     0     0     0     0    23   607  8073 12825  9743  7577  9920 11819 13119 16202
ch  120:      0     0     0     0     0     0     0     0     0     0     0     0     0     0     0     0     0     0     0     0     0     0    15   345  5860  9643  7622  6856 13733 10501  8298  8185
ch  121:      0     0     0     0     0     0     0     0     0     0     0     0     0     0     0     0     0     0     0     0     0     0    37   415  8515 14419 10757 11475  7436 10119  6688  6699
ch  122:      0     0     0     0     0     0     0     0     0     0     0     0     0     0     0     0     0     0     0     0     0     0    18   520  5931  9949  8908 14128  9751 14275  7961 12392
ch  123:      0     0     0     0     0     0     0     0     0     0     0     0     0     0     0     0     0     0     0     0     0     1    20   761  9410  7532 10651 11603 15828  5939  8204 14418
ch  124:      0     0     0     0     0     0     0     0     0     0     0     0     0     0     0     0     0     0     0     0     0     1    61   837 14047 10699  6386  9155 11696  8499  9725 10406
ch  125:      0     0     0     0     0     0     0     0     0     0     0     0     0     0     0     0     0     0     0     0     0     1    57  1289 14440 11400 13392  9873 12221  7514  7992  4955
ch  126:      0     0     0     0     0     0     0     0     0     0     0     0     0     0     0     0     0     0     0     0     0     3    80   846 12753 10750 10759  6566 12210  9464  6716  6832
ch  127:      0     0     0     0     0     0     0     0     0     0     0     0     0     0     0     0     0     0     0     0     0     2   107  2180 12337  9891  9356 14973 15592  4908  6406 16263
