ch    0:      0     0     0     0     0     0     0     0     0     0     0     0     0     0     0     0     0     0     0     0     0     2    18   245  2043  9721  9796  5835 13706 17772  8385   413
ch    1:      0     0     0     0     0     0     0     0     0     0     0     0     0     0     0     0     0     0     0     0     0     6    70   827  4689  2449  7474  8667  8262  9553 10472  3469
ch    2:      0     0     0     0     0     0     0     0     0     0     0     0     0     0     0     0     0     0     0     0     0    10    77   589  4477 12075  6596  4244  5638  7491 10925  1464
ch    3:      0     0     0     0     0     0     0     0     0     0     0     0     0     0     0     0     0     0     0     0     0     6   143  1117  6649 13071 13476  7657 16218  9716  8012  2569
ch    4:      0     0     0     0     0     0     0     0     0     0     0     0     0     0     0     0     0     0     0     1     1     6   128  1141  6089 12534 10636 13087 14424  7938  8764  9708
ch    5:      0     0     0     0     0     0     0     0     0     0     0     0     0     0     0     0     0     0     0     0     0    17   175  1218 13659  8836  8308 15256  7664  7676  7988  3093
ch    6:      0     0     0     0     0     0     0     0     0     0     0     0     0     0     0     0     0     0     0     0     0    13   155  1073  8531  9140 12578  9929 14392 13840  9786 15478
ch    7:      0     0     0     0     0     0     0     0     0     0     0     0     0     0     0     0     0     0     0     0     2    25   333  1868 13167  6603 11000  8220 14022 13775 15244  2926
ch    8:      0     0     0     0     0     0     0     0     0     0     0     0     0     0     0     0     0     0     0     0     0    21   216  1779 17631 13252 16001 13478  6863  8328  7072  8886
ch    9:      0     0     0     0     0     0     0     0     0     0     0     0     0     0     0     0     0     0     0     0     9    38   359  3113 18138  6088  8185 12818 14183  8061 10114  5996
ch   10:      0     0     0     0     0     0     0     0     0     0     0     0     0     0     0     0     0     0     0     0     1    25   184  2016 14708  7768 12365 16406 16564 12254 13671  5791
ch   11:      0     0     0     0     0     0     0     0     0     0     0     0     0     0     0     0     0     0     0     0     1    45   304  3575 16675 12951  7832 12426 10908  7259 11045  5335
ch   12:      0     0     0     0     0     0     0     0     0     0     0     0     0     0     0     0     0     0     0     1     3    30   348  3582  2114 10484  8134  5706  4222 10247  8171  6811
ch   13:      0     0     0     0     0     0     0     0     0     0     0     0     0     0     0     0     0     0     0     0     5    34   549  3207  5591 16573  4545  8872 13192 14005  6904 18595
ch   14:      0     0     0     0     0     0     0     0     0     0     0     0     0     0     0     0     0     0     0     0     1    45   342  2875 17556  8234 14843 11895  8757  4935 14427 13746
ch   15:      0     0     0     0     0     0     0     0     0     0     0     0     0     0     0     0     0     0     0     0     3    73   370  4127  9539 12440  5953  8016 10490 13245 11788 17251
ch   16:      0     0     0     0     0     0     0     0     0     0     0     0     0     0     0     0     0     0     0     0     1    46   325  3435  5488  6192  9323  9420  7747 13465  9399 14081
ch   17:      0     0     0     0     0     0     0     0     0     0     0     0     0     0     0     0     0     0     0     0     5    62   744  5665  8183  8481  7439 10737  8505  9267 12305  1908
ch   18:      0     0     0     0     0     0     0     0     0     0     0     0     0     0     0     0     0     0     1     0     1    28   602  3688 10398 14667 12496  6156 15420 14014  7964  5678
ch   19:      0     0     0     0     0     0     0     0     0     0     0     0     0     0     0     0     0     0     0     1     7    44   744  6295  3307 11028 12065 13607 11856 10625 12246  7492
ch   20:      0     0     0     0     0     0     0     0     0     0     0     0     0     0     0     0     0     0     0     2     8    76   653  4976 11184 10121 13068  9213 11399  7556 12335 11034
ch   21:      0     0     0     0     0     0     0     0     0     0     0     0     0     0     0     0     0     0     0     0     1    40   783  6152  5062 16692  5855 10839  3951  8684 10029 13502
ch   22:      0     0     0     0     0     0     0     0     0     0     0     0     0     0     0     0     0     0     0     0     3    58   429  4303 12059 12698  7106 14764 12879 13390 12091  6750
ch   23:      0     0     0     0     0     0     0     0     0     0     0     0     0     0     0     0     0     0     0     1     7    44   638  7663  7581 11714 10039 12665  6746  4822 10640 11778
ch   24:      0     0     0     0     0     0     0     0     0     0     0     0     0     0     0     0     0     0     0     0     3    53   561  7636  8037  8163 16165 10277 10778 11321 13227  7699
ch   25:      0     0     0     0     0     0     0     0     0     0     0     0     0     0     0     0     0     0     0     0     2    80   820  6660  5541 13908 16564 15129 11928  9219  5786  7116
ch   26:      0     0     0     0     0     0     0     0     0     0     0     0     0     0     0     0     0     0     0     0     2    70   830  8008 15469  9342 14922 10954  6965 10139  7938 14983
ch   27:      0     0     0     0     0     0     0     0     0     0     0     0     0     0     0     0     0     0     0     0     4    59   675  7826  2161 10154  7930 10398  5777 11487  7943  1066
ch   28:      0     0     0     0     0     0     0     0     0     0     0     0     0     0     0     0     0     0     0     1     4    90   736 10217  6445  9689  6871  7432  7813 11494 11239  6469
ch   29:      0     0     0     0     0     0     0     0     0     0     0     0     0     0     0     0     0     0     0     0     6    78   972  7152  6006  8986 10556  8472 12304  8235  5622  3702
ch   30:      0     0     0     0     0     0     0     0     0     0     0     0     0     0     0     0     0     0     0     0     0    78   754  7828 12861  5941  9520 14502 10938 11309 12007  5458
ch   31:      0     0     0     0     0     0     0     0     0     0     0     0     0     0     0     0     0     0     1     3    11   116   879  9637 14304 11131  4273  8566 14584 12375 12329  4640
ch   32:      0     0     0     0     0     0     0     0     0     0     0     0     0     0     0     0     0     0     0     3     7    99   786  8146 14400 12138 11019 12816 13363 14218  9791  5127
ch   33:      0     0     0     0     0     0     0     0     0     0     0     0     0     0     0     0     0     0     0     0     7    82  1154 11255  2699 12277  8766  8470  9795  9421 13016 13286
ch   34:      0     0     0     0     0     0     0     0     0     0     0     0     0     0     0     0     0     0     0     0     3   120   884  8350 11967 12285  9703  5276 11321  8829 11069 12766
ch   35:      0     0     0     0     0     0     0     0     0     0     0     0     0     0     0     0     0     0     0     2     7   115  1172 11970  4377  9935 11933  8856 12472 10788 11530 15233
ch   36:      0     0     0     0     0     0     0     0     0     0     0     0     0     0     0     0     0     0     0     1    12   134  1116 11733  6694  6102 12653  7507  5200  4585 10825 10454
ch   37:      0     0     0     0     0     0     0     0     0     0     0     0     0     0     0     0     0     0     0     0     9   180  1675 11779 12239  9742 17182  9372  9773  8720  9631  6124
ch   38:      0     0     0     0     0     0     0     0     0     0     0     0     0     0     0     0     0     0     0     0     5    93  1034 13480  9035  4962  5290  7693 15391 15855 14109 10890
ch   39:      0     0     0     0     0     0     0     0     0     0     0     0     0     0     0     0     0     0     0     0     5   102   902 11961 12314  9130  9662 12290 14535  9844  7599 13690
ch   40:      0     0     0     0     0     0     0     0     0     0     0     0     0     0     0     0     0     0     0     0     5   127  1111 11457 11356 11633 10266  6961 10790 10114 15452 11975
ch   41:      0     0     0     0     0     0     0     0     0     0     0     0     0     0     0     0     0     0     0     1    20   133  2325 14818 13522 12189 10775 11537  8207 13376 15333  7316
ch   42:      0     0     0     0     0     0     0     0     0     0     0     0     0     0     0     0     0     0     0     0    15   107  1322 10356 14216  6211 10986 12798  9061  9463 10372  5601
ch   43:      0     0     0     0     0     0     0     0     0     0     0     0     0     0     0     0     0     0     0     1    14   167  1370 18173 10977  8783 13241 13434  8176  7295 12453 10399
ch   44:      0     0     0     0     0     0     0     0     0     0     0     0     0     0     0     0     0     0     0     2    19   139  1603 17731 10703 15011  7268  6946  6551 10049  6773 15295
ch   45:      0     0     0     0     0     0     0     0     0     0     0     0     0     0     0     0     0     0     0     0     5   161  1652 15421 12877 13551  7045 14705  6519  8923  6523  1802
ch   46:      0     0     0     0     0     0     0     0     0     0     0     0     0     0     0     0     0     0     0     1    11   183  1543 14121  6804 12830 11752 11044 14835  9150 11722  6033
ch   47:      0     0     0     0     0     0     0     0     0     0     0     0     0     0     0     0     0     0     0     1    22   277  3370  2391  7653  9081 11266 10877 10107  9305  9865  1293
ch   48:      0     0     0     0     0     0     0     0     0     0     0     0     0     0     0     0     0     0     0     2    13   195  1007 17107 15914 11789 12289 11508 12022 11245 11008 15089
ch   49:      0     0     0     0     0     0     0     0     0     0     0     0     0     0     0     0     0     0     0     1    15   327  3293 15894  9458 12296  5947  9051 15461  7618 11022 15779
ch   50:      0     0     0     0     0     0     0     0     0     0     0     0     0     0     0     0     0     0     0     1    13   141  1869 17767  7881 11508 15229 10888 10081  9729 11805 15812
ch   51:      0     0     0     0     0     0     0     0     0     0     0     0     0     0     0     0     0     0     0     1    18   220  1955 17192  9224  9745 13219 11685  6226  5420  9097 18419
ch   52:      0     0     0     0     0     0     0     0     0     0     0     0     0     0     0     0     0     0     0     1    19   191  1699 14908 13781  9061  8853  9907 13351  9944  8146  8114
ch   53:      0     0     0     0     0     0     0     0     0     0     0     0     0     0     0     0     0     0     0     1    33   436  3329  4948  6911 15149  6815  8322 11696 13313  6954  3317
ch   54:      0     0     0     0     0     0     0     0     0     0     0     0     0     0     0     0     0     0     0     1    24   232  1703 18017  9639 12623  9671  9507 11668 10017 11037  7010
ch   55:      0     0     0     0     0     0     0     0     0     0     0     0     0     0     0     0     0     0     0     2    18   266  4127  3095 10743  9137 11599  7941  7294 12253 11026  5919
ch   56:      0     0     0     0     0     0     0     0     0     0     0     0     0     0     0     0     0     0     0     2    18   204  2173  2712 14789 12245  6917  9291 10657 10563 11790  7232
ch   57:      0     0     0     0     0     0     0     0     0     0     0     0     0     0     0     0     0     0     0     2    16   366  3175 14261 10582  7869  6406 10844  8946  8897 13408 17274
ch   58:      0     0     0     0     0     0     0     0     0     0     0     0     0     0     0     0     0     0     0     0    23   278  2564 17029 11033  5329  7077 15490 12495 10467  8631 14625
ch   59:      0     0     0     0     0     0     0     0     0     0     0     0     0     0     0     0     0     0     0     2    29   340  3028  5171 11004  8045  9992 12667 10779 12086 12440  9715
ch   60:      0     0     0     0     0     0     0     0     0     0     0     0     0     0     0     0     0     0     0     4    16   223  2243  8267  9015  9379  9263 10728 14022 11109  9920 13197
ch   61:      0     0     0     0     0     0     0     0     0     0     0     0     0     0     0     0     0     0     0     3    29   447  3748  2772  7826  8965  7896 11309 13332 10721  7636  2586
ch   62:      0     0     0     0     0     0     0     0     0     0     0     0     0     0     0     0     0     0     0     1    19   210  2474 19104  8234  8804 12437  9044  5461  7451  8437  9433
ch   63:      0     0     0     0     0     0     0     0     0     0     0     0     0     0     0     0     0     0     0     1    25   352  3488  8717 11629  8947 11238 11104  8380  7768  8399  9635
ch   64:      0     0     0     0     0     0     0     0     0     0     0     0     0     0     0     0     0     0     0     2    27   263  2833  5268  8702  7713 15458 11668 13764 11338 16550  7291
ch   65:      0     0     0     0     0     0     0     0     0     0     0     0     0     0     0     0     0     0     0     1    28   397  3244  9285 10896 13244  6830 13412 12146 16830  8671  7806
ch   66:      0     0     0     0     0     0     0     0     0     0     0     0     0     0     0     0     0     0     0     3    13   297  2090 14524  7541  5098 12539  8703 11005 11977  9942  5049
ch   67:      0     0     0     0     0     0     0     0     0     0     0     0     0     0     0     0     0     0     0     2    22   445  3426 14552  8730  7763 14222  8832 10197 12168 13985  5132
ch   68:      0     0     0     0     0     0     0     0     0     0     0     0     0     0     0     0     0     0     0     1    22   283  3458  6051 10007  9169  7153  6934  9702  8888  9068  2503
ch   69:      0     0     0     0     0     0     0     0     0     0     0     0     0     0     0     0     0     0     0     0    16   286  4975 11813 12779  8703  7546 10407 11391  8567 10540 11821
ch   70:      0     0     0     0     0     0     0     0     0     0     0     0     0     0     0     0     0     0     0     1    23   199  2589  5220  7893  8982 11813 11349  6932 14590 12844  2147
ch   71:      0     0     0     0     0     0     0     0     0     0     0     0     0     0     0     0     0     0     0     1    34   406  4618 14710  7952 11377  6692  7955  8998 10754  7944  7887
ch   72:      0     0     0     0     0     0     0     0     0     0     0     0     0     0     0     0     0     0     1     4    26   299  3308  8912  7744 12355  9169 14832 10191 12275 12401  8114
ch   73:      0     0     0     0     0     0     0     0     0     0     0     0     0     0     0     0     0     0     0     2    38   326  5229  9740 10450  9072 10633  9104 11952 10560 10630  3116
ch   74:      0     0     0     0     0     0     0     0     0     0     0     0     0     0     0     0     0     0     0     0    15   258  1981  5053  9135 11890  8679 10576 10013 12923 12422  4772
ch   75:      0     0     0     0     0     0     0     0     0     0     0     0     0     0     0     0     0     0     0     3    49   527  5458 11536 10928  6647 12347 11506  7721 12378 11352 12528
ch   76:      0     0     0     0     0     0     0     0     0     0     0     0     0     0     0     0     0     0     0     2    43   601  3670  8718 14563 13498 12788  6891 11090  9101  9516 15603
ch   77:      0     0     0     0     0     0     0     0     0     0     0     0     0     0     0     0     0     0     0     0    27   482  4037 16687  8818 10016 10286  9844 12655  5636 12991 13331
ch   78:      0     0     0     0     0     0     0     0     0     0     0     0     0     0     0     0     0     0     0     2    26   295  2396  6738  8293  8746  7568  5091  7281 10776  9463 13034
ch   79:      0     0     0     0     0     0     0     0     0     0     0     0     0     0     0     0     0     0     0     3    39   318  3294  8626 12901 14524 12672 15999  5013 10751  8692  2112
ch   80:      0     0     0     0     0     0     0     0     0     0     0     0     0     0     0     0     0     0     0     1    22   392  2501  6801  7752  7156  6832 14748  6922  6848  4258 10569
ch   81:      0     0     0     0     0     0     0     0     0     0     0     0     0     0     0     0     0     0     0     4    38   472  4666 15146  6891 13440 14198  8449 12503 11078  9677  2732
ch   82:      0     0     0     0     0     0     0     0     0     0     0     0     0     0     0     0     0     0     1     9    55   403  3223  7153 12542 12220 13854 12162 10142  9277  9228 10584
ch   83:      0     0     0     0     0     0     0     0     0     0     0     0     0     0     0     0     0     0     0     3    36   705  4626 10449  7608  9234  7751  9906  9707 13962 12682 13589
ch   84:      0     0     0     0     0     0     0     0     0     0     0     0     0     0     0     0     0     0     0     3    42   512  3816 13768  8364 11107  8805  3105 10266  8022 10590  9670
ch   85:      0     0     0     0     0     0     0     0     0     0     0     0     0     0     0     0     0     0     0     2    25   347  5730  7835 15381  8455  7474  9556  8802  6259 11418 12052
ch   86:      0     0     0     0     0     0     0     0     0     0     0     0     0     0     0     0     0     0     0     4    25   401  4118  2493  8777 12098  5787  6123 11440  9397 15039  9418
ch   87:      0     0     0     0     0     0     0     0     0     0     0     0     0     0     0     0     0     0     0     2    57   465  5074 11865 15160  8449 12522 12797  4572  7182 14514 11602
ch   88:      0     0     0     0     0     0     0     0     0     0     0     0     0     0     0     0     0     0     0     4    35   456  3011 10290 12290  7222  7998  5745 15437  7389 10950  5489
ch   89:      0     0     0     0     0     0     0     0     0     0     0     0     0     0     0     0     0     0     0     0    64   452  5412 10125 12412  8568  8878  8399  9849  7972  8891  9364
ch   90:      0     0     0     0     0     0     0     0     0     0     0     0     0     0     0     0     0     0     0     0    30   403  3855  7465 10500 11423 11115 11229 13679  9649 11048  7313
ch   91:      0     0     0     0     0     0     0     0     0     0     0     0     0     0     0     0     0     0     0     2    40   351  5471  8790 11052 13051  8810 11890  9891  9950  8007 15936
ch   92:      0     0     0     0     0     0     0     0     0     0     0     0     0     0     0     0     0     0     0     0    26   408  3032 10938  9635  5086  8234 10158  9165 13497 11043  4542
ch   93:      0     0     0     0     0     0     0     0     0     0     0     0     0     0     0     0     0     0     1     3    44   476  6576  8374 11960  9773  9129 13596  9111  8857  8959 16310
ch   94:      0     0     0     0     0     0     0     0     0     0     0     0     0     0     0     0     0     0     1     2    25   216  2800  4840 10763 10801  5378  3207 15953  6299  8880  4189
ch   95:      0     0     0     0     0     0     0     0     0     0     0     0     0     0     0     0     0     0     0     1    43   449  3775 14022  7348  9801  9740 11436  6644 10036  9522 10616
ch   96:      0     0     0     0     0     0     0     0     0     0     0     0     0     0     0     0     0     0     0     0    24   286  2995  6253 12586  8038 15043 13235  8310 11016  8658  3554
ch   97:      0     0     0     0     0     0     0     0     0     0     0     0     0     0     0     0     0     0     0     1    20   344  4105  3894  8855 10686 13576 11759 10209  5826  8495  9090
ch   98:      0     0     0     0     0     0     0     0     0     0     0     0     0     0     0     0     0     0     0     0    24   422  2944 10184 16661 13035  6652 12078 12700  9688  8155  3350
ch   99:      0     0     0     0     0     0     0     0     0     0     0     0     0     0     0     0     0     0     0     1    42   705  5091 16350  7817  8839  9708 11851  9623 11403 11383 12953
ch  100:      0     0     0     0     0     0     0     0     0     0     0     0     0     0     0     0     0     0     0     4    29   334  2329  3869  7755  5506 10932  9018 10992 13126 13193  4811
ch  101:      0     0     0     0     0     0     0     0     0     0     0     0     0     0     0     0     0     0     0     3    33   392  5040 13959  8396 17808  6735 12334  6735 15083 12990  3910
ch  102:      0     0     0     0     0     0     0     0     0     0     0     0     0     0     0     0     0     0     0     1    30   307  2674  1662 10032  8529 10705 10267 14608 12783 10395  2650
ch  103:      0     0     0     0     0     0     0     0     0     0     0     0     0     0     0     0     0     0     0     1    24   413  4227 16429 12063 13529  8242 11329 12775 11164 10727 16252
ch  104:      0     0     0     0     0     0     0     0     0     0     0     0     0     0     0     0     0     0     0     1    22   301  2764  8337 12504  6616  7318  7882  7131 11010  9494  3243
ch  105:      0     0     0     0     0     0     0     0     0     0     0     0     0     0     0     0     0     0     0     2    29   393  6432 12657  8681  8957 11817  6175  9533 12721  8139 10983
ch  106:      0     0     0     0     0     0     0     0     0     0     0     0     0     0     0     0     0     0     0     1    30   434  3147  5954 10368  7831 12743  6758  9363 10583 10272  2344
ch  107:      0     0     0     0     0     0     0     0     0     0     0     0     0     0     0     0     0     0     0     0    33   463  3716 16680 13099 13283  8902  7176  6303 10883 12820  8247
ch  108:      0     0     0     0     0     0     0     0     0     0     0     0     0     0     0     0     0     0     0     2    18   466  3031 18654 11034 15097  8989 10459 13885 11480  4932  2528
ch  109:      0     0     0     0     0     0     0     0     0     0     0     0     0     0     0     0     0     0     0     1    29   616  4993 16772  5323  8396  9906 11356 13364  8626  9989 17579
ch  110:      0     0     0     0     0     0     0     0     0     0     0     0     0     0     0     0     0     0     0     0    10   276  3111  9111  9274 10516 12691 14409  6832 14262 10966  2002
ch  111:      0     0     0     0     0     0     0     0     0     0     0     0     0     0     0     0     0     0     0     2    29   499  5202 12730  6011  9102  7879 11385 12525 14820 11545  7263
ch  112:      0     0     0     0     0     0     0     0     0     0     0     0     0     0     0     0     0     0     0     2    44   318  3230 13261 12398 10914 13370 10884 12149 11384  9832  3180
ch  113:      0     0     0     0     0     0     0     0     0     0     0     0     0     0     0     0     0     0     0     2    55   341  4724 14964 11481 14839 11550  9215 14690  9922  4355  9475
ch  114:      0     0     0     0     0     0     0     0     0     0     0     0     0     0     0     0     0     0     0     1    26   328  3889 12441  7495  8982 11410 10722  5318 16747 13392  2097
ch  115:      0     0     0     0     0     0     0     0     0     0     0     0     0     0     0     0     0     0     0     1    35   405  3561  3237  8692 13610 15019  3801  9480  6397  9758  7344
ch  116:      0     0     0     0     0     0     0     0     0     0     0     0     0     0     0     0     0     0     0     2    64   695  4781  5001  7013 14280  8509 13619  5960  7945 14355  2648
ch  117:      0     0     0     0     0     0     0     0     0     0     0     0     0     0     0     0     0     0     0     3    29   451  5845 16654 10090  8461 10618  6627 10632  8415 10127  4926
ch  118:      0     0     0     0     0     0     0     0     0     0     0     0     0     0     0     0     0     0     0     1    21   427  4009 13444  8544 16308 12969 11525 14132 12555 10364  8866
ch  119:      0     0     0     0     0     0     0     0     0     0     0     0     0     0     0     0     0     0     1     1    23   649  6575 14971 12107  8413  9463 11571 11648 11989 13722 17925
ch  120:      0     0     0     0     0     0     0     0     0     0     0     0     0     0     0     0     0     0     0     1    27   540  4441  6209  4202 13107  7917  9538 12254  6645  8655  2591
ch  121:      0     0     0     0     0     0     0     0     0     0     0     0     0     0     0     0     0     0     0     1    40   655  4026 11875  9403 13760 17329  8832 10266 10030 11467 13544
ch  122:      0     0     0     0     0     0     0     0     0     0     0     0     0     0     0     0     0     0     0     4    22   394  4668  9890 11991  9011 13946 14714 11621 13163 10138 13649
ch  123:      0     0     0     0     0     0     0     0     0     0     0     0     0     0     0     0     0     0     0     3    76   791  5245 10151  6800  8158  8464 14616 10045 11178 14245 10260
ch  124:      0     0     0     0     0     0     0     0     0     0     0     0     0     0     0     0     0     0     0     4    33   477  3652 13827 10480 11267 12627 15022 13742  8066 10006  7868
ch  125:      0     0     0     0     0     0     0     0     0     0     0     0     0     0     0     0     0     0     0     4    38   515  5572 12024  8303  9477 14554 11222  6841  7284 12992  9120
ch  126:      0     0     0     0     0     0     0     0     0     0     0     0     0     0     0     0     0     0     0     4    30   304  4715 14990  8015  8563 13665 10687  6188  8142 11532 13699
ch  127:      0     0     0     0     0     0     0     0     0     0     0     0     0     0     0     0     0     0     0     9    87   909 11823  5285  8938 11575 15895 15600  8746 10662 14398 12088
