ch    0:      0     0     0     0     0     0     0     0     0     0     0     0     0     0     0     0     0     0     0     0     0     0     0     2    47  1336 10570 14098  9076  6394  6784  1721
ch    1:      0     0     0     0     0     0     0     0     0     0     0     0     0     0     0     0     0     0     0     0     0     0     0     2    60  1301 13563 11713 10933  4956  8514   201
ch    2:      0     0     0     0     0     0     0     0     0     0     0     0     0     0     0     0     0     0     0     0     0     0     0     5   153  1946 12499 10316  9777 13082 11809  4831
ch    3:      0     0     0     0     0     0     0     0     0     0     0     0     0     0     0     0     0     0     0     0     0     0     1     6   125  2863 16132  8777  5500  4276  9410  2351
ch    4:      0     0     0     0     0     0     0     0     0     0     0     0     0     0     0     0     0     0     0     0     0     0     0     3    59  1344  3823  9644 10714  7882  7904   105
ch    5:      0     0     0     0     0     0     0     0     0     0     0     0     0     0     0     0     0     0     0     0     0     0     1     3   209  2284  8251 15739  8909  7792 12341  5717
ch    6:      0     0     0     0     0     0     0     0     0     0     0     0     0     0     0     0     0     0     0     0     0     0     0     5   102  1734  9091 13366 10598  9724 10284   187
ch    7:      0     0     0     0     0     0     0     0     0     0     0     0     0     0     0     0     0     0     0     0     0     0     0    12   183  4495 14577 14721 13702  7198 12826  7842
ch    8:      0     0     0     0     0     0     0     0     0     0     0     0     0     0     0     0     0     0     0     0     0     0     0     3   140  3141  9748  9991 14758 10501 11407   202
ch    9:      0     0     0     0     0     0     0     0     0     0     0     0     0     0     0     0     0     0     0     0     0     0     1    21   516  4780 13237 14591  8317  7676  9512 11933
ch   10:      0     0     0     0     0     0     0     0     0     0     0     0     0     0     0     0     0     0     0     0     0     0     0     6   226  3136 15590 15608  7494 11733 13356   316
ch   11:      0     0     0     0     0     0     0     0     0     0     0     0     0     0     0     0     0     0     0     0     0     0     0    13   435  8274  6312 13145 13302 11686  7691  8650
ch   12:      0     0     0     0     0     0     0     0     0     0     0     0     0     0     0     0     0     0     0     0     0     0     0     8   184  3242 12043  7418  9449 10440 10154   270
ch   13:      0     0     0     0     0     0     0     0     0     0     0     0     0     0     0     0     0     0     0     0     0     0     1    23   708  8854  9222  9419 10478  9115 16478  6833
ch   14:      0     0     0     0     0     0     0     0     0     0     0     0     0     0     0     0     0     0     0     0     0     0     0    12   322  6151 13847  4162  4600 14363 10258   329
ch   15:      0     0     0     0     0     0     0     0     0     0     0     0     0     0     0     0     0     0     0     0     0     0     0    30   617 11032  8865  9014 11221 12584 12106  8427
ch   16:      0     0     0     0     0     0     0     0     0     0     0     0     0     0     0     0     0     0     0     0     0     0     0    12   244  6685  9294 13649  9571 10958 11944   320
ch   17:      0     0     0     0     0     0     0     0     0     0     0     0     0     0     0     0     0     0     0     0     0     0     0    29   857 14152  8478  9661  8809  9195  9953  8131
ch   18:      0     0     0     0     0     0     0     0     0     0     0     0     0     0     0     0     0     0     0     0     0     0     0     4   541  8957 11060 13891  6792 11482  5509   329
ch   19:      0     0     0     0     0     0     0     0     0     0     0     0     0     0     0     0     0     0     0     0     0     0     1    34   692 10858  8537 12678  7473 10613 10675  9199
ch   20:      0     0     0     0     0     0     0     0     0     0     0     0     0     0     0     0     0     0     0     0     0     0     0    21   419  8921  9265 10292 11360  6818 10995   447
ch   21:      0     0     0     0     0     0     0     0     0     0     0     0     0     0     0     0     0     0     0     0     0     0     1    31   756 12281 11043  9835 11798  8301 11270 14446
ch   22:      0     0     0     0     0     0     0     0     0     0     0     0     0     0     0     0     0     0     0     0     0     0     0    25   377  7923  9406  5610 14591  4915  8742   418
ch   23:      0     0     0     0     0     0     0     0     0     0     0     0     0     0     0     0     0     0     0     0     0     0     0    26  1080 13324  9895 11344 12000 13017  8686  8537
ch   24:      0     0     0     0     0     0     0     0     0     0     0     0     0     0     0     0     0     0     0     0     0     0     0    41   308 13017 11218 13516 12442  5674 15673   617
ch   25:      0     0     0     0     0     0     0     0     0     0     0     0     0     0     0     0     0     0     0     0     0     0     0    29  1036  2864 11236 10242 10117 13233  8880 10422
ch   26:      0     0     0     0     0     0     0     0     0     0     0     0     0     0     0     0     0     0     0     0     0     0     0    36   853 12618 12377  7734  6690  7777 15104   549
ch   27:      0     0     0     0     0     0     0     0     0     0     0     0     0     0     0     0     0     0     0     0     0     0     0    44  1434  8443  3737 13389  7151 10443  8843 14763
ch   28:      0     0     0     0     0     0     0     0     0     0     0     0     0     0     0     0     0     0     0     0     0     0     2     7   421 14013  9642 11432  9523 11464  9862   488
ch   29:      0     0     0     0     0     0     0     0     0     0     0     0     0     0     0     0     0     0     0     0     0     0     1    45  1060 16407 13652  9785  7924  7680 10827 10754
ch   30:      0     0     0     0     0     0     0     0     0     0     0     0     0     0     0     0     0     0     0     0     0     0     0    32   873 13704  9628  6830  8203 12139  8966   658
ch   31:      0     0     0     0     0     0     0     0     0     0     0     0     0     0     0     0     0     0     0     0     0     0     1    69  1816  9737  5560 10672 12798  8689  7925  5757
ch   32:      0     0     0     0     0     0     0     0     0     0     0     0     0     0     0     0     0     0     0     0     0     0     1    32   844 13041 12850  8191  7983 11518  9992   724
ch   33:      0     0     0     0     0     0     0     0     0     0     0     0     0     0     0     0     0     0     0     0     0     0     0    78  1885  4395 11685 12560 13196 12517  6211 11265
ch   34:      0     0     0     0     0     0     0     0     0     0     0     0     0     0     0     0     0     0     0     0     0     0     1    42  1017 14741 10599 13546 13455 14266  9572   832
ch   35:      0     0     0     0     0     0     0     0     0     0     0     0     0     0     0     0     0     0     0     0     0     0     2    60  1748 11146  8438 10804 10444  7438  4671 13317
ch   36:      0     0     0     0     0     0     0     0     0     0     0     0     0     0     0     0     0     0     0     0     0     0     3    30   896 14064 11834  9243  9866  7915 10092  1473
ch   37:      0     0     0     0     0     0     0     0     0     0     0     0     0     0     0     0     0     0     0     0     0     0     1    84  2124 13271 11317 15076  6925 14406 15794 13852
ch   38:      0     0     0     0     0     0     0     0     0     0     0     0     0     0     0     0     0     0     0     0     0     0     0    62  1265 12898 12257  3935 11610 14985 10903  1104
ch   39:      0     0     0     0     0     0     0     0     0     0     0     0     0     0     0     0     0     0     0     0     0     0     1    84  1902  5073 12458  6678  4654  6595 13885 15463
ch   40:      0     0     0     0     0     0     0     0     0     0     0     0     0     0     0     0     0     0     0     0     0     0     1    47   804 12545 11259 11844  9517  9092  7723  1501
ch   41:      0     0     0     0     0     0     0     0     0     0     0     0     0     0     0     0     0     0     0     0     0     0     2   135  2369 10692  8139  8935 13050  9275 12628  8703
ch   42:      0     0     0     0     0     0     0     0     0     0     0     0     0     0     0     0     0     0     0     0     0     0     2    59  1254 12885 12340 13486  9508  9838  9315  1669
ch   43:      0     0     0     0     0     0     0     0     0     0     0     0     0     0     0     0     0     0     0     0     0     0     3   114  3133 13538 12207 12294  7534  7844 14846  9817
ch   44:      0     0     0     0     0     0     0     0     0     0     0     0     0     0     0     0     0     0     0     0     0     0     1    38  2140  7952  7627 11696  9684 13736  7196  1842
ch   45:      0     0     0     0     0     0     0     0     0     0     0     0     0     0     0     0     0     0     0     0     0     0     1   157  2701  5368 10785 11992 10584  9051 17432 12247
ch   46:      0     0     0     0     0     0     0     0     0     0     0     0     0     0     0     0     0     0     0     0     0     0     1    33  1752  3006 13334 12985  9644 10605  6624  2251
ch   47:      0     0     0     0     0     0     0     0     0     0     0     0     0     0     0     0     0     0     0     0     0     0     5   129  1998  6477  4195  8126  7818  7345 10843  8714
ch   48:      0     0     0     0     0     0     0     0     0     0     0     0     0     0     0     0     0     0     0     0     0     0     1    38  1013  9746  4304  6405 11325 11439 14513  3566
ch   49:      0     0     0     0     0     0     0     0     0     0     0     0     0     0     0     0     0     0     0     0     0     0     2   144  3629  3682 12638 11433 12611 10830  7804  7492
ch   50:      0     0     0     0     0     0     0     0     0     0     0     0     0     0     0     0     0     0     0     0     0     0     0    57  1729  4803  7881  9491  9476 14313 10278  3044
ch   51:      0     0     0     0     0     0     0     0     0     0     0     0     0     0     0     0     0     0     0     0     0     0     4   226  3254 11957  6759 11720  9039 10337  7983 13087
ch   52:      0     0     0     0     0     0     0     0     0     0     0     0     0     0     0     0     0     0     0     0     0     0     0    44  1518 14188 10821 12650  8824 16337 10058  3196
ch   53:      0     0     0     0     0     0     0     0     0     0     0     0     0     0     0     0     0     0     0     0     0     0     6   124  2720 14079 11231 11507  6055 10549  8274 11193
ch   54:      0     0     0     0     0     0     0     0     0     0     0     0     0     0     0     0     0     0     0     0     0     0     4    95  2681 11479  7939 12176 12156  9421 10217  4415
ch   55:      0     0     0     0     0     0     0     0     0     0     0     0     0     0     0     0     0     0     0     0     0     1     3   162  3438  9721  8361 12920 13117  9017 10485 15847
ch   56:      0     0     0     0     0     0     0     0     0     0     0     0     0     0     0     0     0     0     0     0     0     0     0   108  2110 10387  9267  9861  7030  4485 10020  4297
ch   57:      0     0     0     0     0     0     0     0     0     0     0     0     0     0     0     0     0     0     0     0     0     0     6   191  3316 12436 11306 13377 10005  8866  6453 11688
ch   58:      0     0     0     0     0     0     0     0     0     0     0     0     0     0     0     0     0     0     0     0     0     0     4    74  2285  6948 14659  9253  6538  7866  8374  5994
ch   59:      0     0     0     0     0     0     0     0     0     0     0     0     0     0     0     0     0     0     0     0     0     0    14   250  3189 13638  8701 14516 11958 10025  9219 16354
ch   60:      0     0     0     0     0     0     0     0     0     0     0     0     0     0     0     0     0     0     0     0     0     0     3    85  1362  8331 10721 11012 15792 14658 11485  4504
ch   61:      0     0     0     0     0     0     0     0     0     0     0     0     0     0     0     0     0     0     0     0     0     0     8    83  2527 11122 14661 10447 10743  6536  8546 14843
ch   62:      0     0     0     0     0     0     0     0     0     0     0     0     0     0     0     0     0     0     0     0     0     0     1   112  2215  9731  9011 10654  8475  4580  7185  7907
ch   63:      0     0     0     0     0     0     0     0     0     0     0     0     0     0     0     0     0     0     0     0     0     1    11   277  4028 10061  9856 14669 14344  9535 10605  8784
ch   64:      0     0     0     0     0     0     0     0     0     0     0     0     0     0     0     0     0     0     0     0     0     0     1    51  2758  7178 11661  7135 14606  8075  8255  7826
ch   65:      0     0     0     0     0     0     0     0     0     0     0     0     0     0     0     0     0     0     0     0     0     0    10   167  6105 10498 14075 11088  2940 13653  7914 13439
ch   66:      0     0     0     0     0     0     0     0     0     0     0     0     0     0     0     0     0     0     0     0     0     0     4    79  2531 10440 12732 10153  8002 13000  9760  7821
ch   67:      0     0     0     0     0     0     0     0     0     0     0     0     0     0     0     0     0     0     0     0     0     0     7   206  7653 10588 14789 13795 11696  8554  9512  9334
ch   68:      0     0     0     0     0     0     0     0     0     0     0     0     0     0     0     0     0     0     0     0     0     0     2   105  3347 13943  9155 13363 11215  7333 11063  7061
ch   69:      0     0     0     0     0     0     0     0     0     0     0     0     0     0     0     0     0     0     0     0     0     0     6   290  7627 13494  9501 15936 11436 10369  8384  8453
ch   70:      0     0     0     0     0     0     0     0     0     0     0     0     0     0     0     0     0     0     0     0     0     0     0    88  3179 14348 11500 10261  9117 14046  4556  9569
ch   71:      0     0     0     0     0     0     0     0     0     0     0     0     0     0     0     0     0     0     0     0     0     0     3   328  5275 11286 10892  9815 10648 10700  8289 10745
ch   72:      0     0     0     0     0     0     0     0     0     0     0     0     0     0     0     0     0     0     0     0     0     0     4   189  4608 11826 12066 11505  9128  8951 15939 12442
ch   73:      0     0     0     0     0     0     0     0     0     0     0     0     0     0     0     0     0     0     0     0     0     1     9   245  7592 10591 10069  6957 12084 13228  8668 10061
ch   74:      0     0     0     0     0     0     0     0     0     0     0     0     0     0     0     0     0     0     0     0     0     0     4   135  1988  9421 13526 12155 12782  9090 10418 12572
ch   75:      0     0     0     0     0     0     0     0     0     0     0     0     0     0     0     0     0     0     0     0     0     0    10   281  9187  9593 13548 14202 11315  9635  9561 12394
ch   76:      0     0     0     0     0     0     0     0     0     0     0     0     0     0     0     0     0     0     0     0     0     0     1    92  3091  4847  9086  8657 10464 10001 11363 13711
ch   77:      0     0     0     0     0     0     0     0     0     0     0     0     0     0     0     0     0     0     0     0     0     0    13   498  7755 12213 11196  7208 10910  8949  9052 12752
ch   78:      0     0     0     0     0     0     0     0     0     0     0     0     0     0     0     0     0     0     0     0     0     0     4    69  3407 10885 16471  9551 12801 10540  8113 11828
ch   79:      0     0     0     0     0     0     0     0     0     0     0     0     0     0     0     0     0     0     0     0     0     1     6   291  7862  8758 11776 11086  8289  7937 10378 12237
ch   80:      0     0     0     0     0     0     0     0     0     0     0     0     0     0     0     0     0     0     0     0     0     0     2   135  1952  8430 11272 12728 10965  6926 12559 11197
ch   81:      0     0     0     0     0     0     0     0     0     0     0     0     0     0     0     0     0     0     0     0     0     1    10   336  8734 14129 12536  7880 10000  8648 13892 13187
ch   82:      0     0     0     0     0     0     0     0     0     0     0     0     0     0     0     0     0     0     0     0     0     0     2   177  3083 13379 13391  8529  7046 12310 13337 10447
ch   83:      0     0     0     0     0     0     0     0     0     0     0     0     0     0     0     0     0     0     0     0     0     0     4   384  7119  8543  8847 12203  7301  6768  9812  1921
ch   84:      0     0     0     0     0     0     0     0     0     0     0     0     0     0     0     0     0     0     0     0     0     0     3    78  5182  6243  6337  4716 14830 10936 13114 15031
ch   85:      0     0     0     0     0     0     0     0     0     0     0     0     0     0     0     0     0     0     0     0     0     0    16   242  8677  9906 10430 11539  4196 10379  5182 12251
ch   86:      0     0     0     0     0     0     0     0     0     0     0     0     0     0     0     0     0     0     0     0     0     0     2   209  6433 13008  6645  3694 11447 12419 13783 13463
ch   87:      0     0     0     0     0     0     0     0     0     0     0     0     0     0     0     0     0     0     0     0     0     0    20   480  9313  8040  8176 10098  9706 10575  8646 13646
ch   88:      0     0     0     0     0     0     0     0     0     0     0     0     0     0     0     0     0     0     0     0     0     0     5   162  4340 10685 13601  8642  3849  6703 13157  9122
ch   89:      0     0     0     0     0     0     0     0     0     0     0     0     0     0     0     0     0     0     0     0     0     0  4146   496  6019 11780 12219 10299 15182  8796 11679  5807
ch   90:      0     0     0     0     0     0     0     0     0     0     0     0     0     0     0     0     0     0     0     0     0     0     6   192  6052 12019  8172  6361  9632  4528  5301 13440
ch   91:      0     0     0     0     0     0     0     0     0     0     0     0     0     0     0     0     0     0     0     0     0     0    19   456  8920 12126  9204  6673 10954  6814 12336 14027
ch   92:      0     0     0     0     0     0     0     0     0     0     0     0     0     0     0     0     0     0     0     0     0     0     3    93  2588 10710 11926 11513  9533  7456  2918 10664
ch   93:      0     0     0     0     0     0     0     0     0     0     0     0     0     0     0     0     0     0     0     0     0     0    12   312 15180  8302  8704 10863 11767  9026  6544  6998
ch   94:      0     0     0     0     0     0     0     0     0     0     0     0     0     0     0     0     0     0     0     0     0     0     2   231  5580 10588 11997 12455  9818  6242 10257 13336
ch   95:      0     0     0     0     0     0     0     0     0     0     0     0     0     0     0     0     0     0     0     0     0     0    20   546 11567  7304  5014 10711 10328 14908  8065  9523
ch   96:      0     0     0     0     0     0     0     0     0     0     0     0     0     0     0     0     0     0     0     0     0     0     4   115  4141 10391 10169  7125 10241 10962 10092  9338
ch   97:      0     0     0     0     0     0     0     0     0     0     0     0     0     0     0     0     0     0     0     0     0     0     9   479  5826  5517  3655  4575 16394  8639  8654 10581
ch   98:      0     0     0     0     0     0     0     0     0     0     0     0     0     0     0     0     0     0     0     0     0     0    12   176  8655 13604  9504  8263  8898  9831  8513 11048
ch   99:      0     0     0     0     0     0     0     0     0     0     0     0     0     0     0     0     0     0     0     0     0     0    12   591 12509  8742  6425 14128  9792 10965 14022  9396
ch  100:      0     0     0     0     0     0     0     0     0     0     0     0     0     0     0     0     0     0     0     0     0     0     8   338  3771  8274  3637 11275  7639 11735 11421 10154
ch  101:      0     0     0     0     0     0     0     0     0     0     0     0     0     0     0     0     0     0     0     0     0     0    18   457  9939  8316 12713 14712  8871 15081 14190 10326
ch  102:      0     0     0     0     0     0     0     0     0     0     0     0     0     0     0     0     0     0     0     0     0     0     2   180  5158  7866  9108  8919  9197  8515  7500  6292
ch  103:      0     0     0     0     0     0     0     0     0     0     0     0     0     0     0     0     0     0     0     0     0     2    16   540 14339 13085 13342  8553  8470  7688  7830 11936
ch  104:      0     0     0     0     0     0     0     0     0     0     0     0     0     0     0     0     0     0     0     0     0     0     4   127  3991 16866 11635  7142 16010  3918  9885  6695
ch  105:      0     0     0     0     0     0     0     0     0     0     0     0     0     0     0     0     0     0     0     0     0     0    37   632 14098  9387 12423 10293  9205  9980 10722  7123
ch  106:      0     0     0     0     0     0     0     0     0     0     0     0     0     0     0     0     0     0     0     0     0     0     7   214  3306 10578 15712 10601 11215  9674 11532  8164
ch  107:      0     0     0     0     0     0     0     0     0     0     0     0     0     0     0     0     0     0     0     0     0     2    26   759 10774 13062 12660  9982  9287  7586 11567 10608
ch  108:      0     0     0     0     0     0     0     0     0     0     0     0     0     0     0     0     0     0     0     0     0     0     5   145  3723  9208 10743 11557 15052 10290 11579  6175
ch  109:      0     0     0     0     0     0     0     0     0     0     0     0     0     0     0     0     0     0     0     0     0     1    29   490 15865 10866  8271 12172  8726  6971 10644 11136
ch  110:      0     0     0     0     0     0     0     0     0     0     0     0     0     0     0     0     0     0     0     0     0     0     5   189  5654 17377  7186 12225 11004 15317  9146  6520
ch  111:      0     0     0     0     0     0     0     0     0     0     0     0     0     0     0     0     0     0     0     0     0     1    24   596  7423  8216  9132  8436  8674 12659  9635 13061
ch  112:      0     0     0     0     0     0     0     0     0     0     0     0     0     0     0     0     0     0     0     0     0     0    14   302  5121  9381  8981  9576 11049  9850 10669  3945
ch  113:      0     0     0     0     0     0     0     0     0     0     0     0     0     0     0     0     0     0     0     0     0     0    14   697 13501  9247 10767 13236 14244 10129 13347 15633
ch  114:      0     0     0     0     0     0     0     0     0     0     0     0     0     0     0     0     0     0     0     0     0     0     6   211  3866 14924 10465 13024 12306  7654  5150  3342
ch  115:      0     0     0     0     0     0     0     0     0     0     0     0     0     0     0     0     0     0     0     0     0     1    24   909 10681  7928 13446 15123 11408  8822  7048 15290
ch  116:      0     0     0     0     0     0     0     0     0     0     0     0     0     0     0     0     0     0     0     0     0     0     3   253  3117 12520  9343 12858  9050 15045 10776  2109
ch  117:      0     0     0     0     0     0     0     0     0     0     0     0     0     0     0     0     0     0     0     0     0     1    24   684 12564 11084 10657  6516 10478 10277 14194  8450
ch  118:      0     0     0     0     0     0     0     0     0     0     0     0     0     0     0     0     0     0     0     0     0     0     4   341  4801  6937 12753 12306  3809  8667 10450  1806
ch  119:      0     0     0     0     0     0     0     0     0     0     0     0     0     0     0     0     0     0     0     0     0     0    47   758 18347  8017  6303 16108 11852  3947  6655  6711
ch  120:      0     0     0     0     0     0     0     0     0     0     0     0     0     0     0     0     0     0     0     0     0     0     3   190  4140 13623 13444  4929  9476  8203 11390  1608
ch  121:      0     0     0     0     0     0     0     0     0     0     0     0     0     0     0     0     0     0     0     0     0     0    40   607  9271  9020 11325 14729  9612 12239 11207 12727
ch  122:      0     0     0     0     0     0     0     0     0     0     0     0     0     0     0     0     0     0     0     0     0     0     2   130  5355  4911 10432  5428  9231  7031 12088   849
ch  123:      0     0     0     0     0     0     0     0     0     0     0     0     0     0     0     0     0     0     0     0     0     1    23   785 14185 11159  9142 10147 13409 10589  7012 15925
ch  124:      0     0     0     0     0     0     0     0     0     0     0     0     0     0     0     0     0     0     0     0     0     0     4   449  5752 10890 13671  6243 10437 11688 10809   166
ch  125:      0     0     0     0     0     0     0     0     0     0     0     0     0     0     0     0     0     0     0     0     0     4   116  1372 11937  7012 13284 11547  9051  8205 11865  8110
ch  126:      0     0     0     0     0     0     0     0     0     0     0     0     0     0     0     0     0     0     0     0     0     0    11   333 10566 13237  8326  6983 10864  8235 12542   132
ch  127:      0     0     0     0     0     0     0     0     0     0     0     0     0     0     0     0     0     0     0     0     0     8   145  4561  8517  7492  9588 10041  9815  8816 12442  9128
