ch    0:      0     0     0     0     0     0     0     0     0     0     0     0     0     0     0     0     0     0     0     0     0     2    35   119   927  5022 14692 12230 11795 11799 10375   489
ch    1:      0     0     0     0     0     0     0     0     0     0     0     0     0     0     0     0     0     0     0     0     1     7    64   418  2536 11596 10699  5325 12624 11263  8328  1138
ch    2:      0     0     0     0     0     0     0     0     0     0     0     0     0     0     0     0     0     0     0     0     2     8    57   378  2473 10567  4344  8049 12149 10365  6649   619
ch    3:      0     0     0     0     0     0     0     0     0     0     0     0     0     0     0     0     0     0     0     0     0     6    77   713  3614 14761 12892 12473  9448  7040 10385  1672
ch    4:      0     0     0     0     0     0     0     0     0     0     0     0     0     0     0     0     0     0     0     0     0     5    60   610  2929 17260 10633 12951  4849 12265  5999  1154
ch    5:      0     0     0     0     0     0     0     0     0     0     0     0     0     0     0     0     0     0     0     0     1    14   149   704  6457  6474  9114 10375  6029 13790 12926  3005
ch    6:      0     0     0     0     0     0     0     0     0     0     0     0     0     0     0     0     0     0     0     0     0     7    90   536  4632  8662  9719  3462 12236 12975 12381  1243
ch    7:      0     0     0     0     0     0     0     0     0     0     0     0     0     0     0     0     0     0     0     1     4    11   143  1212  6367 14898 12804  8356  9223 12437  9482  3360
ch    8:      0     0     0     0     0     0     0     0     0     0     0     0     0     0     0     0     0     0     0     0     2    16   207  1076  7882 11342  7392 11667 11648  9410  9429  1888
ch    9:      0     0     0     0     0     0     0     0     0     0     0     0     0     0     0     0     0     0     0     2     6    31   266  1287 11066 11397 13434 13608  8761 12000 10749  3530
ch   10:      0     0     0     0     0     0     0     0     0     0     0     0     0     0     0     0     0     0     0     0     2    31   183  1269 11441 13796  9744 11871  8938 11724  8061  1758
ch   11:      0     0     0     0     0     0     0     0     0     0     0     0     0     0     0     0     0     0     0     0     2    20   195  1956 13589 10924 13456  9286  4450  6181  9560  3548
ch   12:      0     0     0     0     0     0     0     0     0     0     0     0     0     0     0     0     0     0     0     0     2    27   226  1543 14513 11026  9822  7701 13144  9008  8674  2202
ch   13:      0     0     0     0     0     0     0     0     0     0     0     0     0     0     0     0     0     0     0     0     1    47   427  2776 16466 11330 13684 10745 10591  6538 13905  4650
ch   14:      0     0     0     0     0     0     0     0     0     0     0     0     0     0     0     0     0     0     0     1     3    39   328  2339 13796 12513 14227  7769  8990 15414  8362  2159
ch   15:      0     0     0     0     0     0     0     0     0     0     0     0     0     0     0     0     0     0     0     0     3    32   532  3305 14388 10818 11755  9120  8348 14711  5498  5037
ch   16:      0     0     0     0     0     0     0     0     0     0     0     0     0     0     0     0     0     0     0     0     3    54   365  3154 16319 11298  9010  6763  4636 12419 13436  2325
ch   17:      0     0     0     0     0     0     0     0     0     0     0     0     0     0     0     0     0     0     0     0     2    67   464  3266 14489  8053  6434 12291  9728 12344 12858  6212
ch   18:      0     0     0     0     0     0     0     0     0     0     0     0     0     0     0     0     0     0     0     0     7    55   476  3005 13562  4712  9394  8624 15652  7546  9056  2823
ch   19:      0     0     0     0     0     0     0     0     0     0     0     0     0     0     0     0     0     0     0     0     6    82   599  4157  6754 13056  7606  9929 10523  9110 10937  6977
ch   20:      0     0     0     0     0     0     0     0     0     0     0     0     0     0     0     0     0     0     0     0     4    64   527  4364  4473  8503 13457 10279  9445 12750  9824  4320
ch   21:      0     0     0     0     0     0     0     0     0     0     0     0     0     0     0     0     0     0     0     0    12    89   677  3794  7917  9641  4787  7864 13188 12592 15547  6503
ch   22:      0     0     0     0     0     0     0     0     0     0     0     0     0     0     0     0     0     0     0     0    10    52   661  4639  5635  5348  9783  8111 12400 16236 12527  4142
ch   23:      0     0     0     0     0     0     0     0     0     0     0     0     0     0     0     0     0     0     0     2     9    96   770  5518  9478 15901 11728  9015  8976 12662  8501  7750
ch   24:      0     0     0     0     0     0     0     0     0     0     0     0     0     0     0     0     0     0     0     1     4    52   577  3706  9129 13834 15571  3525 10668 11525 10870  4431
ch   25:      0     0     0     0     0     0     0     0     0     0     0     0     0     0     0     0     0     0     0     1    12   131  1017  5807 10399 10450  9861 10122 10526 12760  7617  6965
ch   26:      0     0     0     0     0     0     0     0     0     0     0     0     0     0     0     0     0     0     0     0    13   100   485  5233  7383 15980  7623  9780  9477  8498  9773  4625
ch   27:      0     0     0     0     0     0     0     0     0     0     0     0     0     0     0     0     0     0     0     2    19   128  1010  8079 12511 11784 12144  6002 10947  5759 12193  8565
ch   28:      0     0     0     0     0     0     0     0     0     0     0     0     0     0     0     0     0     0     0     1    11    79   586  4420 10896  7379  7195  8231 15969  8979  8147  5189
ch   29:      0     0     0     0     0     0     0     0     0     0     0     0     0     0     0     0     0     0     0     1     8   101  1020  9090  4889  9691 10011 10558 12653 12243 11477  9371
ch   30:      0     0     0     0     0     0     0     0     0     0     0     0     0     0     0     0     0     0     0     1     6    89   480  5190  4494  6573  9361  9127  9512  9914  8195  4920
ch   31:      0     0     0     0     0     0     0     0     0     0     0     0     0     0     0     0     0     0     0     0    16   114  1184  7284 11719  8982  8308 13040 14790  9907  9087  9819
ch   32:      0     0     0     0     0     0     0     0     0     0     0     0     0     0     0     0     0     0     0     0    10   129   728  6044 14602  8108  5040 10910 10858 12513 10781  5531
ch   33:      0     0     0     0     0     0     0     0     0     0     0     0     0     0     0     0     0     0     0     2     7   142  1537  8842  8116  7256  8801 10141  8085  9400 11438 11856
ch   34:      0     0     0     0     0     0     0     0     0     0     0     0     0     0     0     0     0     0     0     1     6   114  1045  6205  6875  5897  9970  7276  9830 10413 12702  5529
ch   35:      0     0     0     0     0     0     0     0     0     0     0     0     0     0     0     0     0     0     0     4    28   157  1700  9137  8390  8853  9137 15977  7877  5248  8472 12123
ch   36:      0     0     0     0     0     0     0     0     0     0     0     0     0     0     0     0     0     0     0     2    20   222  1004  8699  6062 10618 10218 12314  9316  9592  9194  6674
ch   37:      0     0     0     0     0     0     0     0     0     0     0     0     0     0     0     0     0     0     0     0    17   162  1599 11429 10246  7564  9205  7393 12573 10885 10169 10753
ch   38:      0     0     0     0     0     0     0     0     0     0     0     0     0     0     0     0     0     0     0     1    15   139  1349  9802  8710  9881 12575  6901  9031 13989 10958  7277
ch   39:      0     0     0     0     0     0     0     0     0     0     0     0     0     0     0     0     0     0     0     0    17   203  1905 12655  7971 14270 12839  8504 15101 10126  5269 12776
ch   40:      0     0     0     0     0     0     0     0     0     0     0     0     0     0     0     0     0     0     0     2    18   197  1421  7596 11545 13406  8162 11804 13131 10508  7197  8089
ch   41:      0     0     0     0     0     0     0     0     0     0     0     0     0     0     0     0     0     0     0     1    23   250  1930 11988 11482 11542  4635  8754 12287 12227 10347 13709
ch   42:      0     0     0     0     0     0     0     0     0     0     0     0     0     0     0     0     0     0     0     3    15   167  2162  9148 12635 11866  5858  7115 10046  7057  8867  6343
ch   43:      0     0     0     0     0     0     0     0     0     0     0     0     0     0     0     0     0     1     2     4    27   161  1890 14720  9872  8456  6730 10693  8923 13538  8716 14890
ch   44:      0     0     0     0     0     0     0     0     0     0     0     0     0     0     0     0     0     0     1     1    13   187  1855  7010 10371  6145  9641  8731  7940 10913 10219  9288
ch   45:      0     0     0     0     0     0     0     0     0     0     0     0     0     0     0     0     0     0     0     4    22   260  1722 14778  5674 11584 10758  9547  8833 10762  7671 16195
ch   46:      0     0     0     0     0     0     0     0     0     0     0     0     0     0     0     0     0     0     2     4    29   172  1971 10729 12136 11659  6782 11290  6386 14190 15636  8717
ch   47:      0     0     0     0     0     0     0     0     0     0     0     0     0     0     0     0     0     0     0     5    22   332  2351 15732 12031 11317 13202 10161  8648 12566  8371 14462
ch   48:      0     0     0     0     0     0     0     0     0     0     0     0     0     0     0     0     0     0     0     0    17   234  1748 12483 13313  9988  9927 11762 13964  9941 11912 11545
ch   49:      0     0     0     0     0     0     0     0     0     0     0     0     0     0     0     0     0     0     0     1    26   288  2357 14668  8957  9755  5983 10375 10487 11854  9318 16682
ch   50:      0     0     0     0     0     0     0     0     0     0     0     0     0     0     0     0     0     0     0     1    12   246  1389 10385  7571 11466  7485  7736 12276 13231 10125 11164
ch   51:      0     0     0     0     0     0     0     0     0     0     0     0     0     0     0     0     0     0     0     0    34   234  2452 14562  9651 14227  6953  9008 13146  9473  7039 12754
ch   52:      0     0     0     0     0     0     0     0     0     0     0     0     0     0     0     0     0     0     0     7    30   265  2471 13632  9578  7073 11976  9811 10855 10165  8249 10005
ch   53:      0     0     0     0     0     0     0     0     0     0     0     0     0     0     0     0     0     0     0     2    35   274  2703 16216  8996  6974  7124 12818 12067  9676  6666 12073
ch   54:      0     0     0     0     0     0     0     0     0     0     0     0     0     0     0     0     0     0     0     0    25   199  1438 11908  8498  6674 11337 10297 12468 10846 11252 11574
ch   55:      0     0     0     0     0     0     0     0     0     0     0     0     0     0     0     0     0     0     0     3    46   347  3856 14355  9984 13781  9685  6943 10276 10601  8658  3768
ch   56:      0     0     0     0     0     0     0     0     0     0     0     0     0     0     0     0     0     0     0     2    27   332  1839 11540 13150 13257  9879 13276 12486 11226 12277 12320
ch   57:      0     0     0     0     0     0     0     0     0     0     0     0     0     0     0     0     0     0     0     4    35   320  2260 16037 12525  6717 12588  8675 13131 15534  6058 12394
ch   58:      0     0     0     0     0     0     0     0     0     0     0     0     0     0     0     0     0     0     0     2    26   286  2599 10937  8468  9137  9735 10635 11345  8251 16000 13491
ch   59:      0     0     0     0     0     0     0     0     0     0     0     0     0     0     0     0     0     0     2     3    38   386  2680 15055 12784  9910  5591  9935 12028  6511 15905  7079
ch   60:      0     0     0     0     0     0     0     0     0     0     0     0     0     0     0     0     0     0     0     4    34   375  2166 13725  9963  7884 11784  8527 12384 12041 13204 14930
ch   61:      0     0     0     0     0     0     0     0     0     0     0     0     0     0     0     0     0     0     0     0    43   342  2052 17187  8748 11120 11331 10771  8284 14764 10601  7566
ch   62:      0     0     0     0     0     0     0     0     0     0     0     0     0     0     0     0     0     0     0     0    34   249  2299 14190  6681 11908  9409  8891  9281 11527 10117 15174
ch   63:      0     0     0     0     0     0     0     0     0     0     0     0     0     0     0     0     0     0     0     6    43   500  3226 12907 10906  4836 11722  8257  9793  7475  7891 13394
ch   64:      0     0     0     0     0     0     0     0     0     0     0     0     0     0     0     0     0     0     0     2    25   270  2629 16805  9635  6579  5830 14743  9897 10779  9459 16839
ch   65:      0     0     0     0     0     0     0     0     0     0     0     0     0     0     0     0     0     0     0     4    61   471  3415  3362 12613 12270 12393 13228 10169  9341  9729  9902
ch   66:      0     0     0     0     0     0     0     0     0     0     0     0     0     0     0     0     0     0     1     4    28   262  1927 13178 13001  6810  4305  4644  6216  9517  8603 16599
ch   67:      0     0     0     0     0     0     0     0     0     0     0     0     0     0     0     0     0     0     1     7    71   562  5155  5186  8510  8069 11243 15323  6708  7446  7160 16444
ch   68:      0     0     0     0     0     0     0     0     0     0     0     0     0     0     0     0     0     0     0     2    41   356  2469 14310  9997 11614 11115 11125  9069 10772  7487  8327
ch   69:      0     0     0     0     0     0     0     0     0     0     0     0     0     0     0     0     0     0     2    14    66   510  4546  2694  8028 12507 11538 17715 14302 10791  9783  6004
ch   70:      0     0     0     0     0     0     0     0     0     0     0     0     0     0     0     0     0     0     1     3    35   307  1890 17926 12444 10919 12534 11194  5126  9128 11393  8671
ch   71:      0     0     0     0     0     0     0     0     0     0     0     0     0     0     0     0     0     0     0     1    48   389  2749  5296 11535  5123  3704 12161 12449  9837  9823 11757
ch   72:      0     0     0     0     0     0     0     0     0     0     0     0     0     0     0     0     0     0     1     3    33   334  2919 14601 11862  7280 14009  9307 14468  9821  5598  3805
ch   73:      0     0     0     0     0     0     0     0     0     0     0     0     0     0     0     0     0     0     0     4    49   526  3877  6119 14622 10587  9961 14282  6908 10184  5425  8976
ch   74:      0     0     0     0     0     0     0     0     0     0     0     0     0     0     0     0     0     0     0     2    38   301  2680 14634  8397  7499 10663  8220  7687  9818 12750  3293
ch   75:      0     0     0     0     0     0     0     0     0     0     0     0     0     0     0     0     0     0     0     8    78   439  3578  5716  8811  5724  6338  6881 12058 10804  4047  8490
ch   76:      0     0     0     0     0     0     0     0     0     0     0     0     0     0     0     0     0     0     0     2    38   348  2217 16234  7814  8591 13827 11360  8310  8077  9765  4953
ch   77:      0     0     0     0     0     0     0     0     0     0     0     0     0     0     0     0     0     0     0     4    56   461  3337  4924  8554 11745 13102 11599 11338  8367 10894  5843
ch   78:      0     0     0     0     0     0     0     0     0     0     0     0     0     0     0     0     0     0     0     1    28   257  2407 12942  8089  9349 11307  6730 10210 12179  8121 11344
ch   79:      0     0     0     0     0     0     0     0     0     0     0     0     0     0     0     0     0     0     0     3    72   471  3995  8519  7720 13845 10847 10809 11130 13327 10554  9358
ch   80:      0     0     0     0     0     0     0     0     0     0     0     0     0     0     0     0     0     0     0     5    66   400  2298 18593  8093 10099 13405 12963 13406 12648  9310 15948
ch   81:      0     0     0     0     0     0     0     0     0     0     0     0     0     0     0     0     0     0     1     2    70   524  3832  7809 15539  9661 11490 10629 14983  9039 13325 12081
ch   82:      0     0     0     0     0     0     0     0     0     0     0     0     0     0     0     0     0     0     0     4    54   445  2624 16489 10478  3427 14138  6246 12938 12429  8861 14833
ch   83:      0     0     0     0     0     0     0     0     0     0     0     0     0     0     0     0     0     0     0    10    72   869  5402  9593 11499 13203  7244  2721  9976 11519  4648  9370
ch   84:      0     0     0     0     0     0     0     0     0     0     0     0     0     0     0     0     0     0     0     7    46   454  3100  4778 14698  7266 10463 13420 13989  7337 15967  6138
ch   85:      0     0     0     0     0     0     0     0     0     0     0     0     0     0     0     0     0     0     0     1    64   798  4809  2569  5675  9762  7782  9037 10120  8529 10658 10435
ch   86:      0     0     0     0     0     0     0     0     0     0     0     0     0     0     0     0     0     0     1     7    61   367  2952 14574  8640 14648 12087  9894 14014 11679 10186  8615
ch   87:      0     0     0     0     0     0     0     0     0     0     0     0     0     0     0     0     0     0     1     6    99   671  5770  7500 15159 15056 12676  8106 11799 11241 12037  6121
ch   88:      0     0     0     0     0     0     0     0     0     0     0     0     0     0     0     0     0     0     0     3    40   347  4113  6319 11004 13630  7359  6776 11620  6980 13691  3089
ch   89:      0     0     0     0     0     0     0     0     0     0     0     0     0     0     0     0     0     0     0     5    96   658  4245 17058 14878 12208  6206  7116 11092  7493  9912  5557
ch   90:      0     0     0     0     0     0     0     0     0     0     0     0     0     0     0     0     0     0     0     7    65   541  4554  7512 11082  7953 11067 11953  7186 14946 10030 11624
ch   91:      0     0     0     0     0     0     0     0     0     0     0     0     0     0     0     0     0     0     0     6    64   689  5288 12393  9628 10488  9822  6576 10720  7797 13430 14222
ch   92:      0     0     0     0     0     0     0     0     0     0     0     0     0     0     0     0     0     0     1     7    43   457  2688  4657 12186  8618  8925 12872 11088 11800 12051  9342
ch   93:      0     0     0     0     0     0     0     0     0     0     0     0     0     0     0     0     0     0     0    10    75   617  5497 12556  9162 11871 10675 11363  9314  6248  9255  5775
ch   94:      0     0     0     0     0     0     0     0     0     0     0     0     0     0     0     0     0     0     0     8    45   409  2949 15496  8392  9222  6237  7517 11327 10193 17830 13557
ch   95:      0     0     0     0     0     0     0     0     0     0     0     0     0     0     0     0     0     0     1     8    72   806  4652 13640 11385  8833 13215 12155  5653  8926 10773 13107
ch   96:      0     0     0     0     0     0     0     0     0     0     0     0     0     0     0     0     0     0     0     3    56   535  4602 14058  7371  7497 17661  7607  9688  5857 10453  9893
ch   97:      0     0     0     0     0     0     0     0     0     0     0     0     0     0     0     0     0     0     0     9    65   860  5729 15608  8338  8778 10285 12507 11615  7670 12478  8200
ch   98:      0     0     0     0     0     0     0     0     0     0     0     0     0     0     0     0     0     0     0    10    94   725  5801  5381 11623 16116 11549  7675  6853 11863 10904 16116
ch   99:      0     0     0     0     0     0     0     0     0     0     0     0     0     0     0     0     0     0     2     9    83   654  3903 12197 10181 11785 11344 11731 11995  8391 11644 10368
ch  100:      0     0     0     0     0     0     0     0     0     0     0     0     0     0     0     0     0     0     1     6    55   423  4174  5020 12793 15079 12667 14422 12797  8339 10288  6532
ch  101:      0     0     0     0     0     0     0     0     0     0     0     0     0     0     0     0     0     0     0    12    96   791  5622 12338 11061 12724  7530  7136  8311  7027 13067 13628
ch  102:      0     0     0     0     0     0     0     0     0     0     0     0     0     0     0     0     0     0     0     4    56   564  5979  8345 11812 10236  8691 11895  7203  7670  5112  7120
ch  103:      0     0     0     0     0     0     0     0     0     0     0     0     0     0     0     0     0     0     1     5    82   574  6182 17006 12449 10789 11230  8590 15161 10455 15866  9042
ch  104:      0     0     0     0     0     0     0     0     0     0     0     0     0     0     0     0     0     0     0     4    80   743  4196  8273 11356 14775  5031  7428 16465 12382 10452  5328
ch  105:      0     0     0     0     0     0     0     0     0     0     0     0     0     0     0     0     0     0     0     4    66   893  5734 15531  9011 12395 11909  4817 10980  7526 14832 12336
ch  106:      0     0     0     0     0     0     0     0     0     0     0     0     0     0     0     0     0     0     0     2    58   578  3622  9011 14988  6790  7440 12999  6673  6449  9837  8555
ch  107:      0     0     0     0     0     0     0     0     0     0     0     0     0     0     0     0     0     0     0     4    66   602  6658 13486 10299  7735  8714 10140  7658 11940 11805  5300
ch  108:      0     0     0     0     0     0     0     0     0     0     0     0     0     0     0     0     0     0     0     5    67   450  4081  7038 15144 12589 13286  9785 10830  8716 12029 13773
ch  109:      0     0     0     0     0     0     0     0     0     0     0     0     0     0     0     0     0     0     0     1    98   710  5380 14068 11972 14471  8766 14385  9746 15637 10146  8860
ch  110:      0     0     0     0     0     0     0     0     0     0     0     0     0     0     0     0     0     0     0     5    56   578  3939  9957 12404  9339  8284 10353 14181 15228 13979 13881
ch  111:      0     0     0     0     0     0     0     0     0     0     0     0     0     0     0     0     0     0     2     7    68   429  5848 12574 10653 15961 15477  9519 12978 10030 11871 16005
ch  112:      0     0     0     0     0     0     0     0     0     0     0     0     0     0     0     0     0     0     3     8    63   758  5486 16827  9010 11109 11742  9482  6003  7845 12039 11666
ch  113:      0     0     0     0     0     0     0     0     0     0     0     0     0     0     0     0     0     0     3     8   103   863  5483 14088 11176 10231 10601  4736 11421  9591  4800  6207
ch  114:      0     0     0     0     0     0     0     0     0     0     0     0     0     0     0     0     0     1     1    10    64   495  6331  5285  5445  7360 11449 12661 11624 13210 14453  8250
ch  115:      0     0     0     0     0     0     0     0     0     0     0     0     0     0     0     0     0     0     0     8   109   702  6454  4524  9160  8521 12001 10465 10237  9214  7180 15116
ch  116:      0     0     0     0     0     0     0     0     0     0     0     0     0     0     0     0     0     0     0     6    72   604  6658 17840 11548  7383  7880 11542  8164 12121 11439  5053
ch  117:      0     0     0     0     0     0     0     0     0     0     0     0     0     0     0     0     0     0     0     9    65   614  6162 16244  6707  5321 13843  6586 10593  5891  8939 16357
ch  118:      0     0     0     0     0     0     0     0     0     0     0     0     0     0     0     0     0     0     1     9   132   672  5277 11317 12481 13899 11612 12117 12939 12608 12014  9791
ch  119:      0     0     0     0     0     0     0     0     0     0     0     0     0     0     0     0     0     0     0     9    76   932  8030 13145  7538 14530  8433 16351  9384 10304  8572 18210
ch  120:      0     0     0     0     0     0     0     0     0     0     0     0     0     0     0     0     0     0     0     8    91   771  6506  9368  9731  8443  9476 14617 14133 10157 10076 12289
ch  121:      0     0     0     0     0     0     0     0     0     0     0     0     0     0     0     0     0     0     2     9    63   890  6305  6801 11435 11761  5311 10258 12172 16514  8439  7305
ch  122:      0     0     0     0     0     0     0     0     0     0     0     0     0     0     0     0     0     0     1     9    78   843  4641 14724 11030  7461 10017  8783  8738 11205 10525 10845
ch  123:      0     0     0     0     0     0     0     0     0     0     0     0     0     0     0     0     0     0     2    11   109   744  7706  9529 11463 10116 11246 17917 11278 14530 10977  5934
ch  124:      0     0     0     0     0     0     0     0     0     0     0     0     0     0     0     0     0     0     0     7    95   870  7478 13570 10820  8746  9657 10024 14276 12692 13568 15489
ch  125:      0     0     0     0     0     0     0     0     0     0     0     0     0     0     0     0     0     0     0    11   114  1269  5851 10723 11414  6933  9792  6257  9578 11400 13239 12993
ch  126:      0     0     0     0     0     0     0     0     0     0     0     0     0     0     0     0     0     1     3    16   163   986 11036 12799  6813  6677  6792  9895  3916 13474 10272  7907
ch  127:      0     0     0     0     0     0     0     0     0     0     0     0     0     0     0     0     0     0     1     8   237  1489 12496  6656 12689 10727 11826  8408  8334  8840  7813  5553
