ch    0:      0     0     0     0     0     0     0     0     0     0     0     0     0     0     0     0     0     0     0     0     0     5    29   204  1459  8299 10457 10733  6988 10234 14558  4869
ch    1:      0     0     0     0     0     0     0     0     0     0     0     0     0     0     0     0     0     0     0     0     1     6    26   357  2236 11779  7611 11526  8274  7788  8972  3029
ch    2:      0     0     0     0     0     0     0     0     0     0     0     0     0     0     0     0     0     0     0     0     0     5    94   484  2902 13159 12426 12729  8600 11444 15876 13692
ch    3:      0     0     0     0     0     0     0     0     0     0     0     0     0     0     0     0     0     0     0     0     0    10   105   559  4198  5305 10966  5080  8797 11126  8563 17569
ch    4:      0     0     0     0     0     0     0     0     0     0     0     0     0     0     0     0     0     0     0     0     0    12    83   521  4372  5812 10091  7007  6431 12534 13460  3064
ch    5:      0     0     0     0     0     0     0     0     0     0     0     0     0     0     0     0     0     0     0     0     0    12   116   890  8250 14349 11382  6701 17361 14845  6285 12386
ch    6:      0     0     0     0     0     0     0     0     0     0     0     0     0     0     0     0     0     0     0     0     1    10   111   872  6372 13025  8123 13174 13445 10443  6310  6893
ch    7:      0     0     0     0     0     0     0     0     0     0     0     0     0     0     0     0     0     0     0     0     2    20   193  1454 11153  7208 11053  7500  8021  8853  8349  8639
ch    8:      0     0     0     0     0     0     0     0     0     0     0     0     0     0     0     0     0     0     0     1     4    21   218  1192  7882  6536 10088 12972  9970 12017 15646  8041
ch    9:      0     0     0     0     0     0     0     0     0     0     0     0     0     0     0     0     0     0     0     0     2    40   274  1796 12166 11725  9251 13381 10157  8721 10260 10128
ch   10:      0     0     0     0     0     0     0     0     0     0     0     0     0     0     0     0     0     0     0     0     3    14   245  1576  9994  6687  9868 11264  6468  9864 11755  8823
ch   11:      0     0     0     0     0     0     0     0     0     0     0     0     0     0     0     0     0     0     0     0     5    37   281  2431 13961  9720  7125  8043 12546 11581 13717 11314
ch   12:      0     0     0     0     0     0     0     0     0     0     0     0     0     0     0     0     0     0     0     1     4    44   349  2107 15968 14696 11352  6407  7164 14469 12540  7075
ch   13:      0     0     0     0     0     0     0     0     0     0     0     0     0     0     0     0     0     0     0     0     2    41   255  2342 15893  9416  9754  6900 14496  8496 13069  8812
ch   14:      0     0     0     0     0     0     0     0     0     0     0     0     0     0     0     0     0     0     0     0     3    27   374  2275 10478  9109  8041  8054 10416 12285 10460  9855
ch   15:      0     0     0     0     0     0     0     0     0     0     0     0     0     0     0     0     0     0     1     2     5    57   725  3878  5560  5373  4802 16960 11123 10381  7517 10784
ch   16:      0     0     0     0     0     0     0     0     0     0     0     0     0     0     0     0     0     0     0     0     4    53   378  3248  2921  9945 11139 13412 10775  9228  5925  7804
ch   17:      0     0     0     0     0     0     0     0     0     0     0     0     0     0     0     0     0     0     0     0     5    49   545  2941  6014  8181  5388 11672 12894 10354 11391  8144
ch   18:      0     0     0     0     0     0     0     0     0     0     0     0     0     0     0     0     0     0     0     0     3    41   615  3039 14645 10304 12347 10098 12782  8895 11941 12195
ch   19:      0     0     0     0     0     0     0     0     0     0     0     0     0     0     0     0     0     0     0     2     7    73   404  4030  9353  8331  8348 11609 13237  9380  5948  6327
ch   20:      0     0     0     0     0     0     0     0     0     0     0     0     0     0     0     0     0     0     0     0     4    52   314  3655 11812  8776  7445  6957  9610  8352  8231 12017
ch   21:      0     0     0     0     0     0     0     0     0     0     0     0     0     0     0     0     0     0     0     1     5    79   621  4585  7499 13128 11053 12369 13625  8076 10115  8470
ch   22:      0     0     0     0     0     0     0     0     0     0     0     0     0     0     0     0     0     0     0     0     9    60   749  3392 12227 11961 13692  6893  9857  6230 11801 13564
ch   23:      0     0     0     0     0     0     0     0     0     0     0     0     0     0     0     0     0     0     0     0     5    90   664  4962 11575 12355 11876 10871  8909 11703  8028  9252
ch   24:      0     0     0     0     0     0     0     0     0     0     0     0     0     0     0     0     0     0     0     1     7    53   572  5013  3224  9020  9072  5110 12202 14596 13868 10079
ch   25:      0     0     0     0     0     0     0     0     0     0     0     0     0     0     0     0     0     0     0     1     9    91   728  5401 11463  9344  7274 12863  7089  7249  7536  9892
ch   26:      0     0     0     0     0     0     0     0     0     0     0     0     0     0     0     0     0     0     0     0     6    72   758  5611 15043 11190 10617  7615  9906 10069 13334 11067
ch   27:      0     0     0     0     0     0     0     0     0     0     0     0     0     0     0     0     0     0     0     0     4   119   894  7687 15907  9385  8941 12795  5613  6968 13383 10235
ch   28:      0     0     0     0     0     0     0     0     0     0     0     0     0     0     0     0     0     0     0     1    11    72   816  6064 12423 12007 12548  9793 11340 10013 15290 11810
ch   29:      0     0     0     0     0     0     0     0     0     0     0     0     0     0     0     0     0     0     0     0     5   136  1115  7673  6634  6825 10181  7921 12011 10812  9818 11246
ch   30:      0     0     0     0     0     0     0     0     0     0     0     0     0     0     0     0     0     0     1     3    19   104  1145  9532  8043  9065  9125 12197 10135  5971  9101  8062
ch   31:      0     0     0     0     0     0     0     0     0     0     0     0     0     0     0     0     0     0     0     2    13   171  1273  7608  8625 14402  5497 11464 11439 11563 13341  7243
ch   32:      0     0     0     0     0     0     0     0     0     0     0     0     0     0     0     0     0     0     0     1    10    96  1033  8945 10434 10846  9013  9096 11523  9800 11556 11399
ch   33:      0     0     0     0     0     0     0     0     0     0     0     0     0     0     0     0     0     0     1     2    14   188  1531 10906  8129  6851 13256  9239  8886 13308 10924  6955
ch   34:      0     0     0     0     0     0     0     0     0     0     0     0     0     0     0     0     0     0     0     1    12    99   788  8525 17446  4758  8551 15161 14649 12281  2693 12096
ch   35:      0     0     0     0     0     0     0     0     0     0     0     0     0     0     0     0     0     0     0     0    20   207  1204 11179  6398 14081  7079  8932  9008  8720 10659  8397
ch   36:      0     0     0     0     0     0     0     0     0     0     0     0     0     0     0     0     0     0     0     0     5   106   830  9557  6656  6069  7841 13616  8262 16456 12587 10859
ch   37:      0     0     0     0     0     0     0     0     0     0     0     0     0     0     0     0     0     0     0     1    16   165  1449 11734  6114 10770  9995  6753 13480  7276 10274 10032
ch   38:      0     0     0     0     0     0     0     0     0     0     0     0     0     0     0     0     0     0     0     1    10   180  1370 10748 12798 12539 16258 13197 10402  8881 12238 10763
ch   39:      0     0     0     0     0     0     0     0     0     0     0     0     0     0     0     0     0     0     1     4    21   275  1642 14428 14995  9214  8045 11674  9834 13302  6140  9251
ch   40:      0     0     0     0     0     0     0     0     0     0     0     0     0     0     0     0     0     0     0     0     9   113  1338  8925 13924 12543  5462  7025  7656 16692  9188  6391
ch   41:      0     0     0     0     0     0     0     0     0     0     0     0     0     0     0     0     0     0     0     2    26   242  2013 14360  8759  9001  8283 12204 10918 14567 11474 10291
ch   42:      0     0     0     0     0     0     0     0     0     0     0     0     0     0     0     0     0     0     0     2    19   153  1815 12255  3147 15961 11041 12684  5610  7364 12834  9842
ch   43:      0     0     0     0     0     0     0     0     0     0     0     0     0     0     0     0     0     0     0     5    29   287  2497 14447  8579  7158 12410  5602 10838  9392 10522 14411
ch   44:      0     0     0     0     0     0     0     0     0     0     0     0     0     0     0     0     0     0     0     1    17   189  1220 10270 15771  7018  7146 11429  8984 10786 11229  8112
ch   45:      0     0     0     0     0     0     0     0     0     0     0     0     0     0     0     0     0     0     0     3    27   213  2230 13439  7572 10565 15318  6049 11620  7353 11791  9784
ch   46:      0     0     0     0     0     0     0     0     0     0     0     0     0     0     0     0     0     0     0     5    13   187  2174 10733 15889 17642  7104 10743 11901 13769 10627  9401
ch   47:      0     0     0     0     0     0     0     0     0     0     0     0     0     0     0     0     0     0     0     1    21   344  2079 13529  8420  8457  8028  7452  7374 11930  4887 14182
ch   48:      0     0     0     0     0     0     0     0     0     0     0     0     0     0     0     0     0     0     0     1    29   234  1521 14892 14822 13777  8196 12954  7638  7281 17434  8784
ch   49:      0     0     0     0     0     0     0     0     0     0     0     0     0     0     0     0     0     0     1     2    34   262  2362 16944 11156 17331  6281 11489  6761 12301 11980 13273
ch   50:      0     0     0     0     0     0     0     0     0     0     0     0     0     0     0     0     0     0     0     1    17   289  2200 13711  7894 16426  8209  5930 12786 10641  8504 18156
ch   51:      0     0     0     0     0     0     0     0     0     0     0     0     0     0     0     0     0     0     0     2    27   251  2355 14658  5332 10107 10771  9438  7960 12954 11420  6027
ch   52:      0     0     0     0     0     0     0     0     0     0     0     0     0     0     0     0     0     0     0     1    15   205  1669 13321 13386 13110 11580  6716  4240 10995  9956 12802
ch   53:      0     0     0     0     0     0     0     0     0     0     0     0     0     0     0     0     0     0     0     2    26   240  2261 13708 12977 13001  7606  7552 11782  6002  7940  7390
ch   54:      0     0     0     0     0     0     0     0     0     0     0     0     0     0     0     0     0     0     0     0    25   215  2963 11765 14086 15948  8165  9039  7605  8975  9523 10674
ch   55:      0     0     0     0     0     0     0     0     0     0     0     0     0     0     0     0     0     0     0     1    24   376  3676  6677  7807 11140 11048 15399  8294  9249  5565  7540
ch   56:      0     0     0     0     0     0     0     0     0     0     0     0     0     0     0     0     0     0     0     3    26   190  2015 16346  9007  8247  9000 10564  9272 10973 11373 14542
ch   57:      0     0     0     0     0     0     0     0     0     0     0     0     0     0     0     0     0     0     0     3    22   432  2717 18435  8478  8721 10661  6523  7843  8388 14517  6713
ch   58:      0     0     0     0     0     0     0     0     0     0     0     0     0     0     0     0     0     0     0     2    27   278  2471 18789  9304 10304 10706  8987 12660  6157  9384 12404
ch   59:      0     0     0     0     0     0     0     0     0     0     0     0     0     0     0     0     0     0     0     2    31   479  3992 19078  9525  9385  6951  8321  6242 11814 10622 10151
ch   60:      0     0     0     0     0     0     0     0     0     0     0     0     0     0     0     0     0     0     0     0    20   303  2039 14567 15845 10996  9209  2872 13189 13826 12387  6916
ch   61:      0     0     0     0     0     0     0     0     0     0     0     0     0     0     0     0     0     0     0     5    59   456  3595  2280 10123 10545 14298  8441  7901 15199  7276 16522
ch   62:      0     0     0     0     0     0     0     0     0     0     0     0     0     0     0     0     0     0     2     8    35   419  3324 19888 10842 12790 11237 14599 14475 12065 10154 11178
ch   63:      0     0     0     0     0     0     0     0     0     0     0     0     0     0     0     0     0     0     0     3    44   420  4120  5826 12160  9959 10690  8945  7491 10228 12365 12705
ch   64:      0     0     0     0     0     0     0     0     0     0     0     0     0     0     0     0     0     0     0     4    34   322  2768 12302 12393 10783 14194  9620  5030  7106 11339 11590
ch   65:      0     0     0     0     0     0     0     0     0     0     0     0     0     0     0     0     0     0     0     4    46   388  3624 18824 12138 13243 12721 11760 15834 11762  7808  5933
ch   66:      0     0     0     0     0     0     0     0     0     0     0     0     0     0     0     0     0     0     0     1    31   340  2544  5203 11426  5694  9723 10842 10024  6023 13711  3943
ch   67:      0     0     0     0     0     0     0     0     0     0     0     0     0     0     0     0     0     0     0     3    77   727  5438 13089 10651 10077  5763 11687  9598  5587 16106 14286
ch   68:      0     0     0     0     0     0     0     0     0     0     0     0     0     0     0     0     0     0     0     4    35   484  3735  2408  6412 11180 10788  7757 11310  6119  6686 12910
ch   69:      0     0     0     0     0     0     0     0     0     0     0     0     0     0     0     0     0     0     0    14    94   585  3870  9436  7816  9009 11901  8674 13166  9773  8867 13094
ch   70:      0     0     0     0     0     0     0     0     0     0     0     0     0     0     0     0     0     0     0    13    82   768  5553 13325  9997 10788  6885 11912  9930 10103 14412 14238
ch   71:      0     0     0     0     0     0     0     0     0     0     0     0     0     0     0     0     0     0     0     0     0     0     0     0     0     0     0     0     0     0     0     0
ch   72:      0     0     0     0     0     0     0     0     0     0     0     0     0     0     0     0     0     0     3    11   117  1502  6489 12012  8968  6618 11832 12161 14371  8502  5918  9480
ch   73:      0     0     0     0     0     0     0     0     0     0     0     0     0     0     0     0     0     0     0     8    75   689  5282  6567  7363  4649  9734  9162  9719  4850 14497  9804
ch   74:      0     0     0     0     0     0     0     0     0     0     0     0     0     0     0     0     0     0     0     1    50   344  4129 11979  6392 10127 10002  7097  5319 11127  4426  9611
ch   75:      0     0     0     0     0     0     0     0     0     0     0     0     0     0     0     0     0     0     0     8    92   554  4655  9858  8653 16561 11313 15357  7673  9224  8543  9460
ch   76:      0     0     0     0     0     0     0     0     0     0     0     0     0     0     0     0     0     0     0     2    46   510  3678  4211  7260 12505 15079 12221  8260 12060 11528 14037
ch   77:      0     0     0     0     0     0     0     0     0     0     0     0     0     0     0     0     0     0     0     3    41   491  4769  5131 10552  9332  8690  7409 13057 11054  9263  7993
ch   78:      0     0     0     0     0     0     0     0     0     0     0     0     0     0     0     0     0     0     0     2    40   399  3133  7109  9109  9698 12877  8856  7976 10972  9162  6321
ch   79:      0     0     0     0     0     0     0     0     0     0     0     0     0     0     0     0     0     0     0     2    66   649  4485  8832 13302  6815  9205 14076  6438  9062  8424 11542
ch   80:      0     0     0     0     0     0     0     0     0     0     0     0     0     0     0     0     0     0     0     5    73   653  4064 10227  9368  8910  9398 10390  9679 13760  7543 14022
ch   81:      0     0     0     0     0     0     0     0     0     0     0     0     0     0     0     0     0     0     0     4    53   319  3009  4640  9094  4121 10136 11615  9830  8925 11940  7946
ch   82:      0     0     0     0     0     0     0     0     0     0     0     0     0     0     0     0     0     0     0     3    31   466  3170  4644 10609 12641  7508 13407  8929  7785 10457 10577
ch   83:      0     0     0     0     0     0     0     0     0     0     0     0     0     0     0     0     0     0     0     6    74   647  6814  6550  7232 13244  9822 12304 10176  7904  7137  9809
ch   84:      0     0     0     0     0     0     0     0     0     0     0     0     0     0     0     0     0     0     0     5    38   465  4407  3651  6209  6816 10600  8309 12009 14235 13340  8642
ch   85:      0     0     0     0     0     0     0     0     0     0     0     0     0     0     0     0     0     0     0     2    33   397  4187  1655 12138 13561 14493  6066 11499  8198  8616  7453
ch   86:      0     0     0     0     0     0     0     0     0     0     0     0     0     0     0     0     0     0     0     4    35   360  3221 11496 10243 15147 17853  8529  7637 11708 12641 10476
ch   87:      0     0     0     0     0     0     0     0     0     0     0     0     0     0     0     0     0     0     0     6    68   600  4641 15550 12449 14882  7896 11354  8640  9018 17761  9734
ch   88:      0     0     0     0     0     0     0     0     0     0     0     0     0     0     0     0     0     0     0     2    43   370  2921  4937 11662  9907  5725  8343  7404  6331 14194  9003
ch   89:      0     0     0     0     0     0     0     0     0     0     0     0     0     0     0     0     0     0     1     5    51   559  3950  6369  9546 11552 12473 13945  6545 12137 11790 12357
ch   90:      0     0     0     0     0     0     0     0     0     0     0     0     0     0     0     0     0     0     0     7    50   582  5156 13588 11643 10062  5162  8948 14957  6090  5346 10292
ch   91:      0     0     0     0     0     0     0     0     0     0     0     0     0     0     0     0     0     0     2     9    77   529  4737  8566  9761  9786  9775 12685 11043 13388  6818  7495
ch   92:      0     0     0     0     0     0     0     0     0     0     0     0     0     0     0     0     0     0     0     3    75   547  3836 11795  8936 16155 10814 13785 14650 10032  7940  9343
ch   93:      0     0     0     0     0     0     0     0     0     0     0     0     0     0     0     0     0     0     0     2    39   528  3694  4697  6813 11431  6458  8764  9077 14135 13831  6595
ch   94:      0     0     0     0     0     0     0     0     0     0     0     0     0     0     0     0     0     0     1     1    50   526  3021  5509 14712  9161 13391 12285  6580  5790 12175  8891
ch   95:      0     0     0     0     0     0     0     0     0     0     0     0     0     0     0     0     0     0     1     5    69   860  4780 17447 10679 12869  8406  9605  7476 10605 11334 17380
ch   96:      0     0     0     0     0     0     0     0     0     0     0     0     0     0     0     0     0     0     1     5    32   573  3618  3514  9958  9323 11162  6344 14460 12802 12316 10805
ch   97:      0     0     0     0     0     0     0     0     0     0     0     0     0     0     0     0     0     0     0     5    45   433  4675  3762 12976  8254 14907 13080  3803 14827 10524  6615
ch   98:      0     0     0     0     0     0     0     0     0     0     0     0     0     0     0     0     0     0     0     2    26   302  3836  4586  4952  8348 11357  6832  6464 13137  7554  9825
ch   99:      0     0     0     0     0     0     0     0     0     0     0     0     0     0     0     0     0     0     0     2    72   476  4679  5695 10114 12866 13176  5740 13390  4170  7987 12110
ch  100:      0     0     0     0     0     0     0     0     0     0     0     0     0     0     0     0     0     0     0     8    53   617  4308 10917 12190  4611 11037 10039  7713  7933 11537 15820
ch  101:      0     0     0     0     0     0     0     0     0     0     0     0     0     0     0     0     0     0     2     6    47   536  3897 15516 15978  9868  7366 10500  3822  7261  8476 12323
ch  102:      0     0     0     0     0     0     0     0     0     0     0     0     0     0     0     0     0     0     0     2    31   458  3923  6240 12146 11886 13977  9614 11333 13389 11633  5854
ch  103:      0     0     0     0     0     0     0     0     0     0     0     0     0     0     0     0     0     0     0     5    36   528  5399 12708  7670 10641 13937 10451 10755  9882 11211 15020
ch  104:      0     0     0     0     0     0     0     0     0     0     0     0     0     0     0     0     0     0     0     1    51   367  3168  5456 14432 13157 11573  9478 12239  8259  6959 14776
ch  105:      0     0     0     0     0     0     0     0     0     0     0     0     0     0     0     0     0     0     0     6    49   479  4703  2115  4966 10386  4348  9014 13895 11488  4987  8095
ch  106:      0     0     0     0     0     0     0     0     0     0     0     0     0     0     0     0     0     0     0     2    36   397  3685  4948  7070 12157  9954  9282  7530 12802 15203  6353
ch  107:      0     0     0     0     0     0     0     0     0     0     0     0     0     0     0     0     0     0     0     2    53   550  5219  7271 10372  8762 10268 12976  9050  8752  9105 11764
ch  108:      0     0     0     0     0     0     0     0     0     0     0     0     0     0     0     0     0     0     0     0    41   443  3645 16150 10612  8076 12575  5106 12790 13064 14065 14655
ch  109:      0     0     0     0     0     0     0     0     0     0     0     0     0     0     0     0     0     0     1     4    32   459  5704 13637 12029  8246  9822  9641 12520 10090  7661  9239
ch  110:      0     0     0     0     0     0     0     0     0     0     0     0     0     0     0     0     0     0     0     5    43   440  4215 12464  6952  8430 12043 10304  9708 13196 11234 10526
ch  111:      0     0     0     0     0     0     0     0     0     0     0     0     0     0     0     0     0     0     0     3    85  1002  5080 14573 10168  5913  6662 13468 10192 10418 10743 15379
ch  112:      0     0     0     0     0     0     0     0     0     0     0     0     0     0     0     0     0     0     0     1    38   732  3684  5049 10844 14572 11513  6507  8318 11540 14078 11053
ch  113:      0     0     0     0     0     0     0     0     0     0     0     0     0     0     0     0     0     0     1     6    41   561  4588  6846 15610 11066  7228  8683  6520 12525  7760  4952
ch  114:      0     0     0     0     0     0     0     0     0     0     0     0     0     0     0     0     0     0     1     3    53   402  5362  8403 12474  8251 11149 13737  9091  6560 11447 14073
ch  115:      0     0     0     0     0     0     0     0     0     0     0     0     0     0     0     0     0     0     0     3    57   529  3783  4362 15780  7576  8928  8135 13166 12163 11623 18179
ch  116:      0     0     0     0     0     0     0     0     0     0     0     0     0     0     0     0     0     0     0     4    38   485  3734  8121  7063  8619  6754 12937  9219 12519 10212 11258
ch  117:      0     0     0     0     0     0     0     0     0     0     0     0     0     0     0     0     0     0     0     3    42   648  4464  5881 12518  7199  7484  7925  8933 13272  9715 10109
ch  118:      0     0     0     0     0     0     0     0     0     0     0     0     0     0     0     0     0     0     1     4    42   396  4393 12640  5236 15372 11254 10509 12476  8126 11117 15789
ch  119:      0     0     0     0     0     0     0     0     0     0     0     0     0     0     0     0     0     0     1     2    46   612  6503  8085  9373  9312 12079 12184  7211  5747 11107  7348
ch  120:      0     0     0     0     0     0     0     0     0     0     0     0     0     0     0     0     0     0     1     6    46   662  5308 15441 17416 10194  8617 16441  7561  3509  5268  7770
ch  121:      0     0     0     0     0     0     0     0     0     0     0     0     0     0     0     0     0     0     0     2    37   570  5330  8913 15080  8093  8982 10840 14539  6347 11245 12663
ch  122:      0     0     0     0     0     0     0     0     0     0     0     0     0     0     0     0     0     0     0     7    38   394  5707 17110 10817 10669 12692 10263 14313  8934  9903 14508
ch  123:      0     0     0     0     0     0     0     0     0     0     0     0     0     0     0     0     0     0     1     8   112   719  5521  8444  9763 12699 10296 11835  8172  8299 11813 11515
ch  124:      0     0     0     0     0     0     0     0     0     0     0     0     0     0     0     0     0     0     0     1    48   654  5842 14648 10890  8882  9202  9343  6306 11559  8069 11272
ch  125:      0     0     0     0     0     0     0     0     0     0     0     0     0     0     0     0     0     0     0     3    67   648  4221  6597 12947 11632 13075  9389  7941  6788 10846  8260
ch  126:      0     0     0     0     0     0     0     0     0     0     0     0     0     0     0     0     0     0     0     2    36   476  5358 12496  8899 10325  8865  8861  9753 12712 11106  9757
ch  127:      0     0     0     0     0     0     0     0     0     0     0     0     0     0     0     0     0     0     0     2    44   522  5084 10745  7284 11414 11837 10644 11009  7785  9899 12087
