ch    0:      0     0     0     0     0     0     0     0     0     0     0     0     0     0     0     0     0     0     0     0     0     7    17   246  1079  4140 15095  7104 10111  8376 14109   107
ch    1:      0     0     0     0     0     0     0     0     0     0     0     0     0     0     0     0     0     0     0     0     0     9    67   720  2747 11673  5864  7067 13344 10326 12923     2
ch    2:      0     0     0     0     0     0     0     0     0     0     0     0     0     0     0     0     0     0     0     0     0     8    83   450  2725 13527 10037 12862 11532  5249 10037   211
ch    3:      0     0     0     0     0     0     0     0     0     0     0     0     0     0     0     0     0     0     0     0     0    12    79   544  3681 17941  4402  8662  9739 14908 13118     4
ch    4:      0     0     0     0     0     0     0     0     0     0     0     0     0     0     0     0     0     0     0     0     0     6    83   643  3220 17201 11454 10523 11504 10989 11788   419
ch    5:      0     0     0     0     0     0     0     0     0     0     0     0     0     0     0     0     0     0     0     0     1    33   189  1051  5464  7151  7929 12439  9917  8398 10794     4
ch    6:      0     0     0     0     0     0     0     0     0     0     0     0     0     0     0     0     0     0     0     0     0    14    79   930  4737  6601 12626 12791 11608  6329 10000   421
ch    7:      0     0     0     0     0     0     0     0     0     0     0     0     0     0     0     0     0     0     0     0     2    22   175  1413  6935 10695  8127 10139 10017  9231  9979     3
ch    8:      0     0     0     0     0     0     0     0     0     0     0     0     0     0     0     0     0     0     0     0     2    24   187  1228  6763 12153 12833 11212 12810  9621  9227   560
ch    9:      0     0     0     0     0     0     0     0     0     0     0     0     0     0     0     0     0     0     0     0     2    26   299  1913 11425  7065 15131  7603  8735 12279 10305     5
ch   10:      0     0     0     0     0     0     0     0     0     0     0     0     0     0     0     0     0     0     0     0     3    25   211  1834  9633  9807 14079  9744  5999 10480  4831   495
ch   11:      0     0     0     0     0     0     0     0     0     0     0     0     0     0     0     0     0     0     0     0     5    36   335  2062 13656 11812  9327  9978  4577 13130  8291     6
ch   12:      0     0     0     0     0     0     0     0     0     0     0     0     0     0     0     0     0     0     0     0     4    39   318  2488 12807  8976 15812 10654  6552 11354 10902   607
ch   13:      0     0     0     0     0     0     0     0     0     0     0     0     0     0     0     0     0     0     0     0     4    71   303  2786 15843  9076 14930 13164 10293 13381 10208     4
ch   14:      0     0     0     0     0     0     0     0     0     0     0     0     0     0     0     0     0     0     0     2     6    55   401  2612 14760 12531 12911  6608 11451  7309 10293   635
ch   15:      0     0     0     0     0     0     0     0     0     0     0     0     0     0     0     0     0     0     0     0     3    44   426  2595 15693 11303 10013  7802 10328  8652 13948     5
ch   16:      0     0     0     0     0     0     0     0     0     0     0     0     0     0     0     0     0     0     0     0     3    58   382  3541 17382  7366 11423  9428  9781 10410  5597   850
ch   17:      0     0     0     0     0     0     0     0     0     0     0     0     0     0     0     0     0     0     0     0     8    57   582  2869  1508  5555  9169 10709 11865 13337 14124    13
ch   18:      0     0     0     0     0     0     0     0     0     0     0     0     0     0     0     0     0     0     0     1     6    43   513  4449  5542 12146 12320 14907 10793 10142 11327   806
ch   19:      0     0     0     0     0     0     0     0     0     0     0     0     0     0     0     0     0     0     0     0     7    58   624  3980  5699  9823 11529  7572 11017 13519  7552    18
ch   20:      0     0     0     0     0     0     0     0     0     0     0     0     0     0     0     0     0     0     0     2     6    48   516  4510 15329  8520  9182 11486 15129 12449 13985  1115
ch   21:      0     0     0     0     0     0     0     0     0     0     0     0     0     0     0     0     0     0     0     1     9    88   636  3543 14261  8599 12007 12809 10581 11936  9676    13
ch   22:      0     0     0     0     0     0     0     0     0     0     0     0     0     0     0     0     0     0     0     0    10    73   592  4941  6838  8326  9099 10783 10203 12463 13061   934
ch   23:      0     0     0     0     0     0     0     0     0     0     0     0     0     0     0     0     0     0     0     0     5   126   795  5269 11620  8973 11011 13322 15076 11053  7652    21
ch   24:      0     0     0     0     0     0     0     0     0     0     0     0     0     0     0     0     0     0     0     0    10    79   617  3876  3341 13768 11283 12163  7486  9413 11582  1050
ch   25:      0     0     0     0     0     0     0     0     0     0     0     0     0     0     0     0     0     0     1     4    11   136  1011  8354 14991  7487 13746  9096 10838  9284  8677    20
ch   26:      0     0     0     0     0     0     0     0     0     0     0     0     0     0     0     0     0     0     0     0    10    68   504  4327  9018 11243  7215  7471 12402  4161 12014   907
ch   27:      0     0     0     0     0     0     0     0     0     0     0     0     0     0     0     0     0     0     0     0    12   170  1056  6680  6636  6220 13079  7109  9871 10155  4231    13
ch   28:      0     0     0     0     0     0     0     0     0     0     0     0     0     0     0     0     0     0     0     0     7   102   792  6170  7444 13914  8982  9455  8951  9566 14083  1208
ch   29:      0     0     0     0     0     0     0     0     0     0     0     0     0     0     0     0     0     0     0     2    16   157  1064  7043 12553  7428 10357 11765 11378 12843  8103    28
ch   30:      0     0     0     0     0     0     0     0     0     0     0     0     0     0     0     0     0     0     0     2    10    70  1018  4297 14099 15753 12852  7780 11911 11040  6427   886
ch   31:      0     0     0     0     0     0     0     0     0     0     0     0     0     0     0     0     0     0     0     1    18   171  1673  9628  5504 12436  4708  6415  9703  5842 11031    20
ch   32:      0     0     0     0     0     0     0     0     0     0     0     0     0     0     0     0     0     0     0     0    12   124   872  6601 15440 10658 13236  5207  6611 13511 11478   883
ch   33:      0     0     0     0     0     0     0     0     0     0     0     0     0     0     0     0     0     0     0     1    18   141  1458  8237  2654  6849 10687  7328  8164 11165 12649    40
ch   34:      0     0     0     0     0     0     0     0     0     0     0     0     0     0     0     0     0     0     0     1    14   112  1223  8937  8693 13445  8877 12794  6242  6951 10583   838
ch   35:      0     0     0     0     0     0     0     0     0     0     0     0     0     0     0     0     0     0     1     3    31   208  1240  9577  5348 12705  6319 12254 15793 12175  8288    32
ch   36:      0     0     0     0     0     0     0     0     0     0     0     0     0     0     0     0     0     0     0     1    19   175  1481  9337  7695 12159  6708 10042  6806 10565  2999  1002
ch   37:      0     0     0     0     0     0     0     0     0     0     0     0     0     0     0     0     0     0     0     2    18   173  1127  8635  6490 13325  7495  6960 12499  7066 15791    27
ch   38:      0     0     0     0     0     0     0     0     0     0     0     0     0     0     0     0     0     0     0     1    14   151  1053  8165  8341 10246 15468 12785 13415 12497  7636  1065
ch   39:      0     0     0     0     0     0     0     0     0     0     0     0     0     0     0     0     0     0     0     3    38   329  1863 13586  8069  6709 12844  9904  7059 12492 11727    20
ch   40:      0     0     0     0     0     0     0     0     0     0     0     0     0     0     0     0     0     0     0     1    20   129  1279 10780 15305 13681 13152 13409 12681  9709 11183  1129
ch   41:      0     0     0     0     0     0     0     0     0     0     0     0     0     0     0     0     0     0     0     2    31   237  2005 12215 15349  6916 10008  7847  7197  9940 11672    40
ch   42:      0     0     0     0     0     0     0     0     0     0     0     0     0     0     0     0     0     0     0     3    28   217  1205 13737 11111 10782 10298 14002 11304 11898  6215   783
ch   43:      0     0     0     0     0     0     0     0     0     0     0     0     0     0     0     0     0     0     1     2    31   245  2009 14549 11069 11980 14010 11519  6904 14949  9395    37
ch   44:      0     0     0     0     0     0     0     0     0     0     0     0     0     0     0     0     0     0     0     3    15   135  1454  9485 17125 10002  9476  7897  8120 11749 11564  1036
ch   45:      0     0     0     0     0     0     0     0     0     0     0     0     0     0     0     0     0     0     0     2    34   267  2407 10311  4683  9990 10854  5218 11516 10492  8708    38
ch   46:      0     0     0     0     0     0     0     0     0     0     0     0     0     0     0     0     0     0     0     3    23   293  2201 11701  9820 11628  6988 13182  9942  9876  7863   872
ch   47:      0     0     0     0     0     0     0     0     0     0     0     0     0     0     0     0     0     0     2     4    29   313  1696 15096 15403  6442 13639 13117 11095 13536 11173    44
ch   48:      0     0     0     0     0     0     0     0     0     0     0     0     0     0     0     0     0     0     0     2    24   303  1890 12889  3311  8004  9054 11070  6811 10158  7752   767
ch   49:      0     0     0     0     0     0     0     0     0     0     0     0     0     0     0     0     0     0     0     0    26   383  2370 13272  6735 12736 11650  8122  8764  8308  6629    41
ch   50:      0     0     0     0     0     0     0     0     0     0     0     0     0     0     0     0     0     0     0     2    13   166  1464 11524  6039 15537  7882  8657 12374  8651 13368   918
ch   51:      0     0     0     0     0     0     0     0     0     0     0     0     0     0     0     0     0     0     0     3    37   376  2566 13918  6153 10513 10727  6644  9281 10311 15333    36
ch   52:      0     0     0     0     0     0     0     0     0     0     0     0     0     0     0     0     0     0     0     1    31   307  1494 14576  2577 17661 13201 11865  8518 12970 12687   776
ch   53:      0     0     0     0     0     0     0     0     0     0     0     0     0     0     0     0     0     1     1     1    42   335  2544 15232 12692  6451  9733 14467  9649 12299  9617    48
ch   54:      0     0     0     0     0     0     0     0     0     0     0     0     0     0     0     0     0     0     0     2    20   200  1596 12565  3410 12618 12279 10474 10313 12956 10030   744
ch   55:      0     0     0     0     0     0     0     0     0     0     0     0     0     0     0     0     0     0     0     1    56   348  2757 18108  9696 11857 11300 10805 16028 13099 10439    42
ch   56:      0     0     0     0     0     0     0     0     0     0     0     0     0     0     0     0     0     0     0     0    26   276  3049 16559  3586 14316 12384 10748 10097 12011  9993   637
ch   57:      0     0     0     0     0     0     0     0     0     0     0     0     0     0     0     0     0     0     0     1    55   342  3295 16501  8486  7532 12305 16988 12819 10653  7733    54
ch   58:      0     0     0     0     0     0     0     0     0     0     0     0     0     0     0     0     0     0     0     1    26   201  2024 15379 10116  7204 10169 10771 10028 12266 10430   662
ch   59:      0     0     0     0     0     0     0     0     0     0     0     0     0     0     0     0     0     0     0     3    47   399  2777  4215 13525 11412 12135  3157 12257  2856 11188    48
ch   60:      0     0     0     0     0     0     0     0     0     0     0     0     0     0     0     0     0     0     1     4    40   272  1721 14552 13876  6846  6999 10379 11717  8744 14384   680
ch   61:      0     0     0     0     0     0     0     0     0     0     0     0     0     0     0     0     0     0     0     7    35   385  2258 12960 13555 10694  4725 12930 13440  9071 11802    41
ch   62:      0     0     0     0     0     0     0     0     0     0     0     0     0     0     0     0     0     0     0     5    22   180  2466 18888 10174 15346 10894 12040 16151  6051 13713   632
ch   63:      0     0     0     0     0     0     0     0     0     0     0     0     0     0     0     0     0     0     0     1    42   302  3112 17741 18070 14645  8907  7723 12351  9085 10713    62
ch   64:      0     0     0     0     0     0     0     0     0     0     0     0     0     0     0     0     0     0     0     5    21   270  2794 18791 11913  9331  6079  9090 13219 13742 10694   612
ch   65:      0     0     0     0     0     0     0     0     0     0     0     0     0     0     0     0     0     0     0     4    63   458  3483  2093  8053  8587 14713  9419 11356  7817 11075    62
ch   66:      0     0     0     0     0     0     0     0     0     0     0     0     0     0     0     0     0     0     0     3    30   307  2158 14232 10862 13709 11964  9878 10737  8998  8209   663
ch   67:      0     0     0     0     0     0     0     0     0     0     0     0     0     0     0     0     0     0     0     4    40   518  3531  5301 13347  8792 11658  9771  8488  6218  9311    58
ch   68:      0     0     0     0     0     0     0     0     0     0     0     0     0     0     0     0     0     0     0     4    20   349  2462 14073 11774  7859  9422 13461  5875  8692  8496   515
ch   69:      0     0     0     0     0     0     0     0     0     0     0     0     0     0     0     0     0     0     1     8    58   763  3056 10416  7308  5192 13205 12524  8072 12406 12068    63
ch   70:      0     0     0     0     0     0     0     0     0     0     0     0     0     0     0     0     0     0     0     5    37   305  2973 18616 12909 15539 11474  8741  9355  6733 10254   547
ch   71:      0     0     0     0     0     0     0     0     0     0     0     0     0     0     0     0     0     0     0     4    44   498  3628 15752 13244  9942  6930  9707 14524 12692 12539    81
ch   72:      0     0     0     0     0     0     0     0     0     0     0     0     0     0     0     0     0     0     0     2    22   351  2466  8262 12649 10114 11949  9592 12622 10368 10308   526
ch   73:      0     0     0     0     0     0     0     0     0     0     0     0     0     0     0     0     0     0     0     4    57   474  3399  5044  7693 11805 10431 14654  9325  6240  4508    60
ch   74:      0     0     0     0     0     0     0     0     0     0     0     0     0     0     0     0     0     0     0     3    19   273  2675 15725  9450 10559  8342 14082 12277  6903  7357   517
ch   75:      0     0     0     0     0     0     0     0     0     0     0     0     0     0     0     0     0     0     1     3    70   641  4887  4562 11281  9279 12659  9402 11382 13111 13748    70
ch   76:      0     0     0     0     0     0     0     0     0     0     0     0     0     0     0     0     0     0     0     1    34   336  2266 16559 15484  5321  8938 13582  4572 12323  9750   440
ch   77:      0     0     0     0     0     0     0     0     0     0     0     0     0     0     0     0     0     0     2     6    25   412  3126  4991  9759  8377 13192  6942  4844  9134  8566    67
ch   78:      0     0     0     0     0     0     0     0     0     0     0     0     0     0     0     0     0     0     0     1    17   272  2528 17152  9038 15677  6039  7612 12505 10746  6945   534
ch   79:      0     0     0     0     0     0     0     0     0     0     0     0     0     0     0     0     0     0     0     3    60   392  3777  3624  4112  7413 11207 10331  6483  6815 13773   104
ch   80:      0     0     0     0     0     0     0     0     0     0     0     0     0     0     0     0     0     0     1     5    49   374  3013  4440  5138  4564 10924  8518 13538 10482  4925   593
ch   81:      0     0     0     0     0     0     0     0     0     0     0     0     0     0     0     0     0     0     0     3    55   498  3737  5788 13584  5298 10154  8543 10617 13385  8555   118
ch   82:      0     0     0     0     0     0     0     0     0     0     0     0     0     0     0     0     0     0     0     1    52   494  2657  7294 12475 11246  5920  9005  6499  7755  7695   505
ch   83:      0     0     0     0     0     0     0     0     0     0     0     0     0     0     0     0     0     0     0     4    93   914  5557 15829 13273 14377 11584  5722 10696 12453 11055    86
ch   84:      0     0     0     0     0     0     0     0     0     0     0     0     0     0     0     0     0     0     2    10    37   297  3147  7849 15493 10658 11425  8747 10239 12751 11108   408
ch   85:      0     0     0     0     0     0     0     0     0     0     0     0     0     0     0     0     0     0     1     5    74   443  4612  2250 14618 14773  9274  6756  8369  5673  8272   100
ch   86:      0     0     0     0     0     0     0     0     0     0     0     0     0     0     0     0     0     0     0     3    45   390  2119  4971  4706  4766  4448  6588  7352 15295  9738   512
ch   87:      0     0     0     0     0     0     0     0     0     0     0     0     0     0     0     0     0     0     0     6    80   545  5584 10500  6478 10227  8949 10100  7330 12971 12372   106
ch   88:      0     0     0     0     0     0     0     0     0     0     0     0     0     0     0     0     0     0     0     3    41   477  3185  5886  8924  7124  8725  9572 11884 11572 10047   411
ch   89:      0     0     0     0     0     0     0     0     0     0     0     0     0     0     0     0     0     0     0     5    60   393  5129  6513  9814 10480 11595  6931 13130 11067 10583   112
ch   90:      0     0     0     0     0     0     0     0     0     0     0     0     0     0     0     0     0     0     0     3    33   571  3439  6937  6877  7598 12135 13914  9119 13820 12670   427
ch   91:      0     0     0     0     0     0     0     0     0     0     0     0     0     0     0     0     0     0     0     7    88   580  4654  6914 10491 12916  8259 13288 12800 11862  8062   119
ch   92:      0     0     0     0     0     0     0     0     0     0     0     0     0     0     0     0     0     0     0     2    33   439  3424  4159 10959  9691  8663 13905  9058 11507 16119   430
ch   93:      0     0     0     0     0     0     0     0     0     0     0     0     0     0     0     0     0     0     0     6    70   536  3594  9745 12857 12032  9718 10015  7703  9883  8509   123
ch   94:      0     0     0     0     0     0     0     0     0     0     0     0     0     0     0     0     0     0     1     4    34   373  3991 19556  5765  9067  8767  7427  7063  9130 13389   618
ch   95:      0     0     0     0     0     0     0     0     0     0     0     0     0     0     0     0     0     0     0     1    54   703  4219 11220 15184 12035 12693  8510  7764  9196 11850   164
ch   96:      0     0     0     0     0     0     0     0     0     0     0     0     0     0     0     0     0     0     0     5    49   574  3922 14657  8729  9515 11507  7797 13639  8814 10177   509
ch   97:      0     0     0     0     0     0     0     0     0     0     0     0     0     0     0     0     0     0     0     9    78   765  5402 13879 14975  4783  7104 11449  9046 15369 13859   178
ch   98:      0     0     0     0     0     0     0     0     0     0     0     0     0     0     0     0     0     0     1     7    45   430  4433 19218  2379  9988  6265  7546 11455  9717 11480   361
ch   99:      0     0     0     0     0     0     0     0     0     0     0     0     0     0     0     0     0     0     0     4    68   623  3529  2568 10818  9348 10053 14202 12110 11934 12558   128
ch  100:      0     0     0     0     0     0     0     0     0     0     0     0     0     0     0     0     0     0     0     4    32   610  4092  5001 10033  4916 13417  7060  7557 11731  9079   468
ch  101:      0     0     0     0     0     0     0     0     0     0     0     0     0     0     0     0     0     1     2     7    94   654  4834 10344 13360 12684 13659  5716  7186 12079  7411   244
ch  102:      0     0     0     0     0     0     0     0     0     0     0     0     0     0     0     0     0     0     0     6    42   516  4118  9804  4525 14308 12078 10691  8251 13579 10144   453
ch  103:      0     0     0     0     0     0     0     0     0     0     0     0     0     0     0     0     0     0     1     7    99   718  5570 14740  6156  7006  4178  8543 11967 14858  9937   240
ch  104:      0     0     0     0     0     0     0     0     0     0     0     0     0     0     0     0     0     0     1     3    51   763  4155  8040 11440 11497  8992 11355 10378  7720  9244   486
ch  105:      0     0     0     0     0     0     0     0     0     0     0     0     0     0     0     0     0     0     1     9    72   567  5174  3710  9724  9543  8867 11547 11890  8110 11355   297
ch  106:      0     0     0     0     0     0     0     0     0     0     0     0     0     0     0     0     0     0     0     6    66   603  3639 12003 15401 12474 14490 10663  8745 11014  8553   439
ch  107:      0     0     0     0     0     0     0     0     0     0     0     0     0     0     0     0     0     0     0     3    60   858  6673 12856 13550 12964 11260 13792 10630  6341  7583   230
ch  108:      0     0     0     0     0     0     0     0     0     0     0     0     0     0     0     0     0     0     0     3    43   453  2905  6158  9822  8485 12330 10045  7219 12155  7576   416
ch  109:      0     0     0     0     0     0     0     0     0     0     0     0     0     0     0     0     0     0     1     6    51   792  4622  8361 10270  7188 10525 11304  8350 10996  7601   223
ch  110:      0     0     0     0     0     0     0     0     0     0     0     0     0     0     0     0     0     0     0     5    56   404  3636  1786  6780  7192 10326  8229  3261 12789  6163   510
ch  111:      0     0     0     0     0     0     0     0     0     0     0     0     0     0     0     0     0     0     0     8    55   790  5129 17075 12266  7711 12417  9402 12520 15808 10268   273
ch  112:      0     0     0     0     0     0     0     0     0     0     0     0     0     0     0     0     0     0     0     2    45   472  5319  6889 14191  6761 12714 11121 11024 12115 10982   489
ch  113:      0     0     0     0     0     0     0     0     0     0     0     0     0     0     0     0     0     0     0     8   131   787  6806 15017 11547 13179  7651  5636 13408  6494  8624   307
ch  114:      0     0     0     0     0     0     0     0     0     0     0     0     0     0     0     0     0     0     1     5    59   491  3318  4440  5593 10057 10814 11470  3873 11825  7531   644
ch  115:      0     0     0     0     0     0     0     0     0     0     0     0     0     0     0     0     0     0     1     2    97   854  5985  1127 13887  8323 10885 10350 15528  9178  8792   340
ch  116:      0     0     0     0     0     0     0     0     0     0     0     0     0     0     0     0     0     0     0     2    64   597  5154 18001  2324  7831 12593  8405  5669  7082  8525   479
ch  117:      0     0     0     0     0     0     0     0     0     0     0     0     0     0     0     0     0     0     1     2    51   989  5686 12079 13204 14696 12796  9938 11312  8841 11102   346
ch  118:      0     0     0     0     0     0     0     0     0     0     0     0     0     0     0     0     0     0     0     8    58   504  4728  2313  6128  6484  8605  7400  8915  5997  8899   581
ch  119:      0     0     0     0     0     0     0     0     0     0     0     0     0     0     0     0     0     0     1    11   148   828  4838 15059 12099 12640  9551 11027  6145 12461  6378   369
ch  120:      0     0     0     0     0     0     0     0     0     0     0     0     0     0     0     0     0     0     0     8    52   649  5916  6179  3281  8913  7320  4391  8302  7996  7547   695
ch  121:      0     0     0     0     0     0     0     0     0     0     0     0     0     0     0     0     0     0     0     3    90   739  7715 18545  5824  9894 15469 10853 10591  7520 10113   535
ch  122:      0     0     0     0     0     0     0     0     0     0     0     0     0     0     0     0     0     0     0     9    64   496  4205  5990  3576  8369 12211 13696 13135  9022  8987   649
ch  123:      0     0     0     0     0     0     0     0     0     0     0     0     0     0     0     0     0     0     0     5    97   835  7291 18258  9776 10503  9662  9507 11886 12118  9915   513
ch  124:      0     0     0     0     0     0     0     0     0     0     0     0     0     0     0     0     0     0     0     5    88   942  4474 14598  6758  8618  6283  8179  8383  9769 12599   613
ch  125:      0     0     0     0     0     0     0     0     0     0     0     0     0     0     0     0     0     0     0    15   148  1224  6447  6854  7865 11260 13084 10816  9939  9205 10776   680
ch  126:      0     0     0     0     0     0     0     0     0     0     0     0     0     0     0     0     0     0     0     7    46   528  3295  8628 13234  9025  9080 13715 15415  7866  8368  1429
ch  127:      0     0     0     0     0     0     0     0     0     0     0     0     0     0     0     0     0     0     1    23   151  1491 11666  5443  7390  9448 10552 10968  6743  9821 10422   700
