ch    0:      0     0     0     0     0     0     0     0     0     0     0     0     0     0     0     0     0     0     1     3    23    64   139   352   717  1982 12295  9527  8888  6683 10048 11377
ch    1:      0     0     0     0     0     0     0     0     0     0     0     0     0     0     0     0     0     0     0     0     0     1     9    47   292  1997 12319 11322  6948 10059  9397 11510
ch    2:      0     0     0     0     0     0     0     0     0     0     0     0     0     0     0     0     0     0     0     0     2     9    66   255   663  2494 13984 11852 11481 12862  9747 12164
ch    3:      0     0     0     0     0     0     0     0     0     0     0     0     0     0     0     0     0     0     0     0     0     1     5    59   336  5209 14912  9791 13453 10561  9852 11784
ch    4:      0     0     0     0     0     0     0     0     0     0     0     0     0     0     0     0     0     0     0     0     0     0     9    65   344  1860 12030 12118  8804  9715 12987 11574
ch    5:      0     0     0     0     0     0     0     0     0     0     0     0     0     0     0     0     0     0     0     0     0     0     7    40   489  4686 12078 12188 11161 12664 12104 16686
ch    6:      0     0     0     0     0     0     0     0     0     0     0     0     0     0     0     0     0     0     0     0     0     1     2    23   299  3517 11490  9873 10722 10760  9570  9012
ch    7:      0     0     0     0     0     0     0     0     0     0     0     0     0     0     0     0     0     0     0     0     0     2     3    52   419  5448 10655 12900  5657  5615 12550  8909
ch    8:      0     0     0     0     0     0     0     0     0     0     0     0     0     0     0     0     0     0     0     0     0     0     6    30   438  2949  5954  3875 15204  9943  7855 11249
ch    9:      0     0     0     0     0     0     0     0     0     0     0     0     0     0     0     0     0     0     0     0     0     0     6    69   857  7205 12541 11958  9006 11697 13943 10999
ch   10:      0     0     0     0     0     0     0     0     0     0     0     0     0     0     0     0     0     0     0     0     0     0     4    31   395  4490  6895 11418  6972  7584 10244 12809
ch   11:      0     0     0     0     0     0     0     0     0     0     0     0     0     0     0     0     0     0     0     0     0     0     3    63   998  9339 11672  9874 13492 11206 11486 12083
ch   12:      0     0     0     0     0     0     0     0     0     0     0     0     0     0     0     0     0     0     0     0     0     0     3    36   587  5981  8381 10342 12577 10376  9677  8876
ch   13:      0     0     0     0     0     0     0     0     0     0     0     0     0     0     0     0     0     0     0     0     0     0     7    67  1074 10726 10446 10990  9629 13766 10338  8400
ch   14:      0     0     0     0     0     0     0     0     0     0     0     0     0     0     0     0     0     0     0     0     0     1     6    37   578  4787  9392 15018 12119 10597 11184  9748
ch   15:      0     0     0     0     0     0     0     0     0     0     0     0     0     0     0     0     0     0     0     0     0     0     5   126  1294 16433  4682  6503  7718 12858  9976  8563
ch   16:      0     0     0     0     0     0     0     0     0     0     0     0     0     0     0     0     0     0     0     0     0     0     1    34   486  4962  8206 13717 15779 10357 10925  8918
ch   17:      0     0     0     0     0     0     0     0     0     0     0     0     0     0     0     0     0     0     0     0     0     0     4    90  1022 11390 11117 12904 13453 10959  6936  9211
ch   18:      0     0     0     0     0     0     0     0     0     0     0     0     0     0     0     0     0     0     0     0     0     0     4    48   724  6520 11701 14190  8953 10634  9645  5873
ch   19:      0     0     0     0     0     0     0     0     0     0     0     0     0     0     0     0     0     0     0     0     0     0     7    81  1505 13665  8194 10181  8275 12227 11476  8487
ch   20:      0     0     0     0     0     0     0     0     0     0     0     0     0     0     0     0     0     0     0     0     0     0     2    39   784 10183  5500  5887  9503  8810  8511  6890
ch   21:      0     0     0     0     0     0     0     0     0     0     0     0     0     0     0     0     0     0     0     0     0     0     8   173  1654  2166  9391  9886 10448 11573 11705  7761
ch   22:      0     0     0     0     0     0     0     0     0     0     0     0     0     0     0     0     0     0     0     0     0     0     3    39  1347  9173 10126  6977 15227  6303  8073 11888
ch   23:      0     0     0     0     0     0     0     0     0     0     0     0     0     0     0     0     0     0     0     0     0     0    11   155  1396  8156 12469 13027 14996 14981 16491 10926
ch   24:      0     0     0     0     0     0     0     0     0     0     0     0     0     0     0     0     0     0     0     0     0     0     1    42   869 11503  5381  7397 13397  9855  6872 10606
ch   25:      0     0     0     0     0     0     0     0     0     0     0     0     0     0     0     0     0     0     0     0     0     0     8   185  1576 19406 11659 10343  7679 13342 13070 13840
ch   26:      0     0     0     0     0     0     0     0     0     0     0     0     0     0     0     0     0     0     0     0     0     0     3    90   735 11387  6499  7600 12346  9287 12779  8692
ch   27:      0     0     0     0     0     0     0     0     0     0     0     0     0     0     0     0     0     0     0     0     0     0     9   124  2822 18357 10955  7464  8919  5505  6291  6038
ch   28:      0     0     0     0     0     0     0     0     0     0     0     0     0     0     0     0     0     0     0     0     0     1     2    58   960 11834 11541 14180 10644 12711  9595  8246
ch   29:      0     0     0     0     0     0     0     0     0     0     0     0     0     0     0     0     0     0     0     0     0     0     7   207  2461  6281 10727  5427  7946  9506 13796 16952
ch   30:      0     0     0     0     0     0     0     0     0     0     0     0     0     0     0     0     0     0     0     0     0     0     2    96  1677 14198  8986  9050 15251 14824 13475 11311
ch   31:      0     0     0     0     0     0     0     0     0     0     0     0     0     0     0     0     0     0     0     0     0     0    22   310  3379 15755  9430 14707 14765 10373 11542 14174
ch   32:      0     0     0     0     0     0     0     0     0     0     0     0     0     0     0     0     0     0     0     0     0     0     3   101  1220 16945  7625 12318  8991 10277 11923  2976
ch   33:      0     0     0     0     0     0     0     0     0     0     0     0     0     0     0     0     0     0     0     0     0     2    19   313  4667 18257  9899 14687 17013  7800 10980  8324
ch   34:      0     0     0     0     0     0     0     0     0     0     0     0     0     0     0     0     0     0     0     0     0     0     3   132  2141 15897  8078 13368 11218  7788  7041 15168
ch   35:      0     0     0     0     0     0     0     0     0     0     0     0     0     0     0     0     0     0     0     0     0     0    18   325  3855 10389 11089 12745  8155 15547 12228  5264
ch   36:      0     0     0     0     0     0     0     0     0     0     0     0     0     0     0     0     0     0     0     0     0     0     5    97  1422 13173  5202 10032 12329  4641  6230  6908
ch   37:      0     0     0     0     0     0     0     0     0     0     0     0     0     0     0     0     0     0     0     0     0     0    19   391  3932 14290 11643 14780  8830 10839 13499  9553
ch   38:      0     0     0     0     0     0     0     0     0     0     0     0     0     0     0     0     0     0     0     0     0     0     2    96  2122  2943  6015 12032  8696  9949  7749 10836
ch   39:      0     0     0     0     0     0     0     0     0     0     0     0     0     0     0     0     0     0     0     0     0     3    21   307  6621  8204 11449 10104  9550  9542 10464  9186
ch   40:      0     0     0     0     0     0     0     0     0     0     0     0     0     0     0     0     0     0     0     0     0     1    24   101  1954  5988 10710 10851  9327 10945  9759 11595
ch   41:      0     0     0     0     0     0     0     0     0     0     0     0     0     0     0     0     0     0     0     0     0     0     9   486  5024  8528  7219  8680 12902  6646 10294 10280
ch   42:      0     0     0     0     0     0     0     0     0     0     0     0     0     0     0     0     0     0     0     0     0     1     6   134  1551  1972 10026 10323 13070 14315 10627 14085
ch   43:      0     0     0     0     0     0     0     0     0     0     0     0     0     0     0     0     0     0     0     0     0     1    20   389  4991  7505 10123  5860  9609 10109 12720 12492
ch   44:      0     0     0     0     0     0     0     0     0     0     0     0     0     0     0     0     0     0     0     0     0     1    15   137  2448  2668 10168  6611  8114 13747 16117 12813
ch   45:      0     0     0     0     0     0     0     0     0     0     0     0     0     0     0     0     0     0     0     0     0     1    72   919  8488  7916 14336 11208  6140 12051  9574 13385
ch   46:      0     0     0     0     0     0     0     0     0     0     0     0     0     0     0     0     0     0     0     0     0     1    10   135  1969  9542  9103 10953  8988  5893  8635  7927
ch   47:      0     0     0     0     0     0     0     0     0     0     0     0     0     0     0     0     0     0     0     0     0     4    64   486  6190 16515 11287 13629 13039 10713 12129  4590
ch   48:      0     0     0     0     0     0     0     0     0     0     0     0     0     0     0     0     0     0     0     0     0     0     7   229  2160  6475  8049  9146  7081 10566  9871  9113
ch   49:      0     0     0     0     0     0     0     0     0     0     0     0     0     0     0     0     0     0     0     0     0     4    36   832  4732 15273 11640 11654  8312 12637 10982  5168
ch   50:      0     0     0     0     0     0     0     0     0     0     0     0     0     0     0     0     0     0     0     0     0     0    14   242  4535  7876  8217  9746  9739  8789 13539 13896
ch   51:      0     0     0     0     0     0     0     0     0     0     0     0     0     0     0     0     0     0     0     0     1     4    96   772  7412 18243  8883  7137 10691  6631 11694 10659
ch   52:      0     0     0     0     0     0     0     0     0     0     0     0     0     0     0     0     0     0     0     0     0     0    18   218  2441  8838 11523 15380  7621  8269  6941 10102
ch   53:      0     0     0     0     0     0     0     0     0     0     0     0     0     0     0     0     0     0     0     0     0     5    85  1344  8937 16257  7078 13077  9099 12182  9365 12186
ch   54:      0     0     0     0     0     0     0     0     0     0     0     0     0     0     0     0     0     0     0     0     0     0     9   252  4974 12132 11763 10342 13317  8435 11642 10331
ch   55:      0     0     0     0     0     0     0     0     0     0     0     0     0     0     0     0     0     0     0     0     1     9    64   574  6266 14631 12690 12133  7141 10536  9256  7142
ch   56:      0     0     0     0     0     0     0     0     0     0     0     0     0     0     0     0     0     0     0     0     0     2    26   466  4074 14350  9199 14791  8407 10684  8282 10974
ch   57:      0     0     0     0     0     0     0     0     0     0     0     0     0     0     0     0     0     0     0     0     0     4    95  1105  7493 13096 11398 10884 10291  8539  9082  9465
ch   58:      0     0     0     0     0     0     0     0     0     0     0     0     0     0     0     0     0     0     0     0     0     0    35   358  6042  7205  4123 11068 12001 10899  7146  5828
ch   59:      0     0     0     0     0     0     0     0     0     0     0     0     0     0     0     0     0     0     0     0     0     8   117  1023 12228 13004  7921  9130 13430 14437  9638 14017
ch   60:      0     0     0     0     0     0     0     0     0     0     0     0     0     0     0     0     0     0     0     0     0     4    27   361  3991 15187 13864  8617 14199  9508  4561  8005
ch   61:      0     0     0     0     0     0     0     0     0     0     0     0     0     0     0     0     0     0     0     0     0     4    76   966 11002 11080 12910 15936  7320 13895  9760 11506
ch   62:      0     0     0     0     0     0     0     0     0     0     0     0     0     0     0     0     0     0     0     0     1     6    24   479  5530 13548  8951 10419 10581  8560  9327 11278
ch   63:      0     0     0     0     0     0     0     0     0     0     0     0     0     0     0     0     0     0     0     0     0   196    93   732 10275 13548 16426 10489  9544 11372 12690 15068
ch   64:      0     0     0     0     0     0     0     0     0     0     0     0     0     0     0     0     0     0     0     0     0     5    51   458  5391 17175  8602  8440 10213  8796 11148  9377
ch   65:      0     0     0     0     0     0     0     0     0     0     0     0     0     0     0     0     0     0     0     0     0    11    73  1414 11838 13949 14744 10046  9557 15487  8041  9730
ch   66:      0     0     0     0     0     0     0     0     0     0     0     0     0     0     0     0     0     0     0     0     0     0    41   474  5612 17931 14657 10957 10261  6574 13478  6269
ch   67:      0     0     0     0     0     0     0     0     0     0     0     0     0     0     0     0     0     0     0     0     0    15   235  2278 19466  9285 11680  7401  8350  9798  9328  8790
ch   68:      0     0     0     0     0     0     0     0     0     0     0     0     0     0     0     0     0     0     0     0     1     3    57   454  5495 11610  7888 12254  4262  9193 10100 12955
ch   69:      0     0     0     0     0     0     0     0     0     0     0     0     0     0     0     0     0     0     0     0     0     8   133  2443 14143 12293 10506 13341  4653  6326 10988  8279
ch   70:      0     0     0     0     0     0     0     0     0     0     0     0     0     0     0     0     0     0     0     0     0     2    38   567  6723 17710  9013  9396 14314  9837 11014 15053
ch   71:      0     0     0     0     0     0     0     0     0     0     0     0     0     0     0     0     0     0     0     0     0     9   117  1558 14227 13587 12511 11501 14424 11405  9871  7383
ch   72:      0     0     0     0     0     0     0     0     0     0     0     0     0     0     0     0     0     0     0     0     0     1    53   722 12875  8115 11639 13981  9837  9624 10809  8253
ch   73:      0     0     0     0     0     0     0     0     0     0     0     0     0     0     0     0     0     0     0     0     1    11   215  1852 17622 14129 11854 10422 10519  7020  6753 12273
ch   74:      0     0     0     0     0     0     0     0     0     0     0     0     0     0     0     0     0     0     0     0     0     6    82   665  5796 18404 15580 13328 12275  8489 14594 10617
ch   75:      0     0     0     0     0     0     0     0     0     0     0     0     0     0     0     0     0     0     0     0     0    10   183  2425 16159 11595  8086  3853  6419  7442  5534 10411
ch   76:      0     0     0     0     0     0     0     0     0     0     0     0     0     0     0     0     0     0     0     0     0     3    48   709  6403 18939 11833  9142  8783 10697 12882  9696
ch   77:      0     0     0     0     0     0     0     0     0     0     0     0     0     0     0     0     0     0     0     0     1    12   169  2261 16730 14916 10381 13404  9282 12822  8898 11022
ch   78:      0     0     0     0     0     0     0     0     0     0     0     0     0     0     0     0     0     0     0     0     0     5    39   817 11074 12098  9658 12677 11434 13717  9388 11824
ch   79:      0     0     0     0     0     0     0     0     0     0     0     0     0     0     0     0     0     0     0     0     2    19   193  2376 12760 10056 14559 10280  6705  8345 11484  9320
ch   80:      0     0     0     0     0     0     0     0     0     0     0     0     0     0     0     0     0     0     0     0     0     2    48   803  8255 12965 11065 12908  9947 12659 10562 10428
ch   81:      0     0     0     0     0     0     0     0     0     0     0     0     0     0     0     0     0     0     0     0     0    13   218  2653 19249  5907 12750  5743  8375 12511 13098  4674
ch   82:      0     0     0     0     0     0     0     0     0     0     0     0     0     0     0     0     0     0     0     0     0     1    27   489  6399  8596  7226  7465  9211  9746 11394  6924
ch   83:      0     0     0     0     0     0     0     0     0     0     0     0     0     0     0     0     0     0     0     0     0    13   217  2736  4784  7437  9138 13966  9236  7936  9586  7964
ch   84:      0     0     0     0     0     0     0     0     0     0     0     0     0     0     0     0     0     0     0     0     0     4    47   737  6067 13047 14621 13466  8618 13397 11389  2589
ch   85:      0     0     0     0     0     0     0     0     0     0     0     0     0     0     0     0     0     0     0     0     0     6   121  1992 18403 10615 12394  3978  8049  8650 10298 10478
ch   86:      0     0     0     0     0     0     0     0     0     0     0     0     0     0     0     0     0     0     0     0     1     1    27   642  9582 10809  8475 11905  9912  9262  7291 11085
ch   87:      0     0     0     0     0     0     0     0     0     0     0     0     0     0     0     0     0     0     0     0     0     6   171  2073 17107  8936  8004  9663  6886  7671 11026 13179
ch   88:      0     0     0     0     0     0     0     0     0     0     0     0     0     0     0     0     3    57   515  4833 16160  4915  6084  9895  9500  8483 14022 12115 13701  9433 10275 10695
ch   89:      0     0     0     0     0     0     0     0     0     0     0     0     0     0     0     0     0     0     0     0     1    10   137  2415 18284  7790  6622 10379 13581 11585  5364 12745
ch   90:      0     0     0     0     0     0     0     0     0     0     0     0     0     0     0     0     0     0     0     0     0     3    25   744  7706 10414  9597 14058 10143 10253 10303 15668
ch   91:      0     0     0     0     0     0     0     0     0     0     0     0     0     0     0     0     0     0     0     0     1    22   160  2292  8203  7973  8596  9954 15566  5379  9521  6329
ch   92:      0     0     0     0     0     0     0     0     0     0     0     0     0     0     0     0     0     0     0     0     0     0    48   758 10751 16937 11724  7471 13351  8470  7039  9030
ch   93:      0     0     0     0     0     0     0     0     0     0     0     0     0     0     0     0     0     0     0     0     0     8   102  1138 16830  5737  4748 16861 10099 10919 11932 11523
ch   94:      0     0     0     0     0     0     0     0     0     0     0     0     0     0     0     0     0     0     0     0     1     3    43   600  7448 10477  9409  9913 11842  6996 14129  8315
ch   95:      0     0     0     0     0     0     0     0     0     0     0     0     0     0     0     0     0     0     0     0     0     5   100  1270 16256  2082 10036 10646 10826  9756  9844 12093
ch   96:      0     0     0     0     0     0     0     0     0     0     0     0     0     0     0     0     0     0     0     0     0     2    35   611  5253  8864  9938 14443  6701 13803 12233 10834
ch   97:      0     0     0     0     0     0     0     0     0     0     0     0     0     0     0     0     0     0     0     0     0     6    79  1627 10604  4510 11084  8973 11516 12147  9711 17745
ch   98:      0     0     0     0     0     0     0     0     0     0     0     0     0     0     0     0     0     0     0     0     0     1    25   614  6753  4814  8937 11410 11281 12298 12026 11499
ch   99:      0     0     0     0     0     0     0     0     0     0     0     0     0     0     0     0     0     0     0     0     0     3   162  1493  1610 15436  4745  9341  6898 10492  6508 12036
ch  100:      0     0     0     0     0     0     0     0     0     0     0     0     0     0     0     0     0     0     0     0     0     0    20   545  6123 11088  9998 12780  9588 13044 14753 11627
ch  101:      0     0     0     0     0     0     0     0     0     0     0     0     0     0     0     0     0     0     0     0     1     3    50   876  9173 16734 10901 13582 15223  5239 15248 12314
ch  102:      0     0     0     0     0     0     0     0     0     0     0     0     0     0     0     0     0     0     0     0     0     4    60   505  6730 14984  4307  9496 10009 12527  7916  8935
ch  103:      0     0     0     0     0     0     0     0     0     0     0     0     0     0     0     0     0     0     0     0     1     3   125  1115  9986 16996  6696  9354 10605  8786  5329  6728
ch  104:      0     0     0     0     0     0     0     0     0     0     0     0     0     0     0     0     0     0     0     0     0     0    35   396  4704 16286  5885 14697  6903 13646 13281 10231
ch  105:      0     0     0     0     0     0     0     0     0     0     0     0     0     0     0     0     0     0     0     0     0     2    95  1439 12258  3121 11013 10766  6954 11546 11879 11988
ch  106:      0     0     0     0     0     0     0     0     0     0     0     0     0     0     0     0     0     0     0     0     0     0     7   290  2928  5415 10251  8118  9402  7424 10355  6555
ch  107:      0     0     0     0     0     0     0     0     0     0     0     0     0     0     0     0     0     0     0     0     0     2    86  1279 11288  2607 12356 10938  9253 10602 15139  7556
ch  108:      0     0     0     0     0     0     0     0     0     0     0     0     0     0     0     0     0     0     0     0     0     0    15   237  5872  4508 11262 10790  9627  8454 13868 11262
ch  109:      0     0     0     0     0     0     0     0     0     0     0     0     0     0     0     0     0     0     0     0     0     3    47  1210 11606  8177 13477  8304  9510  9939 11612  7241
ch  110:      0     0     0     0     0     0     0     0     0     0     0     0     0     0     0     0     0     0     0     0     0     1    22   197  5041 13475 10443  8362 13912 10547  4723  9742
ch  111:      0     0     0     0     0     0     0     0     0     0     0     0     0     0     0     0     0     3    54   482  3286  3730  8262 13563  7910 10887  7277 14659 11269  8772 10513  6279
ch  112:      0     0     0     0     0     0     0     0     0     0     0     0     0     0     0     0     0     0     1    21   159  1747 12142 12368 10539 11785 10767 11665  9850 10669  9095  6586
ch  113:      0     0     0     0     0     0     0     0     0     0     0     0     0     0     0     0     0     0     0     0     0     1    24   586  4842  2961 11381  3642  8065 13342 10842 12350
ch  114:      0     0     0     0     0     0     0     0     0     0     0     0     0     0     0     0     0     0     0     0     0     1     5   219  2502  8606 12916 11637 11136  8031  4109  9605
ch  115:      0     0     0     0     0     0     0     0     0     0     0     0     0     0     0     0     0     0     0     0     0     2    52   464 13828 12607 10031  7450  7531 12460 10872 15458
ch  116:      0     0     0     0     0     0     0     0     0     0     0     0     0     0     0     0     0     0     0     0     0     0     8   196  2822  5050 10386  4788 12286  8478  9401 10398
ch  117:      0     0     0     0     0     0     0     0     0     0     0     0     0     0     0     0     0     0     0     0     0     1    16   577 14074  5428 10534  9825  5336  9994  9527  9102
ch  118:      0     0     0     0     0     0     0     0     0     0     0     0     0     0     0     0     0     0     0     0     0     0     4   184  2435 12493  7185 11973  6854 11656  9308 10355
ch  119:      0     0     0     0     0     0     0     0     0     0     0     0     0     0     0     0     0     0     0     0     0     2    42   609 10158 12620 11048  8836  8395 10232  8394  9055
ch  120:      0     0     0     0     0     0     0     0     0     0     0     0     0     0     0     0     0     0     0     0     0     0    10   222  2972  4557 11822  9738  9329 14561 10052  9183
ch  121:      0     0     0     0     0     0     0     0     0     0     0     0     0     0     0     0     0     0     0     0     0     1    38   602  7701 17058 11795  8451 11568  4743 12493  9932
ch  122:      0     0     0     0     0     0     0     0     0     0     0     0     0     0     0     0     0     0     0     0     0     0     9   212  3311 14166 10141  9989 11858 10121 11097 12445
ch  123:      0     0     0     0     0     0     0     0     0     0     0     0     0     0     0     0     0     0     0     0     0     2    34   542 14456 13343  7056 10729 10416  9199  9989 13365
ch  124:      0     0     0     0     0     0     0     0     0     0     0     0     0     0     0     0     0     0     0     0     0     1     9   129  3663 18250  9978  7200  9665  8555  8956 10700
ch  125:      0     0     0     0     0     0     0     0     0     0     0     0     0     0     0     0     0     0     0     0     0     6    37  1067 11517 13774  9359 12398  7348  8353 10179 10366
ch  126:      0     0     0     0     0     0     0     0     0     0     0     0     0     0     0     0     0     0     0     0     0     2    14   522  3441 11800  6836  9841 12888  7523  9850 11407
ch  127:      0     0     0     0     0     0     0     0     0     0     0     0     0     0     0     0     0     0     0     0     0     4    63  1338 12577 13913 10194 15211  8116  8170 11540 10716
