ch    0:      0     0     0     0     0     0     0     0     0     0     0     0     0     0     0     0     0     0     1     5    21    67   157   421   778  2707 10320 11735 14298 10601 10601  8066
ch    1:      0     0     0     0     0     0     0     0     0     0     0     0     0     0     0     0     0     0     0     0     0     1     5    47   279  1760 13843  6192  9799 11117 10824  8333
ch    2:      0     0     0     0     0     0     0     0     0     0     0     0     0     0     0     0     0     0     0     0     0    12    53   214   799  4203 15647 14062 15013 10285 14358 12691
ch    3:      0     0     0     0     0     0     0     0     0     0     0     0     0     0     0     0     0     0     0     0     0     0     7    67   670  4755  6510 13649 10483 11248  6177  7945
ch    4:      0     0     0     0     0     0     0     0     0     0     0     0     0     0     0     0     0     0     0     0     0     0    15   102   560  3319 12191 10391  9743 13018 16231 10557
ch    5:      0     0     0     0     0     0     0     0     0     0     0     0     0     0     0     0     0     0     0     0     0     0     6    86   715  6072 13052 14607  7942 11929 13575  9264
ch    6:      0     0     0     0     0     0     0     0     0     0     0     0     0     0     0     0     0     0     0     0     0     2    11    69   360  5075 11290 13361  9937 12703  6652  9734
ch    7:      0     0     0     0     0     0     0     0     0     0     0     0     0     0     0     0     0     0     0     0     0     1    11    74   719  7113  4253  3747 16144 12534 12571  6117
ch    8:      0     0     0     0     0     0     0     0     0     0     0     0     0     0     0     0     0     0     0     0     0     1     4    56   493  5949 15748 10915 13142 11265  9757 10160
ch    9:      0     0     0     0     0     0     0     0     0     0     0     0     0     0     0     0     0     0     0     0     0     1     7   103   925  9546 10603 12914 10669  5259  8191  6946
ch   10:      0     0     0     0     0     0     0     0     0     0     0     0     0     0     0     0     0     0     0     0     0     0    11    88   834  4473 11257 11122  8673  9623 10154 10014
ch   11:      0     0     0     0     0     0     0     0     0     0     0     0     0     0     0     0     0     0     0     0     0     1    11    54  1174  8884  8169  7358  8123  6251  6486  8556
ch   12:      0     0     0     0     0     0     0     0     0     0     0     0     0     0     0     0     0     0     0     0     1     1    12   103   868  7981 12800  9688 10058 13525  9012 14233
ch   13:      0     0     0     0     0     0     0     0     0     0     0     0     0     0     0     0     0     0     0     0     0     1     6   130  1227 10354  9138 12220  8183 15335  7481  7087
ch   14:      0     0     0     0     0     0     0     0     0     0     0     0     0     0     0     0     0     0     0     0     0     1    13    92   703  9161  5921 11655 14890  9816 13246  8008
ch   15:      0     0     0     0     0     0     0     0     0     0     0     0     0     0     0     0     0     0     0     0     0     0     6   150  1340 11741 12569 10172 13616 11306 10012 13605
ch   16:      0     0     0     0     0     0     0     0     0     0     0     0     0     0     0     0     0     0     0     0     0     1    10    83   549  6717 13622  9362 14013 11912  8163  7127
ch   17:      0     0     0     0     0     0     0     0     0     0     0     0     0     0     0     0     0     0     0     0     0     0     9   157  1581 18347 10902 11481 14813 11849  8697 10939
ch   18:      0     0     0     0     0     0     0     0     0     0     0     0     0     0     0     0     0     0     0     0     0     1     8    61  1203  9505 12444  9162 13947 10045 11242  6948
ch   19:      0     0     0     0     0     0     0     0     0     0     0     0     0     0     0     0     0     0     0     0     0     0    12   162  2276  2291  9267  9114 13356  8882  6284 11920
ch   20:      0     0     0     0     0     0     0     0     0     0     0     0     0     0     0     0     0     0     0     0     0     0     7   121   795 13359  6180  8970 13247  8810  9620 12166
ch   21:      0     0     0     0     0     0     0     0     0     0     0     0     0     0     0     0     0     0     0     0     0     0    14   175  2363 15756 10961 10258 10832 11373 12015  9407
ch   22:      0     0     0     0     0     0     0     0     0     0     0     0     0     0     0     0     0     0     0     0     0     0     8    81  1383 15540  8992 10573  9267  9759 12513 13123
ch   23:      0     0     0     0     0     0     0     0     0     0     0     0     0     0     0     0     0     0     0     0     0     1    23   216  2109 18918  9414 15042  4433  7208  8099  7947
ch   24:      0     0     0     0     0     0     0     0     0     0     0     0     0     0     0     0     0     0     0     0     0     1     8   132  1282 10563  7033 12531 12705  7426 10460 11957
ch   25:      0     0     0     0     0     0     0     0     0     0     0     0     0     0     0     0     0     0     0     0     1     3    19   216  2226  3665 16233 15679 10987 12477  3258  9239
ch   26:      0     0     0     0     0     0     0     0     0     0     0     0     0     0     0     0     0     0     0     0     0     1     9   160  1110 14817 13237 11499  8654 10877 12031  3873
ch   27:      0     0     0     0     0     0     0     0     0     0     0     0     0     0     0     0     0     0     0     0     2     2    39   364  2988 10883 10183 10248 12619 10852 11394 12100
ch   28:      0     0     0     0     0     0     0     0     0     0     0     0     0     0     0     0     0     0     0     0     0     1     8   127  2227 15886 15464 12772  8598 10243  9445  8713
ch   29:      0     0     0     0     0     0     0     0     0     0     0     0     0     0     0     0     0     0     0     0     0     0    14   315  4862  5026 11533  8742  9057 15153 13815 12143
ch   30:      0     0     0     0     0     0     0     0     0     0     0     0     0     0     0     0     0     0     0     0     0     0    12   149  1920 18491  9106  9419  9079  5923 12902  9018
ch   31:      0     0     0     0     0     0     0     0     0     0     0     0     0     0     0     0     0     0     0     0     0     0    26   341  5148 13718  8997 10282 14129 10845  9377 12062
ch   32:      0     0     0     0     0     0     0     0     0     0     0     0     0     0     0     0     0     0     0     0     0     1     9   113  2769 17382 14603 14267 10771  8019 11873  9110
ch   33:      0     0     0     0     0     0     0     0     0     0     0     0     0     0     0     0     0     0     0     0     0     3    20   487  4951  8960  5637 12200 12715 13380 14733  4396
ch   34:      0     0     0     0     0     0     0     0     0     0     0     0     0     0     0     0     0     0     0     0     0     0    25   192  3509  6493 11730 11208  5131 10583  6963 12663
ch   35:      0     0     0     0     0     0     0     0     0     0     0     0     0     0     0     0     0     0     0     0     0     2    57   760  6031 14322 15487 11943 16073 11939  9912 12110
ch   36:      0     0     0     0     0     0     0     0     0     0     0     0     0     0     0     0     0     0     0     0     0     1    11   140  1693 18346  5248 11836  9260 13610  9719  9180
ch   37:      0     0     0     0     0     0     0     0     0     0     0     0     0     0     0     0     0     0     0     0     0     0    63   503  5746  5545  5983  7825  9937 11449  4061  8447
ch   38:      0     0     0     0     0     0     0     0     0     0     0     0     0     0     0     0     0     0     0     0     0     0    25   273  2403  3680  7096 10025 10578  7884 10441 10834
ch   39:      0     0     0     0     0     0     0     0     0     0     0     0     0     0     0     0     0     0     0     0     1    10    63   785  5997  8609 13452 14277 12592  8827 10005  9116
ch   40:      0     0     0     0     0     0     0     0     0     0     0     0     0     0     0     0     0     0     0     0     0     0    30   265  3293  2100 15239  8714 10674  8580  8744  8533
ch   41:      0     0     0     0     0     0     0     0     0     0     0     0     0     0     0     0     0     0     0     0     0     2    46   886  7303  4536  9475 12789  9854  9890 11310  7186
ch   42:      0     0     0     0     0     0     0     0     0     0     0     0     0     0     0     0     0     0     0     0     0     3    25   277  3882 10491 12394  7204  8373 10873 10465 11598
ch   43:      0     0     0     0     0     0     0     0     0     0     0     0     0     0     0     0     0     0     0     0     0     4    75   482  7355  7813  9514  8295 13100  6835  9393  9698
ch   44:      0     0     0     0     0     0     0     0     0     0     0     0     0     0     0     0     0     0     0     0     0     0    20   190  4128 11132  9400  7610 12618 11540 12609 10309
ch   45:      0     0     0     0     0     0     0     0     0     0     0     0     0     0     0     0     0     0     0     1     4     8    72   988 12069 11462  6050 10972 11933  8971  7972 11004
ch   46:      0     0     0     0     0     0     0     0     0     0     0     0     0     0     0     0     0     0     0     0     0     0    25   282  3307  9669 10203 13494  7703 12032  8860 10640
ch   47:      0     0     0     0     0     0     0     0     0     0     0     0     0     0     0     0     0     0     0     0     2     3   143   882  6600 10404 11890 14758  6336 11770 13655 10483
ch   48:      0     0     0     0     0     0     0     0     0     0     0     0     0     0     0     0     0     0     0     0     0     2    19   472  3519 16581 11430  7159 13710 12993 11566 11570
ch   49:      0     0     0     0     0     0     0     0     0     0     0     0     0     0     0     0     0     0     0     0     0     9    88  1034 12839 10500 11355 10343 10945 15139 10098 12262
ch   50:      0     0     0     0     0     0     0     0     0     0     0     0     0     0     0     0     0     0     0     0     0     8    46   616  5356 14547 10193 10021 10139  9555 11755 11995
ch   51:      0     0     0     0     0     0     0     0     0     0     0     0     0     0     0     0     0     0     0     0     1    14   188  1382 14230 10823 10008 12093  8084  8728  7041 13269
ch   52:      0     0     0     0     0     0     0     0     0     0     0     0     0     0     0     0     0     0     0     0     0     1    40   599  5182 12248  7188 11084 10774 12305  9662  8026
ch   53:      0     0     0     0     0     0     0     0     0     0     0     0     0     0     0     0     0     0     0     0     0     3    82  1603 12786 10738  8197  6624 11667 10377 13872 10461
ch   54:      0     0     0     0     0     0     0     0     0     0     0     0     0     0     0     0     0     0     0     0     0     4    52   609  5641  4181 10527 11616  3298 10989 13186 12004
ch   55:      0     0     0     0     0     0     0     0     0     0     0     0     0     0     0     0     0     0     0     0     0    12   104  1361 13477 13202 11979 11169 15702 11850  5978 15006
ch   56:      0     0     0     0     0     0     0     0     0     0     0     0     0     0     0     0     0     0     0     0     0     1    29   698  4582 13721 11804 13288 11273  5709 12856 10411
ch   57:      0     0     0     0     0     0     0     0     0     0     0     0     0     0     0     0     0     0     0     0     0    17   119  1727 14395  8432  9512  6152  8275 15148 14579 10728
ch   58:      0     0     0     0     0     0     0     0     0     0     0     0     0     0     0     0     0     0     0     0     1     4    88   658  6947  6031 10906  9556 11780  9668 12083 10719
ch   59:      0     0     0     0     0     0     0     0     0     0     0     0     0     0     0     0     0     0     0     0     2    14   168  2077 16923  8302 10746  5007 12339  8714 11216  8464
ch   60:      0     0     0     0     0     0     0     0     0     0     0     0     0     0     0     0     0     0     0     0     0     5    50   518  4835  8799 10424  9748 10633  9674 14743  7210
ch   61:      0     0     0     0     0     0     0     0     0     0     0     0     0     0     0     0     0     0     0     0     0    14   154  1654 16583 12058  9937 10169  6803  7526 13244  9549
ch   62:      0     0     0     0     0     0     0     0     0     0     0     0     0     0     0     0     0     0     0     0     0     2    63   665  8293 10637  9667 10538 14579 13381  6904 11539
ch   63:      0     0     0     0     0     0     0     0     0     0     0     0     0     0     0     0     0     0     0     0     1    30   311  2300 18660  9398 10681 10990 12841 14033  9687 11811
ch   64:      0     0     0     0     0     0     0     0     0     0     0     0     0     0     0     0     0     0     0     0     0    15    78  1194 14225 12299  9300  9578 10742  4106 14693  8637
ch   65:      0     0     0     0     0     0     0     0     0     0     0     0     0     0     0     0     0     0     0     0     2    15   168  2209 12615  8907 10717  8261  6986  7482 13074  9828
ch   66:      0     0     0     0     0     0     0     0     0     0     0     0     0     0     0     0     0     0     0     0     0     3    74   559  8228 14508  9069  8280 10096 11291 13241 10163
ch   67:      0     0     0     0     0     0     0     0     0     0     0     0     0     0     0     0     0     0     0     0     1    30   588  3600  6343  7236 10411  8439 12944  9302 14518 15468
ch   68:      0     0     0     0     0     0     0     0     0     0     0     0     0     0     0     0     0     0     0     0     0     4    90  1151  9089  8977 11750  7449 10647 12634 13269 12358
ch   69:      0     0     0     0     0     0     0     0     0     0     0     0     0     0     0     0     0     0     0     0     0    19   252  2676 11606 11851  5941  8581 10146 10378 10896 12109
ch   70:      0     0     0     0     0     0     0     0     0     0     0     0     0     0     0     0     0     0     0     0     0     4    73   968 11859 15105 13031 10567  7273  7946  6672 12711
ch   71:      0     0     0     0     0     0     0     0     0     0     0     0     0     0     0     0     0     0     0     0     0    22   264  2530  5814 11569 10511  8251  6234 10875  4281 13163
ch   72:      0     0     0     0     0     0     0     0     0     0     0     0     0     0     0     0     0     0     0     0     1     7   115  1152 10200 11457 12884 13514 15945 10095 10644 18906
ch   73:      0     0     0     0     0     0     0     0     0     0     0     0     0     0     0     0     0     0     0     1     4    24   302  3706 11560 14142 11726  7702  8757 11302 12991  8519
ch   74:      0     0     0     0     0     0     0     0     0     0     0     0     0     0     0     0     0     0     0     0     1     7    94  1632 11512 15724 10354 10082 14276 15272 10607  7210
ch   75:      0     0     0     0     0     0     0     0     0     0     0     0     0     0     0     0     0     0     0     0     3    27   309  2831  5398  8461 11855  9109 12221 10300  6198 10236
ch   76:      0     0     0     0     0     0     0     0     0     0     0     0     0     0     0     0     0     0     0     0     0     4    68   808 13249 11120  8523 11262  4042  8414  5987  7558
ch   77:      0     0     0     0     0     0     0     0     0     0     0     0     0     0     0     0     0     0     0     0     3    22   283  2510  6272 10100 14634 14010  8505  8707 12592  8582
ch   78:      0     0     0     0     0     0     0     0     0     0     0     0     0     0     0     0     0     0     0     0     1     9   126   990 12175 10267  7945 12003 12621  6736 13491 12317
ch   79:      0     0     0     0     0     0     0     0     0     0     0     0     0     0     0     0     0     0     0     0     5    43   409  2636  2255  6607  8589 13120 10166  9889  8007  8735
ch   80:      0     0     0     0     0     0     0     0     0     0     0     0     0     0     0     0     0     0     0     0     1     4   102  1318  9134 11102 12021 12394  4957  6449  3856  8619
ch   81:      0     0     0     0     0     0     0     0     0     0     0     0     0     0     0     0     0     0     0     0     1    25   283  2287 13035  9320  7507  6422 16060  9810  8277  8704
ch   82:      0     0     0     0     0     0     0     0     0     0     0     0     0     0     0     0     0     0     0     0     0    10    80  1285  6869 13143  7239  9632  8928  8079 13739  6966
ch   83:      0     0     0     0     0     0     0     0     0     0     0     0     0     0     0     0     0     0     0     0     1    30   294  2929  6874 11684 12720  9921 13566 15305 11615  9027
ch   84:      0     0     0     0     0     0     0     0     0     0     0     0     0     0     0     0     0     0     0     0     3     6    97   497 12469 12401  8154 13294 11468 12713 11561  8149
ch   85:      0     0     0     0     0     0     0     0     0     0     0     0     0     0     0     0     0     0     0     0     1    24   310  2340  5149 11394  7289 11540  6554 14232  9645  6053
ch   86:      0     0     0     0     0     0     0     0     0     0     0     0     0     0     0     0     0     0     0     0     0     5    99  1161 10682  6503 11779 14970 16601 10067 15604  7381
ch   87:      0     0     0     0     0     0     0     0     0     0     0     0     0     0     0     0     0     0     0     0     2    30   382  2375  4193 11631  5665 10554 15427  9530  8989 15345
ch   88:      0     0     0     0     0     0     0     0     0     0     0     0     0     0     0     1     9    46   640  3731  8370  7328 16407 11564 10054  8712  7023 14862 13331  7633 13801  5353
ch   89:      0     0     0     0     0     0     0     0     0     0     0     0     0     0     0     0     0     0     0     0     1    30   327  3661  5775  9656 11272 10497 14515 10010 11474  8466
ch   90:      0     0     0     0     0     0     0     0     0     0     0     0     0     0     0     0     0     0     0     0     0     6    81   692 11361  9433  7731  8989  7580  9315  9277  6811
ch   91:      0     0     0     0     0     0     0     0     0     0     0     0     0     0     0     0     0     0     0     0     2    13   427  3548  6939  9020 10446 12370 13740 11748 13532 10039
ch   92:      0     0     0     0     0     0     0     0     0     0     0     0     0     0     0     0     0     0     0     0     0     4    51  1236  8504 13242  8137 12457  7850  5979  7384 10251
ch   93:      0     0     0     0     0     0     0     0     0     0     0     0     0     0     0     0     0     0     0     0     2     9   136  2547  2546 13542 12636 12123 10773 11859 13784  8411
ch   94:      0     0     0     0     0     0     0     0     0     0     0     0     0     0     0     0     0     0     0     0     0     6    88  1061  8198  9803 10518 11569 12458  4079 14068  9084
ch   95:      0     0     0     0     0     0     0     0     0     0     0     0     0     0     0     0     0     0     0     0     2    16   367  1984  2530 11660 11355 12159 12140  7887 11010 10172
ch   96:      0     0     0     0     0     0     0     0     0     0     0     0     0     0     0     0     0     0     0     0     1     7    84   480 10428 13302 14275  5315 11673  8649  5220 10461
ch   97:      0     0     0     0     0     0     0     0     0     0     0     0     0     0     0     0     0     0     0     0     1    15   111  2433 15008 10070  9078 12453  5891 11978  9841 13072
ch   98:      0     0     0     0     0     0     0     0     0     0     0     0     0     0     0     0     0     0     0     0     0     2    68  1006 10022  8704  9542  5464 11991 14213  7614 11884
ch   99:      0     0     0     0     0     0     0     0     0     0     0     0     0     0     0     0     0     0     0     0     4    18   153  1809 10400 11585 11330  9200  5885 15053 13334 10175
ch  100:      0     0     0     0     0     0     0     0     0     0     0     0     0     0     0     0     0     0     0     0     0     2    81   771  7042  8354 11608 13436 11264 13006  6669 12669
ch  101:      0     0     0     0     0     0     0     0     0     0     0     0     0     0     0     0     0     0     0     0     0     4    91  2016 17996 11774 10223 12461 12721 15108  7925 10338
ch  102:      0     0     0     0     0     0     0     0     0     0     0     0     0     0     0     0     0     0     0     0     0     0    60  1234 10108  8689 12327 13129 11489 10338 10861 13483
ch  103:      0     0     0     0     0     0     0     0     0     0     0     0     0     0     0     0     0     0     0     0     0    12   175  1811 15201  9595  8272 10586  7816  7620 11365  9678
ch  104:      0     0     0     0     0     0     0     0     0     0     0     0     0     0     0     0     0     0     0     0     1     4    99   687 13933 11267  9587 13022  7127  6327  7511  7282
ch  105:      0     0     0     0     0     0     0     0     0     0     0     0     0     0     0     0     0     0     0     0     1     6   101  1631 13050 11776 15461  8168 11875 10980 10154 12196
ch  106:      0     0     0     0     0     0     0     0     0     0     0     0     0     0     0     0     0     0     0     0     0     3    31   546  6313 17308 11472  8618  8894 12075  7812  8055
ch  107:      0     0     0     0     0     0     0     0     0     0     0     0     0     0     0     0     0     0     0     0     1     8   163  2034 15865  8667  6961 10399 10003  7144 10081 10672
ch  108:      0     0     0     0     0     0     0     0     0     0     0     0     0     0     0     0     0     0     0     0     0     0    57   487  5040 13975 12697  8386  6970  8722 12144 10783
ch  109:      0     0     0     0     0     0     0     0     0     0     0     0     0     0     0     0     0     0     0     0     0     6    84  1025 16171 11300  9746 11690  7752 10147 10187 11121
ch  110:      0     0     0     0     0     0     0     0     0     0     0     0     0     0     0     0     0     0     0     0     0     2    46   477  6140 13558 12789  8573 14084  4470 11226  9176
ch  111:      0     0     0     0     0     0     0     0     0     0     0     0     0     0     0     0     0     1    57   543  3762  7050  8873  4075 11615 11731 14873  7844 10729 10017 11039 12316
ch  112:      0     0     0     0     0     0     0     0     0     0     0     0     0     0     0     0     0     0     4    20   207  2220 14401  9892 13674  5536 15686 13469  4223 10892 11613 11061
ch  113:      0     0     0     0     0     0     0     0     0     0     0     0     0     0     0     0     0     0     0     0    26     6    59   939 10126 14248  7454 13833  9776  9963 11285  9823
ch  114:      0     0     0     0     0     0     0     0     0     0     0     0     0     0     0     0     0     0     0     0     0     1    28   451  5831  6383  9949 15243 11766 10373 10728 10996
ch  115:      0     0     0     0     0     0     0     0     0     0     0     0     0     0     0     0     0     0     0     1     2     8    79  1122 12841 13953 10882 10943  5501 10379  9356  9643
ch  116:      0     0     0     0     0     0     0     0     0     0     0     0     0     0     0     0     0     0     0     0     0     0    16   386  4572 11534  7819 11740 10375 12011  6764  6687
ch  117:      0     0     0     0     0     0     0     0     0     0     0     0     0     0     0     0     0     0     0     0     0     3   104  1336 13737  7113 13926  7253 13201  9418 12064  6241
ch  118:      0     0     0     0     0     0     0     0     0     0     0     0     0     0     0     0     0     0     0     0     0     0    14   263  7768 14598 10095 12389 12989 13097  8611 11184
ch  119:      0     0     0     0     0     0     0     0     0     0     0     0     0     0     0     0     0     0     0     0     0     1    88  1011 14668  7651  8598 11879 12313  9481  9425  7063
ch  120:      0     0     0     0     0     0     0     0     0     0     0     0     0     0     0     0     0     0     0     0     0     1    21   361  4729  7228  7713 11754 11033  8227  6239 10286
ch  121:      0     0     0     0     0     0     0     0     0     0     0     0     0     0     0     0     0     0     0     0     0     6    75   642 11182  5759 10134 13977 13024  7980 13630 10091
ch  122:      0     0     0     0     0     0     0     0     0     0     0     0     0     0     0     0     0     0     0     0     0     2    34   473  5510 17470 12647 11350  8035 13292  6899  8687
ch  123:      0     0     0     0     0     0     0     0     0     0     0     0     0     0     0     0     0     0     0     0     0     3    77  1356 14103  5986  9099 12666 10831  9392 17513 12810
ch  124:      0     0     0     0     0     0     0     0     0     0     0     0     0     0     0     0     0     0     0     0     0     0    21   554  5792 15365  6763 13119 13100  9345  9451  9074
ch  125:      0     0     0     0     0     0     0     0     0     0     0     0     0     0     0     0     0     0     0     0     0     7   128  1722 16128 11242 13190  9994  7051 16628 10115 14269
ch  126:      0     0     0     0     0     0     0     0     0     0     0     0     0     0     0     0     0     0     0     0     0     2    17   686  8454  8101 12214  9699  8404  8204 12813 12728
ch  127:      0     0     0     0     0     0     0     0     0     0     0     0     0     0     0     0     0     0     0     0     0     3   192  1442  3037 10765 12145  6794 13261 12932 11374 13911
