ch    0:      0     0     0     0     0     0     0     0     4     1   287  2301  2987 16943  9637  6617 11460  3651  9071 10678 10714  9993  9575 11153  5307 11976 14255 14633  9148 10897 11157   375
ch    1:      0     0     0     0     0     0     0     1     1     8    39   244  1332  2596  6680 10877 10364  6194  7541 10298  9190  7304 12753 17105 14318 18539 17825  7386 16252 11026  7921   239
ch    2:      0     0     0     0     1     1     2     1     9    37   235  1956 15068 12750 10328 12095  9739 11749 11758 11129  6273 12513  4507  7552  7052  5499 10779  7256  7934 17001  5111   850
ch    3:      0     0     0     0     0     0     0     0    60    38    25  5353  2995 12448  7253  6964 11332 12295  9949 11570  7909  5438 12948 10039  9258  7700  7938 14450 12148  8850  7848  1526
ch    4:      0     0     0     0     0     0     7     8    34    96   319  4830 15282  4702  8335 11215 10821 12942  8233 12130  9653 11580  8380  7658  9580  9635  5438  9736 12244  5652 11108  2455
ch    5:      0     0     0     0     0     0     0     4    28    16  1640  7872  9955 10110  5539 13273 10583  9761 10049  9133 11639  8774  6717 12382 14940  8080 10457  8222  9408 10071  6858  2912
ch    6:      0     0     0     0     0     0    26     8     1     9  6334  9776  9117 11135 10366 10284 14332  8462 10215  4907 10852 13592  9244 10865 11836  9581  8009  9162  9241 10128 13909  4015
ch    7:      0     0     0     0     0     0     0     4   108    79  4177  6654  1297  5511  8501 13414 10209  7657 12511 12521  6522 12215 10161  6734  9179 12309 14399  9892 11878  4018 12155  2519
ch    8:      0     0     0     0     0     1     1    30     8  1453   223  8698 11978 10880  6024 11535  6288  7856  9734  7187  9343 13359  7497  8757 14165 12762 11921 13122 10686  5884 10507  3815
ch    9:      0     0     0     0     0     0     1     8     4    22   258  1838  5387 16304 10496 10114  9475 10142 13231  9555 13137 12337  9877  9509 11021 13280  8955 10237 15662 11617 10579  2163
ch   10:      0     0     0     0     0     0     0    17    27  1987  1449   182  8928 13235 13998  8729 16910 13623 11622 10228 11225  8442  9921  5492  8585  7082  7280  8132  7987 11529  4641  5856
ch   11:      0     0     0     0     0     0     0     1     5    67   134 16321  8253 11638  7607  9560  8389 14229  9504 12077  8338 10984 11731 11307 13639 11775 10550  6901 11159 12775 10876  2113
ch   12:      0     0     0     0     0     0    13     2   134  4854  3171 10741 15440 15074 14377  8244 11706 11960  4230 10386  4355  9389  5891 10427  3108  8769  8965 11933 10565 13849  9018  7158
ch   13:      0     0     0     0     0     0     6     2    69   493  2731 11881 11342  5306 11914  9862 12906  8512 11068  6086  9970 10650  9182  9526 10479  9177 13252 10992  7632  8626  9717  1531
ch   14:      0     0     0     0     0     0     3     2   144   765  7759  4131  2425 12815 13328 14577 12315  6862  7525 12196  9058 12188  9983  8870 13253  4355 14635  7718  9750 11070  9621  1998
ch   15:      0     0     0     0     0     0     0     0   180    11   636 14917  6127  2640  6848  7688  7057 11520 11281  9829  9520 12434 11557  8710  7607  8115 10023 11525  8411 10392  4950  1909
ch   16:      0     0     0     0     0     2    25    44    20  2097  1800  3382  5751 13147 11837 15538 11848 11393 12110 13009  7843 14769 10166 14696 11031  8016 15699  7895 14000 10636 11124  6768
ch   17:      0     0     0     0     0     0     6     2     5  1446   342  1505 14775 16185 13455  8550  6383  6717 15626  2052 10151 11295  6856 12405 12768 16732  8067 13339 12213  9767 11222  2555
ch   18:      0     0     0     0     0     0     5     5    25   162    53  3336 11675  6116  8979  4536  8865 11677  6530 14164  7736  8087  9403 11445 15437 10594  5990 10606  5669 15019 12227  8518
ch   19:      0     0     0     0     0     0     0     2     2   110  1210  9658 13957  7921  5097  7773  9533 11046  4450  8652 10673  8367  7674 12968 13367  5019  9021  9906 11096 12956  8396  7742
ch   20:      0     0     0     0     0     1     3     5   765   448  9496 13135  3294 10111  6130 10546  8438 10773 15195  2905  6770  9545  9493  9446  9209 10270  9653 11630  6902 12744  4980 12056
ch   21:      0     0     0     0     0     0     2     3   589   407  1174  2048 10170  8965  7847 11017  9218  8167 10668  9399  5514 10508 13570 10624 12025 12097  5891 11729  6058  5516  6372  3307
ch   22:      0     0     0     0     1     6     9     3   110  2011  5333 13938 10778 11261  7504  2840 11084  7837 14955 13774  6919  8846  8028  8565 11835 10229 10928 12206  9860 11671 11282 10700
ch   23:      0     0     0     0     0     0    22    10    39   251  3197  8868  7430  9200  9791 12802  8660  9246  9137  8128 10983  9245  8613 11902 10139  8884 11081  7403 12857 14374 12573  3613
ch   24:      0     0     0     0     0     0     0     0    33   825 17901  6029  8167  5647 11620 11510 13504 11733 12942  7652  7880  9911  7903 10411 12254 15943 12231 10856 11857  8482 13277 10563
ch   25:      0     0     0     0     0     0     2    12   377    63    58   808  5584 11116  7005  6986 12405 11259  9169 14062  7282 11895  9537 11519  9245 11738  5954 10669  8476  9031 13195 10562
ch   26:      0     0     0     0     0    13     0    44   468   356  6592 10342  9263 13635  7795  9799  6925 10704  9986 12130  7601 12039  9884 10945  9791  9119  4568  7432 10726 10740 11183 11076
ch   27:      0     0     0     0     0     2     0    28    98   217  6346  5601  5599 11389  8311 10659  9730 11613 11509  7212  8253 13544  7439  6473  6711  8236  9881  8164 12341  5236 11017  7934
ch   28:      0     0     0     0     0     0     3    18    85   212 11712 14979 12599 12680  8602 12977  8642  8350 12034  9357 11681  8859 13321 11003 10258 10442  7799  6220  7577  8050 10529 13197
ch   29:      0     0     0     0     0     0     0    10    33  1708  3907  8471  7418 12471  8861  9613 11183 12120  5137 11257 10783  7223 12458  4273  8605 16091 12940 15042  9058 13553 11265 10411
ch   30:      0     0     0     0     1     1     1    27    85  9737  8720  7155 14253 11817  8709 10546 14312  9371 12373 15208  8965 15980  8684 11858 14683  6588 10318 12220 14762  9744 11738 13484
ch   31:      0     0     0     0     0     0     2     0   109    77  8670  9029 12737  9076  9455 14988 12998  6602 13082 10200  7551  9489 11655 13454 14479 10420  7245 11348 10924  9035  7548 14511
ch   32:      0     0     0     0     0     0     6   821  1845   163 19349  8310 12484  8932 10380 15614 10772 12566  9751 10169  8691  8778 16327 14104 14254 11493  9158 12664  6138 10342 11750 13184
ch   33:      0     0     0     0     0     0     0    10    12  2380  3793 11391  3159 10421 11071 11070 12566 14982  5089 10086  8635 10876 16851 10026 13644  7062 12379  8864  9334  8008 11317  4834
ch   34:      0     0     0     0     0     0    32    54    71   114  5782 17126 13739 12594  8046  9654 10981 14119 10040  7576  9801  6339 12430 14892 11023  7019  7431 12956  9724 14952  8033  9324
ch   35:      0     0     0     0     2     0    13    10    39  1588   249   492 11826 13248 14171 15799 12025  8195 10031 12230 13471 10858 12914  9602 11298  8344  6799 13009  4291  5951 11379 13103
ch   36:      0     0     0     0     0     9    39   110   940  2059  2500 16521 15402  6241 13991  8631 13191 10619 14446  4585  8720 11215 12455 11789 12300 15320  9722  9298  9717 13841 12679 13801
ch   37:      0     0     0     0     0     0     6    46   691    52  6236 15517 10982  8867  8487  8155  9104 14562 12612 11172  7057 10267  7562 11799  8733 13630 13699 11760  8958 12098  7694 15967
ch   38:      0     0     0     0     0     1     9    34   427  4884 11500  7809  8989 11345 15025 12740  8200  6954  9690 11001 10715 15247  9498 11494 10737 14307  8862  5157 11854  8896 10665 15942
ch   39:      0     0     0     0     1     1     1     2     2   304 16382   901 14098  9174  6531 14264 10236  9952 10327  9729 12742  8641 10303 11589  9363 16390  9189 12303 11511  6441  9935  3946
ch   40:      0     0     0     0     0     0    94     3   127  2458  4811 12663  6307 10899 11904  8129  8368  9024  6895  7072  8810  8981  6368 10580  8918  5416 13873  8423  9460  8304 10047 15754
ch   41:      0     0     0     0     0     0     1    22     7   138  2516  1768 10246 12498 13594  9445 12492 11634 10895 15241 12195 10951 12765 12772 10977 10424  7626  7559 11570 13962 13548 17605
ch   42:      0     0     0     0     0     2     2   132    61   342 10639 12392 15738  8274 10412 15298  7837  9736  7499 13130 13132  6835 12106 10619 11293 14290 10097 13577  7038  7463 10451 19946
ch   43:      0     0     0     0     0     0     1     1   303  4847  6648  2488  9721  8654  9003 10078 10794 12914 11755  9921 14475  9459 11478  9668  5223  7193 10645 10028 10933  7769 11401 18961
ch   44:      0     0     0     0     0     2     1  3120   594   653  9178 10085  8182  8008  9610 10411  7468  7146  9384 10367  8403 10584  7274  7781 13108 12614  6053 17469 14101 10426 10137 15935
ch   45:      0     0     0     0     0     0     4    15   365  5088  7552 11571  8459 12876  6984  7002  5695  9381 10807  7749  5759  9176 14418 10647  9587 12115  8922  7041 12035 11739  4455 15325
ch   46:      0     0     0     0     0     0     9   126   710 10300  2069  6851  7122 10181  9818 13543 10266  6517  7525  9024 10493  8849 11121 13518 13903  8769 13471  9225  8576  7904 11879 17566
ch   47:      0     0     0     0     1     1    59    25   320   728   817 13970 11714 10224 11193  8646 10596  7581  5933  9094  9996 10075 10743  8293  8441  6198  7935 11884  5920  6065 11734  8292
ch   48:      0     0     0     0     0     4   294    26  2751  4375   698 14908 10101  7990 13180 11918  9993 13792  9921 11775  8551  7057 12234 17251 10549  1567 14194 12158  8934 10894 11416 16980
ch   49:      0     0     0     0     0     2     0     7   124  3800  8240  2042  7188 10279 11316  8165  7869 10261 11682 11192 10385  8652  9752  5518 11755  7208 10978  7174  7315 12031  9325  6077
ch   50:      0     0     0     0     1     1     0    28    27   678  6603  7677 11214 12359 11242  8421 10646 10711  8663 11018  9564 16175 12100  7195 12295 11835 11965  7549 10092  8978  9988 17397
ch   51:      0     0     0     0     0     0     0     1    17   284  4395  6981 10751 10178 12789  9917 14296 14012 14889 12770 10566 14007  7171 10199 10432 11192  9237  9838 11544  9909 10061  6571
ch   52:      0     0     0     0     0     0     0     1   424   135  3247  9620  2738 12974  8701  9017  7927  7511 12224 11975 13657  9087  8149 10876 11298 12072  7450  8901  9427 14757 12620 15346
ch   53:      0     0     0     0     0     1    11    73   371   510  3198  6501 12569  9647  9598 11321 12903 10408 11198  7047 11265 10356  8944  8987 13151  4872  7560  8765  9959  9346  3163 12416
ch   54:      0     0     0     0     0     0    10     3    49  3257 14858 11100  9488  8797  9237  8598  5211  8861 10810 12371  6897 10427  9630  8469  8822  9942  7408  9940 12976  7996 10786 19390
ch   55:      0     0     0     0     0     1     5     2  3299  1455  1518 11881 10170  7953  6295 11567 11786  8730 13279  4302 12591 10483  6026  8039  9028 13208  9691  7672  9600 11093 11728  6481
ch   56:      0     0     0     0     0     0    43    94  1049  5810  7320  9530  9208 10988  7800  7618 12288 13741  4960  9232 12169 10802 13382 13382 11673  5692  7177  7668  8414 13767 10781 15875
ch   57:      0     0     0     0     0     0     0     0   782   119  3244 14864  7721  7857  7927  9820 11919  8166 12594 10741  9276 12405  5624  7523 13810 11130  9791 14962  5050 10084 10667 14627
ch   58:      0     0     0     0     2     0     2   168   869   127  6260 12001 10856  8750 10455 12225 12142 11464 11754  4903 10521 11347 10281 12001 13026 13704  5252  6917  8536 11557 11299  1318
ch   59:      0     0     0     0     0     1     0     1    51    31 17656 18887 11817  9663 10215 10593 10603 10656  9439  8328 13439  9068  9416  6357  9820  7870 15649 12111  8667 11598 10828  8047
ch   60:      0     0     0     0     0     1     5    12   139  2780  9399  8173 12100  4110  9497 10900 13854  7286 12298  8975 10319 12111 12396  8024 12131  9433  7322 17132 11385  8650  7411 11926
ch   61:      0     0     0     0     0     1     0   899    10  9757  1310  6807  6445  7268 10960  9915  6593 13232  7395 14157  8398  8435 10247 11836 14124  7398  9284 11189  9090  8325 11306  8165
ch   62:      0     0     0     0     1     0     1     5   887  7855  7639  6755  7715 13436  7300  6255 12547  9494  9674 12291 12959  9059 12831 15274  7993  7493 12777  7860  8389  8814  9858  1138
ch   63:      0     0     0     0     0     0     2     4   469  1116 12688 12342 11951  8071 10608 11007 12201 12958 15376 11819 11292  8720 11821  9130  8036  8734  7153  5763  6039  5884  8072  9335
ch   64:      0     0     0     0     0     2    51   132    10  5219 11640  8750  6391  8964  7151 10368 11415 13406  9048  8946 10563  9558 16122 10433  7285  8755  8833  8559 11588  8965 10116 18401
ch   65:      0     0     0     0     0     4    10    15   597  2886  7824 11565  7157 10224 10156  9575 11050 10613 14465  9598  8957  5379  8327  9505  8264 13329  9057  8385 10999  8156 12182 10364
ch   66:      0     0     0     0     0     0     1    55   328  1372  1991  8249  3964  9274  9162 13030  7441 10631  6825  7408  6054 12865 13345 10364  8038 12397 11137  5412 10780 10905 12674  8441
ch   67:      0     0     0     0     0     1     1     1   152 14734 12775 13806 12820  6777  6715  8725 11675 12122 10753 13091 11714 10126  8226 10613  5699  8770 11178  5973 12834 10614  4522 15284
ch   68:      0     0     0     0     0    18     3    39  2222  2785 10592  6600  7982 10446  9226 13594  6130 11874  8438  7832 11141 15495  6439  8180 14570  6416  6812  6935  7544  8416  5982 19113
ch   69:      0     0     0     0     0     0    42    79  2350    36 15515  9194 15220  7879  5804 10562  9858 10563 12703  9081 13347 14505  5935 11883  8338 11412  6030  9057 11405 14806 10260 13595
ch   70:      0     0     0     0     0     0    13   731   615   163  9402  8275  8906 14232  9415  3330  7798  9918  7712  6957  9322 13430 11189  8813  9137  7510  6276  8895 10197 14804 14949  4146
ch   71:      0     0     0     0     0     2    11    11    17   864 15080 12058 12499 10645  5311  7323 11640 11303  7670 13819  8092 10749 14019 13839  9242  9115  6335 14842  9595  8760 10627 12511
ch   72:      0     0     0     0     0     6     3    31   892 12482 11037  8248 13123 10806 14524  6961 11889 12079 10102  5362 10724 10548 13922  7607 11147  7102  7559 10374 10125  6700 14063  6701
ch   73:      0     0     0     0     1     0    36    33   320  5377  6747 18558  9917  7047 10973  8676  4141  7680 11035 10584  5890  4068 11463 14044  8422 10160 10964  7580  9456  5463  6950 11734
ch   74:      0     0     0     0     0     0     7   326   158   676  7819 16108  8895 11493 14395 13574 14578  8288 15079  9481  9528  6092 13031  6904  9378 12098 16812  5696  7343 10129 12059 11013
ch   75:      0     0     0     0     0     0    11     5   165   296 14898 15580 10229 14170  8800 14852  8011 10338  6721 10022 13859 10575 11751 14052 13522 13547  7793  6462 15144 11609  4449 11775
ch   76:      0     0     0     0     0     0    47   136  3015  7736 12448 13027 11040 11084  9583  9805  9344 11415  8840  7519  7900 13914 10079 11029 15210  7911  8432  9016  9819 10493  6205  8100
ch   77:      0     0     0     0     0     9     0    41  1715    94   434  6752  8236  9659 13990 10136 12230  9975  4902 12854  9413 11037  9600 10366  3995  5148 12009 10623 10588  9726 11289 11032
ch   78:      0     0     0     0     0     0    63     9  4832  2635 14484  5839  9668  7088 11856 10897  9002 13469 10122  8644 12364  8703 10095 10739  9932 10342  6350  5339 11580 11344 10467 12140
ch   79:      0     0     0     0     0     0    11    29    48 12893 13229 11875  6386  9158 11085 10804  6858  6939 11857  6353 11895  5992 10520  9771  9729 10966 11616 13323  6713 11553  9345  9504
ch   80:      0     0     0     0     6     1    87    37  8246   514 14867  3996  9992 10636  5479 10822 10331 11150  9374  8788  8712 12566  8269  8227  9140 13022 13177 13612 10695 13047 10219 14952
ch   81:      0     0     0     0     0     0     3    29   304   270  3379 15772 16161 11893 11310 12283  9745  8356 12415  9323  9021 10031  9470 13315 11448  9169 13408 10954 13841  3756 10021 10307
ch   82:      0     0     0     0     0     1     6   225  5198   885  8747 11720  6673 13460 12724 13225 12955 12950  7255  7904  9755  8786  7458 11841 15291  7894 16332 13158 11719  9664  9919 15973
ch   83:      0     0     0     0     0     0    39    32    27  2145 10447 12329  9782 15343  7512 10948  8138  8337 13261  9305 14045  7842  6233 11596 11780 11877 12220 12874  5811 11332  6615  9200
ch   84:      0     0     0     1     0    18    22    94   277  6567 13160 15979 12072 10064  8612  6663 10079  5993 11360  8790 13674  9505  7998  7133 10687 10384 13089 10570 10648 12252  5687 16535
ch   85:      0     0     0     0     0     0     2    52   157  4220  3130  9924  6154  7519 10339 10717 11772  7688 12925 13094  5920 12556 12718 14708 13147 10931 11364  8512 12242  8117  7312  2907
ch   86:      0     0     0     0     0     0    29    22   422  7538  8819  3288  5414  9221 11837  9141 13678 10399 10257 11510 12832  8799  9053  7412 12046  7630  7347  7281 10026  6855 10631  5199
ch   87:      0     0     0     0     0     2     7    21     6   736  2748  9531 11550 11664  9971  4505 10054  7438  7815  7762 13837  8409  9307  7632 11810  8150  7257 15616 10596  8215  8472 14152
ch   88:      0     0     0     0     2     2    28     4   153   259  7712 10060 16911  8503 12419 12756 10962 13722 10235  8251 10290 13340  8272 11938 11231  9253  8258 10981 16285  8657 10437  9363
ch   89:      0     0     0     0     0     0   180     3    73  4714  7320 11162 10367 13121 14398  8171  6582 12460  9668 10611  9164  7041 13176  6424 12063  5776 10657 10261 14274  8576  7650  6761
ch   90:      0     0     0     0     0    31     0   317  7636  1128 11682  8400 14841  9324 13398 11434 14653 14271  7488 10890  9071  9185  6123 12931  8772  8726 11323 13880 12456 10161 10533  8458
ch   91:      0     0     0     0     0     1     1     6    57   442  8869 12614  4114  8647  8648  9379 10077  8999  8042 14536 12858 10190  9639  7901  8742 14593 11935 15469 11039  8450 10521  5350
ch   92:      0     0     0     0     0     4    36     9  1146  4294  3918  5905  9504  9953  8456  5281  6677 11161  6609 11927 12781 11092  5927  7065  8166 13788 12554 10290 11573 11607  5462 16343
ch   93:      0     0     0     0     0     0     3    15  1479    46  2298  5753  6724  8417 10087  8933  4848 12100  8360 11311  9820 12172 14068  7149 15584  9303 12422  9780  5774 10974 15012 17096
ch   94:      0     0     0     0     0     3    93    24    80  1706  1676  7690  9951 10955 13215 13175 13759  5014 12317  5847 12975 11798  5919 10820  9613 11310  7913  9347 13199 10762 13683 13115
ch   95:      0     0     0     0     6     0    15     4   538   930   615 13172 12898 11672 10916 10619 15762 12257  8822  4508 10606  7117  8042  7301  9804 11911  5429 14358  8222  9018  7158  8384
ch   96:      0     0     0     0     0     0    83    19    39  6861 15852  7486  9938  8396 12405  8436 12076  8090 13153 11448  8890 11511 10019  7798  9869  8244  8016 10337 11179 14216 11718  8034
ch   97:      0     0     0     0     0     2     0     4   746   688  5052  8118 13428 11106  8471 11797 10912  7663 11598 10573 11168 14401 12747 12239  8067 12046 12567 12258 15994 13087  6813  2934
ch   98:      0     0     0     0     1     1     8     0  2605  1205 12650 12441 11313  5512  8411 14299  9403 13639 13113 10614 12583  6332 11879 11907 11329 12622 10070  6296  7089  8749  5692 11076
ch   99:      0     0     0     0     0     1    66     8  2143 12973  1311 11967 14163 10780  8414 10065  9060 13001 10238  7762 15366 10909  8018 16454 11261 10170 10963 14274 11213  7729 13504  7330
ch  100:      0     0     0     0     1     0    77   139   262  9110  8524  8019 13442  9316 11877  7337  7351 11599  4974  9423  5498  5911  8512  8906 12980 13903 10221 10971  9669 13655 12140 13991
ch  101:      0     0     0     0     0     8     2     1   104  7407  6187  2325  8389 12584 13015  8398 10474  9544 13808  7137 10139 12425  6849 11527 10758 10853 10310 11467  6610 13552  8638  8832
ch  102:      0     0     0     1     0     2    35    37  1691 11170 16441  1194  4703 11321  9366  8299 12223 10281  8981  9938 12176  9481 10465  9852  5384 10420 11587  5762  7687 10025 12932  4491
ch  103:      0     0     0     0     0     0    27    30   423  8256 12509  4125 10757  8924 15548  7346  5221  9265  7292 15970  6741  9234 12595  8700 10905 11864  9877 12026 15685 11120 10503  7444
ch  104:      0     0     0     0     0     0     4   158   410  2678  2198 10650 13622  6464  6732 12811  6021  9082 13557  6548 12892  8698 12206 11328  7412  8141  8257 12279  8664  7285 11682 13785
ch  105:      0     0     0     0     0     3     0    27   117  2018  2170 10483  8489  7667 12025 12255  7883 11346  7943 15394  5733  9597 10069  6373  9728 10512  8821  9494 10796 11310  9147 14853
ch  106:      0     0     0     0     0     2     4   178   678  4021  6216  6834 11349  9805  7244 12596  9519 13482 12386  8599  5009 11290 13051  8648 12359 10985 11721  9723  9920  9560 10512  2822
ch  107:      0     0     0     0     0     0     0   181   377  7038  2105  8753  9877 10768  8709 13356 10397 14226  8424 15480  9825  6213  9636 11664 13356 10141  7094  9202 12820  8697 10907  6750
ch  108:      0     0     0     0     2     2     8   142   188  1077 12151  8825 13172  8219 15161 15456 11268  7455  9015 13275 13702  6662 12175  9660 12784 13835  8367 10557 15994  7596 12298 11528
ch  109:      0     0     0     0     0     2     8   211   776    32   557  1818 14471 17010  7987 10974  5505  7131  7353  7332  7217  8920  8928 15184 11672 12245  6926 13926 12081  4229  5892  7781
ch  110:      0     0     0     0     0     8     0    55  1227   708 15321  7035  9196 10927  9540 11180 10996  4562 10377 12247  4279  6275 11439 10904 11471  6961 11488 12532 10582  8294  9271  9506
ch  111:      0     0     0     0     0     5    86   164   485   274   399 18099 14350  7175 12162  6865 10526 10938 10018  8516  9992  7857  7484  7735 10636 14186 15531  7221 12020 12285  8739  7985
ch  112:      0     0     0     0     0     0   558   200   212   606 12494 12169  6791  7850 11510 13782  9947  7062  7471  8191 11454 12602 11533  9112  7223 11775  8496  9047 10744 11214  8201  8675
ch  113:      0     0     0     0     0     0     3    54  3705   957  6486  6334 15701  8992  9484 14249  9405 13698  6793  4882  7800 13804 13014  8223  6499  9303 10567 12837  6410  7156  7239  5253
ch  114:      0     0     0     0     0   230     0    16   749  4527 11686 10743  5549  7957  9233 11744 10787 12064 11135 12860 12519  8753 10804 12404  7207 13698  9535 10268 10581  8395 10727 13592
ch  115:      0     0     0     0     0    16     3    97   263 14927  9823  9918 14567 13414  8498  8629 10984 14393 11766 13810  9396  7372 10371 13609 11752  6410 11867  6605 12596 13780  7736 10309
ch  116:      0     0     0     1     0     2   887    42  5349  1244 12872  9106  7948 10532 17068  8816 11926  8686  7407  6930 11730  7540 10692 10666  9414 12922 13573  9251  9188  7359 14250 12977
ch  117:      0     0     0     0     0     0     0   100   257   685  2745  3162  8041  9235  9245 13881  7102  8884  8255  8907  8786 10181  9986 12899  7887  7956 11206  8610  6568 10712 14253  6226
ch  118:      0     0     0     0     0     2    11  1186   404   282 10579  5284 12370  5323  8686 15080 11606  8833  7720 10937  7522 13712  8386 13714  7938  9826 11522 11249 12454  7931 12570  9710
ch  119:      0     0     0     0     0     0     7   176  2308 12729  4630 11042 10304  8724  7653 10751  9113 10111  2964  9258 10667  6730  7518 11111 12710 11232  8426 10280  9725  7496  8116  9149
ch  120:      0     0     0     0     0     0     2   107  2417  7257  8423 13764 11689 13676 13828  8044 11858 10912  9935  7496 12984  9301 11666 11165 15293  7698  9670 14296 12814 12191 12985  5237
ch  121:      0     0     0     0     1     1    22    16   933  4205 11505  9289  8069 15541  9612 12386 12840  6960 10186 14007 12542  8151  5668  7110 10324  9009  7954  7046  8999  7477 11243  7577
ch  122:      0     0     0     0     0     5     0     5  1659  9667 10137 10513 10775 12212 13562  9464 10807 10000 13544  9841  8855  9912  8599  9981  9360 13847 10541  7979  8534 11363  9290 15046
ch  123:      0     0     0     0     0     0    21    24   101  3348 13129  9903  8599 12798 16172  9965  8249  8851 10708  9673 10730  8915 14766 13320 10063  9575 13204  8622  6650 10175  6521  6159
ch  124:      0     0     0     0    22     0     3    39   341  1096  5623 13928  2108  9492 10166 14981 10204  8644 13857 11196 11598 11178  9306  9657 11948  9639 10035  8343 11608 13530 12739 11703
ch  125:      0     0     0     0     0     0     0    93    56   187  9509  8560 11998  7465  5766  7839  9982  9450 15207  9689  9892 10810  9926  8845 12990  6313  7834  9410  9494 11625  8497  4572
ch  126:      0     0     0     0     0     0    31     0  1950   427  7653  3688 13140  7143  8517 12458 10400  6456  8774 11550 10379 10218  9551 10586  9571  9305 16038 12111  6084  8950  9911 14856
ch  127:      0     0     0     0     0     0     0   239  9289 10343 14155  9620 10213 13352 12093  7040  4739  7703 14223 10392 10153  5921  5439  8892  7986 10018  8519 10750 12862  9883 10187 11147
