ch    0:      0     0     0     0     0     0     0     0     0     0     0     0     0     0     0     0     0     0     0     0     0     0     0     9    91  1083  8539 10933  9294  5512  9080  9335
ch    1:      0     0     0     0     0     0     0     0     0     0     0     0     0     0     0     0     0     0     0     0     0     0     1     2   141  1388 12348 12168  8005 10052 10359 11097
ch    2:      0     0     0     0     0     0     0     0     0     0     0     0     0     0     0     0     0     0     0     0     0     0     0    12   248  2880 12991 12633 12494 10748  9996  1046
ch    3:      0     0     0     0     0     0     0     0     0     0     0     0     0     0     0     0     0     0     0     0     0     0     0    13   192  3857  7600  5978 10520 11212  7342  8683
ch    4:      0     0     0     0     0     0     0     0     0     0     0     0     0     0     0     0     0     0     0     0     0     0     0     8   164  1943 13878  8965  9122  8954 12217 12468
ch    5:      0     0     0     0     0     0     0     0     0     0     0     0     0     0     0     0     0     0     0     0     0     0     0     7   242  3235  6316 12823 12844 15776 11414  9794
ch    6:      0     0     0     0     0     0     0     0     0     0     0     0     0     0     0     0     0     0     0     0     0     0     0    12   263  4099  8039 11043 15468  7770  7250  9570
ch    7:      0     0     0     0     0     0     0     0     0     0     0     0     0     0     0     0     0     0     0     0     0     0     4    36   574  4016  9307  6987 12653  8709  9082  3265
ch    8:      0     0     0     0     0     0     0     0     0     0     0     0     0     0     0     0     0     0     0     0     0     0     1    18   396  2838  7890  9999 11333 10628 12292 13951
ch    9:      0     0     0     0     0     0     0     0     0     0     0     0     0     0     0     0     0     0     0     0     0     0     0    33   472  5227 11023 12401 13694  5501  5845 11335
ch   10:      0     0     0     0     0     0     0     0     0     0     0     0     0     0     0     0     0     0     0     0     0     0     0    17   361  3464  7852 11257  9598 11120 10768 14629
ch   11:      0     0     0     0     0     0     0     0     0     0     0     0     0     0     0     0     0     0     0     0     0     0     0    31   438  6768  7916 13545  9348  6788 11258  7377
ch   12:      0     0     0     0     0     0     0     0     0     0     0     0     0     0     0     0     0     0     0     0     0     0     1    26   410  4654  9146  9191 10877  6488 12686 14388
ch   13:      0     0     0     0     0     0     0     0     0     0     0     0     0     0     0     0     0     0     0     0     0     0     3    48   767  8623 14621 12128  6870 12164 10605 12363
ch   14:      0     0     0     0     0     0     0     0     0     0     0     0     0     0     0     0     0     0     0     0     0     0     1    24   749  8249 11298  8370  8263  7876 10524  9353
ch   15:      0     0     0     0     0     0     0     0     0     0     0     0     0     0     0     0     0     0     0     0     0     0     3    82   640 12339  7886 11876  8410 14581  8208 13041
ch   16:      0     0     0     0     0     0     0     0     0     0     0     0     0     0     0     0     0     0     0     0     0     0     1    49   866  8594 11780 13756 15626 15450 10714  3628
ch   17:      0     0     0     0     0     0     0     0     0     0     0     0     0     0     0     0     0     0     0     0     0     0     1    63  1164  8925  8856 10209  8238  9239  8369 11380
ch   18:      0     0     0     0     0     0     0     0     0     0     0     0     0     0     0     0     0     0     0     0     0     0     1    26   923 11460  8958 10836 10078 12778 14889 11100
ch   19:      0     0     0     0     0     0     0     0     0     0     0     0     0     0     0     0     0     0     0     0     0     0     4    71   932 17281 11406 13066 13437  9882 10129 13299
ch   20:      0     0     0     0     0     0     0     0     0     0     0     0     0     0     0     0     0     0     0     0     0     0     4    67   501 10450 14510 14129 10615  8785 14210  4610
ch   21:      0     0     0     0     0     0     0     0     0     0     0     0     0     0     0     0     0     0     0     0     0     0     3    99  1301 17330 14979 14429  8214  9748  9325 15949
ch   22:      0     0     0     0     0     0     0     0     0     0     0     0     0     0     0     0     0     0     0     0     0     0     2    56  1137  8330 10009 15468  7019 10579 13308 14512
ch   23:      0     0     0     0     0     0     0     0     0     0     0     0     0     0     0     0     0     0     0     0     0     0     0    91  1567 15069 14696  8856  9346  6776 15515 15343
ch   24:      0     0     0     0     0     0     0     0     0     0     0     0     0     0     0     0     0     0     0     0     0     0     6    58  1227 13233  4913  7674 11027 15571  8778  6077
ch   25:      0     0     0     0     0     0     0     0     0     0     0     0     0     0     0     0     0     0     0     0     0     0     0    49  1836 16434  4594  9832 10879  8726 14631 13326
ch   26:      0     0     0     0     0     0     0     0     0     0     0     0     0     0     0     0     0     0     0     0     0     0     4    37  1022 11832 16580  8360  9493  6754  5761  8737
ch   27:      0     0     0     0     0     0     0     0     0     0     0     0     0     0     0     0     0     0     0     0     0     0     5   133  2475  9726  8563  7657  9255 15000  8200 18464
ch   28:      0     0     0     0     0     0     0     0     0     0     0     0     0     0     0     0     0     0     0     0     0     0     3    66  1379 13401 10994 15067  6102 12857 14261  7589
ch   29:      0     0     0     0     0     0     0     0     0     0     0     0     0     0     0     0     0     0     0     0     0     0     5   122  2480 15404  8313 10130 10233 17068 13137 17223
ch   30:      0     0     0     0     0     0     0     0     0     0     0     0     0     0     0     0     0     0     0     0     0     0     0    45   877 14962  7303  9329 17738  9934 12678  9468
ch   31:      0     0     0     0     0     0     0     0     0     0     0     0     0     0     0     0     0     0     0     0     0     0     7    95  2094  9911 10679  6890 15173  8256  9268 17717
ch   32:      0     0     0     0     0     0     0     0     0     0     0     0     0     0     0     0     0     0     0     0     0     0     4   105  1577 14362  8788 12422 11897 10470 11733  7628
ch   33:      0     0     0     0     0     0     0     0     0     0     0     0     0     0     0     0     0     0     0     0     0     0     6   100  2471  8756  9657  9425 15349  9641 11109 17790
ch   34:      0     0     0     0     0     0     0     0     0     0     0     0     0     0     0     0     0     0     0     0     0     0     3    95  1823 13824 14414 13891  5986 13206 14905  9490
ch   35:      0     0     0     0     0     0     0     0     0     0     0     0     0     0     0     0     0     0     0     0     0     0     6   114  2203 13256  9530 12133  9784 13506 10909 11766
ch   36:      0     0     0     0     0     0     0     0     0     0     0     0     0     0     0     0     0     0     0     0     0     0     5    88  1342 16347  8438 13014  6786 12864  6699 10345
ch   37:      0     0     0     0     0     0     0     0     0     0     0     0     0     0     0     0     0     0     0     0     0     0     9   150  2840 12640 11622 13822 10662  5805 10499  1790
ch   38:      0     0     0     0     0     0     0     0     0     0     0     0     0     0     0     0     0     0     0     0     0     0     6   106  1225 14803 13705 13274  5973 10159  8497 11461
ch   39:      0     0     0     0     0     0     0     0     0     0     0     0     0     0     0     0     0     0     0     0     0     1     8    95  2350 13041  5911 13126  6244  5809 15215  3605
ch   40:      0     0     0     0     0     0     0     0     0     0     0     0     0     0     0     0     0     0     0     0     0     1     3    84  1945  6956 12400  8604  9767 10060 13994 11332
ch   41:      0     0     0     0     0     0     0     0     0     0     0     0     0     0     0     0     0     0     0     0     0     0     4   160  2351 12817 12438 10886 12843 14218 11513  4255
ch   42:      0     0     0     0     0     0     0     0     0     0     0     0     0     0     0     0     0     0     0     0     0     0     4   114  1614  4427 11057 13495 11183  5260  7693 15086
ch   43:      0     0     0     0     0     0     0     0     0     0     0     0     0     0     0     0     0     0     0     0     0     0     7   210  3180 14670 10242 12201 10031  7278 10357  4017
ch   44:      0     0     0     0     0     0     0     0     0     0     0     0     0     0     0     0     0     0     0     0     0     0     3    80  1856 11497  7107 14293 13169 11055 13821 13182
ch   45:      0     0     0     0     0     0     0     0     0     0     0     0     0     0     0     0     0     0     0     0     0     0     3   133  2846  6214 11092 14165  7441 13571 10415  9397
ch   46:      0     0     0     0     0     0     0     0     0     0     0     0     0     0     0     0     0     0     0     0     0     0     8   146  1777  5269 12263 10620 12245 11704  8139 12226
ch   47:      0     0     0     0     0     0     0     0     0     0     0     0     0     0     0     0     0     0     0     0     0     0    17   162  2768 11900 10128  9029 10047 10341 11859 13990
ch   48:      0     0     0     0     0     0     0     0     0     0     0     0     0     0     0     0     0     0     0     0     0     0     4   102  1488  5303  8763 12621  8595  9358 10691 12177
ch   49:      0     0     0     0     0     0     0     0     0     0     0     0     0     0     0     0     0     0     0     0     0     2     8   171  3120 14006 10079  9396 13666  7882  8711 17047
ch   50:      0     0     0     0     0     0     0     0     0     0     0     0     0     0     0     0     0     0     0     0     0     0     3   133  1860 12578 12150 11966  9709  6355 12322 14384
ch   51:      0     0     0     0     0     0     0     0     0     0     0     0     0     0     0     0     0     0     0     0     0     0    14   369  3483 10685  7792  8400 15976 13977 10103 15585
ch   52:      0     0     0     0     0     0     0     0     0     0     0     0     0     0     0     0     0     0     0     0     0     0     9   152  3493  8946 11702 12359 12925 16774  9082 17172
ch   53:      0     0     0     0     0     0     0     0     0     0     0     0     0     0     0     0     0     0     0     0     0     0    11   235  4272 17354 11531  8525  9069 14657 13579  2330
ch   54:      0     0     0     0     0     0     0     0     0     0     0     0     0     0     0     0     0     0     0     0     0     1     5   114  2025 11914 10353  8209 12324  9798  4808 19250
ch   55:      0     0     0     0     0     0     0     0     0     0     0     0     0     0     0     0     0     0     0     0     0     1     8   230  4375  8342 11331 10547 14750 13394 11083 10742
ch   56:      0     0     0     0     0     0     0     0     0     0     0     0     0     0     0     0     0     0     0     0     0     0     2   124  2971 11687  7234 14281 10392 11560  8592 18896
ch   57:      0     0     0     0     0     0     0     0     0     0     0     0     0     0     0     0     0     0     0     0     0     1    13   223  3263  6447 12183  8101  8122 11404 12473 15135
ch   58:      0     0     0     0     0     0     0     0     0     0     0     0     0     0     0     0     0     0     0     0     0     0     3   182  2280  5783 10378  6916 10384 13610  7668 12546
ch   59:      0     0     0     0     0     0     0     0     0     0     0     0     0     0     0     0     0     0     0     0     0     0    13   358  3321 14059  8969  2930 10178  6089 10838  5120
ch   60:      0     0     0     0     0     0     0     0     0     0     0     0     0     0     0     0     0     0     0     0     0     0     9   118  1750  6486  7069  8337  9340 13143  7428  5595
ch   61:      0     0     0     0     0     0     0     0     0     0     0     0     0     0     0     0     0     0     0     0     0     0    19   318  3864 11718  9808  8577  5432  8327 10568  5690
ch   62:      0     0     0     0     0     0     0     0     0     0     0     0     0     0     0     0     0     0     0     0     0     0    11   237  3659 12778 16706 10096 13846 11059  9026  8817
ch   63:      0     0     0     0     0     0     0     0     0     0     0     0     0     0     0     0     0     0     0     0     0     0    11   269  5149  6890  8831 10277 12144 11495  9821  6324
ch   64:      0     0     0     0     0     0     0     0     0     0     0     0     0     0     0     0     0     0     0     0     0     1     6   168  2133  4577  8595  4279  7404  7845  7488  5998
ch   65:      0     0     0     0     0     0     0     0     0     0     0     0     0     0     0     0     0     0     0     0     0     1    21   362  5111  5338 13238  4762  9254 10536  8810 13491
ch   66:      0     0     0     0     0     0     0     0     0     0     0     0     0     0     0     0     0     0     0     0     0     0     5   185  4082 10331 12803  5539  8532 10652 10123  1516
ch   67:      0     0     0     0     0     0     0     0     0     0     0     0     0     0     0     0     0     0     0     0     0     0     7   437  4685 10554  9439  9352 14875  9286 13821  7486
ch   68:      0     0     0     0     0     0     0     0     0     0     0     0     0     0     0     0     0     0     0     0     0     0     7   174  2414 14335 11320 11672 13209 14836  4650  8253
ch   69:      0     0     0     0     0     0     0     0     0     0     0     0     0     0     0     0     0     0     0     0     0     0    16   378  5058 10499 12199  9455 13918 10205 10525  7822
ch   70:      0     0     0     0     0     0     0     0     0     0     0     0     0     0     0     0     0     0     0     0     0     0    10   146  3045 12877  9986 11126 11074 11330 11443 11643
ch   71:      0     0     0     0     0     0     0     0     0     0     0     0     0     0     0     0     0     0     0     0     0     2    20   550  6660  7972 10907 11346  5568 11224  9181  7313
ch   72:      0     0     0     0     0     0     0     0     0     0     0     0     0     0     0     0     0     0     0     0     0     0    13   203  3161 10159  9702  8476 12461 10607  8678  5371
ch   73:      0     0     0     0     0     0     0     0     0     0     0     0     0     0     0     0     0     0     0     0     0     1    16   435  8893  6338 14779  8376 11874  8268  4853 11016
ch   74:      0     0     0     0     0     0     0     0     0     0     0     0     0     0     0     0     0     0     0     0     0     1     9   295  3717  7812  8339  8658  7182  8861 12334 12646
ch   75:      0     0     0     0     0     0     0     0     0     0     0     0     0     0     0     0     0     0     0     0     0     2    14   328  6246  7101  9912 11513  5375 10186 12261  9375
ch   76:      0     0     0     0     0     0     0     0     0     0     0     0     0     0     0     0     0     0     0     0     0     0    22   403  3949  7118 13774  9229 11164  6894 13952  6973
ch   77:      0     0     0     0     0     0     0     0     0     0     0     0     0     0     0     0     0     0     0     0     0     4    28   379  6641  9308  6000  6206 10742 10349 12203  8561
ch   78:      0     0     0     0     0     0     0     0     0     0     0     0     0     0     0     0     0     0     0     0     0     0    13   240  5031  9406  9509 11556  9993 12676  8266  3080
ch   79:      0     0     0     0     0     0     0     0     0     0     0     0     0     0     0     0     0     0     0     0     0     1    39   413  5404  9462 11420 11075 12482 11032 17529  8922
ch   80:      0     0     0     0     0     0     0     0     0     0     0     0     0     0     0     0     0     0     0     0     0     0    17   479  6001  6047  7778 13138 11938  8453 11170  4873
ch   81:      0     0     0     0     0     0     0     0     0     0     0     0     0     0     0     0     0     0     0     0     0     2    32   486  7326 13563  9609  8843 14404 11000 16103 12103
ch   82:      0     0     0     0     0     0     0     0     0     0     0     0     0     0     0     0     0     0     0     0     0     1    25   395  5479 12909  9657 11402 11104 14855  6174 16384
ch   83:      0     0     0     0     0     0     0     0     0     0     0     0     0     0     0     0     0     0     0     0     0     3    25   589  5596 12079  6019 11128  8986  5194 12271 12228
ch   84:      0     0     0     0     0     0     0     0     0     0     0     0     0     0     0     0     0     0     0     0     0     0    31   492  3701  7536 12128  9588  8844 13568 10063  9175
ch   85:      0     0     0     0     0     0     0     0     0     0     0     0     0     0     0     0     0     0     0     0     0     1    23   393  9961 12685  3795 11048  5956  7312  9919 10888
ch   86:      0     0     0     0     0     0     0     0     0     0     0     0     0     0     0     0     0     0     0     0     0     0    20   546  6542 11217 13240 11735 16452 14406 10936 11835
ch   87:      0     0     0     0     0     0     0     0     0     0     0     0     0     0     0     0     0     0     0     0     0     1    50   607  8786 14527 10263  9211 11310  9948 12673  6244
ch   88:      0     0     0     0     0     0     0     0     0     0     0     0     0     0     0     0     0     0     0     0     0     3    17   475  5001 11476  9801  9915 10490 11279 11828  7036
ch   89:      0     0     0     0     0     0     0     0     0     0     0     0     0     0     0     0     0     0     0     0     0     0    44   485  8856 12461  9978 13345 10618 10030 15816  6717
ch   90:      0     0     0     0     0     0     0     0     0     0     0     0     0     0     0     0     0     0     0     0     0     1    22   597  5985  7795 11103  4412 11442 11241  9794  4277
ch   91:      0     0     0     0     0     0     0     0     0     0     0     0     0     0     0     0     0     0     0     0     0     0    38   667  7942  5552 15493 11404  7262 10272  5226  9134
ch   92:      0     0     0     0     0     0     0     0     0     0     0     0     0     0     0     0     0     0     0     0     0     0    26   591  5300 10919 12031 12675 15643 10592  9462  3135
ch   93:      0     0     0     0     0     0     0     0     0     0     0     0     0     0     0     0     0     0     0     0     0     4    43   542  8458 14451 10713  9182 13714 10517  8872  5402
ch   94:      0     0     0     0     0     0     0     0     0     0     0     0     0     0     0     0     0     0     0     0     0     3    25   713  9249  9650  5908  6213  4149  8235  6928  3454
ch   95:      0     0     0     0     0     0     0     0     0     0     0     0     0     0     0     0     0     0     0     0     0     4    62   832  8182  8993  6047  8171  8971  9024 10807 11592
ch   96:      0     0     0     0     0     0     0     0     0     0     0     0     0     0     0     0     0     0     0     0     0     3    58   427  4488  9566 10764  4998 11313  8584  9739  1889
ch   97:      0     0     0     0     0     0     0     0     0     0     0     0     0     0     0     0     0     0     0     0     0     1    60   574 13364 13724 12239  6815  9328 10297  8047 11749
ch   98:      0     0     0     0     0     0     0     0     0     0     0     0     0     0     0     0     0     0     0     0     1     4    26   495  6313  7045  7050  5830  7354  9841 15277  2188
ch   99:      0     0     0     0     0     0     0     0     0     0     0     0     0     0     0     0     0     0     0     0     0     1    41   767  9962  8053  8693  7370  9160  8472 10597 10946
ch  100:      0     0     0     0     0     0     0     0     0     0     0     0     0     0     0     0     0     0     0     0     0     2    37   559  6746 11302 13096  7372 10077  9497  7001  1564
ch  101:      0     0     0     0     0     0     0     0     0     0     0     0     0     0     0     0     0     0     0     0     0     4    47   953 12845 13458  4821 12399 10744  6462  9519 13798
ch  102:      0     0     0     0     0     0     0     0     0     0     0     0     0     0     0     0     0     0     0     0     0     1    16   548  7104 16608  7986 17366 10173 13497  8963  1265
ch  103:      0     0     0     0     0     0     0     0     0     0     0     0     0     0     0     0     0     0     0     0     0     4    39   809 10138 13712 10713  8667  4482  6939  6119  7289
ch  104:      0     0     0     0     0     0     0     0     0     0     0     0     0     0     0     0     0     0     0     0     0     0    54   660  9517  7206  9724 11517 12432 12527 12120  1110
ch  105:      0     0     0     0     0     0     0     0     0     0     0     0     0     0     0     0     0     0     0     0     0     5    51  1265  8931 10049  7490 14998 10526  8473  7388  6755
ch  106:      0     0     0     0     0     0     0     0     0     0     0     0     0     0     0     0     0     0     0     0     0     1    23   431  7082  7944 14401  8680 14789  9507  9142   787
ch  107:      0     0     0     0     0     0     0     0     0     0     0     0     0     0     0     0     0     0     0     0     0     4    43   857 12130 11164  9166  8902 11050 13494 10852 13583
ch  108:      0     0     0     0     0     0     0     0     0     0     0     0     0     0     0     0     0     0     0     0     0     1    68   847  7854  9861 15603  8355 11086  5319 11680  1013
ch  109:      0     0     0     0     0     0     0     0     0     0     0     0     0     0     0     0     0     0     0     0     0     4    63   796 12818 14089 14787  9037 13110  9152  5326 10141
ch  110:      0     0     0     0     0     0     0     0     0     0     0     0     0     0     0     0     0     0     0     0     1     3    38   634  7648 11299 13007  9369  9964 10711  5962   680
ch  111:      0     0     0     0     0     0     0     0     0     0     0     0     0     0     0     0     0     0     0     0     0     1    38   928  8785 12126  7153 13622  8318 11395  9168 13433
ch  112:      0     0     0     0     0     0     0     0     0     0     0     0     0     0     0     0     0     0     0     0     0     2    38   417  5399  9520  9465 11673  3005  9790 11257   795
ch  113:      0     0     0     0     0     0     0     0     0     0     0     0     0     0     0     0     0     0     0     0     0     1    63   980 14853 11143 11445 14280 12344  6678 12761 10699
ch  114:      0     0     0     0     0     0     0     0     0     0     0     0     0     0     0     0     0     0     0     0     0     3    32   706  8843 11783  9541  9042  7460 12800 13069   687
ch  115:      0     0     0     0     0     0     0     0     0     0     0     0     0     0     0     0     0     0     0     0     0     2    63  1130 12227 11935  9996 10867 10113 10854 13311  6495
ch  116:      0     0     0     0     0     0     0     0     0     0     0     0     0     0     0     0     0     0     0     0     0     2    47   705 14239 10311  8654 14421  9987 12958 12372  1360
ch  117:      0     0     0     0     0     0     0     0     0     0     0     0     0     0     0     0     0     0     0     0     0     2    79   956 12409 10431 12196 11592 12049  8345 14235 10803
ch  118:      0     0     0     0     0     0     0     0     0     0     0     0     0     0     0     0     0     0     0     0     0     3    35   843 13253 10110 12993 13986  6842  8898 10303   784
ch  119:      0     0     0     0     0     0     0     0     0     0     0     0     0     0     0     0     0     0     0     0     0     2    74   992 15992  8478 12722 13183 11384  6061  8733 12128
ch  120:      0     0     0     0     0     0     0     0     0     0     0     0     0     0     0     0     0     0     0     0     0     2    30   509  6133  8100 10758 11233 12215  5402 10820   952
ch  121:      0     0     0     0     0     0     0     0     0     0     0     0     0     0     0     0     0     0     0     0     0     4    55  1293 15352 10033 10359 12572 14057  8827  9851  8188
ch  122:      0     0     0     0     0     0     0     0     0     0     0     0     0     0     0     0     0     0     0     0     0     3    39  1085 10146  9950 10489 16277 10592 12210  9364  1039
ch  123:      0     0     0     0     0     0     0     0     0     0     0     0     0     0     0     0     0     0     0     0     0     3   112  1196 10207 11805 11520 10306  5195 12717  6230 12625
ch  124:      0     0     0     0     0     0     0     0     0     0     0     0     0     0     0     0     0     0     0     0     0     2    75   913 10685  7714 11579 11095  8157  8953 13811  1719
ch  125:      0     0     0     0     0     0     0     0     0     0     0     0     0     0     0     0     0     0     0     0     0    11   235  2799 12117 12406 13582  7890  8928  5781  8548  8233
ch  126:      0     0     0     0     0     0     0     0     0     0     0     0     0     0     0     0     0     0     0     0     0     3    69  1191 13898  7909 12322 10648  6959  8058  5182  3143
ch  127:      0     0     0     0     0     0     0     0     0     0     0     0     0     0     0     0     0     0     0     0     0    21   243  3503  9916  8307 11102 10173  9920 12482 11363 10327
