ch    0:      0     0     0     0     0     0     0     0     0     0     0     0     0     0     0     0     0     0     0     0     2     5    56   371  2491 10514  5654 12728  8160 13059 13998  1253
ch    1:      0     0     0     0     0     0     0     0     0     0     0     0     0     0     0     0     0     0     0     1     1    21   160  1109  5415  3262  6295 10343 11178 15098  7846  2440
ch    2:      0     0     0     0     0     0     0     0     0     0     0     0     0     0     0     0     0     0     0     0     1     8    84  1285  4621  8406 13329  9258  8251 12143 12173  3048
ch    3:      0     0     0     0     0     0     0     0     0     0     0     0     0     0     0     0     0     0     0     0     2    44   280  1535 10574 11864  9752 17647  6699 12382 11243  4912
ch    4:      0     0     0     0     0     0     0     0     0     0     0     0     0     0     0     0     0     0     0     0     0    26   182  1163  7557 14983  6490  5114  9011  9912  9768  4762
ch    5:      0     0     0     0     0     0     0     0     0     0     0     0     0     0     0     0     0     0     0     0     1    33   263  2282 13117 15182  9080  7886  7155 13748 12361  6533
ch    6:      0     0     0     0     0     0     0     0     0     0     0     0     0     0     0     0     0     0     0     0     1    22   212  1408 12924 14151 10745 10244  8445 12461 10985  6610
ch    7:      0     0     0     0     0     0     0     0     0     0     0     0     0     0     0     0     0     0     0     0     3    45   357  3287 15259 10798  8432  8924 11185 14448 13319  8314
ch    8:      0     0     0     0     0     0     0     0     0     0     0     0     0     0     0     0     0     0     0     1     6    39   291  3105 16629  9745 13881 11940 12640  7773 10333  7770
ch    9:      0     0     0     0     0     0     0     0     0     0     0     0     0     0     0     0     0     0     0     1     7    64   749  3159 12745  9966  8257  9203  9770 13224  8451 10925
ch   10:      0     0     0     0     0     0     0     0     0     0     0     0     0     0     0     0     0     0     0     0     7    46   417  2592 13356  7207  8220 10496  9521  9085  6315 11188
ch   11:      0     0     0     0     0     0     0     0     0     0     0     0     0     0     0     0     0     0     0     0     9    45   483  3404  6807 13410 10621  9482  9603  7894 11950 12347
ch   12:      0     0     0     0     0     0     0     0     0     0     0     0     0     0     0     0     0     0     0     1     8    91   523  3339  5407 14136 11609 12243 13019 11791  8387 10694
ch   13:      0     0     0     0     0     0     0     0     0     0     0     0     0     0     0     0     0     0     0     0     3    89   669  4472 10392  8069 10256  9542  8407 13476  8610 12340
ch   14:      0     0     0     0     0     0     0     0     0     0     0     0     0     0     0     0     0     0     0     0     6    69   477  3764 16236 11044 10861 10321  7590 12579  7918 11639
ch   15:      0     0     0     0     0     0     0     0     0     0     0     0     0     0     0     0     0     0     0     0     6    75   605  5416 10873 15159 11926 15710  7918 11266  1962 14328
ch   16:      0     0     0     0     0     0     0     0     0     0     0     0     0     0     0     0     0     0     0     0     0    39   669  4357  6005 10038 14867  9393 15712 11057  7652 14715
ch   17:      0     0     0     0     0     0     0     0     0     0     0     0     0     0     0     0     0     0     0     0     9   122  1084  5463 13105 10377 13036  6087 12732  4973 12494 14668
ch   18:      0     0     0     0     0     0     0     0     0     0     0     0     0     0     0     0     0     0     0     0     5    89   808  6425 11111  3922 11026  8814 12029 12508 12459 15685
ch   19:      0     0     0     0     0     0     0     0     0     0     0     0     0     0     0     0     0     0     0     2    17   132  1226  7983  6299  4297  9119 12723  9626  7082  9957 16675
ch   20:      0     0     0     0     0     0     0     0     0     0     0     0     0     0     0     0     0     0     1     3    14   102   992  6880 12016  6738  8615  7018 10990  7566 13075 16751
ch   21:      0     0     0     0     0     0     0     0     0     0     0     0     0     0     0     0     0     0     0     1    13   107   814  6271  9123  7971  9536  8836 11922  9066 13067 12323
ch   22:      0     0     0     0     0     0     0     0     0     0     0     0     0     0     0     0     0     0     0     0     6    69   685  6007 14068 10452  7486  9897 10507 11828  6929 17280
ch   23:      0     0     0     0     0     0     0     0     0     0     0     0     0     0     0     0     0     0     0     0    14   156  1091  7260  5120  5250  9516 11242 13839 11351  7997 11588
ch   24:      0     0     0     0     0     0     0     0     0     0     0     0     0     0     0     0     0     0     0     0     9    94  1735  7071  6870 15409 10494  3781  7595  7695 12644 15244
ch   25:      0     0     0     0     0     0     0     0     0     0     0     0     0     0     0     0     0     0     0     1    14   186  1438  9380 14527 13075 10575 11479 11846 11180 13396 19219
ch   26:      0     0     0     0     0     0     0     0     0     0     0     0     0     0     0     0     0     0     0     2    17   131  1222  7855  6940 11144 10696 11101 14043 14754  9501 17550
ch   27:      0     0     0     0     0     0     0     0     0     0     0     0     0     0     0     0     0     0     0     0     8   146  1163 11033  8950 15706 11279 10346 13465  8831  9260 18612
ch   28:      0     0     0     0     0     0     0     0     0     0     0     0     0     0     0     0     0     0     0     2    15   158  1593  8469 13283  8310 10782 10596 11928 10349 13014 17438
ch   29:      0     0     0     0     0     0     0     0     0     0     0     0     0     0     0     0     0     0     0     0    15   170  1576  9879 15503  6697 14302 14589  8144 10932 13620  8319
ch   30:      0     0     0     0     0     0     0     0     0     0     0     0     0     0     0     0     0     0     0     0    14   167  1175 10239 10199  7616  8000  8266 13775  7148  5262  1958
ch   31:      0     0     0     0     0     0     0     0     0     0     0     0     0     0     0     0     0     0     0     2    21   253  2605 13764  5945 17438  9362  6949  9121  9539 10826  2824
ch   32:      0     0     0     0     0     0     0     0     0     0     0     0     0     0     0     0     0     0     0     1    24   247  1591 10360  3422  7171 12987 11033 14750  9327  3088 11638
ch   33:      0     0     0     0     0     0     0     0     0     0     0     0     0     0     0     0     0     0     1     2    18   249  1916 15185 10883 10941 10918 12347  5826  9686 10720  8769
ch   34:      0     0     0     0     0     0     0     0     0     0     0     0     0     0     0     0     0     0     0     2    23   242  1992 11068  8645  6891 13007 10239 10574  4791 10418 19073
ch   35:      0     0     0     0     0     0     0     0     0     0     0     0     0     0     0     0     0     0     0     2    17   257  1882 16633  7960  8412 11608  9121  7533  9087 11167  3330
ch   36:      0     0     0     0     0     0     0     0     0     0     0     0     0     0     0     0     0     0     0     2    20   226  2292 14861 13158  9410 10698  5390 11512 10162 11811  8615
ch   37:      0     0     0     0     0     0     0     0     0     0     0     0     0     0     0     0     0     0     0     2    27   273  2777 16282  8364  9405 11620 11415  6863 10089  4847  7500
ch   38:      0     0     0     0     0     0     0     0     0     0     0     0     0     0     0     0     0     0     1     2    23   234  2354 11989 10680  8360  8899  7848 10325  7990  9250  4813
ch   39:      0     0     0     0     0     0     0     0     0     0     0     0     0     0     0     0     0     0     0     0    32   382  2253 16991 15456 10073  9788 12764  4256 14270 11143  8129
ch   40:      0     0     0     0     0     0     0     0     0     0     0     0     0     0     0     0     0     0     0     1    20   215  1673 14343  6462  9417 13028 12838 10159  9604  6458  3224
ch   41:      0     0     0     0     0     0     0     0     0     0     0     0     0     0     0     0     0     0     0     1    25   277  2467 11944 12115 12853 13297 10932  7949 10526 10889  4089
ch   42:      0     0     0     0     0     0     0     0     0     0     0     0     0     0     0     0     0     0     0     2    25   199  1933 13845 12393 11873 14356 12006  5871 10859  9842 10137
ch   43:      0     0     0     0     0     0     0     0     0     0     0     0     0     0     0     0     0     0     0     5    32   473  3341 17674 11739  4805 14282 10925  8755  5471  8132  7212
ch   44:      0     0     0     0     0     0     0     0     0     0     0     0     0     0     0     0     0     0     1     5    31   322  2346 15815 12354 10757  5781 12249  6364  7358 10434   875
ch   45:      0     0     0     0     0     0     0     0     0     0     0     0     0     0     0     0     0     0     0     1    28   317  3679 15177 14030 10928 13885  4911 10543 13363  8953 11098
ch   46:      0     0     0     0     0     0     0     0     0     0     0     0     0     0     0     0     0     0     0     1    18   304  2476 17276 12278  9750 10426  6600 11086 12780 14670  4919
ch   47:      0     0     0     0     0     0     0     0     0     0     0     0     0     0     0     0     0     0     0     5    53   546  3649  5484  8821  9611 10108 12067 12422 11956  5064  7966
ch   48:      0     0     0     0     0     0     0     0     0     0     0     0     0     0     0     0     0     0     0     0    18   286  2199 15703  6891  9874 14151 10535 13026  3664 12406  5459
ch   49:      0     0     0     0     0     0     0     0     0     0     0     0     0     0     0     0     0     0     0     8    41   572  5004  9457  9308  7796  9940 15383 10397  6039  8304 13374
ch   50:      0     0     0     0     0     0     0     0     0     0     0     0     0     0     0     0     0     0     1     2    32   320  2683 16742 11516  8996  8610  7256 11948 10167 11762  4545
ch   51:      0     0     0     0     0     0     0     0     0     0     0     0     0     0     0     0     0     0     0     3    36   307  3776  5529 12077 14341  6587 11331  8186  9070  4338 16572
ch   52:      0     0     0     0     0     0     0     0     0     0     0     0     0     0     0     0     0     0     0     0    32   182  2401 19137 12739 12769  8562  8086  4780 13407  9926  8490
ch   53:      0     0     0     0     0     0     0     0     0     0     0     0     0     0     0     0     0     0     0     3    48   712  4812  9258 10875 10463 12136  9862  6114  5365 10414 15610
ch   54:      0     0     0     0     0     0     0     0     0     0     0     0     0     0     0     0     0     0     0     4    48   368  3579  3391  9847 13216  6232  6642 10817  9798 11484  8349
ch   55:      0     0     0     0     0     0     0     0     0     0     0     0     0     0     0     0     0     0     2     4    88   626  4289 10279 14626  9647 10537  5248 10925 11067 13801 15359
ch   56:      0     0     0     0     0     0     0     0     0     0     0     0     0     0     0     0     0     0     0     4    31   359  3777  5890  8666  5097  7920 10377 10473 13260 10482  7664
ch   57:      0     0     0     0     0     0     0     0     0     0     0     0     0     0     0     0     0     0     0     2    57   627  4621  2358 12840  9533  8067 11107 11929  6504  7858 15062
ch   58:      0     0     0     0     0     0     0     0     0     0     0     0     0     0     0     0     0     0     1     3    43   496  3563  8737 12685 10903  9452 11216  9152 12212  8857  5722
ch   59:      0     0     0     0     0     0     0     0     0     0     0     0     0     0     0     0     0     0     0     6    71   670  4799 13384 15303 10149  7840  8594 10107 12187  9211  5939
ch   60:      0     0     0     0     0     0     0     0     0     0     0     0     0     0     0     0     0     1     1     5    71   593  3188  4963 11194 11984 12893 10563  7429  7353 11878 12655
ch   61:      0     0     0     0     0     0     0     0     0     0     0     0     0     0     0     0     0     0     0     4    56   546  5519  2377  8935  8384 12959  8698  9459 13000 11165  4754
ch   62:      0     0     0     0     0     0     0     0     0     0     0     0     0     0     0     0     0     0     0     2    50   253  2485  4292  8283 10350  8258  9470 11610  7176  5955 12515
ch   63:      0     0     0     0     0     0     0     0     0     0     0     0     0     0     0     0     0     0     0     6    64   474  3809 14498 10865 11186 11227  9261  7103 12779 10338  7132
ch   64:      0     0     0     0     0     0     0     0     0     0     0     0     0     0     0     0     0     0     1     6    63   618  3929  6066  8317 11180  5024  6759 13245  5403  9834 12918
ch   65:      0     0     0     0     0     0     0     0     0     0     0     0     0     0     0     0     0     0     0     3    64   779  5167  8179 13875  9835  5846  7011 13014  9427 10865 12386
ch   66:      0     0     0     0     0     0     0     0     0     0     0     0     0     0     0     0     0     0     0     1    32   583  3072  6138  8874 11463  9412 10596  7191 10005  9120 12907
ch   67:      0     0     0     0     0     0     0     0     0     0     0     0     0     0     0     0     0     0     1     2    91   841  5266 13941  8355 12940  7899  6738  9159 14815  8859 15428
ch   68:      0     0     0     0     0     0     0     0     0     0     0     0     0     0     0     0     0     0     0     3    65   711  5243 14158 11088  6848 12057  7869 10509  9955 13491 12527
ch   69:      0     0     0     0     0     0     0     0     0     0     0     0     0     0     0     0     0     0     0     6    45   581  7902 10520  8622 11986 10345 15114  7511  7300 14225  8363
ch   70:      0     0     0     0     0     0     0     0     0     0     0     0     0     0     0     0     0     0     1     4    50   459  2831  6717 16025 10002  9840 14407  6399  9342  9564  7653
ch   71:      0     0     0     0     0     0     0     0     0     0     0     0     0     0     0     0     0     0     1     4    70   738  6999 16421 11306 10090  9869 12725 10981  8378  9770 11712
ch   72:      0     0     0     0     0     0     0     0     0     0     0     0     0     0     0     0     0     0     0     8    64   659  4819  6246 13065 12887  8296  5660 10526 13680  9645 13624
ch   73:      0     0     0     0     0     0     0     0     0     0     0     0     0     0     0     0     0     0     1     8   121   706  6584 10933 12618  6665 11951 16493  9042 12807 10083 11538
ch   74:      0     0     0     0     0     0     0     0     0     0     0     0     0     0     0     0     0     0     1     4    52   462  2977  3379  5780 13830 12647  7504  8037  8401 10672 14515
ch   75:      0     0     0     0     0     0     0     0     0     0     0     0     0     0     0     0     0     0     1     9   123   964  8224 10425  6718  9759 11900  8858 11371 12765  6718  6256
ch   76:      0     0     0     0     0     0     0     0     0     0     0     0     0     0     0     0     0     0     0     6    53   937  5331 15969 10336 12034  2233  6492  9958  7254 11208 14168
ch   77:      0     0     0     0     0     0     0     0     0     0     0     0     0     0     0     0     0     0     0    10   132   807  6040  7571  4226 11153  7527  7324  9679  9776 11311  6602
ch   78:      0     0     0     0     0     0     0     0     0     0     0     0     0     0     0     0     0     0     0     8   102   531  4781 14201  4514  5691 14536  7473 10950  8444 10209 11097
ch   79:      0     0     0     0     0     0     0     0     0     0     0     0     0     0     0     0     0     0     1    10    69   618  5291 13563 13252  7871  4527 10831  5271  5066 11879 13866
ch   80:      0     0     0     0     0     0     0     0     0     0     0     0     0     0     0     0     0     0     0    12    59   666  3766 13075 11632 15008  9898 14116 13214  5370 10461  6016
ch   81:      0     0     0     0     0     0     0     0     0     0     0     0     0     0     0     0     0     0     1     5   103   981  7219  4548  8302  6480 14889 13378 11163  8469  8209 15749
ch   82:      0     0     0     0     0     0     0     0     0     0     0     0     0     0     0     0     0     0     0     7    78   611  6692  8480 12157 10948 13043 11750 12821 16624 13490 16119
ch   83:      0     0     0     0     0     0     0     0     0     0     0     0     0     0     0     0     0     0     0     7   110   905  7480  6581 14166 11038 10233 10167 10056  8306  6512 13217
ch   84:      0     0     0     0     0     0     0     0     0     0     0     0     0     0     0     0     0     0     0     9    78   606  3753 11485 11030 12991 11181  8815  3236 12136 13226  6618
ch   85:      0     0     0     0     0     0     0     0     0     0     0     0     0     0     0     0     0     0     1     8    96  1130  6204 13478 14122  9259  9871 10216  8291 10079 10529  9014
ch   86:      0     0     0     0     0     0     0     0     0     0     0     0     0     0     0     0     0     0     1     7    78   535  6278  9901 12653  6070  6532 13129 10061  8447  9231  8117
ch   87:      0     0     0     0     0     0     0     0     0     0     0     0     0     0     0     0     0     0     1    11    87   855  7873 14803  5874 14156 11818 11384 13111  7046  6676  9660
ch   88:      0     0     0     0     0     0     0     0     0     0     0     0     0     0     0     0     0     0     1    13   112  1053  6194 12332 12304  5336 12197  9128 12070  8841  9861 11529
ch   89:      0     0     0     0     0     0     0     0     0     0     0     0     0     0     0     0     0     0     1     7    80  1389  7942 12752 10267  9572  9727  8053 13032 11215 10383 11144
ch   90:      0     0     0     0     0     0     0     0     0     0     0     0     0     0     0     0     0     0     0     7    53   737  5788 15821  7161  6967  6644 11820 14456 10815  9525  8491
ch   91:      0     0     0     0     0     0     0     0     0     0     0     0     0     0     0     0     0     0     0    10    86   673  7469 16088  7921 11236  7181 14553  6943 10295  9059  6999
ch   92:      0     0     0     0     0     0     0     0     0     0     0     0     0     0     0     0     0     0     0     2    83   496  6015 14703 10725  4676 11085  8166  5680 12184 15012  4714
ch   93:      0     0     0     0     0     0     0     0     0     0     0     0     0     0     0     0     0     0     1     6   100  1259  7089 14656  6765 11581 10466 10051  7885 13462  4726 15225
ch   94:      0     0     0     0     0     0     0     0     0     0     0     0     0     0     0     0     0     0     1     3    76   659  4366 14425 12640  7940  9484 11445 12150 15305  8675  5348
ch   95:      0     0     0     0     0     0     0     0     0     0     0     0     0     0     0     0     0     0     0    10    93   840  5711 16296 12361  5898 10185 12033 12543 13815 12133 15488
ch   96:      0     0     0     0     0     0     0     0     0     0     0     0     0     0     0     0     0     0     0     2    51   420  4349 14134 11597  7763 12588 10360  7711 10541 15644  3776
ch   97:      0     0     0     0     0     0     0     0     0     0     0     0     0     0     0     0     0     0     0     7    64   693  6539 13435 13808  9666 11129 10528  7445  9520  8792  5584
ch   98:      0     0     0     0     0     0     0     0     0     0     0     0     0     0     0     0     0     0     1     5    45   509  4279  8534  6361 16110 15442  7418 14947 11296 11241  4959
ch   99:      0     0     0     0     0     0     0     0     0     0     0     0     0     0     0     0     0     0     0     6    95   869  8209 10426 10585  9569  9444 10340  9926  9897  6762 15398
ch  100:      0     0     0     0     0     0     0     0     0     0     0     0     0     0     0     0     0     0     1     3    73   619  5136 10454 10098  8404  7894  7724 11291  9743 10787  4772
ch  101:      0     0     0     0     0     0     0     0     0     0     0     0     0     0     0     0     0     0     1     6    74  1184  7854  3559 12576  9736 12021 10696 14206 12360 12991 13934
ch  102:      0     0     0     0     0     0     0     0     0     0     0     0     0     0     0     0     0     0     0     2    47   327  3961  8997  9544  7270  9394 10789 10944 14540 10606  8702
ch  103:      0     0     0     0     0     0     0     0     0     0     0     0     0     0     0     0     0     0     1     8    60   802  6273  9141  8813 13236  6870  8903 11035 12500  6838  3296
ch  104:      0     0     0     0     0     0     0     0     0     0     0     0     0     0     0     0     0     0     0     3    46   565  5513  5762  4916  9027  9818  7157  7200 12083 11743  3792
ch  105:      0     0     0     0     0     0     0     0     0     0     0     0     0     0     0     0     0     0     0     3    50   760  9290 13703 11562 12669  5945  9486 13080 11739  7937 12026
ch  106:      0     0     0     0     0     0     0     0     0     0     0     0     0     0     0     0     0     0     0    12    74   520  4919 14484 16425 11539  6884  8457 14004  5066 14394  1299
ch  107:      0     0     0     0     0     0     0     0     0     0     0     0     0     0     0     0     0     0     0    11    85   885  8162  9688 13200  9552  9372 11167  8796 11963  9645 12907
ch  108:      0     0     0     0     0     0     0     0     0     0     0     0     0     0     0     0     0     0     0     4    79   730  4688 14779  9888  6985  9676  7119 13300  9705 11272  2021
ch  109:      0     0     0     0     0     0     0     0     0     0     0     0     0     0     0     0     0     0     0     5    70   702  5784  8279 10779  8226  9983 10380  8496  8191 11274 13490
ch  110:      0     0     0     0     0     0     0     0     0     0     0     0     0     0     0     0     0     0     1     6    54   684  4590  8251 10306 10184  7010  9981  6188 12107 10328 16143
ch  111:      0     0     0     0     0     0     0     0     0     0     0     0     0     0     0     0     0     0     1     6    86   994  5364  3121 14222  9666  9468 10598 14560  8435  9872  6938
ch  112:      0     0     0     0     0     0     0     0     0     0     0     0     0     0     0     0     0     0     0     3    98   933  9202  3484 14407 12133 10854  6495 10842  9898  8473  5077
ch  113:      0     0     0     0     0     0     0     0     0     0     0     0     0     0     0     0     0     0     0     5    59   648  7510  6957 11792 13368 14505 11500  8884  8674 10119 14008
ch  114:      0     0     0     0     0     0     0     0     0     0     0     0     0     0     0     0     0     0     0     8    65   732  5494 13433 12171  8560 13055  8952 10476 11680 11636 17146
ch  115:      0     0     0     0     0     0     0     0     0     0     0     0     0     0     0     0     0     0     0     5   110   794  7800  6494 13452  5400  9766  7378 10845  6355 14250 11356
ch  116:      0     0     0     0     0     0     0     0     0     0     0     0     0     0     0     0     0     0     1    11   169  1118  6876 14096  6637  8273  8395 11614 11299 10644  8623  2480
ch  117:      0     0     0     0     0     0     0     0     0     0     0     0     0     0     0     0     0     0     0     3    63   768  8740  8820  7312 12172 13871  8503 10903  9249 16539  9671
ch  118:      0     0     0     0     0     0     0     0     0     0     0     0     0     0     0     0     0     0     0     9    41   676  5805  2124 12043  9320 15004 14716  9142  9998  9477 18261
ch  119:      0     0     0     0     0     0     0     0     0     0     0     0     0     0     0     0     0     0     1     7    83  1127  9657 12632 12619  6183 13387 16177  9987  6297 11892 12058
ch  120:      0     0     0     0     0     0     0     0     0     0     0     0     0     0     0     0     0     0     1    11    93  1234  9140  4014 10737 12043 10734  9238  6958  7244 12108  2230
ch  121:      0     0     0     0     0     0     0     0     0     0     0     0     0     0     0     0     0     0     0     4    73   843  9861  8606 12665  7861 10927  7680 14915  8273  7676  5443
ch  122:      0     0     0     0     0     0     0     0     0     0     0     0     0     0     0     0     0     0     0     8    68  1033  6730 13366 11714 11790 13226 10828  7381 10420 10893 15675
ch  123:      0     0     0     0     0     0     0     0     0     0     0     0     0     0     0     0     0     0     1     9   131  1289  8121  5930 11557 11544 10004  7098 11822 10422 13521 16703
ch  124:      0     0     0     0     0     0     0     0     0     0     0     0     0     0     0     0     0     0     0     8   137   809  5713  3444 10718 11918 12356  8661  9030  8215  7789 15678
ch  125:      0     0     0     0     0     0     0     0     0     0     0     0     0     0     0     0     0     0     0     7    90  1352  8282  3607  9143  7917 12021  7265  8871  7398 11466  6158
ch  126:      0     0     0     0     0     0     0     0     0     0     0     0     0     0     0     0     0     0     0    18   128  1002 10916  9494 10889  7951 13073 10517  8996 11268  9051  1732
ch  127:      0     0     0     0     0     0     0     0     0     0     0     0     0     0     0     0     0     0     1     7   196  1453 11723  4004  6802  6765 11204  9398 10177  5476 10217 12709
