ch    0:      0     0     0     0     0     0     0     0     3     3   320  2910  3804 13884 11232  9854 11462 13764 12570 10922 13837  9222 14998 11636 13364  8319  8081  8682  9623  8602 11267  4030
ch    1:      0     0     0     0     0     0     0     0     0     1    26   159  1178  2395 13639  9143  7744 11160  5335  8259  6103  9679  9457 12591 10082 12677  5054  7600  9137 12087 11619  5094
ch    2:      0     0     0     0     0     0     2     0     2     6   149  1627 11397  9167 10955 10253 10298  9849  5772  7814  9416  5398  7739 12214 11403 10274 11001 10984 16069  9177 12578 14946
ch    3:      0     0     0     0     0     0     0     0    26    15     5  4102  2129 10354  8023  8491 11345 10345  7700 10532 13701 11499  6987 14895 11120 11387 13604 11449  7837  6318 11160  4145
ch    4:      0     0     0     0     0     0     3     3    11    57   212  3742 13935  3733 11128  9018 14871 10830 14323 10266 10476  6197 10746 10621 11690 10357 10789 11931 13170  8672 10489   373
ch    5:      0     0     0     0     0     0     0     0     2     0   961 13304  7425 13735 13191  6997 10359 12911 14731 13495 12094 11676  8890  6548 15491  9379 14864 13792  6961  9496 10721  6589
ch    6:      0     0     0     0     0     0    12     4     0     2  4749  7643  6374  4395  7276 10471 11897 10114 11880  5460 11123 10082 10392 12276 13102  8052 11187  8999 14449 15680  8971   810
ch    7:      0     0     0     0     0     0     0     0    32    20  2602  4364   657 12892  9617  7660 10102 13138 10565 11402 13707 10403  6827 13492  5543 10312 17120 12922 14135  6543  9033  5071
ch    8:      0     0     0     0     0     0     0     5     2   851    87  6206  5875 14355  9726  6347 11215 14204 11562 10236  5804  7070 11197 14374  9635  6405 14281  9452  6457  8238  7298  1348
ch    9:      0     0     0     0     0     0     0     0     0     5    98   965  3374 10055  7224  9298 10573 11772  7477 13547  9920 11650 11210  8249 10498  9659  9788 12009  7202  7328 12700 17351
ch   10:      0     0     0     0     0     0     0     3     8  1230   866    76 11569  9003  9299  8339 10449  9912 12084  7060  7085  9600  6765  9513 11757  8561  7571  9262  7995  6952  8885  1655
ch   11:      0     0     0     0     0     0     0     0     1    19    46 12541  9091 10759 12044 12282 11518  6074  8592 14797 12655  7943 16587  9374  9828  5399  9545  7628 12898 13949 13881 16038
ch   12:      0     0     0     0     0     0     1     0    58  3412  2180 11275 15504 14515  7788 10910 12277 10688  4255 10084  7486  9722  9629  9800 12791  6250 15511  8527 13503  7941  9316  2501
ch   13:      0     0     0     0     0     0     0     0    18   205  1558  8200 12402 13587 10112  9389  7106 11592  8130  6760  5664 11847 11619  8842 10445  9632  9575 11547 15197  9779 14044    81
ch   14:      0     0     0     0     0     0     1     0    38   441  8886 11197  1628  6190 14582  8124 11020 14554  3948 11350  9418  7614 15210  9662 10400  8249 15242 10064 12813  9895 12926  2918
ch   15:      0     0     0     0     0     0     0     0    83     5   319 11069  4102 17653 16263 10354 10168  9876  9001  4564  5387  8114  9907  8831 10985  7308 11096  6530  9540  9140  9843  6146
ch   16:      0     0     0     0     0     0     4     9     0  1292  1112  2244 11506  6874  9218 10746  6851 13868  8065  5270  7632 12920  7558  8040 14662  7643  8534 12600  9720 10943  9670  4052
ch   17:      0     0     0     0     0     0     0     0     0   643   124   745 10673  7629  7153 13983 11330 11153 10151 12217 10114  9493 10230  9476  9285  7861 12132  9528  9387 12668  8337  7542
ch   18:      0     0     0     0     0     0     0     0     6    57    15  2183  7839  9968 10254 12702  9302 16017 10826 12742  9739 13541 10593 12252  6647  7206  9296 12130 15315 10797 10277  7246
ch   19:      0     0     0     0     0     0     0     1     1    31   687  3441  9931 10843  7000 13969 10624 14637  8995  8512 10433 11947 11640  7449 11701  7638 11188 10546 12062 10028 11428 17861
ch   20:      0     0     0     0     0     0     0     2   379   213  6790  9697 18626 10542 10258 10097 13123  6404  8250  7501  9055  6349 11232  4528  8827 12375  8801 11333  7705 10227  9570 10189
ch   21:      0     0     0     0     0     0     0     1   264   156   565  1084  6783  6257  9320 16992 16168 13035 11201 14053  7238  7417  7719 13427 10289 11818  8674  4366  8962  8703  8793 10350
ch   22:      0     0     0     0     0     1     1     0    52  1328 17730 11898  9689  4604 12338  8973 13985  5126 12613 13762 10980 11371  9417 11144 13311  8526  9277 10736 11024 10804 11801 13837
ch   23:      0     0     0     0     0     0     7     0    10    81  1842 13258  4717  6823  6211 12296 10996 10668  8924 10587 11690 11138  8259 12877  6224 10980 15446  9909 10651 12250 10357  2958
ch   24:      0     0     0     0     0     0     0     0    16   428 13908 17226  2680 12511  9896  8350  6050 13599 10929 14868  8939 11024 10145 10908 12294 16145  9709  7511  8133  7654 10841 11630
ch   25:      0     0     0     0     0     0     0     6   135    16    17   349 10620  7336 12079 15025  6535 15493  7646 13866  6924  9311  9016 13259  7288 10252  9382  6901 11737 12529  9948  4540
ch   26:      0     0     0     0     0     3     0    10   204   143  4306  7281  9292 14142 11601  8160  5363 16884  7913  6904  5354 10159 11975 13470  9883  7310  9082 10044  8597  9236  5713 12577
ch   27:      0     0     0     0     0     0     0     8    40    85  3779  3195 11742 16351  7504  7669 13096 15584  8731 11630  8499 13586  6694 12712  9704  9030 14107  9545  8363  7193  9253 15199
ch   28:      0     0     0     0     0     0     1    15    44   105  8162 10394 10580 12762  8511  7724  6450 10630  8148  5389 10645 11246 12848  6632 12384 12675  9898  9958  6929  6844 13338  6461
ch   29:      0     0     0     0     0     0     1     4     9   814  2331  5412 11174  5053 11147 16965 12366 10154 12789 10061 10300 15829 11667  7780 11568 10225 12194 11809 12546 10160 15216  4367
ch   30:      0     0     0     0     0     0     0     5    34  7128 15391  5182  9706 10029  8389 11288 11634 11256 11829 11309 10389  9783 14588  8432 13123 13398  7189  8147  8124  8518 11570 11330
ch   31:      0     0     0     0     0     0     1     0    40    33  5490  5547  4776  7289  9394  7621  8911  7831 10436  7577  9511 11200 14156 13734  8606 15839 13146  9992 10908  9602 13668 14827
ch   32:      0     0     0     0     0     0     0   477  1167    73 14991  5771  8598 10932  6256 11608 10323 15244 12378 12424  7534 15688 11969 14683 12065 15483  7333  9279  9837  4621 12017 12462
ch   33:      0     0     0     0     0     0     0     1     1  1245  2111  9586 17198  5214 10395 11314  2745  6877  5614  7823  9880  4707  8318 11455 12132 13466 12597  5792 10306 12196 13336 12094
ch   34:      0     0     0     0     0     0     8    14    25    43  3758  9720  9902 13456  7358 12800 10814  9769  8257 11023 11495  8406 11225  7501 13849 12198 12458  6117 12157 13276 10968 10196
ch   35:      0     0     0     0     0     0     2     1     8   890    90   206 11350  4099  6414 12659 10317 12691 14971  8081 14093  8208  9246  8698  9083  9313 10506 13925 12377  4135  8975  3415
ch   36:      0     0     0     0     0     5    17    53   566  1262  1623 10750 11440  9746 11632  9134 15376 11950 11597  7384  3471 11480 11215 11610  6890 11835 13056 11245 10933  9885 10605 17178
ch   37:      0     0     0     0     0     0     1    18   285    19  3678  7160 15538 13811 11654 14382 16918  5515 10567  7881 12102  9193  7894  7169 10939 11957  8601 10737 10284  6736 11174  5375
ch   38:      0     0     0     0     0     0     1    15   200  3120  2898  5733  8416 10360  8542  7835  9932  8203  5776 11951 10889 14230 10606 11435 12319 11156 11259  8176  9235  8026 11948  7473
ch   39:      0     0     0     0     0     0     0     0     0    93 10411   369  4006 13091 12320 11413  9092 10307  6640  9401 13792 13299 10487 12373 15378 10475  9157 10125  7508  6940 12071  3696
ch   40:      0     0     0     0     0     0    29     0    38  1308  2868  8991  9231  6463  9128 11641 12693  7889 11828  9820 11503 11503  7036  9891 11382 10426  7773 12369 12350 10750 11273 13719
ch   41:      0     0     0     0     0     0     0     4     1    50  1238   825  7915  5979 10665 14460  8606 12823  9192  4520  6110 10203 10077  8656  8727 11200  6546  8154 12219  6989  9037 16380
ch   42:      0     0     0     0     0     1     1    68    18   185  7465 14851  9205 10794  7663  6221 15926 11694 12365  6275 13465  7770 14439 10103 11275  8598  8807  8177 10615  8761  9255  6052
ch   43:      0     0     0     0     0     0     0     0    95  2714 10612 15609 15167  7975 11357  7803 12814 12119 11375  4864 12020  9947  8789 14120 12441 10520  6870  6449  8800 10142  8230  8060
ch   44:      0     0     0     0     0     0     0  1781   301   308  6183 14880  6800  9990  8437 11167 15344  6501 13861 10051 12648 12211  9822  6469 11335  8264 13511 10679 11689  8167 10277  8651
ch   45:      0     0     0     0     0     0     1     1   141  2689  4279  7152  7080 11067 12476  7753 10648 11993 12225  6625  9274  9091 14436  2761  7762  9074  7894 10504 10786 11986 10819 16770
ch   46:      0     0     0     0     0     0     1    33   311  6760  1089  9230  5913 10411 11206  8891 12425 13300 11172  8778 13081 11588  8642  8196  9427 10974 12051 10921  9125 10005 11006 11701
ch   47:      0     0     0     0     0     0    12     3   108   300   349  4514 14468  6560  7725  7401  3683  5646 11911  9018  7373 11969 13103  8630  6586 14289  9053 10182  8363 10034 12933  8946
ch   48:      0     0     0     0     0     1   113    15  1680  2648   321  4348  7655  7897  6835 15167 13827 10013 12278 15121  7407 12518 11493 13330  8657  4862  9045 12294  7166  8869 11504  8959
ch   49:      0     0     0     0     0     0     0     2    24  1928  6684   882 11182  7669  9604  8967  7658  5926  7732 10263 11208  5185  6282  8293  9231 11170  9754  4843 12055  5494  9414  1099
ch   50:      0     0     0     0     0     0     0     4     5   342  3926 13214  2537 12106  8947 10377 11905  4138  4293 10341 13897  9514 15214  6518  6656  9835 11081 10386  8836  8344  8362 10671
ch   51:      0     0     0     0     0     0     0     0     2   108 16064  2491 16504  4084 15915  7466  9114 11214  8669  8961  9457  6022  9820  8710 10380 11825 13331 11228 11506 15318 10223  4788
ch   52:      0     0     0     0     0     0     0     0   158    47  1816  1363 16002  9989 11072 14412 11652 11909 10538  9663 13579  8466  7357  9943  5224 12983  9953  9716 10864  7302 11464  6552
ch   53:      0     0     0     0     0     0     0    13   130   188  1636  3399 11536  9086 13182 12360 15632  8815 13715 14642  5143  8430 13266 10100 12695  9265 10464  8599 11240 13081 14272 13713
ch   54:      0     0     0     0     0     0     7     4    20  1843  9766 15183  9991  5748 13621 10795 11420  6228 10082  9128  8024 11577  9684  8726 11018  9648  8847 14375 10358  8538  8364 13821
ch   55:      0     0     0     0     0     0     1     0  1777   614   635 14641  6159 12378 10417  7184  5683 10648 11216  4022  6671 10534 10300  8515 14108 10885 10854 13663  9974 11507 11255  3583
ch   56:      0     0     0     0     0     0    20    36   512  3435  4642  7476 10043  8635 13223  7362 10298  6886  8376  9262  5264 10376 10002 14887  8345 11746 10919 12487  5854  9172 11115 10970
ch   57:      0     0     0     0     0     0     0     0   363    30 15719  7853  6506  9291 12439  9774 13414  8851  8236 11083 10141 13750 18404  8916  6370 12301 15851 12350  6802  7900 10579  8506
ch   58:      0     0     0     0     0     0     0    41   409    29 15935 12921  8890  8330 12377  9563  7933  8161 10242  8921  6781 11171 12932 10210  9301 11213 12394  9533 12268 10797  9638 13606
ch   59:      0     0     0     0     0     0     0     0     7     4  5700 11818  7958 10444  9074  8992  8366 12887  7175  6746  5618  9971  8972  9684 10318  9084 12183 12509  7704  7752 15898 13467
ch   60:      0     0     0     0     0     0     0     2    56  1563  1399  6648  8408 14658  7192 15245 13264  6967  7251 12460  5309 11301 13805 11108  9665 12016  9104 14133 12259 10571  7397  4328
ch   61:      0     0     0     0     0     1     0   347     2  5786   532 12083  3447  6613 13204 10587 10690 11875  9433 14880 10837 14771  6006  8469  8164  8110 10492  9614 16036  8609 10145 15056
ch   62:      0     0     0     0     0     0     0     1   451  5194 11240 10489 14835  5592 11909 13553 10402  8960  6568  7165  9747 11799 10850 12358  8314  7511  8496 10915 11406  9902 15701  5308
ch   63:      0     0     0     0     0     0     1     1   151   470  2642 11763 16968  7846  6689  5165 10379  8738 11220  7012 12107  8423 13611  7140 12761  6677 13138  9231 13469  9373  8958 14771
ch   64:      0     0     0     0     0     0     6    31     0  3050  7485 18167  8072  6887 10926  6034 13414  8466  7251  7319  9309 10138  7245 12077  6991 13644 10388 10646 13349 13239 12499  9602
ch   65:      0     0     0     0     0     0     2     7   214  1331  4343  1754  7116  9150  3114 13490 11216  8739  8387 11137  9604  9738 11165  7082 10878  9248 12365  6697  8787 12427 10188  6989
ch   66:      0     0     0     0     0     1     1    26   147   699  1010 10708  9734  7452 10514  9336  7180  7570  7505 16502 12530 15351 12477 11993 13839 10270  9883  8884 11401  9297 10392 10919
ch   67:      0     0     0     0     0     0     0     0    41  9214 11406  8521 14291  6747  9741  9127 13732  9276 10589 10119 15510  9325 12257 13068 12467  7646  9436  9294  9109 11374 10914  3876
ch   68:      0     0     0     0     0     7     2    15  1219  1566  7092 11665  5864  7880  6916  9379 10158  6617 12266 11538 15150 10198 10388 10593 11894  9996  6748 10474  6624  6614  8829 10074
ch   69:      0     0     0     0     0     0    13    28  1065    15 12827 14642  6250  8754 10434  9585  7226 11014  6542  9770 12275 10284  9689 11706  9497 12729 11648  7159  9311  8158 11508  5069
ch   70:      0     0     0     0     0     0     2   334   282    54  6206  5229  8774 11957 11096 12686 11185  8778  8600  8959  5225 10111 12025 10814  9597  8477 10155  9576  8768  6413 11091 13487
ch   71:      0     0     0     0     0     0     4     5     6   384  8357 11703  5264  9431 11712 15080 10889  8284 11425 11253 11521 13807 10760 11796 10884  6381 10130  6397  9982  7125 13859 16630
ch   72:      0     0     0     0     0     3     3    10   459 14141  7443 14890 12814  9876  6636  9903 14060  8436 11698 10111 11398 14821  9709  7035  9067 14104  9712 10069  8398  7226  7637  9970
ch   73:      0     0     0     0     0     0     6     6   109  2850  3603 12162 11866 10216 12099 10629 11413 11335 14541 10089 12146 13799  9540  4471 13833  9298  8659 13415 10777 10752 10119  7231
ch   74:      0     0     0     0     0     0     3   136    74   330  4884 11141  8109  9424  4215  7806 13662  8299 10566  5164  5616 13243  8149 10744  7321  7493 12670  9305  9510 14498 14590  7688
ch   75:      0     0     0     0     0     0     4     2    53    94  9093  6158 11687  9412 10922 10771  8088 12237 10488 13756 13196  6331  6644  8080  8001 10580 13851 13400  8615  8443 11236  5030
ch   76:      0     0     0     0     0     0    12    47  1767  4849 15179 12647 15857 15336 10184  8459  6011 11342 11948  8212  8370  7993  8828  8260  6670  8721  9857  6038 13648  9309 10988 15363
ch   77:      0     0     0     0     0     2     0    11   783    30   150 12907 10266 10934 12115 10982  8845  6224  7618  7659  6789  9052  7677  8112 10474 10856 13558 10477  8187 11377  8333 12911
ch   78:      0     0     0     0     0     0    15     1  3057  1499  5876 19040 13748 10697 14208  8324 10515  7680  7129  9019 11572 10671  5101 16124  9327  8887  9598 14238 10787 14005  5166 17564
ch   79:      0     0     0     0     0     0     1     5     7  8069 15467 15168 15545 12047 10173  8151  9008 14625  6925 11075  8841 15218  6630 10637  6070 12539 11033  9012 11050 11994 10443  6789
ch   80:      0     0     0     0     2     0    34    12  5322   239 10638  2362  5871  6934 12247  7921  9669 14499  8579 10199  7915 14116  9374 12820  6510 10972  8349 11644 10112 13301 11387 12854
ch   81:      0     0     0     0     0     0     0    10    90    72  9281 13629 10563  9678  9060 14122  9744 13370 13139 10344  4323  9582 14383  8726  7604 12604 10689 11112  9574 10408  6781  2271
ch   82:      0     0     0     0     0     0     1    79  3095   375 14818 15644 10338 12398  9677 14873  6260 15982 10158 14728 13719  9036 12810  8960  9806  9728 12297  6330 13344 11151 10369  8946
ch   83:      0     0     0     0     0     0     9     9     8  1016  6083  7528  7830 10912 13576 15006 11705  9528 11438  9126  6721  6502  8268  7872  5661 10053  5183  9842 12387  6535  6820 13209
ch   84:      0     0     0     1     0     3     3    35   108  4363  8862  9393 14979  8683  4489  8465 15859  6887 10550 11288 11681 14115  9217  8702  9827  8087  6621  7172  7577  9582 11303 10464
ch   85:      0     0     0     0     0     0     0     7    36  2129  1490 15088  9027 11423  6954  9465  6731 13077  6639  9879 11715 10156  9466 12971 13381  7508 12717 14049 12814 10344 10879 12664
ch   86:      0     0     0     0     0     0     8     7   187  4996  5871 17159 10855  9343 10345  7201 11048 10687  7031  6485 11198  8178 15226  9670 15129 10067  7856 11143  4594  9830  9260  9885
ch   87:      0     0     0     0     0     0     1    12     0   259 15416 17379 11891 13632 12556 11088 13346 11431 10496 11696 10812 11347 12742  7442  9325  8133 10051 11346 15925 12641  7009 10945
ch   88:      0     0     0     0     0     0     8     0    56   109  5145  5783 12037  8451  7559 14840  9133 10420  8578 12586  7297 12094 10828  9126 14885 11066 11421 13952  7363 11638  8739  7037
ch   89:      0     0     0     0     0     0    50     1    26  2546  3913  6738 14445  6113 11756 10505 13503  8355 12047  8535  8807 12007 13000  5335  9988  8820 12991 11925 11728  9066  8210  7462
ch   90:      0     0     0     0     0    10     0   124  5047   572  7773  5335  6477 11628  9297  9653 13397 10243  8485 12679  2745 10959 10437  7557 13818  8118  6764 11431 13543  8756  9888 13950
ch   91:      0     0     0     0     0     0     0     2     9   138 14261 13411  5842  9394  5359  6172 13090 11985  6183  4571 13597  5289 10767 13304  8478  9511 10906  8026  6536 10031  8572  3854
ch   92:      0     0     0     0     0     0     5     0   637  2613 18500 10517  7833 12269 12434 10364 12524 11519  9108 13234  4513  9734  7990 10777 10112 10482 11165 13212 11269 11352 13107 10993
ch   93:      0     0     0     0     0     0     0     0   668     9  1152  8656  9461  9178 13601 10615  5995 12276  8901  8847 11000  6565  4300  9698  9113  9333  6533  5445  8924  9047 10297 11498
ch   94:      0     0     0     0     0     0    32    10    25   900   885 14270  6458  7127 13826  8529 10294  8269  7655 10169  6654 10971  9933  8460  6184  8603  9540  9157  5557  5995 10744  8636
ch   95:      0     0     0     0     2     0     4     1   178   354   225  5566 12194 11596  8700 13013 10932  8157 13156  7559  7712 11027 14121  3900 11085  9287 11940 10987 14066  8276 17701 13921
ch   96:      0     0     0     0     0     0    22     1     6  4443  8355  9923  6330  8164 11245 14369 11720  8879 12768  8637 10796  7921  7992 14544  8692 12440  8304  9542 10417 12853  4823 12269
ch   97:      0     0     0     0     0     0     0     1   314   258 17735 12895 14195 10390  7268 12564 11023  6970 10817  5040  1644 11109  2870  9187 10918 10428 11431 13867 13338 14863 12130  8154
ch   98:      0     0     0     0     0     0     3     0  1449   647  2537  9091 10530  9540 11154 13695 14060  7096 14015  9682 12139 10735  9261 10291 11449 10993  7848 15285  9304  6914 13789 13701
ch   99:      0     0     0     0     0     0    11     0  1061 10332   563  7550  6246 10616 11315  7017 11910  7244 11091 11498  8339  8552 10783 10500 14232  8972 12844  9930  9139  9053  8097  7994
ch  100:      0     0     0     0     0     0    21    47    97  6162 12211 14378 13523  8661 12203 11703  8861 16556  5409  9414 11530  8562  6639 13226 10006 11710 12414 12360 13871  5621 13487 13686
ch  101:      0     0     0     0     0     2     0     0    28  4309  7399 15576 11497 10703  5595  8041 11146 12086  6749  9681 11801  8399  8270  5602 10139  3685 14893 10890 13327  8905  7770  9948
ch  102:      0     0     0     0     0     0    14    17   966  7914 11839   677  7140 15480 12866 10457  8085  7553 11722 12078 13948  8725  7311  5909 12875 14418  9207  5119 10478 11680 12838 11674
ch  103:      0     0     0     0     0     0     5     5   164  9735  5503 16213 10142 16341  9072  7853 10508  7917 13615 12272  9180  7241  4962 12211 11993  9681  9623  9098 14333 11645  6997 18140
ch  104:      0     0     0     0     0     0     1    75   213  1483 16152  9794  9699 14118  8417  7870 10198 12252  9209  7510  6875  8118 11484 10517  9688  9421 10583 10564  6860 11610 13067  8202
ch  105:      0     0     0     0     0     0     0     4    28  1010  1110  6364  7491 10537  7299 12454 11809 11840 14957  9916  9611 11688 10494 13215  8510 16058  8578  9479  8275  7370  7250 13837
ch  106:      0     0     0     0     0     0     0    84   362  2519 12377 12131  8157  9084 10052  7168  8011 11937  7665  5814  5510 11681 14433  7264  6684  9544  9232  6956 14501 12015 11473 12935
ch  107:      0     0     0     0     0     0     0    69   169  4166  1134  6035 11159 11580  8724 13153 15420 11679  5962 16300  5709  9773 11255 11052 12709  7629  7948  6778 15988 12744  7742 11710
ch  108:      0     0     0     0     0     0     2    80   101   664 15677  6516 16091 10486 12393  4511  6699 11302  9038 11959 10846 15551  9616  6603  9277 12331  5552 14760 13165  7383 10616  9511
ch  109:      0     0     0     0     0     0     0    86   355     4   269   964 11835  9147 10350  9236 12225 13857  5687 11442  8352  6132  7990  9753 11497  8629 10586  5677  5729 13529  7328  7756
ch  110:      0     0     0     0     0     3     0    25   697   404 11357 13076  7226  7906 11808 11270  7132 11455 13461  9978 13401  9761  5278 11330 11344  8080  9197  8126  6935  7852  7300 11392
ch  111:      0     0     0     0     0     0    28    54   185   106   137 11946  6684  8237 14426 14559  8001 14799 13008  7614  5779  9497 16272 12689  6045  9460 10538 12149  7911  5821 13071  9293
ch  112:      0     0     0     0     0     1   305    82    98   307 15014  9347 15161  7057 11559 15298  9379  8684 17330 10374  9655  8897 14024 11320 10013  9976 11362 10296 12399  7970 10546 11548
ch  113:      0     0     0     0     0     0     0    24  2065   402  3632  3558 14850  8480  6040  9751  7253 14022 11745 10532  9106 11985  9049  9924  6169 13215 13274  9634 11448 11018 10879 10075
ch  114:      0     0     0     0     0    78     1     3   412  2879 11527  7701 14294 10232 15340 14107  9910  9559 11654  6667 10497 11773  9601  9260 12853  9611  8550 10839  9774 11336 14710 17189
ch  115:      0     0     0     0     0     2     1    28    91  9385 16357 10131 11764 13617  8429 14404 10349 12441 12019  7505 13999 13340  8702 10088 12236  8515  7449 10037  7088 13390 11720 11289
ch  116:      0     0     0     0     0     0   499    14  3617   775  5327  3797  8445 11516 15587  9641  9926 14026  9424 10176  8753 10514 13779 12394 13363 10658  7408  5337 11118 12469 11472  9553
ch  117:      0     0     0     0     0     0     0    29   118   337  1572  1767  6393  9802 11213  9645 11469 12783  7400  8536  9332  8642  9529 10735  4127 10442 10180  7982 10515  5755  5558 11886
ch  118:      0     0     0     0     0     0     3   629   200   135  6861 16651 10530 11326  4536  7247  9859  7777  2422  9392 11940  8024 16716  6909  7620  5755  5695  8278 10205 11906 11312 16417
ch  119:      0     0     0     0     0     0     1    62  1299  8623  2879 13188  5087  7765 11551  6181  7343  9714  6187  9786 15800 12111  7769  8845 10238 15060  9753  7515 12351 17822  9261  7049
ch  120:      0     0     0     0     0     0     0    42  1499  5090  5967 10315  4229  7933  7450  5080 12253  8442 10232 14025 12328 12768  8356  7037 11005 12653  7579 12452 10804  8381 11730  7089
ch  121:      0     0     0     0     0     0     8     2   488 16066  2454 11817  5751 11811 11736  8872 11234 12166 11233 13968 10658  7718  8475 12710 13134 12794  6694 12565  9414  8661  5557 15570
ch  122:      0     0     0     0     0     3     1     3   971  9512  9725  9773  9771 10625  8994 11265 11032 11829 11007  9213 13879 16912 11801  8973 11593  5655 13395 12300  9066  7772 13894  1437
ch  123:      0     0     0     0     0     0     4     4    29  2119  9795 11258 11487 10099 12004 12270  7385  4677 11619  8709 10154  9095 11601  9780  8900 10775  9370  7313  9442 12339  8783  8234
ch  124:      0     0     0     0    13     0     1    18   200   732  4435 10919 11766 13321  7827  9113 13642 12025 10497  9914 11132 12020 10050 11198  6603 10108  5718  8038  4749 12081 10142 15677
ch  125:      0     0     0     0     0     0     0    74    40   131  7995 10530 11421  8067 10619 12589 11759  7537  7488  8851 10703 11592  9050 12156  8543  7957  6780 16951  9499  9588  5047  8134
ch  126:      0     0     0     1     1     1    32     1  1714   348  7516  3294  9974 11555 12514  7212 14876 13851 14686  9261  8308 10362  9061  6314 13174 10725  9424  9328 14026 15563  7380 15302
ch  127:      0     0     0     0     0     0     0   237 10580 12171  8993 11890 12124 10899 13919 10879 11188  9976 10602  7769 11211  6625 11984 15243 10628 12124  5065 10357 10586 13417  7749   318
