ch    0:    760   966  1253  1506  1772  2346  3167  4106  5028  6046  7192  9694 11791 15176 17853  9371  5561  9311 11080 10747 11170 10246 12002 11736 10919  8921  8110  8035 16124  8102  7311  8173
ch    1:   2878  3438  4166  5014  6491  7697  5216  7147  9609 12784 11276  7881  8659 11371  9552 13477  9109 12557  8559 13654  9988  9473  9557 12394  6439  7601  3336  7295  9032 12259 11257 10955
ch    2:   4620  4818  6775  4045  5376  7135 10759 10310 12667 10332  7284 10409 10876 12839  6867 11023 10699 14252  8025 13612  9769  9943 13365 13361 11455  9652  6828 10276 12357  6532 11253 10563
ch    3:   6444  8035  5387  7944  7046  9203 13763 14785  2463 10139 12148  6880 14139 13785 11223  9107  6712 10719 10024  8541 13393  7297  5033 12248  7011 12540 12673 11078 12718 14281  7809 10301
ch    4:   6014  7271  8871  7268  6445  9453 13221 14142  3465  7606 12867  9994  7184 15542  9573  6658  7375 11252 11705  7935 12158  9608  9003  5407  9924 11373 10876  9717 14462 11967 11785  5899
ch    5:   9298  7327  5953  9363  8878 12114 14236  2657 10375 11022 11658  7857  5597 13586 13788 12945  9956 12297  9357  4665  9100  9580 10983  8118 12041 10309 10340  7725  8141  9741 11030 11986
ch    6:   5855  6729  6804 10472  9543 13540 11704  5773 11807  9804 12470 11130  9996  4482 11237  8346 11264  8741  6575  7428  6969 14517  9770 11428 13666 13127 11373  9024 11268  7085  7106  9672
ch    7:  12429  7314  6693  9061 11393 14618  9280  9610 10667 10278 11171  8319 12370 10413 14276  7804  9344 10004 10203  8466  7875 13200 12531 10173 13968 14641 10898 12860 11975 10329 11212 10663
ch    8:  13254  7615  7601 11432  8460 15546  5420 10871 10159 10978  9568 12120  7944 11384 10203 12098 10275 11971 10132 11837 10312  7827 13262  8556 14098  9810 11527  9443 10670 10816  5884  9932
ch    9:  12511  7743  8372  8133 13570  8787 11577 14077  9335  8577 11969 11972 13704 10470 14619 10858 10588 13411 12968  6882 13484 12710  8344 11658 13882 10791 12655 13103 10369 10711 10204 12338
ch   10:   8132  7772 11358  8557 12743 11422 12832 10822  7925  8541  9816 12958 10978 12758 10425 13155  7491 10840 10598 11497 11937  9093 11368  8522 16030 10293  9466 10466  8619 12168  9263  8061
ch   11:   7523  8049  9126 14585 12394  9756 14426  9061  8995 13714 10029 13999  4044  9500 10945 11102 13325 13530  9061 12397 11519 12769  9680 11533  6682 12064 10047  9386 10255 10194  8126 10085
ch   12:   7815  8069  9460 14396  7657 10546 10373 11147 11786  8670  7021 11233  5891  9800  9383  5566 12955  7079  5134 12979 14420 12925 13479  9422 11940  8399 11773 12206 10458 13181 13618  8326
ch   13:   7285 10561 11394 11806  8833  6867 12590  9114  5847  5941  7237  8683 10057 10027  9775 11824  5927  4035  4892  9987 11169 11085  8194  8678 12306 11420 14866  7329 18319  6069  8932  6820
ch   14:   5482 10010 11111  9069 10764 14674 15735  7743  8954  9212  8991  3339 10353  8355 11312  9515  6241 12154 14631 13589  5221 13912 11229 10629 12554 13067  9036 12050 13261 13002 12835  8638
ch   15:   9425  9269 11596  7207 12059  8836  5695 11434 17730  9473 12841 12528  8470  9581 12458 10867 10352  3086  6632 13450  8569 10488  8877 10118 14523 12021  7680  9548 13398 10663  9297  9749
ch   16:   9146 11216 11719  7440 11035  9084 14896 14746 14686 11908  6607 15284 14871 13080 12806 11587  9660  8777  8322  8702 11854  9268 10057 12140 14734  5677 14771 11592 10119  8752 15415 13306
ch   17:  11387 10921  9049  8250  8529 11741 11532 14589 10748  8307  9557 10452 10787 11793 11216 10141 11175 11403  7790  8337  8973 15266 13350 11396  9818  7162 13397  7991 14538 10286 11811  9087
ch   18:   7970 15350  7139 10847  9286 10451 10758 11214 12413  5407 10497 16441 15303 10214  4629 11917  8946  7401  8511  8667  3360 13145  6513 13595 10742  9073 11653  8717  7788  8447 10792  5631
ch   19:  12057  8171 11861 11267  9529 11371  7480 11975 11897 10455 17711 11351 12284 11992 15257  6215  7689  8995  9118  9316 11460  7081 11688 15288 14004  9343  9508 12879 10433 10379 11324 12150
ch   20:  12394 15878  5447 12444 10829  8670 14330 10571  9611  8932 13537 12102  6493 11738 10323  9751  8706  9656  9758 10356 10620  8593 12879 12613 14528 13259  6613  6053  9181 12582 13557 11079
ch   21:  13014 11085 12131  8001  9143 13658  9753  5688 11476 12062  9551 14587  7245  8350  8492  9849  7964  9787 10580  7568 12643 12240 10377  6345  9280 14992 14552 13155  8766 11179  8911  6746
ch   22:  11196 14039 10917 15631  9840  9838 13102 10102 10172 13897  6129  6912 11690  5116 15414 10467 17642 12336 13158  6473 11225  7632 11445 10840 15404  8753 16050 11682 14419 14951 14940  8909
ch   23:   9576  6223 13368  7757  8043 11648  9229  7688  5116 16013 14496  8316 12976  9722  9178 11000 12016  7846  6646 14561 11893 11720  7739 11739 11631 11318 13038  8228  9201  9508 14074 14841
ch   24:  12784 10533 12258 12133  7743 10825  6172 12405 10378 10821 12287 12229 14729 16187  9305 11065 13481 10128  8129  8751 14404 15803  5764  7690 13938 12481  8728  8052  8527  7935  8707 11860
ch   25:  11668  8343  8807  9623  8179 14400 14263 11821 11298 12864 12204  9602 10928 11575 14080  7247 11576 12461  8290  8142  9809  9506  8726  9125 10032 11668  8754  7970  9083  9863 10581 11009
ch   26:  14057  8163  8810  9365 12688 10778  9151  6217  8782 10005 11101  8895  9531  7065 13148  7375 11846  7200 10848 10435 11852 10806 10103 14459 11889  8220  9464  8772 10963  9495 17196  7826
ch   27:   4989  6285  8478 10130  6855 13873  8713 14574  8610 14042 11293 11324  7649 12541 11372  8871  5855  7190  9727  8916 10255 11845 12253 14969 12648 10613 13598  7371 11795 13808  9102 15873
ch   28:   8698  9947 12380  9713 13971 10929  4448  9888  6311  7488 13697  9888 15890  7672  7300  7436 15024  9145 10892  8588 17526  8295 12176 10807  8765 13735 14749 12901 13258  9720 13080  7325
ch   29:   9690 11724  4882 14210 11084 12254 15557  8163 13710 10643  7677  6953  6791  7233  6100  4146  9660 12207 11181 10727 10164 12532  8857 12360 15090 13721  4624  9898 13264 12903 10781 14685
ch   30:   9523 10404 13330 11484 12178  9524 11897 11264  9127 10421  7764 11659  4330  8004 11282  5810  8370 15599  7304  7282  8673 12858  7041  9671 13835 13755 14691  7682 11177  9979 11473  7161
ch   31:   8430  8562  8974 14011 12679  5712 11244 12195  9741  9571 12005 15363 12137 15303 10738  6140 11192 10985 14678  6021  6758 12977 10980 11017  6243 10780 12060 11883  9221  9550 13125 10134
ch   32:  11307  9506  7243 10665 12736  9685 10270 10647 13289  6973 10446  6759 11907 13418 13862  9004  9213 11659 12416  8998 12544 10692  6272 10338 11504  4876 11333  9025  8528 10577  8623 11164
ch   33:   9130 15007 10210  6789 10009 13165 11389  5868  6396 15043 12604 10396  9927  9838  8918  9129  7042  9621 12134 15137 10226 13128 10284  9913  7029 11426 10677  6051 11561  7155 10900 10401
ch   34:  10503 14018  7529  5026 10337  4709  6186  7884  3081 12145 12995  8921  8586 10160 12594 15041 15876  7743  5761 10184  5043  8478 11313 11881 11989 13555 11491  9303  6045 10940 15237 12968
ch   35:   9981  9746 14244 15200  6033 12061  8086  7128 11187  5310 11936 12328 12844  9320  9677 10750  9977 14206 11283 19069 10295 11258 12521  8045 10773  9370 13099  8352 10317 13472 11397 10154
ch   36:   8502 11476 13079 10947  9930 14618 12621  8218  7041 12364  8745 13143 11466 10382 10290  8787  3831  8327 11561 14867 11527  9610  7085 13650  4720  5407  6657 12397  7056 11087 12958 10317
ch   37:  11064  8200 14323  6895  6006  9951 13814 12337  7384  8152 14518 10559  9994  7906  8757  6632 10413 10138 16001  6287  9321 11830 10749 11152 16045  7027 16331 12404 14615  9230 13160 10982
ch   38:  10287 11621 14230 13848  7118  6322 10608  9396  9141 12433  6875  8306  7937  9838  9664 10736  9948 15119  7989 11954  7400  9830  7784 10863  8361  8965 13682 17990 12774 15606 12398  7200
ch   39:   8828 10469  6549  8294 12299  9916 11303 13057 13416  2323  7176  6155 15108  6206  6352  9321 16762 15377 14832  8241 15071  8975 13638 13668  5097  6241  9725 14816  9422  6557 10840  9617
ch   40:   7569  5807 11151 15274 11840  8306  9435 11600 15857  9291  7204 12610 14068 15222 13118 13123 14408  7975 10207  5260 12021  7336 13437 11177 15443 14520  8820  8375 11452  5451 12655 11596
ch   41:  10755 12837  7905 10657 14083  6440 18707  4634 12278 10446  8565  9745 11031 11335  9230 13828  4180 14544  6018 10007 15288 10934 12608 11875 17890 13777 12339 12466  9097  9956  6521  8012
ch   42:   9825  6117 12021  7162  9594  8539 10040  6284  9291 11280 10876 10947  8865  9886 12972  6025  7203 14098  9730  6921 10809  8833 12731  7385 13931  9314 11399 11179 12002  6265 10446 13767
ch   43:  15370 11871 11420  8076  6351  9630  7058  7805 13379  6630 12818 11584  7754  8312  3970  6872 11580 11392  7671 11467 14701 13322  9385 14149  9392  6616 13156 13881 14795 11416 13390 13873
ch   44:   9754 10625  7443  7030 11241 11867  4797 11544  8610 10647 12494  9804 11594  6584  5843  7658  4112  9766  8529 12600 14660 10174  8689  9983 12702  6213 11551  9412 11455 11461  7303 12480
ch   45:   6887  9277 15981 14082  6163  8971 10988  5424  9235  6343 13604  9159 11179  9440 12348  9083  7597 10797  7427 10234  9217 12929  9842 13809  9930  6574 16373 11278 10303 14459 11421 12526
ch   46:  11538  7378  7118 14034  9809 10206 10064 10241  9501 12485  8401 12764 12693  4298 13801 11569  8329 10792  2811  5024 12691  8953  8053 13552 12819  5629 10081  6530  8483  7272 13126 11533
ch   47:  10319 10122 12798  9986 10333  9252  8300  6631  9314 13667  4559 10311 10127 11555 12052 11764  4548  8458  7511  9192 14466  8682 10712  8458  9423  9507  7949 13929 14250  8974 11361 14291
ch   48:  10546  9025  6905  6600  8714 10188  8696 13618 10342 13805  8158 10323 12330 10526  3134  9295  9234  9895 13716 13456 16141  6809 12181 12293  9509 14039 13322 10049 11349  9115 15326  8914
ch   49:   8934 10239  8543 11750 12735  7080 14188 11507 12752  9442 13393 10942  6586  9243  9229  9748  7282 12665  4962  8781  9979 11696  6354  8249 15424 13529 10405 15368  8004 13397  8755  7236
ch   50:  13465  8511  7199 16656  9482  8038 13298 13174  9919  8416 11899 11968 14376  6031 10685 10352 11104 12230 10103  5192  9808  9938  9536  8348 10205 10394 10228 11982 13708 14227  9001 10541
ch   51:   7495  9742 14690 11091  4062  6344 13484  9809  8290 11337 11844 16574  8256 10123 11615 10170 13729 15762  8524 11681  8934 13326 13904 14431  8028 13465 11078 12679 10421 11106 12928  8720
ch   52:  11319 15767  5530  5127 11750  6709  9037  8579  9531  9592  9189 10319  6016  9124  8311 11275 12387 10564  8741 10404  9351 11456  4459 15327  5964  6432 13421 12155 10439  7353 15805 10585
ch   53:  10874  8951 15011 11563  9264 12231  7600 13804 11014  9777 14275 11140 11107 10068  9347  9408  9303  8216 12502  4566 10165  8350 15093  9936 11463  8167  7444  3906 14586 13831  6372 14159
ch   54:   7971  7282  8115 12208 12973  8869 14323  5038 12496 14215 10963 13714 15171  3358  9933 10308  8534 13409 10328 10997 12307  9513 11712 13509 10190  8120  8841 13076  9638  9190  6960  8620
ch   55:   8728  9263 12384  7487  8959 11947 11001 11719 12189 12282  9915 13883  8420 13016 14416  8801  8347 11701 11290  7164 14870  6478 12564 12018  6219 12137 11431  6076  8176  9946 15583 13353
ch   56:   9989 10357  9071  8335 13927  6637 13019 10779 11462 12593 12145  9882 14000  6501  7515  9084  9857 10101 10981 11377  8760  8659  7881 10927 12163  8694 11439 10798  9345  9635 10139  9938
ch   57:   7694  7803  9676 14616  9915  5660 10206 11439  9172 10838  6265  8012 10460  5815  8356 11930  9981 12461  9011 12457 11295  9871  7671  7775 10627  8883  7255 14244  9362  6650 12395 11489
ch   58:   6543  6800  6580 16674  8997  9541 11857 12712 12747 12375  7783  6921 17085  9583  5753 11887  8525  6816  7493 14514  6698 10225 16397 11700 10118  9914  9925 10875 10471  7764  9921 10651
ch   59:  10435  8550  5023  8119  8285 12128  8952 10698 11572 12420 11183 12399  9144 10360 12325  8230 12396 11834 11032  5288  4792  8867  7358  9757 10813 12670  5543  9026 11693 13272 13692  8324
ch   60:  10809 10302  4943 12468  9783 11732  9388 11050 11025  7758 13743 13839 10847  8097 11138  8674 11580  9887  9853 12824 12194  8233  3894  6965 11247  6816 10896 11611  7776 10661 14256 15625
ch   61:  14770 13994 13395 14920  8095  8670 11339 10942  5981 11704  9927  8597  9333  9656 12112 11667  7024 10173  9557 13844 14198  8222 16713  7107 12390  9231  8198  9186 12681  9542  6533  9366
ch   62:  12548  9260  4097  6150  8600 11244 16757 11156  8848  6392  7683  7383 13060 12430 14028 15429 13982  6288 13602 10161  7524  8238 12590 13758 11618 12956 14263  7499  5864 15408 13403 10249
ch   63:  15361 14909 11227 11806  7799  9990  9727  7603  9739 11682 10005 11110 10864  6066 11055  6697 10002  5763 10200 10071  8203 11221  7802 10250 14227 10219 12456 13200 13271  6649  8656 12618
ch   64:   8439 15182 10944 10901 14158 13198  7449 11211 14261  4995 11115  8962 12405 10920  8972 11414  9788 12746  9628 11252 12242  6168 12839  8556 12034 11353 11061  9258 12820 13813 10498 13242
ch   65:  11240 13748 11012 11015 10940  7273 11873  6197 14314  8965  8765 11242 13558 10296  9036 11019  8889  8316 11835  9704  9666 10538 13316 10384 12084  9828 13784 12085 11425  7568  9298  9664
ch   66:   8036  9148  9924 11733 14211 11005  8863  7426 12093  6530  8665 10560  6201  8598  9585 11294  9570  9308  5540 10679  9271 11758  8913 15002  6821  5536  8678  7427 11411  5608 11422 10027
ch   67:  13959 12102 11871 11285  9103  9802  9815 10210  7562  9064  7669 13558 12017 10444  9796  6382 10799 12663 12443 11718  8449  9202  9383  4730  7537  8680  9471 10655  6182  7833  8104 12668
ch   68:   7578 11704 14398 10319 14409  3154  9833  9259 10045 10439 13150 13597  6779 12772 11495 12789  9745 12689 11629  4005 11168  9529  9633  9423  8903 14344 10862  9849 13532  9679  8486  7239
ch   69:   9425 10376  6963 10053 13683  8497  8722  9531 12603 11249 10602  2855 11849  7799  9252 12437 16984  9412  9384  5917 14329  7747  9085 11004 11245  7748  9330  5870 11918 10848  6758  8176
ch   70:   6093  6010  8426  9772  5579 10340  4766 11299  8847  8286 10203  6528 10177 10879 10321  8517 15411 10437 11261  7594 11186 10423  7894 10498 14367  4755  4747 10901 12488  7462 10158  9327
ch   71:   5567  8824  8909  4180 12126  9705  5974 12211  9567  3211 11597 12528  9170 13391 11977 10028  9043 11465  5632 11018  9010 16502  9865 10407 13920  4976 10623  8740 13803 11091  6005  8336
ch   72:  12888  9179 11429  4673  8665 11157 11275  9187 10329 13686  9982 17669 13052  7980 12851  6511  8763 11040  9690  7086  8530 11500 11488 11767  8998  8292  7118 12225 10974  8358 11176 11174
ch   73:   9417  9875  3276  8968  9428  6488  8489  6468 10218 12068  9786 11136  9244  6967  9297 11040  9421 11139  6659 11613 11995 10003  8620 15456  9457  7786 13368 10160  6936  7992 10875 10341
ch   74:  12851  9539  8242  9485 10584  9047 12095 11598 10499  4071 10330  9924  9420  7079 13734 12094  5462 17744  9762  8440 10347 10266  8087 13600  8045 13511 10156 13784  7277  4958 15624 11621
ch   75:  11019 11700  8813 10208 11042  4409 12575 11611  9469  6048  5490 10705  4809  2440  4005 11489  9892 10902  7690 11110 13755  8831  9466 11152 10905 10697 10240 12801 12948 10425 12027 11444
ch   76:  10990  8786  9948  7133 13058 12251 13368 12440 14356 10954 12309  9380 10102  8978 14130 12172  8911 15502 11340 17424  7034 12072 10030 10411  6133  7774  9961 10627 11115  8139  5751 11445
ch   77:  12337 13147 15446 14621  6930 10932  6997  7197 10446  8454 10028  9840  8244  8000 13836 11911 10246  7157 11565 11950 13940 13300 10178 14406  8577 10572  7115 12078 12790  9521 10196  5345
ch   78:  11703 13188 15356  4651  4503 12563  8797 10052 10103 10428  5674 12052  3976 12575 11189 12493  8088 13924  8026  7650 12396 13445 12933  9501  8045 13483  5375 10123  8696 10024 12693  9595
ch   79:   8323 12411  7157 13668  8874 10974 11733 10083 12747 11526 11325 14699  6772  7367 12890 12262 13704 12021  9384 11893  4513  7497 12278 12175 14529 12095 13642  9969  8132 14441  6522  7339
ch   80:  11479 10566 12550 12765 14807  9895 13609 10376 12877  7394 11714  6707  8523  9804 11904 14990  9924  8797  7366  9335 13295 11038  7575  6392  9107  9614  7594  9736  8515  9624  9112 10346
ch   81:  12241 10093 10408  3425 11122  7612  9667  7478 11902 10975 11637  9459 11413  9021 13390 10171 12009 10636  7325 13419 10078 13766 10054 12605 13021  7674 14838 12845  5749 11654 13041  3753
ch   82:   9961 10290 13537  7229 12298 11405  8431 13847  9631 14426 11262 10693  9416  8981 12280 11125 10060 15530 11498 13113 13459  9745 12693  7215  8213  9976  4142  8700 11586 15727 10755  8816
ch   83:   5453 14424 10571  9052  9335  9078 16263 16130  9478 16921 12084  6258 11494 13836 16760 10708  9477 13333 12608  8618 11332 13970  8019  5339  9625  6648  4696 11953  9625 10800  9778  9297
ch   84:   9874 15989 12756 14468  6223 11994 10809  6900 11013  9396  6421 13030 10406 15686 15587  6703 11319 10859 14487  8978  7358  6612 11115 12093  6139  7775  6539 13624 10436  9084 13483 11192
ch   85:  12969  9817 14474 16002  9882 13960  6712  8430 12396  9893  7396  6236  9009  9067 12720  7852 10294 11270 12641 11089 13533  8683 16064 10640 10362 10526  8915 11208 13406 14405  9360 14455
ch   86:   8616 12254  8482 13364 12951 16308 10354 10622 11887  9525 14167 11093 10536 12301  5065 11372  9155  9875 14411  9660  9802  5698 12632  6586  9663 12038 11269  6990 10139 10295  7356  6955
ch   87:  10326 11940  8970  9629  8571 11126  7831 13120 14686 15010  8302  6841 12092  5404  9753  7293  8214  4432 11550  8181 13692 13125  8245  5780  9162  8310 12293 11557 10064 11875  8308 13676
ch   88:  12580  8203  5066 14478 10515 12729  9734 10267  7558 12545 14890 12538  7795  9694 13084  5735  7930 12667  7517  8336 12078 14931 12422 12081 13689  8761  9936  5950 12059  3462  9490 10485
ch   89:   7287 12429  7772  6926 10414 11982 12134 11797  7051 10497 10584 16124 14826  6349 13066 13299 13299 10197  6758  8432 13569 12163  9173  9316  9160 13007  8670 10128  9485 14895 11188 15237
ch   90:   9615 11778  9071 14373 11533 11825 12351 12713 13950 12240  3423  9697 11818  9797 10351 10669  4882 10058 13239  8611 12501  8391 11411  7892 11301 13579 10055 11404 10657 11727 11153 11677
ch   91:  11359  6136 10969 11938 10534  7163  3815 12165 12367 12131  9731 11102 11799 14088 14052  8330  5944  8205  9686  8234 11641  5910 12058  9050 11954  9799 12658  7674 10234 10279  7331 13384
ch   92:   9462 10916  4524  8533 16444 11858 11659  7932 11335  7373  6076  5278 10878 10477  8904 11686 12359  6893 13216  9092  9397  9940  7593 10667  9874 13191  8611 13557  7459  8605 11443  8123
ch   93:  11442 12124 11586  5775  9319  6603 12584 12350  3594  8061  9190  9908 12797  6810 10262 10333  9118 10727 10987 13330  9856  9543 13328  8202 15710 11700  6172 10798 12092  6509  9898 10813
ch   94:   9325  9848  9039  8671 11292 15245  9241 11525 11969 10283  9679  5353  9982  6471 12822 13677 12294 14981  7399 11823 10308  8333 15206  5040 10331 12706  8170 11857  9386  5249 12932 12029
ch   95:   5975 11268  8564  9185  9240 10222  8385 10566  6534 16389 11296 10448 13676  7504 10702 14082  6267 14350  9686  9839 13190 14460  9394  9429 13841  9180  8794  7581  9384  6955  7816 14276
ch   96:  10588 11295  9795  7219  7015  6754  9315  9866  6329  6031 15658  8343 10961  7949  8092  7951 11003  9566 10582  9573  6754 11384 10409 11601 11493  6249 10946  8469 10727 10035 10562 13889
ch   97:  13092 11512 12025  9214 11793 12422  9813 11077 12879  7859  2699 13135  8726  9057 14000  9957 13627 13105 10140  7009  9659 11907 10884 12622  9489 12841 11982  6611 13446 13196  8646  7061
ch   98:  13051  9927  6325  8678 10303 14869  8748  6501 11458  6784  9972 12106 10429  8758 11345 11897 10408 10511  9879  9562  8221 11684  3894 10099 11983  9298 13616  8281  6928  9561 10480  4477
ch   99:   5636  7336 12773  8473 13007 10615 11681  7225 14118  3916 10750 11759  9457 11109  9795  9306  7199  3789 10436 10523  9091 14445 14454 13239 11046  6929  8217  6999 13020  7597 11217 13356
ch  100:   9796 11095 10517  6527  6717  9984 10772  9743 11080  7260 13398 13931  7826  8539  7076 14889  8499 12391  7916  5277 11529 14081  9941  8532 11804 13805  3558 14112 15435  8530 11006 14676
ch  101:  13178  8956  9039 10360 12654 12018  8283  7359  9400  9865  8413  5502  9986 15617  8355  7778  7711 11159  8280 11862 14436 12559 11060 14732 12558 12241  4968  5708 11118  4875 10806  7885
ch  102:  10115 11493 10370  8963  5318  6544 12522 12119  8712 13492  4572 14344 10057  5913  8194  9518  6856  7050 13303 10863  7104  9885 10776  6594  9803 14550 11395  7970  6316  7426 12189  7312
ch  103:  11668 10186  9118  7205 11416  8194 13419  9336 12424  8686 16085  7359 11923 13666  8514 13636 12524 12217 10808 11520 10628 11372 14820 10207  8639  8596  9956  8493 12527  5979  7921 11776
ch  104:   9085  9626 12467 12174 13936 14373  7241 10482  6847  9037  9697 12920 11643 14288 10946 10302 12485 11850  6947 11346  9201  8779  8003 12563 10895 16091  8916 11751  9312  9560 12762  6124
ch  105:  10034 11252 15100 12859 13792 12815  6402 10962 13709 11163  6648  6755  8670 11316 13090  8618  4236 14486  9805  6915 16626 12263 11001  9293  8049 18046  8718 12329  3779  9185  7820  8752
ch  106:  11768  8156  7776  7929 11324 11322  8882 12514  7193 12679  6527 11708  8132  8445 10800  9000 10647 14111  9161  5028  8599 11979 12266  7282 12859 15749  9429  6489 13793  8604 10481  5791
ch  107:   9151 11752 10109  6354  8377  6379 10340  8438 12584 12901 12866  9417 12492  9699 12637  8439 11046 12002 15158  5631 10646 10019  7152  9138 11339  8807 12190  6531  7731  6466 12289 10540
ch  108:  11342  9203 13344  8586  8165 10156  4547  9530 12341 12474 11380  9428  7801 13987  8466 10191 10674 14114 14874  7221 13217  6385  7152 10741  4925  6599 10519 10810 12324  9865 13185 12742
ch  109:   6886 10194  7812 13165 10059  3640  8117  7425  6680  6899 10773  7224 10549  9883 11400 13596 10232  8355  7113  8428 14500 10250  8616  6056 12580  8741  8593 11117  9026  9635  9617 12242
ch  110:  11438 13530  7833  8745  4271 11281  6082 13739 12040 11280 12344 11674 12211 12788  8533  8178 11849 11792 10167 11192 14651  9157  9516 10720 10804  5164 11012 10838  7048 10176 11505 12945
ch  111:  12652  8386  9796  7448  8868  9872  6364  4874 10080 11858  7104  5187  8149 11309 11690 12115 11839 12821 13617 11602 11079 13411  7679  8525  6663 15294  7572 13789 14744 11121 10460  9302
ch  112:  13864  9417  9625  8709  9528 11354  7347  9847 11323  5279  8461 14927 10918  9365 10219 12102 15147  9340  8879 10560 15522 13484 11353 11500  2911 15227 10380 13225  7673 10635  8426  9846
ch  113:  10259  9932 12107 11803 15008  9752  7340  9825 15699  7792 11183 10393 13859  6437  9581 13871 11113 13113 10496 12929  8779 11357  9547 11188  7104  9411  6832 11802 11549 10742  6522 15039
ch  114:   4801  7395 10099 12570  8591  8377 10409 10594  3939  9358 14220  7437  8982  9457 11949 13329  6852 10216 10071 10239  6574  7373  8832 13756  9791 16069 15570 10168 10465 11085 12104  9968
ch  115:   9060  7327 10872  9877 16515 10273  7674  9105 10692  9235 14253 12964 13548  9194  7575  8300  8962 11804  9737  9210  5466 10460 13905 10933 11540 14195  4929  7986 12659  9570 12743 11041
ch  116:   5880  9744  8629  9707  9209 10618 10133  9351  5281 14403 10259  9018 15178  7703  9340 11248 10734  8296  8698 10075  6957 12724  8947 12540 14607 10759 11526  7592 13363  9024  9182 13008
ch  117:   8070 12507 11646  6599 10696 10403 13648  7544  6228  7618  7900  9833  8648 13282 11005 13993  7782 11279 10776  8934 10444 11956 11166  8759  9957  6934  7472 14714 15897 10364  9967 13695
ch  118:   8963  9366 11591  8692  8151  7641 10205  9983  9532  8660 13440  8124  8227 13133  6195 11154  5139 11811  9078  7900  8125 13627 11722 11178  9050  9237 13227 12374 10700 11269 11250 13186
ch  119:  11393  9315 11721  7406 13373 11520 12389  8936  8323  8539  9258 10199 12542  7077  7620  8996 11850 11736 13748 10142  9482 12298 10189 11971 15971 12001 11444 10983  7972  9834  6921 12724
ch  120:   9034 10397 12767  6182 12022  8702  9741  7025  5604  9427 12818 11718  8017  6344 13406 11693 10220  7494  6157  9634  9437  6823 11425  8584  6757 10854  9480 10456  9464 10028  8174 15781
ch  121:   9465 11641 12339 11104 11610  9386 13294 10854 13342 10359  8686  7249 14385 18019  9911 12678 11312 11937  8488 11308 13768 11037  5080 13429  6889 10660  9025  8586  5754 12152 10814 10513
ch  122:   5301  8283  9717 12487  9819 12581 14150  4497 10119  6047 11635 13697  7660  8257 11368  7792  7145 12297  9570 10475 12202  8572 10605  6737 11466  6646  8124 10705 12098  9563  8979  9851
ch  123:  14581 11930 10608  7682  7685 16721 11589  8507 11781 12612 13601 10810 12138 10896  8700 10738  9168  9817  7923 14710 10707 11789  8829  8584  5722 10904  9416  8363 11586 14769 13173  7992
ch  124:  15033 10417 10262 10538  3408 12840  9780  8005 11499 11483 11215  7917  7727 12735 11976 13509  3073 11768  5469 13300 11739  9643  8957  8574 12757  7568 10484 10151 12347 11407  6746 13587
ch  125:   8055  5732  8759 13656 10625  7338  8248  9855  9912 13563 11978  9116  9566  9184  9296 11815  7501  8532  6345  9644 10620  6017  5076 10839 10398 11939  5316 10537  7624  8587 12645  9710
ch  126:   7613  8856 11995 10559 15496 13327  8107  9381  6384 10311  6311  4573  8640 11984  9496 14364  8979 11370  4946  9154 16919 10895  7613 12377 12676 12009 10683  6153  6222  8294 11370 11168
ch  127:  15757  6253  9562 11851 11339 11044 11148 10223  7724 11349  7461 11189 14573 15647  8255  7984 14721  6266 13850 12756 12222  8955  9758  9559 15346  7116 12642 10550  8975 11863 10813  7181
