ch    0:      0     0     0     0     0     0     0     0     0     0     0     0     0     0     0     0     0     0     0     1     1     5    21   128   901  3753  7629 16293 10313 11522 13176   643
ch    1:      0     0     0     0     0     0     0     0     0     0     0     0     0     0     0     0     0     0     0     0     2     8    50   262  2369  8227 11298 10132  7747 13882  3647  3686
ch    2:      0     0     0     0     0     0     0     0     0     0     0     0     0     0     0     0     0     0     1     1     3    16    74   381  1729  8253  7603 11507 12349 10065  7123  3292
ch    3:      0     0     0     0     0     0     0     0     0     0     0     0     0     0     0     0     0     0     0     0     1     8    78   474  4321 13349 14021  7927  6792 14783 13147  9490
ch    4:      0     0     0     0     0     0     0     0     0     0     0     0     0     0     0     0     0     0     1     1     2    13    96   588  2665 16581  8414 11227 12046 10900  4627 13906
ch    5:      0     0     0     0     0     0     0     0     0     0     0     0     0     0     0     0     0     0     0     0     2    16   102   777  4718 16729 12153 12128 12260  9931 10011 15222
ch    6:      0     0     0     0     0     0     0     0     0     0     0     0     0     0     0     0     0     0     0     1     2    22   122   883  5593  5539  9996  7510  8275 10254 12470  6216
ch    7:      0     0     0     0     0     0     0     0     0     0     0     0     0     0     0     0     0     0     0     0     0    13   144   991  5461  6552  7186  8444  8907 12605  7819  5186
ch    8:      0     0     0     0     0     0     0     0     0     0     0     0     0     0     0     0     0     0     0     3    14    25   230   736  6221  8103 11005 10095  5315 10418 10638 13623
ch    9:      0     0     0     0     0     0     0     0     0     0     0     0     0     0     0     0     0     0     0     2     4    31   160  1385  5404 12417 11750  8634  8284 12616  9049  4426
ch   10:      0     0     0     0     0     0     0     0     0     0     0     0     0     0     0     0     0     0     1     5    13    45   201   995  6350  3964 13321  5622  9487 10670  9293  8111
ch   11:      0     0     0     0     0     0     0     0     0     0     0     0     0     0     0     0     0     0     0     0     2    25   183  1026  7574 11367  6877 12696  9143 11872 13211  7136
ch   12:      0     0     0     0     0     0     0     0     0     0     0     0     0     0     0     0     0     0     1     3    16    33   261  1325  6777 12077  8849 11035  9012 12395  8997  7936
ch   13:      0     0     0     0     0     0     0     0     0     0     0     0     0     0     0     0     0     0     0     1     6    29   171  1499  9453  8634  6985 12477 11811 12016 11949 11806
ch   14:      0     0     0     0     0     0     0     0     0     0     0     0     0     0     0     0     0     0     3     8    16    63   400  1980  7093  6551 12554 10316  8035 13081 12494  7836
ch   15:      0     0     0     0     0     0     0     0     0     0     0     0     0     0     0     0     0     0     0     4    10    59   374  1864 11464 10506  6291  9889  8168  8910 10427 16393
ch   16:      0     0     0     0     0     0     0     0     0     0     0     0     0     0     0     0     0     1     1     2    15    89   383  1988 11029 11963  8327 10296 12738 12784  8468 10654
ch   17:      0     0     0     0     0     0     0     0     0     0     0     0     0     0     0     0     0     0     0     0     2    26   252  2169 14356 12293  6716 13720  7720 11645 10365 18156
ch   18:      0     0     0     0     0     0     0     0     0     0     0     0     0     0     0     0     0     0     1     7    32   107   536  2157 16437 12440  4817  9939 14600  9130  8522  8888
ch   19:      0     0     0     0     0     0     0     0     0     0     0     0     0     0     0     0     0     0     0     3    12    44   403  2442 14057 12616 13192  9638 10918 12419 15065 11851
ch   20:      0     0     0     0     0     0     0     0     0     0     0     0     0     0     0     0     0     1     4     8    22    97   615  2979 17413 11904 12271 10093 13667 10808 10568  7731
ch   21:      0     0     0     0     0     0     0     0     0     0     0     0     0     0     0     0     0     0     0     2     7    55   368  2823 14809  7953  8844  8390 10527  8965  5979  9065
ch   22:      0     0     0     0     0     0     0     0     0     0     0     0     0     0     0     0     0     0     1    11    35   112   515  3483 11676  8877  9580 15923  7271 11717 10019  2965
ch   23:      0     0     0     0     0     0     0     0     0     0     0     0     0     0     0     0     0     0     0     3     6    45   633  2967 16715  8036  9935 13459  9784  7658 12417  5073
ch   24:      0     0     0     0     0     0     0     0     0     0     0     0     0     0     0     0     0     0     1     5    34   116   710  3180  8266 13305  6717 10516  9341  9035  9430 13888
ch   25:      0     0     0     0     0     0     0     0     0     0     0     0     0     0     0     0     0     0     0     0    10    69   539  4218 15706  8821 12385  8194 13634 11382  9496 10912
ch   26:      0     0     0     0     0     0     0     0     0     0     0     0     0     0     0     0     0     1     2    11    25   106   504  4055 14925  7541 12508  8593 11567  9160 14888 15674
ch   27:      0     0     0     0     0     0     0     0     0     0     0     0     0     0     0     0     0     0     0     1    10    62   552  3230 12061  7415 10609 13781  4953 10303  6517 12060
ch   28:      0     0     0     0     0     0     0     0     0     0     0     0     0     0     0     0     0     1     1     6    33   104   773  4309 15310 13706  6688 11856  8244  8083  7637 16367
ch   29:      0     0     0     0     0     0     0     0     0     0     0     0     0     0     0     0     1     1     1     1    13    88   828  4571  4129 12997  8756 14793  5821  8648 13629 14190
ch   30:      0     0     0     0     0     0     0     0     0     0     0     0     0     0     0     0     0     0     3    13    41   223   671  5641  2879 10466 12924  7238  9897  8753  8712 14445
ch   31:      0     0     0     0     0     0     0     0     0     0     0     0     0     0     0     0     0     0     0     1    10   112   945  4433  4253  5886 10677  8576 14318  8161 13042 13245
ch   32:      0     0     0     0     0     0     0     0     0     0     0     0     0     0     0     0     0     0     1     9    51   162  1220  5153  4943 15529  8357 10998 11922 10496 12108  8649
ch   33:      0     0     0     0     0     0     0     0     0     0     0     0     0     0     0     0     0     0     1     5    22   113   865  4680  6450  8985 12775  8563 12003  8774  9506  8540
ch   34:      0     0     0     0     0     0     0     0     0     0     0     0     0     0     0     0     0     3     5    17    61   267   810  6963  7572 10775  4743  7550 10035 11553  8730  6614
ch   35:      0     0     0     0     0     0     0     0     0     0     0     0     0     0     0     0     0     0     0     5    21   176  1251  5433 13903 13362  5723  4706 11724  5087  9559  5768
ch   36:      0     0     0     0     0     0     0     0     0     0     0     0     0     0     0     0     0     0     1     5    40   180  1068  4921  9893  9871  8620 13984  8047  6260 16001 17463
ch   37:      0     0     0     0     0     0     0     0     0     0     0     0     0     0     0     0     0     0     0     7    32   125   977  5548 12588  9117 10909  6041 12828 11279  9377  5816
ch   38:      0     0     0     0     0     0     0     0     0     0     0     0     0     0     0     0     0     1     4    15    31   199   857  6597  4940  7597  9620  9395 17205 10967  4461 15265
ch   39:      0     0     0     0     0     0     0     0     0     0     0     0     0     0     0     0     0     0     0     2    19   159  1273  6457  7459 12126 12208  7554 12107  7692 10061  6341
ch   40:      0     0     0     0     0     0     0     0     0     0     0     0     0     0     0     0     0     1     2    18    59   206  1427  6040  9214 12063  8290 10418  9791 11691 11324  6927
ch   41:      0     0     0     0     0     0     0     0     0     0     0     0     0     0     0     0     0     0     1     3    31   200  1420  8065  8484  4904  8485  7819  7941  8500  7786  6018
ch   42:      0     0     0     0     0     0     0     0     0     0     0     0     0     0     0     0     0     1     5    20    53   240  1309  5688 10063  6545 10249 11074  8165 12448  7191 14741
ch   43:      0     0     0     0     0     0     0     0     0     0     0     0     0     0     0     0     0     0     1     2    39   154  1512  7601  8169 16407 11821 10160  7497  8280 10501  3744
ch   44:      0     0     0     0     0     0     0     0     0     0     0     0     0     0     0     0     0     0     2    17    60   295  1391  8780 14125 12682 12586  5708  6290 12038  8197  6714
ch   45:      0     0     0     0     0     0     0     0     0     0     0     0     0     0     0     0     0     0     2     5    34   219  1040  8796  6053  6556  9012 10917 13517  9113 14438 15390
ch   46:      0     0     0     0     0     0     0     0     0     0     0     0     0     0     0     0     1     2     6    11    75   243  1368  8591  5080 10719 10281  9991  9459  9081 10427  9356
ch   47:      0     0     0     0     0     0     0     0     0     0     0     0     0     0     0     0     0     0     0     4    30   219  1498  9362  6371  9052  9973  6556 12453  8892  8845  8039
ch   48:      0     0     0     0     0     0     0     0     0     0     0     0     0     0     0     0     0     1     6    27    91   330  1492  7700 14125  4129 15251  5464 12273 11657  8613  6765
ch   49:      0     0     0     0     0     0     0     0     0     0     0     0     0     0     0     0     0     0     0     1    33   248  1342 10310  6528  9045  7562  8260  8399 14526  7374 15716
ch   50:      0     0     0     0     0     0     0     0     0     0     0     0     0     0     0     0     0     0     1    16    77   237  1442  7526 13606 10048  8521 10845 10562  7035  9096 13122
ch   51:      0     0     0     0     0     0     0     0     0     0     0     0     0     0     0     0     0     1     2    10    41   249  1658  8876 14905 10334  9668 12512  8340  8308 14321  7255
ch   52:      0     0     0     0     0     0     0     0     0     0     0     0     0     0     0     0     0     1     5    18    68   303  1353  6874 13506  7458 13527  8934 11505  8829  9698 14540
ch   53:      0     0     0     0     0     0     0     0     0     0     0     0     0     0     0     0     0     0     1     8    36   223  1114 10648  7967 14407 11004 15276 11538  7415 12469  6291
ch   54:      0     0     0     0     0     0     0     0     0     0     0     0     0     0     0     0     0     0     1    24    71   326  1864 12531  5536 10465  8825 11521  5578  5868 12481  9298
ch   55:      0     0     0     0     0     0     0     0     0     0     0     0     0     0     0     0     0     0     2     8    35   308  1456 11716 13878  4598  9843  8000  9561  6145 10569  9843
ch   56:      0     0     0     0     0     0     0     0     0     0     0     0     0     0     0     0     0     1     5    14    88   382  2692 10159  8075 12768  9490 11419  9260 13578  8800  7233
ch   57:      0     0     0     0     0     0     0     0     0     0     0     0     0     0     0     0     0     0     1     7    33   248  1253  8788  4965  6595  7207  9211 10296  6647  7407  8992
ch   58:      0     0     0     0     0     0     0     0     0     0     0     0     0     0     0     0     0     3     7    20    90   408  1997 12442  8746 12917  7340  9452 11180  8201  8270  5256
ch   59:      0     0     0     0     0     0     0     0     0     0     0     0     0     0     0     0     0     0     0     7    43   340  2278 13657 14768  5092  9470  8121  9848 14255 11618 12703
ch   60:      0     0     0     0     0     0     0     0     0     0     0     0     0     0     0     0     1     3    10    20   122   447  2768 11017 12243  5834  9548 11572  9784 11829  9823  5731
ch   61:      0     0     0     0     0     0     0     0     0     0     0     0     0     0     0     0     0     0     1     6    38   255  2404 11424  8557  6376  9605 10179  8354 11599 11696  5105
ch   62:      0     0     0     0     0     0     0     0     0     0     0     0     0     0     0     0     1     1     5    24   119   453  2206 13122  9710 11790 13154  9058 11601 11500 12386 11620
ch   63:      0     0     0     0     0     0     0     0     0     0     0     0     0     0     0     0     0     0     3     8    40   368  3628 14582 11748  5744 11411  9776 15000  9522  8326 11696
ch   64:      0     0     0     0     0     0     0     0     0     0     0     0     0     0     0     0     0     0     5    26   133   473  2249  8997 13003  8703 10728 10807  8508  6143 13098  6352
ch   65:      0     0     0     0     0     0     0     0     0     0     0     0     0     0     0     0     0     0     1    11    68   371  2866 13599  8527  7516 12924 10399 12108  7150  9458 14233
ch   66:      0     0     0     0     0     0     0     0     0     0     0     0     0     0     0     0     0     0     6    26    99   532  2322 15192 14872  9308 14945 13099  9548 10411  8399  5322
ch   67:      0     0     0     0     0     0     0     0     0     0     0     0     0     0     0     0     0     0     2     5    43   366  2428 14297 14528 10929 11173 10706 10853  9702  9527  8693
ch   68:      0     0     0     0     0     0     0     0     0     0     0     0     0     0     0     0     1     1     6    37   128   535  3170 15370  6897  6703  8941 15458 11763  8330  8125 12301
ch   69:      0     0     0     0     0     0     0     0     0     0     0     0     0     0     0     0     0     0     0     4    39   339  2338 13267 15999 11958 12083 12545 10340  8800  9443 12812
ch   70:      0     0     0     0     0     0     0     0     0     0     0     0     0     0     0     0     0     2     7    35    89   498  2772 12574 10595  5249  7283  9359 12538  8787 13860 12839
ch   71:      0     0     0     0     0     0     0     0     0     0     0     0     0     0     0     0     0     1     1     7    57   393  2813 16237  7648 13813 12631 11299  9439  8057 10772  9090
ch   72:      0     0     0     0     0     0     0     0     0     0     0     0     0     0     0     0     1     3    15    32   111   498  2315 12517 11765 12064  9418  7603 10381 17702 11994 11946
ch   73:      0     0     0     0     0     0     0     0     0     0     0     0     0     0     0     0     0     1     6    10    67   600  2992 16289  6939  7319  8857  9647 11372 11764 12185 11483
ch   74:      0     0     0     0     0     0     0     0     0     0     0     0     0     0     0     0     0     1     9    24   107   635  2329 11294 14994 10521 10329 11363  5406  8899  7665  8709
ch   75:      0     0     0     0     0     0     0     0     0     0     0     0     0     0     0     0     0     0     2     8    66   480  2731 16560  8776  8881 10471  9675  8941 11792 11832  4748
ch   76:      0     0     0     0     0     0     0     0     0     0     0     0     0     0     0     0     0     0     7    24   141   607  3715 17737 14812 13098 10080  2954  7321  8860  3991  3254
ch   77:      0     0     0     0     0     0     0     0     0     0     0     0     0     0     0     0     0     1     2     8    59   518  3069 16426  9524 12396  9703 10748 10435  8686 13905 13128
ch   78:      0     0     0     0     0     0     0     0     0     0     0     0     0     0     0     0     0     0     3    46   127   726  3681 16347  4032  5608  9356 12155  7212 13803 11348  9359
ch   79:      0     0     0     0     0     0     0     0     0     0     0     0     0     0     0     0     0     0     1    12    44   447  3205 14924  8739 11665 11355 11283 14739 11354 10804  7770
ch   80:      0     0     0     0     0     0     0     0     0     0     0     0     0     0     0     0     0     0     5    22   163   647  2757 16648  9154 11843 13360 10102 12589 11459 15683  7305
ch   81:      0     0     0     0     0     0     0     0     0     0     0     0     0     0     0     0     0     0     2    16    86   621  2979 16325 12451 10569 10338 12314 10799 10359  6782 16422
ch   82:      0     0     0     0     0     0     0     0     0     0     0     0     0     0     0     0     1     3     8    40   142   559  2615 15926 13846  9008  7517 12665  7901  5980 11037 12995
ch   83:      0     0     0     0     0     0     0     0     0     0     0     0     0     0     0     0     0     1     3    12    75   525  2764 16530  8609 10073 14652 11763  4782  8569 10744 11869
ch   84:      0     0     0     0     0     0     0     0     0     0     0     0     0     0     0     0     0     0     8    31   141   676  2981 15742  6207  8458 13278  9443  8229 11450 13781 11919
ch   85:      0     0     0     0     0     0     0     0     0     0     0     0     0     0     0     0     0     0     3    12    77   502  3479  3065  8387 11973 12885 11129 11367 11058 12165 11040
ch   86:      0     0     0     0     0     0     0     0     0     0     0     0     0     0     0     0     0     0    10    41   155   606  3084 16735 13817 11648 14334 11493  7618 11931  9820  9883
ch   87:      0     0     0     0     0     0     0     0     0     0     0     0     0     0     0     0     0     0     2    12    58   362  2769  5157 10116 11138 10633 11252 13926 11875  8473 11317
ch   88:      0     0     0     0     0     0     0     0     0     0     0     0     0     0     0     0     0     1    10    39   198   882  4830  9429  9986 10772 10492  6126 12787  7394  9115 11825
ch   89:      0     0     0     0     0     0     0     0     0     0     0     0     0     0     0     0     0     0     3     8    87   503  3150  8246  4424 14119  7338  7022  8561 15089 10242 12115
ch   90:      0     0     0     0     0     0     0     0     0     0     0     0     0     0     0     0     0     3    10    27   130   557  2914 18648  6971  9220 12888  5398  6550  6959 14861 14359
ch   91:      0     0     0     0     0     0     0     0     0     0     0     0     0     0     0     0     0     0     1     9    81   555  2829 11807 12230 10476 11237 10229 11614  7457  3634 12662
ch   92:      0     0     0     0     0     0     0     0     0     0     0     0     0     0     0     0     0     3    11    33   121   580  3153 15960  8229  5776 11264 12068 11016 12232  5663 10170
ch   93:      0     0     0     0     0     0     0     0     0     0     0     0     0     0     0     0     0     0     2    16    91   668  3826  2749  7200 11449  7261 11897  6165  8751  8923  5758
ch   94:      0     0     0     0     0     0     0     0     0     0     0     0     0     0     0     0     0     0     7    36   137   850  2603 15210  6667 11649 14574  9137 12260 12150  8957 10782
ch   95:      0     0     0     0     0     0     0     0     0     0     0     0     0     0     0     0     0     0     4    11    74   564  3163 14414 10526 11556  7372 10483 12514  5290  8035 15815
ch   96:      0     0     0     0     0     0     0     0     0     0     0     0     0     0     0     0     0     0     3    24   125   601  2667 15824 11056  5875  5636  8602  9792  8559 13435  7434
ch   97:      0     0     0     0     0     0     0     0     0     0     0     0     0     0     0     0     0     0     2    12    73   576  4025  4361  8393  6279 11987 14242  5585  7477 11135 13004
ch   98:      0     0     0     0     0     0     0     0     0     0     0     0     0     0     0     0     0     1     4    29   156   712  3097 16181  9853  8085 10708  7434 10671  7192  9870 12177
ch   99:      0     0     0     0     0     0     0     0     0     0     0     0     0     0     0     0     0     0     5    18    92   529  4368  6901 10454 11205  7029 11216  9284  9419 11068  6515
ch  100:      0     0     0     0     0     0     0     0     0     0     0     0     0     0     0     0     0     1     5    41   127   465  3574 16473  7065  9026 11583  4743  4323  9651  7649  6732
ch  101:      0     0     0     0     0     0     0     0     0     0     0     0     0     0     0     0     0     0     2     5    76   409  3672 18662  7799  9487  9661  9922 15807 12720  5986 11539
ch  102:      0     0     0     0     0     0     0     0     0     0     0     0     0     0     0     0     0     3     7    34   166   586  3586  9212  8970  5513  4638  9982 12491 10975 12095 12944
ch  103:      0     0     0     0     0     0     0     0     0     0     0     0     0     0     0     0     0     0     2    12    72   308  3684 17466  6590 10822 10262 10741 10187 11592 10770 10793
ch  104:      0     0     0     0     0     0     0     0     0     0     0     0     0     0     0     0     2     3    13    51   214   652  3376 17364  9903  4544  5299  9988  7978 12859  3423  6308
ch  105:      0     0     0     0     0     0     0     0     0     0     0     0     0     0     0     0     0     1     2     9    67   523  2873  8920 11067  9789  8947 11899 12287 10061  9856  8345
ch  106:      0     0     0     0     0     0     0     0     0     0     0     0     0     0     0     0     0     6     9    39   136   936  4395 15554  8015 10263  6603  4952 13072  9229  8313 13098
ch  107:      0     0     0     0     0     0     0     0     0     0     0     0     0     0     0     0     0     0     1    17    66   560  3835  8589  7440  6625 10975 12562  6056  6402 10704 13214
ch  108:      0     0     0     0     0     0     0     0     0     0     0     0     0     0     0     0     0     1     7    37   137   526  2974 13638  3192 12294 15960  5630 11240  5444 10787  9053
ch  109:      0     0     0     0     0     0     0     0     0     0     0     0     0     0     0     0     0     0     0     1    47   429  3071 17614  5427  7901  6761 10028  6069  9143 14634 10207
ch  110:      0     0     0     0     0     0     0     0     0     0     0     0     0     0     0     0     0     1     9    37   183   834  2219  3041 14277 14427 10374  7602 11683  7560 11709 14610
ch  111:      0     0     0     0     0     0     0     0     0     0     0     0     0     0     0     0     0     0     3    11    69   398  2632 14653 11004 10298  3959  9620  7640  7462 14233 12553
ch  112:      0     0     0     0     0     0     0     0     0     0     0     0     0     0     0     0     1     2     7    31   168   642  3396 16416  7767  5886  9046  6548  6640 11796  9541  8557
ch  113:      0     0     0     0     0     0     0     0     0     0     0     0     0     0     0     0     0     0     5    12    48   571  3046  5734  7367  6523  6509 12498  5429 12695 11972  7453
ch  114:      0     0     0     0     0     0     0     0     0     0     0     0     0     0     0     0     1     4     9    43   164   726  3225 15212 10351  6768 13481  7158 10159 11745 15894 15031
ch  115:      0     0     0     0     0     0     0     0     0     0     0     0     0     0     0     0     0     0     0    10    51   455  2709  1455 15429 10408 10231 13243  6304  8939  9483  8707
ch  116:      0     0     0     0     0     0     0     0     0     0     0     0     0     0     0     0     0     2     8    19   138   588  3197 13670 14885  6575 13212 12724 12151 11780 14923 13980
ch  117:      0     0     0     0     0     0     0     0     0     0     0     0     0     0     0     0     0     0     1    11    75   438  3334 15783 15333 12655 11343  6195 11883 13615  6657  9743
ch  118:      0     0     0     0     0     0     0     0     0     0     0     0     0     0     0     0     1     3    10    37   130   559  3059 18284 10816  8510 10251  7371 11647  8529 12754  9074
ch  119:      0     0     0     0     0     0     0     0     0     0     0     0     0     0     0     0     0     0     5    14    63   325  2884 17246 12231 18639 12713  7349 10472 14122  9850  8824
ch  120:      0     0     0     0     0     0     0     0     0     0     0     0     0     0     0     0     2     3    13    35   148   582  3104 14564 11499  9486 14212 14807  9365  9896  6048  6359
ch  121:      0     0     0     0     0     0     0     0     0     0     0     0     0     0     0     0     0     0     2    11    53   540  2840 15487 16218  8409 10357  9914  7242 12747 10473 12795
ch  122:      0     0     0     0     0     0     0     0     0     0     0     0     0     0     0     0     0     1     4    30   149   692  3811 15620  8594  6201 10769  9945  8961 11121  8055  9659
ch  123:      0     0     0     0     0     0     0     0     0     0     0     0     0     0     0     0     0     0     2    11    55   504  3161 16756  6212  8045  9064 10755  8242  6629 11803 10033
ch  124:      0     0     0     0     0     0     0     0     0     0     0     0     0     0     0     0     1     4    14    40   208   786  4400  1267 16477 13482 11407  9971 12390  8208 13061  8628
ch  125:      0     0     0     0     0     0     0     0     0     0     0     0     0     0     0     0     0     0     4     8    72   495  3876  7041  9457 12832  8932  7132 10440  7285 10529 12793
ch  126:      0     0     0     0     0     0     0     0     0     0     0     0     0     0     0     0     0     1    11    65   335  1050  6735 16360 11456 10225 11081  6797  8120 10043 14109 12682
ch  127:      0     0     0     0     0     0     0     0     0     0     0     0     0     0     0     0     0     1     2    12    65   705  3643  8260 16674  6833  5907 10756 14449  9190  8414  9398
