ch    0:    134   214   281   438   653   939  1643  2277  3175  4341  5419  7643  9577 13213 15552  8498  6032  9727 10709  7340 14615  6957 11478  8613 10712  5812  5336 13697 10144  9123  7294 13518
ch    1:    926  1115  1656  2186  2928  3849  5615  7820 10408 13740 16856  8587  7071 12783 12048 12317  9775  6193  9663 10777  9190  6250  8346 13762 12701 13459 10479  7926 10380  6763  7705  8638
ch    2:   1612  2068  3080  3884  4907  6816  8732 12197 15987 12054  7938 11511 10421  9325 12681 12322 11633 15037 12082  9317 10403  9586 10218 10007 13090  8675 17220 16137 14484  7933  8969  5481
ch    3:   2299  2920  3845  5169  6660 10104 13013 17001  5903  8293 14721  4499 15051 10049  7529 10067 10375  8586 12492 10705  5175  7662  7106 15337 11308 10529 12152  6548 10889 11475  7839 11077
ch    4:   2630  3538  4344  5598  8547 11086 15319 16683  6772 14934  5746 10204 13790 10170  8488 11927  7737 16618  6701 12689  5491 11563  7367  9621 11188 10309  8644  9221 11763  9491  7342  7614
ch    5:   4060  5353  6535  9716 12234 12843  4087  9578 14635 10435  9061  9627 10793  8993 14435  9765 15576 10227  7082 10808 10648  9857  9118 14532  7998  8733 12347  6710 15739 15366  9235 12989
ch    6:   3997  5037  7328  9117 11675 13134  6506 10059 10396 12854 13906 10002 12316 10486  9645 12952 11385 12882 10064 10242 13710 11863 10914  9536  4783 11007 10067  8841 13348  9846  9792 13381
ch    7:   6043  7559  9444 13099 13759  7388 12909 13526 12717  9802 10484 13713 12551  9550  7316  7957  9188  9183 11962  9146  6389  8559 10954  8709 13317 11528  8905 14957  7373  9967 14108 12378
ch    8:   5883  7657 10280 12782 17300  9993 13234  9040 13513 14736 13278 11794  9023 10816 11911  7919  9972  7943 12237 12770  4643  7305  5274  7158  7632  6272  8119 11612 14263 15564 10680  7454
ch    9:   8284 10234 13334 16378 10288 10177 11922 10650  9919 10941  8878 10693  7924 12951 10229 12811 11444  9164 11933  6205  9126 11301  9507 14872  9526 10515 10152 10708 10488  7579  5227 14877
ch   10:   6857  9373 12949 15379  8461  7762  6865 10934 13702 10797  9421 11075  9916 10513 11938  8723 10132 14229 10144  8178 12556  9456  7743 11094 10863 12128  5109 16590 11434 12784  8497 13791
ch   11:   9635 11587 15840  7340  7124 12660  9970 13595 13233 14845  9539  5821 11639  8925  7154  9109  8798  7809 11822 11036 11570  7225 12209  7387 14707 10524  9236 11121  8845 11799 10255 10244
ch   12:   8747 11367 16476  8765  7978 13017 10345  9807 14044 12571 10870  7622  9840 11689 11633  4263  9828 13443 12680  5935  5343 12118 13473  8046  8712 10508  8107 10120 10442  5667  6811 10107
ch   13:  11699 14473  8198  7442 13939  8843  8455  8276 13574 10161 11362 13244  4318 10092  7669 12179 12213 12494 13957  9666 13602  6033 10077 11954 11736 10430 10815  6774  7664 14685 13271  8931
ch   14:  10370 13293 13827  7532 10617  9310 10208 11413 11311 11042 11070 11354 11139  9901 10608 10543 10811 11821  5502 14178  9790  6904 11397 11634 11170 12045  7688 11823 13553 12539  9911  8075
ch   15:  13718 13152  5687 10794 11536 10572  9051  9573 13003 11462  9163  9606 11634 14581  6086 12065 10897 10734  9843  6669  9997 10688 10949 15759  5260 10732  8023 13333 11551  6479 13446 10380
ch   16:  13208 13619  6777  6344 11348  9999 11752  7475 11468 10384 13128 10171  6905 10960 11672  9483 11800 10224  9194  8132  8812 11317 10548 10519  8691 15993 10785  8064  9583 11149 10006  9866
ch   17:  16277 15767  5460 13068  8186 13809 14245 11253  3960 12539 13122  5877 10475 13117 13712 12532 11545  7263  9331 11551 12033  5010 10100 13381  6123 14390 12102 10216 13452  7220 12541 11088
ch   18:  14207 13696  4523 11646 13714 13427 11789 11068 10835 13676 10063  9272 11686 12983 10698 10734  8439 11279 11604  6928  9742 11864  5554  9703  9148 11724 11767 12461 12216 12619  9255  8693
ch   19:  15363  3290 10854 13670 14390  7566 10224  9706 15001 13038 12376  8994  6754 12944 10045 14683 10412 13515  8231 12904  7419  8236 12250  7303 11307  7120 12374  9226  8074  8488 11310  7810
ch   20:  15544 15236  5550 11122  5578 11519  9838  7044  6068 11476 15029 10660 11077 10839 11446 16376 16287 13792  6756 10948 11519 10960  8824  9450 13277  9477  6531 13236 13410 11563  9523 11229
ch   21:  15182  4238 13105  6072 11208 12494 14011 11699  9077  8140  9328  6856 10696 13468  6910 13794 10583  8427  6816 11184 10788 14066 10330  9049  9419 10629  8157  9836 13642 10204  7259 10998
ch   22:  16258  6533  9767  9476 14106  7685 13031 13907  6442 12785 11781 13495 12175  6339  9749  8258 10395  9949 12619 12597 10809 15016 13289  8217  6784 11793  6534  7870  7747 10832 13097  8040
ch   23:   4186  9864  9975  8693  9590 10155 10945 12932 13864 11490 13280  9422 10902  9451  9497 10775 13998 11081  6804 10685 11957  9929 10313 11454  6415  8363 11788 10283 11167  8795 10220 11238
ch   24:   9630  9130 11547  8748 11314 10861  9634 11592  7568 11321  7346 11400 10625  6763 11570 15366  9573 11245  9124 10972  9169  8881  7909  6682  7443 10913  8172  5182  9991 14329  2622 11381
ch   25:   8103 11976  8443 10811 10456 10289  6710  9091  6654  6175  9302 15969 13358 10888 11899 10277  8673  9607 13868 13920  6892  9914 12394 12859  9136 11264  9594  7840  8458  9988 11616  8869
ch   26:   5767 13519  9011  9118  5576  9217  5319 13321  6292 12931 11472  5989  8805 10639  6428 11975  7232  9125  7921 12167  9930 10335 12037 10844 11768  7948  6893  7653 10799 11623 12699  9815
ch   27:  12633 12032  7619  8155  8966 15344  9751  7113  8579  6851 12616 10184  9638 13448 14754 11359 12314  8114 10837 16887  6605  8470 11830  9538 12319  8212 10046  9873 12136  7451 10956  9631
ch   28:  10117 11488 11906  8445 11338 11638  8401  2936  9771  7112  8476 11401  5542 12046 11907 11237 10737  8952 13610 10010 11898  8987 12008 12692  9045 17942 10669  8041 11551 13725 10781 12414
ch   29:   8503 11044 13635  8645 13602 12837  7488  6065  9806 10989 10395 15025  9378  6068  5497 12185 10495 10355 10509 11483  8428 10567 10208  5917 10256  8170  8910  8606  9782  9335  7177  8785
ch   30:  11456 12564 11445 10673  7101 10860 11326  9351  9260 15297 15664  6951  8813  7870 11683 10103 12396 10364 10764  8309 11330 13604  6925 13397  8508  8663  9195  6915  7922 13542 13787 10461
ch   31:  14025  9049  9161 12521 11108  9238  7629 11866  9881  6962 10146  7350  9686  6152 17502 11830  7480 11707 14668  9198  6369 10216 10493 12973 14878  9802  9903 11435 11198 10860 12634  8824
ch   32:  13973  8664  9954  3272  7726 12725 10637 12246  9433 11785 12438 14679  9052  8338  9241  9652 11516  8505  9611  9315  8574 11783 13547  9048  8682  7327 13070 10950  9818  8651 10115  6325
ch   33:  11688  8471  9209  6158 15150  7689  9950  5645 11168 10128 11380 10503 10508  9032 14580 12275 10711  6366 13796  8627  8630 12804 13146 10624 15280 14258 14153  9395  9672 10343  4408 10481
ch   34:  14293  5897 11641 10238 10232  7565 12108 10334 10539 11506 11313 10221 10525 10402 12280  8121 10871  9843  7496  9362 11690  9720 14546 11955  8038  9911  9319 11991  3685 11008 14011 11129
ch   35:  11606  8471 10547  9070 11360  9138  8551  9904 11892  6118 12562 12564 12756  8946 10791  9694 11056 12635 10931  7325 15519 12049  8113  8993  6095 10009  8793  8885 13735 14972 10573  7141
ch   36:   8042 11310  9371  8585 10072 10197 15380  8284  9657 11636  4520  7547  9253 13130  6052 12318 12028 12465 14442 11975 10983 12567 11110  9435 13139 10044 12949 11048  5884  8214 14897  9637
ch   37:  11912 10042  8944 10716  9587 14070 11549  3842 10335 12023 11163 11024 12156  8564 11359  9470  7815  4604  8209  8213  8825 11785 10834 15205  8523  9713  7629 11252 13929  9740  8433  8321
ch   38:   8609  9906  9733  8750 14369  6310  6338  9924 10833  8058 15623 13159 10171 11800 12215  8432  9723 14061  7484 12819 12860 13278 14540  3485  8653 11104  9842  9390 12950 13613 11241  8511
ch   39:   9300  4635  9040  8850  5324 10703  5550 13022  9783  8552  7613  7539 11482  9511  8323  8803 13949 11887 10109  9931  8928  9680  8426  8720 13185 10891 12639 12221  9695 11399  8973  8737
ch   40:  13995 12151 10953 10824 11631 10263 11728  4623 11122 10652  6553  3939  8649  6356  8015  8934 10423  8982 11841  9953  6337  9237  7049  6245  8993 11844 12206  7022 12913 13775 10799  8998
ch   41:  10450  7020 11217  8622 10256  7557 10431  7240 17819 10678 12191  9194 12095  6151  8462  8500 10780 10395 10411  6843  8096  6130  8273 13850 14267  9233 13949 10956 12959  8140  8762 10923
ch   42:  12675 14260  9706  8239 12310 13170  5679  5179 10806  9810  7297 15557  8690 13645 12474 12322 12844 11364 12129  9621  7709  6099  3318 10510  8178 10553  9478 12059 10996  5457 11246 10745
ch   43:   7516  7906 10751  9657  9977  8326 12553  8575  9736 10587 11263  9130  4662  8584  7561 12586 13964 11253 11723 11036 10333 10326  6117 14078  9826  9343 11348 14955 16345 10043 10359  8780
ch   44:  12582 12175  9507  9329 12449 10498  9273  9956 13850  9458 11760  5215 15270 10709 11038  7092  7113 15340  9626  8135  8051 11666 10217 10570 12525 11925 10193  8805  9846 15929 10789  6901
ch   45:  12446  9785 11858  7373  6874 10203  8929 10681 13127 12019 12179 10641  9126 14517  7911 10872  7462 14364 14231 14099  8124 11533 10767  9821 12460  7177  8523 10503  5889 16176  7097  7545
ch   46:   9352  5933 11638 13824  9503  9533  6151  7312 15931 16061  8160  8278 12798 11250  4152  9352  6841 12979  9345  9720 11280 12037 10149  9315 15922  8066 10714  8841 11836 10823  5794 11438
ch   47:   9617 14925  9485  7691  8062 10751 10223  8653  5648 10296  6325 10839 10570 11652  7765  5734 14070 11197  8957 10995  9604  7304 10423 10489  9282  9070  4323 12917  6560  9127  9756  8072
ch   48:   9736 15897 13352  9521  7247 12456 11384 11214  9935 11902 10549 13077  6584 10418 11105  7293 10987 10935 10822 11663 15238  7917 15087  8833  6483 10835 13782 10799 10452  9427 11707  5880
ch   49:   7959  9252  9883 14455 10388  9185  8750 11942 12787 14912 10081 11757  9224 12326  9455  6100  9810 12245  8785 11563 10645 12119 13551  8228 11209 10800 11396  8400  9581 10500  9141 13467
ch   50:   9375  8738  7536  9789  7038 10129  8224  7930  9330  9171  5000  7664  7846  7782 14012 10015  9345  9484 13739  9710 15559 12313 11886  8595 14047 11424 12387 10269 11659  5826 14300 13545
ch   51:   9573  7781 12676  7091 10153 13123 11402  6378 11776 10618 12683  5807 10668 11004  5889 12656 11205  8305 10565 12558 16157 12167 14343  8933 11137  6191  9119 10354  9615 17335 14850  9076
ch   52:   9903 10465  8636  8459  8651 13363 10461  9343 12317  9339 10716 10083 13507 11759  8148 11774  7382 10005  9412  7200 13930 11939  8637  8926 13518 10582 14432  7798 14134 12201 10160  9791
ch   53:  10058  6455 11339 10492  8531  6861 11477 13690 12925 11254 12276  5949  5891 11788  8030 12764  9312  8847  9072 12006 14893 10478 10294 10373  9881  8743  8643  9448  8158 15719 12487 12968
ch   54:  10136 11898 10734 10070 11290  6550  3834  9895 10343 11233 12285 12579  9208  9278 11701 10004 14271 11520  8984  8776  7060  9178 10789  7870 16043 14311 13036 10323 14441 13057 10244  7634
ch   55:   9210  9215  9053 11999  9402 10504  7476  7427 14753 11579  8804 14048 12397 11122 12762 10537 15564  9611  7394  3361  3905 12411  7735  8011  5795 14077  8612 15146 11454  5492 15561 13685
ch   56:   8586  7998 10700 10860 14357  6872  9953 13422 16252 13751  9882 12372  4136 10734  8675 10947  6546 11844 14424 14980 17649 14699 10132  6739 15086  7393 11538  9531  6063 11132  6395 13084
ch   57:  11116  7591 10914 11535  7437 10762  4881  9524  9217 10080 11993  7305 11500  8755 11933 13261 10354 10338  9758 10812 10544  6616 12565 13140  9187 11138 15714 11721 15403 11887  8666 14491
ch   58:   8486 11025 13142 15201 15950  7800  7155 13959  9981  6022  8399 12229  4979 13582  6823 14747 10474 10411  5247  5096  9462 13198 13470 15468  6005  9276 10131 12391 13196 12300 11333 11114
ch   59:  13977  7277 10256  8996 15116 13221 13010 10927 12264 11237 10404  7719 12804  7828 11402 11237 10940  6712 12154 13060  7684  8777  9534 13376  8239  9233  7469  6663 10658 13792  8730  9458
ch   60:   9621 13785 11780  9356  8383 12367  8583 11080 10777  8424  9115  7292  5882 11187  6093 13024  6236 12484  8877 14948  8619  8798  9870  8750 11726  7268 11510 15453 14793 10924 10116 13880
ch   61:   8622 13193 10034 10483  9105  9458 13060  9784 11061  9406  7025  6552  6629 12339 11710 13747 10556  7736 12396 10545 10728  8602 13046  5956  6179 12556 14796  9583  9129 10147 10683 10187
ch   62:   7852 12898 12593  8071  9158 10187 11456 10874  8244 15193  4923  7983 10260 11601 12116  6170  6459 10745  7973 11894 10567  8709  5355 10164 11670  8461 12278  5964  5718 11009  9426 11327
ch   63:   7826 10662 12312  7316 12819 11210 11954 10364 10629 12746 14174  7166 13221  5407  7363  7795 10181  8555 10784  9393  8505  9505 13996  8829  8753  9755 10283 10332 10927 15741  9980 14382
ch   64:  12561 10183  4834  5673  8075  8633 12194  7496 11194  8730 13474 10160 13008  9223  6369  9617 13419  7248 10989  6746  9053 10382 13921  9347 13391  9464  9542  7553 10676  9459 10437  6069
ch   65:  12744 13039 11069  7970 12073  9257 10639  6534  9741 10288 10012  8024  9143  5882  9907 10562  6588  9774 11458  6264 11702 11017  8209 12771  3701 10189 10368  4991 16836 10538  5968  6701
ch   66:   9995 10664 11371  6236 12419 14224  6081 14061 13097  9983 10072 13282  7497 11239 10181 11167 10953  9965 11737 11539  2960 12838  9955 12473  9990 10692 13089  7523 11950 10462  8164 14770
ch   67:  12027  6980 11998 11140 11835  6717  9480  9412  9783 10419  6411  9505 12471 11485 10271 10851 10305  8833 10928  9530 10334  8973 10614 11844 12310 15799  9963  8385  9753  9370 13032 11187
ch   68:  10825  9041 10137 11585 16041 14472 11242 12375 15629  5924 13883  7892 10334  7587  5300 13537  5216  6886 11095 10010 11770  7649 11703 10881  9702 10507  5535 11965 10736 13760  8932 16453
ch   69:  13510 10017  9581 11805  7117  7203  9968  5476 14167  5946  8745  5723  9357 10626 11224  7415 10020  8857  7548  9814 14474  7781 13460  9055 13970  8151  8489  6844  8381 10005  5571  8576
ch   70:   7213  6938 11187  9073 10777 11027 10151 11074  7870 11799 11000 14933  9188 12763  7527 10973 10597 11847  7236  7146  8500  8467 10386 11590  9998  5787 13140  7040 10309  7815 13487 12752
ch   71:   8480  8346  9489 10928  6098  8336  7348 12202  5428 11683 11933 11410  9497  8668  6767 14402  7604 12330 13914 12352  7678 10303 13513 11256  7910 10381 10219  8038 12707 10042 10524 10461
ch   72:  10996  8550 12813 13759  7795 12794 15315 13441 15141  9891 11627  6605 10893 13039  7020 12360  7309  9189 10785  8135  9105 11242  8670 10855 10189 11395  9930  7871  5884 14397 10585 11903
ch   73:  12066 13738 12357 11511  5446 13711 13567  9160 10762 12310  7467  5398  7915 12405 12592 14407  8953 12969 12319 14697 14308 11305 11815  7411  8553  9945  9253  9155 11032  7905 12251 11747
ch   74:   7658 11413 10310  7570  9318  7591 15092 14682  9539 12908 10274 13727 13360 12716 12644  9559 10771 13644  9225 10519 14798  8866  6020  9710 10294  7798 12838  9461  4581  3844 10567 10938
ch   75:   6078  8564  5279 11328 14726 10195  9416 12735 12120  9564 10018 11206 13824 12997 14705 11060  7789 11654  8697 12735 10644  9724 16561  9218  8654 13956  8468  9867 10080 12000  8790  6134
ch   76:  14778 10166 11269 10829 10221 10049  6036  7657  7379 13686 11796 15424  9841 10819  3949  7448  9459 12104 13251 11155 12388 13466  8335 11690 10292  5774 12913  8102  5309 12411  6127 11511
ch   77:  10236 13696  9676  8872  6773 11479 10453 11899  7486 11416 12935  6083 12685 12504 14456 10580 12961 12477 15020  5326 11426 11619 11420 10506 10075  7834  9402  7675 11734  7609 12114 12942
ch   78:   8632 10314  8848  7292  7910  8151  8366  9664  8404 10406  8378  8546  9768  7395  7837 14935 12015  7445 10650  6730  9353  9620 10139  7519 11165 10678 11811 12794  7609  7787 12732 10381
ch   79:  14129 11523  5509  5559  6536 12961 14970 10824 13366  8656 14438 14107 17706  9176 11906 11021  9872 11338  5361 12172 12763 12058 13612 13481 10439  9671 11159  7704 11229  8060  7629 10152
ch   80:  12610  8914 15378 11060 13923 11168 11733  7292  8823 11299 11229  8147  7798 12279 12312  7311  9673  8114 10314  7553 11022 11524  7513  8155  4860 14756 10971  5642 15355  9260  8145 11800
ch   81:   8085  6229  9309  9299  5142 11880 12456  6830 10264 10810  9572 10390  7053  8122  8366  8353 10933 15855  7914 11961 13586 15108  8513 11131  9401 11724 13428 12381  7908  9235 11152 11645
ch   82:  13067 10733  7948 11330  6997  8649 12735 13081 11503 10364 11209  9555 11878  3855 13035 13108 11204  9719  7146 12911 12470 13556  5537 13966 14889 11767  8982 15917  6905 12131  4872 10011
ch   83:  10039  7148  7599 10802  9380 11425 13992  8415  7192 11044  8246  8113  6700 12444 11648  6582 12622 12619 12404  7845  8911  8097 10066  7640 12268  6831  7192  8221 13331 14233 12638  8860
ch   84:  10102 10339  9999 12075 11063  6935 11661 15814 11198 10986 14926  7498 12368 12374  7374 10277 11291  5821 11591 17025  7067 11207 10875  9519  9478 10726  7064 12375  9653 10886 12883 11150
ch   85:  10046  9030 10879 12373  3501  7576 12238  9658 10310  8971  9708 10352 12203  7617  8722  8928  9550 12609  7097  9135  5808  7506  5150 11005 12030 13616 10512  5557  7293 11100  5046  6684
ch   86:  11414  8804 10418 10881 13306  9855  8987  9137 14322  3269 13048 15566 12234  8243 11920 13048 14108  8382  8947 12617 13149  8989  5918 11615  5989 11917 10573 12703 12883  9746  7758  9591
ch   87:  11481 13711 11621  9443 14340 11865 11464 10563 14934 14246 13497 14896 11558  8163 13797 10156 12814  6455 14883 12464  9070 15471  9850  8048  7585 12512 11779  5993 11239  8328 12380 10653
ch   88:  11787  9148 10744  8834  8411 12117 13507 13213 14075 14560  8975 10311  6528  8215 12368 11124 11056 11270 11094 10985  4894 15909 13479 10814 13119 11129 10276  9431  9446 10403  9713  8341
ch   89:  10814 15714  9657  5215 13048  9908 12885 12215  6160 12189 12148 14494 11934 12166  8939 14413 10827 10735 10131  7483  8259 12399  9988  7572 12306  8898  7201  4591 12318  9099  9683 10818
ch   90:  13167 11776 12613  7554 13025 11904  7182  9554 12022  6655  6501 13310  8414 12707 10430  9094 10312 15519 14516  8928  9890  7570 10890 12586 12636 12604 11792 15477 10868 14296 11792  6456
ch   91:  15994 11394  5773  5636 11882 10585  9209 12855  7000 13179  8418 11780  9999  5422 12359 11734  9837  4914  9784 12820 13870  6220 11045 12413  9288 13725  7406 11412  7883 10209  9999 15586
ch   92:  10685 12693  8411  8745 10018  8483  9338 10019 11357 12421 10317 12862 10582 13659 10733 13407 16523 15221  9280 12509  7846  5650  8665 12896  8583 11612  9260 14135 10816  6224  8349 13735
ch   93:   8092 11100  8880  9741 14200  6695  7535 11297 13208 13250  8524 10326  9260  7846  8406 12607 10480 13046  6908  8016 10377 10724 10009  9655  7618  9957 14133 12034  9239  7507 10187  8473
ch   94:   8875 11510 10854 12305 12213  8927  9181  7981 10796  9478  4044  8668 12035 11353  7913 11678  9857  8214  9590  6183  9111 11953  7645 15001 13628 11912 14350 11723 11949  8413  9758 13112
ch   95:  10750 10358  7641 13660  8512  8626  7801  7084  8310  8719 11455 12632  7911  7304  6165  6344 15629 13455 12183 12162  9574 14644 13132  8219  6059 11273 10689 13484  9417 11689  7809 14372
ch   96:   7722  9149 11888  9058 12840  9970  3921 12291  8997 15932 11361  9610 10660  9142 11565  8683  9004  9726  8790 12353  6439 12524  9260  8006 10195 13470  8096 10786 10886 12254  5099 11416
ch   97:  12841 10541 13817  9389  8798  7944 10810 11217 13220 13844 10176 10092 14478 12751  9528 12190  8718 12990 13499  9544 11356 10529  6944  9221 11090 10688 14663  7824  7392  9416  8814 10924
ch   98:  10254 10953 12763  6962 14129 13018 13113  5510  6760 12928  3152 12152  8220 16013 13721 11116  6780  7826  7969 13228 10770  9594 14510  6881  9269  8927 12561  6836  7381 12938  7486 12938
ch   99:   9165  9610  6178 14090 11638  9280  8565 14393 14636 17018 11167  9476 10080  7298  7404  7613 10732  8204  9569 12416  9638 11293 15983 13392 13286  7774  9600  7109  6024  9841 17669  9784
ch  100:   7344  5136 11591 10391  8312 11860  6797  9479  8796  6487  8231  7151 11595 13894 11822  9566  9750 10477 13481  9877 14678  7642  9915  4619  8164  9235 11881 13196  9534 13934 11962  9309
ch  101:  10959  9535  9589 15184  8868 13189  5460 12618  4187  9918  8811 13342  8668  6682  7579 10634 13727 12874 10121  7924  9032  9291 13350 12515 13182  9835 12480  8707 13994 12861 13096 12988
ch  102:   8760 12864  9842  9616  7688 16395  9356  7142 12338 14800 13469  6714 11503  9225  7221  8398 12220  9060  8124  6588 11729  7256  9724 13617 11544 11192  9951  9679  6914 15716 11295 12593
ch  103:   8801 12440 11055 14421  7124 12480  6295 15597 10936 10544 13027  7725  8771  7901  8370 12838 10805 12201  8613  8758 13652  6013 10163 11438  8499  7936 12275  5149  7216 10215 13153 11182
ch  104:  13421 10759  9470  9698  8285 12189  9094 10964  6802 11331 12241  6795 10353 12163  9817  8782  9223  7034  6033 12045  9593  8627  7913 10335  7224 10295 10873  8553  9913 12392 12629 14697
ch  105:  11225  9859  9102 12723 10426  9518 10598 10705 14199  9141 15716 10481  3692 12105  7273 13513 12417 12882 11079 10849 10669  9007  4537  9640  9459 10067  7564 13451  9533 10074 11493  9162
ch  106:  10510 12965 11191 11671 11825  8662  7446  5537  9200 10402  7196 11343 10040  5855  8801 10024  5533  8708 10783  7270 11333  5300 10433 11663 11495  8938 10210 10569  7095 12165 11826  9548
ch  107:  12245 10226 11610  7296  6615  9090  6804 11241 12344  8304 12352  7815 12353 11046 10279  9859  7390 13497  8416 12039 10509 10059 11947 12161 10466  9478 14180  6403  9964 11345  8932  8213
ch  108:  12262  9676  9775  6491  8436  9698 13888  7221 10646  9008  9174 13250 11068  4499  5285 10741 16993 10497 12005  8373 12582 10832  9874 10938  7057 10851  8871 12948 11979  7785 11105  9877
ch  109:   6294  8455 11901 10887 10096 10775 10098 10371  7987  8541 14249  7311 10885 17034  6235 10952  9491  7850  8838  8419  6162 10987 10397 13239 10104 14882  9998 12877  9950 10262  6344 11545
ch  110:  13678 12369  9565  9559 10480 10561 12633 10303  8200  8267 10036  9819 11820  2628 12321  8304  8941  7513  9583 13463  5014 13336  8409  5011  9114 11225  9856  7103 10449 10671  9900 11288
ch  111:  13990  8091 10973 12829 14655  8942  9168 10860 13989 11513 14033  9316 14638 10513  8120 16404 11807  5998 10066  3672 10296 10712  9110 10007 14130  7410  8806  7723  8178  8823  8434 12274
ch  112:  13201  9620 12822 12503 12907 11037 14125 12051 13445 11405  5127 12710  7100 12162  7791  8420  7425  8500  4070 13696 11203  6216  9456 15383  7936  9331  9056 11595 14093  8083 10389 11217
ch  113:   8033 15623 11562  8403  8776  9412 10596 12077  9817  7783  9270  8804 10010  6942  9796 15219  8143 13900  9872 12706  7849 12548 15503  5290 15173 10897  8676  9582 13355  5726  6796  7915
ch  114:   9204 12431  3344 12210  5700  8869 12103 15233  9239 15764  9204 11340  7236 15703  7816  9234 10763  9858 14121 15800 11103 13678  7552 14089  8238 13246 14637 11376 10110 14420 10305 10919
ch  115:  11831  8769 11718  4153  8040 14319 14744 13110  8105  7863 11807  4581 10490 16574 12475  7753 12238 10781 12845  5160 10141 10989  9174 15466 13150 12630  7740 12347 12239  9008 12527  4924
ch  116:   9384  8097  9608  9485 13496 13786  9505 10414 12734  9777  7830  5993  9294  9534  6270  7842 13887 15405 10300 12570 11755  7017 10863 10067  7602  7304 12266  8001  7013  6449 10300  8879
ch  117:  11272  8278  9162  9883  7396 13460  8532  7770 17179  8752  6786  8734 11487 13025  6231 10452  8064 13679 11410 10099  6409 11104 12918  9116  7750 15007  9382 13216 14413 11793 11571  6885
ch  118:  10386 10061  9585 11363 10446 12896  8491 11705 14417  4458  9333 12076 12212 11308  8295 13606 11532  4165 10606  6980 11993  7283 11556  9763 12372 14040  6538  8274  7894  6532 11347  4573
ch  119:   9194  9613 10513  9260 11650 12472 12529  9561 10558 11885  7239 15005 11421 10942  8403 11483 13909  3973  8037  7872  8439 12533 13892 11575  5640 12062 10268 12073 11214 11763 10706  7357
ch  120:  11803 10811  8152 12245 11764 12370  8871 13885 11902  8862 10062 12628 12038  4163 12540 11367 11038 12054  7758 10593  9703  7120 11913 11273  6383 15475  6787  9978  9295 12599  7900 13167
ch  121:  10188  7478  9550 11910 10931  8359  6564 13447 11213 11271  7264  7068 10810  3961  8444  8258 13415 10976 10329  4734  5842 10966  9484 11331 11353 11736 11914 10932  7212  6978 10777 13106
ch  122:  11914  7381  7999 10754  6640  9282 16993 11734 10998 11447 11389 12730 10741  8242  4661  8688  8219 11085 10119 12353  8439 11076  5149  6598 11069 12757  3123 15246 12241 11072  9952 11178
ch  123:   5501  6597  9861 10603 10871  9972 13439 14488  6620 15120 15052 12671 11249  9086 10638  6836 12794 13058 12744 11789 11046 14714  9306 13107  9730 12191 13276  8851 10701 10391 10431 12912
ch  124:  11778 15319  9926 10980 13587  6311  7348  9763  7737 11758  8640 14283  7192 11916  9144 10247  7701 15554 11551 10872  5193  9779  8385  7714 11772 12959  9835 15681  6763 11577  7232  9079
ch  125:   8290 10339 13754 13112  9708  8713  8332 13669  9230  7849  9377 12053 10727 10463  5040 14880 12303  4415 10328 10617 15536  7317 12495  7558  9531 12916 13886 16139 10576 11769 10047 12440
ch  126:  12853  9807  6442  7593 10800 12296  8006 11764 10505 12014 10426  9092 11608 13468  8644 12400 12828  9952  7303 11400  8150  9474  8083  4789 15349  9892  8310 11224 10218 12267 15662 11649
ch  127:  10274  6864 11521  8371 15251 11369 14872  7802 13079  8248 13138  7245 11866  8281  2997  6089 14417 13224 10270  5994 15312 10450 12215  6371 11725 16128  6183  9115 10211  8887  8966 12287
