ch    0:    413   503   637   776  1058  1440  1719  2370  3092  3700  4781  6535  8436 11204 13638 11565  7618 12978 14242 11127  8885  4679 13626 12146  8928 12038  7992 11612 11825  6692 10184  9920
ch    1:    978  1274  1450  2066  2547  3449  4523  5165  6750  8566 10362  8906 13872 15691  8837  8433 13300 11100  9238  9642  7675 11609  6976  8157  8533 10209 10524 10900 12364 11080 10831 12228
ch    2:   2100  2731  3372  3778  4782  6005  7635  5182  8840  9653 13683 13097 10625  8169  8341  7613  8562 15771 12219 11264  4110  4987 10540 11978 10694  7792 12919  6820 13418 12408 14877  9394
ch    3:   2839  3223  3704  5272  6997  7838  9249  7814  9762 11402  7379 11798 10737  9745  9623 14580  8370  9081  5585  6852  7799 12185 12507  8832 10516 10254  7487 12694  5821  7671  8838  9736
ch    4:   4185  5243  6897  5999  8444 11369 12336  9866 12775  8743 15314  6150 14678 10216 11284 12226  8669  6722  7162  9443 10698  9125 12604 10215 11250 12279  8570 11063  7222 14714 11797 14993
ch    5:   3680  4401  5570  6843  8696 10151 13657  8661 13107  8579  8731 11920 12235  7516 11134 10590  6322 13479 15624 13357 10711  9355 13200  4885  8836  6496 12131  9558 13152 16022 12477 12358
ch    6:   4959  6823  8467  9231 12038 13500  9848  9139 10057 12065  6803  8714 14947  8109 10856 10845 11008  8255  6629  2558 10738 14837 13906 12119 12092 11473  7465 11499 13309  8347 12618 13208
ch    7:   4947  6316  7443  9283 12639 14378  9298 10757 14352  5542 13149 10358  7331 10669  6735 11248  9027 14118 11120  9759 11649 10699  7547 13676  7902  9399 11949  6161  8641 12125 12590 11760
ch    8:   7314  7897 10350 12946 11054  7864 11368  8978  7984  9440  9617 14257 17600 10283  9954 11772 10070  7594  6922  9045 10519 15804 11357  9230 11262 12177 13405  5267  8149 10398  9714  9874
ch    9:   5855  6802  8261 11177 13511 12909  9287 14809  9925  6934  8592 11455  8656  6165 11094 10687 13987  8362 11299  6666 10260 11338 14018 10721  9907  5319 13192 12248 10906 14023  7530  9054
ch   10:   7642 10628 12096 10502 13743  9652 11026 12644  9418  8394 10096  8332  7530  7865  9414 11749  9440 15826 12596  9871 10627 10085 13436  9752 13777  6257  9131 10174  9250 12294 11462 12587
ch   11:   7886  9262 12229 11148 14048  9154 10389 11459 12962 10020  6480 13118  6261 12282 12163 11784 11062  9582 13801  8850  8435 13190 10330  7286  9622 14828 12763 15798  8842 11428  6153  9359
ch   12:  11010 10455 10624  9830  6338 13732 13293 10824  9048  9706  6845  9254 13544 11812 10103  9518  5893 10698 12579 14485 11641 12583  8044  5704  8394 14935 10642  8790 10629  8999  8909  6671
ch   13:  11518 10079 12524  8463 10211 11445 10162  9592 10105 12758 10107  9921 11093 12897 13089 10682 11618  9090 10442  9854 11348  7607 10512 10547  8125  5428 10049 11156 10081  5523  9577 11388
ch   14:  10386 15307  5971  8315 10778 14324  8406 11841 12035  8541  5833  6141 13903  5580  6843 10612 13239 10184 12898 10442  7613  7739  7747 13955  8454 11574  6795  9999 12986  9685 11035 10074
ch   15:  12896 12599  9780  8766 11534 11847  9285 14052  9172  8981 10814 11069 10681  8971 11685 10214 13736  9817 14442  9904 12863  9651 15828 10168  7641 12131 10828 12774 11743 10231 17749  6049
ch   16:   9335 12616 13573 12934 11358  6494 13298  8574  6719  9963  8724  9177 11256 12671  8127 17943  8683 10134 10597  9009 13405 11116  7921 11020  9035  7137 16631  5835 10415  6334  7817 11892
ch   17:  11145 10070 13102 12127 13146  7195 13406  5393 14136  7849 11424 15177 13944  9363  8783 14615 15839  3773 10939  9644 12355 13287  8901 13867  8705 11429  9914 10454  6428  9233 10378 14808
ch   18:  10753 12158 10291  8222  8575 10746  6372 10821  8802  7668 11245 12625 10568  6213  9522 18231 11864  6966 14895 11106  8550  6301 10172 11182 10118  8699 10809 11595  7190  7395  6652  7362
ch   19:   9342 10345 11095 12605  9895 10566 12320 14388  8221 13870 15390 11639 10218  9041 11487  5123 11919 12109 14229 15574  3279  9001  6613 12255 17581 11319 15185 12879  9032  6881 10929  6757
ch   20:  10035 15231 10057 11284  7834 11545 10289 13666 12921 10974  9424  8258 11371 12121  8740 16512  7453 11352 10727  8847 12143 10977 14359  5276 10064 12108 13672  9284  9327  6670 10811 11307
ch   21:   6815  9881 14515  4939  8961 13703  8659 12651 11578  9038  7841  8917  8812 10742  7835  5723 13767 13731 10394  8577 10901  7068  6452 11302 11189  7364  7775 11116 14812  6548  8555 12842
ch   22:   9911 16063 10332  5017 13639  7522  8965  9263  7852 11205  9911  7129  8922  7884 10098 10871 10897  8212  6815  5620 13630 12159  7213  4992  9506 10489  8485  6992 10992  9341  9338 10464
ch   23:   7950 11286 15831  4287 10279 13639 12726 12938  9840 10561  9857 10183  9015 13314 12599 10069 13710 16532  7804  7359  4061  6503 13522 10451 11308 12124 11117  8418 11009  9694 13141 10229
ch   24:   9653 12932  3972 11184 11122  6568  9207  3538 14516 10545  7549 16429 13332 12922 11372 10544  5656  8115  7114 13205  9071 11834  9392 14282  9200  9685  7433 10727 13214  7820  9441 10323
ch   25:  10044  9469 14627  9406  8503 13117  7922 13996 11195 12652  8415 11590  9226 11189 10501  9570  9684 10304  7844  9711 13955 11184  9161 14490  9252 10696 12724 10192 11137 10785 11544 13874
ch   26:  12999 13244  4427  8082 14736  5248 14872  6258 11834  7236 11126  8670 10824 10171 11024  9932 12225 11768 11888 12002  9157  8825 11411  9933 13651 12883  9707  9399  8202 10631 10894  9618
ch   27:   8595 12519  8299 12590 10915 11138  8771 10258 13528  8138  8745 12403 13052 10772 13172 12074  7890 13710  7778  6280 13163  5774  4842 10901 12587 13968 12124  8721 15872 11213 10938  7489
ch   28:  12124 12305 12653  8798 12664  7966  7083  8298  9041 12139 11936 15002  8169  9299  9032 10478  9197  6804 13785  9715  7446 10030  7046 13425 10621 10839 10014  9096 11762  9929  5838  8230
ch   29:  11040  9461 13825 11617  7720 13195  8970 11880  7165 11252  9075  5913  4943 11000 10003  5715 10034 10944 12013  9537 15083  7852 12549  6243  8653  6220  5122 10737  7814  8632  9796 12839
ch   30:  13498  8359 13224  8039 13005  8949  8850 10471  7611 11102 13596  9858  6644 11923  5689  9767  6947 12416  8318 12702 10295  9808  6212  6493 10985 14346  5905  8397 15002  4898 13658  5418
ch   31:   9337 13199  6464 13294 10379  8828 10491 11709  7786 11161  9227  9081  6759 11776  4569 14344 10372  5711  9358 11752  6145 10439 10690 11735 10141 10984  8344  8436 14594  8907  9379  6191
ch   32:  11430  8628 12514  8810 14380 11060 11997 13769  9361 15772  9123 10470 10035  5136 11047 10507 14604 10866 11492  6763 12901  9259  9232 12880  7628 12233 13800  7990 13459  8647 11035  9273
ch   33:   9403 14304  7161 10621  9831  9568 10565 13714 12302  9233  9875 11751  7122 11036 11529  7797 10918 11326  8185  9282  5257  7547 12043  7928  3559  9202  9460  7856 10374  8754 15243 11185
ch   34:  11217  8946 12412  8325  8757 11743  9323  8136 11904 12745 10686 11432 13366  6825 11170  9541  8970  8666 16344  8392  9478 12561 11107  8382  8000  8574 12882 15180  9476  8381 12927 12256
ch   35:  11081  5287 12522  8380  9114 10645  9641 13436  7488  7286 14831 12602 10775 11919 16927 10769 12791  7673 14123 12529 11408  8325 11702  8716  3778 11253  4506  9133 11938  9198 11121  8510
ch   36:  12432 10617  8562 10407  9413  8406 12845 11694 13150 12985 13443  8004 12433 10847  6781  9415 10859 14363  6951 10384  6872 11691 11861 11514 10069 11087  2497  6971 12760  6817  8137  6806
ch   37:  11838  9568  6571 12054 10063  8940 10409  8749 11216 14014  6402 10808  5676  8162  4713 10248 10551 10363 12408 10685  7284 12796 10998  8887 11719  6561  6710 12126 11570 11837 14269 14853
ch   38:  10066  8051 13420  8891  7840  8769 14828 11305 11286  7570  5748  7552 12121  8423  6765  7779  8744 10008 14061 10254 10188 10341  7791 11538  7053 10938  7041  7653  9759 12782  5632 15761
ch   39:  12946  7197  6281 12806 10934 10440  5685  8150 10139  9462 10667  8528 10753  9017  9182  7380  6529  8809 13483 10578 12714  8423 11008  8282  9836 14637 10788  8534  6393  9777 13411  9663
ch   40:   9895 11903 10281  9382 10066 11385  8446  7815  8608 13846 11712 10962  9822  6494 13891 12048 11187  9655  7843 10352 12916  7244  9473  8513  8789 11409  6294 12503 10749  6831  9044  8345
ch   41:  13012  6826  9799 14499 10051  9131  9254 10353 13442 11186 13669  9146  9937 13962 13120  6806  8673 12232 13274  7494  9641  8815  9789  9958 10513  9800  6596 13444 10114  9318 10855  3825
ch   42:   9583  5595 13217 10086  9561  7456 10614  9294 11983 10076  8615 15248  9703 14097  9383 11559 11637 10489 10596 10105 12384 10087  6450  7052 13141  8637 12235  7463 10786 10702  7275 14874
ch   43:   9852 11225 10085 13731  7872 11334  9831  9808 11780 13062 11699  4827  8592 13676 10162 14224  9096  9598  9435 10158 10705  6824  6210 12539  8825  7043 12102  8115 14291  8216  6452 15410
ch   44:  11679  6324  9634  6494 12553 11374  8171  9864 15599  6214  6470 14227  7054  7892  8410 10592  9992  6395 15583  8541  7156 10497  8068  9230  6826 11540 10245  9388 14035  8416  8851  8137
ch   45:  10652 11199 10884  6635 13473 12950 11201 11390  6464  6866 16653 10861 10628 12556  6643 16069 14274 11005 10383  8255 11069 11014  7141 10715 10149  7604 12715  4741 12825  9841 11254  8683
ch   46:  11046  7803 14662  7035 12769  7316 11684 10941 15325  8647 12452 12231  8314  9926 11755  8360  5358  9882  6689  6862 11102 10586 10135 14801 11681  9760 11990  9620  9680  8791  7813 10978
ch   47:   9582  7461 12815  6888 10289  9795 12332  6451 10222  3446 14371 10519 11140 14008 10848  7641 13513  9325 11915  8172  6893 11286 10457  7823 10387  9619  5170 12865  8290  6351 11113  6402
ch   48:  11137  9436 14869 11453  8513  8662 16943  6639 10071  8930 16094 14625  7552 11861 11103  9538  8202 12560  4395  7971  6058  7399 12174  8687 10980 16538 10735 12863  8951  8755  9664 11262
ch   49:   8247  7571  8374  8306  9284 11238  7334  8764 14131 12811  7172 12824  8766  9833  7894 17045  5927 13801  6819 11629  7857  5188 12731  8823 10249 12971  7136  9209  7748  6991  9378  8955
ch   50:   8846 12482  9176 10771 11188  4653  8807 14067  9537  9492 10079 12600 14430 13226  8010  8922 11516  8421  6350 10663  8754 14571  7121  9206  6453  9668  9534  7936  8996 11460  7795 10776
ch   51:  12390 12153  8037  7986  6526 10730 10200 11640 11793 14219  8782 10786 10886  7297 11528 13725 11143 12064  6725  6493 12837  7210  8461  8412  6762 11678  9340  8573 11322 11929  9789 10321
ch   52:  10223 13808  7393 12716 10219 12682 13805  6279  9187  8720 13202 12618  5702  5858 12826  8298  7105  6649 11979 11570  8305 12782 11598  9958 13274 13540 12435  5554  8075  6064 12895 11922
ch   53:  11100  9921  9967 14418  8258 10603 11473 11490 12708 10377  9840  6174 17795 10825 13390 12443  7007 13297 12836  9490  9904  9002  8754 12223 11259 15190 13468  9152  7378  9135 14915 10746
ch   54:   8198  7589 10743  7993 12462  9002  9861  8188  7746  6135  7249  6612  4708 11593  3321  7264  6396  8927  8361  7835  6618 16051  5930  6367  9491 14573 11746 10619  6115  9805 12838 13784
ch   55:  11149 11345 14624  8863  9519  9643 10228 11497 10540 11730 11369 10224  7984  7145 14416 12609 11503  8607  6398 10318 14524  8149  5178 10517 10373 13079 13037  7518  4540 10264 12784  8526
ch   56:   9375 13984  8451 11522  6746  9712  8842 11243  8785  6745 12145  7641 13044 11303  8797  9960 13511  8044 10263 18101 15191 11786 10960 10888  9038 10575  8010  9437  6793 13218 11380 10989
ch   57:  11643 12097 10758 11734  9443  8990  7215  6121 11300 10287  9436 11641  7514  7059  7559 11957 11016  8735  7498  8792 12992 11358  7152  9452 11010 10367 11128 13913 11424  7808 10177 11616
ch   58:  10829 11243  4763 10774 14027  7314  6721  7301  3869 13567 11800  8295  4542  7530  6095  9959 13606 13695  7427 12593 13699  8285 11249  7241 12915 10578  9835 14592 13179  9576 12636 10238
ch   59:  12646 12740  7153  9140  4915 14222 12542 11212  7267  9443 11574 10895 10452  7635  9306  4767  5863  8835 10756 10005  9257 11963 12351  7691  9561  9040 10082  8757  8340  5309  9360 12545
ch   60:  10397  8352  6637  9206 13977 10772  8840 11580 14078  9260  9172  8174  9350  2666 13949 10226  7473  6754  6643  9537 12850 13342  9260  9077  9734  7940 12662  8324  8496 10662  8549 10792
ch   61:   9329 12187  9602  6577 13115 10879 10111  9683  7168 11902 13762  5860 11821 12955 10380 13055 10931  9576 11281 11365 10026 11297 10021  7390 11954  9074 14213 14670 11767  7554 11466 14783
ch   62:  10191  9990 12367  5957  7031  9641  6515  8923  6331 10555 11061  8099 11549 15313  6054  2733 12059  5409 11690  9525 12360 13118 10416 16079  9790 12025 11184 11575  9014  8956 11557  8898
ch   63:  11400  7587 13836  7428  5737  8361  9310 10137 11205 10544  9901 11681 15848 13998 10070 11451 15768 10077 10352 14556 11630  8185 15350 12867 11710  9839 10700  9930 11148 12016  7593 12974
ch   64:   7389 10331 11208  8325  6439  9356  8613  3187  9225 10658  6613 13588 12395 13057  7472 16420 11498 11304 10900 15260  9251 11320  9468 10867 11280 14731 12965 10143 12473 13343 16365 12183
ch   65:  11080  6926  6711  8990 11634 13509 10835 13269 11950  7929  9241 12875 11260  9031 14778 13395  9447 14310 11702  8642 10589  7045 10560  4261  7156  6074  9629 11076 11801  9717  9235 10387
ch   66:  10394  6781  6021  9333 11782  9102  9960 11833 10665  6601  9093 11647  7031  6276  9925  8577 10676 11385 15121 10576 11168 13413  7568  6351 12012 10094 11523  8305  7326 13705  4071 15660
ch   67:  11647  7699  7371  8079 13684  9019  5812  7642 11464 11325 10645 12585  9486  6617 11441  9581  7913 10000 11932  9141 10699 11572 10171 14069  7761 10876  7658  9963 11326 13361 11580  9089
ch   68:   6968 10483  9506  8270 14570 11791 11303 13825 10418 11162  9950 11289  6649  9216  6266  7238  7399  9286 11575 12488 14350 14304  8627 13066  7931  9602  8583  7037  4917 11405  9430 11542
ch   69:  12858  6045 12009  7530 13208  6116 11722 10150 12264  6869  7658 10738  6836 11030 11962  9189  3994  9567  9624  5921  6568 13478 10933 10734  7933  8999 10622  7968 11812  8343  9904  9764
ch   70:  13451 12186  6139 13161 13464  9627  6036  8855 11259 11789  7279 10456 12178 13157  8310  6631 11911 15204  9597 13892 11516  7513  4017  8882  8942  8894 13369 12144 11234 10296  8249 10801
ch   71:  11959  8731 14510  7077  9257  9680  9836  7973 11748 13088 10842 11985  8989  8978 12116 11986 12241  6155  9737 11343 11374  6676  9434  7074 13506  7290 17282 12190  7030 11205 15385  6193
ch   72:   5324  9776 14829 11556  7601  8520  7735  6952  8295  8153 10320 16821  7143 11666 14519  4519 13314  8859  4772 11724  8384 12360 11182 10927  9343  5669  8831  5934  6215 10591  5506  9207
ch   73:  12460 10105 14634 11797 13573 10311 11592  3270  7001  6248 13905 10099  6441  6643 10728 12677 10914 13818  6819  9230 12196 12752 11093  9974 12819 12958 11320  9032 11563 11627 15589 11610
ch   74:  10592  8656 13084  9811 12255  8110  7898 15326 13693  9193 10743  5745 12840  9235  8461 11980 10960 10275  7901 12141 12622  7562 15501 11238  7899 10804 11645 10930 15011 12491  8489  9724
ch   75:  11135  9678 13439 11428 17114 10912  8335 13856 12566 16141  9654  8501 11880 10692  8298  9515 17283 13156  3963  7905 13252 11304 14354  7704  8276  8468 10545 11378  9046 12430 11036 11956
ch   76:  11446 11738 13105 16231  4941 10141 10362  8098  7111 16212 10146 11349  7641  8560  5211 10404 15385 13399 11519 14936  7228 10893  7561  7639  8305  6982 13114 11081 12665 12362  6788 13841
ch   77:   4048 11596  7780  8587 10741  6476 11764  8413 12147  5908 12097  9176  6611  9469  6648  8814 15017 10245  9997 12973  9722  9602 14599  5361 14523 13048 10687  9121 14876  7892  9497 10164
ch   78:   7819 14833 10196  7005  6073  8276 13289  9500  9048 12695 13728  3997 13677 12564 14641  7909  7822  9642  8549 13001 12428 11309 12913 11689 10858  8992  9931 11203  9062  5163  7564 14273
ch   79:   9853  6516 12010  7943 14553 12777 12904  9420 12133  2610  4337  6353 10553 13184  6055 13213  8884  9810 11774  6535  9798  9321 11457  9976 10340 10877 13611  7853 10984  8885  7307  6201
ch   80:  10074 14764  8004  8622 12516 12419  7220 13680 12865  7605 17262  5363  8424  5837 13898  9618 15044 13165  7640 13044 11824 10129  9417  8493 11264  6651 10729  8940  9269 12631 10505 12149
ch   81:   9000  9389 12067  9239 16407  3555 15172  9787  8584  9301 14698  6621  9116 10533 15172 13571  6078  8503  8098  5327 16268 12629  3100 10029  9845 13468 11304 10104 16776 12514 12113 10644
ch   82:   8231 14259  7647  8373  6293  6015  8081  8644 11599 11336 11726  9041 12446  8978 11244 10255  6353  6987  9734 11992 10327  6697  9317 10443  8836  7370  9920  8734  8709 13101  7989 10792
ch   83:   7559 10855  8245 12660 11962 10977 12711 13407  8527  7611 11271  7897  9428 10802 12826 10767  7695  6878  8960  8815  7865  7418 10409  7154  9589 11652  5321  8795  6835 10864  7617 12076
ch   84:  10539 12107 10550  9584  8464 13573 12311  6998 12227 15332 12194 10453  8128  7624 13452  9217  6525  9662  8384 10395 12439  9946  8700  9741 12638  9955 12537 12931  8698  9267  9862  9734
ch   85:   7157 10332  5600 12013 11701 13989  5845  9515 13002 11051  9175 10136  6241 10880  7799 15202 11702 10159  8676  9793 10078 11757 10978  8544  7863  7796 12972 10622  6741 14465  7674 10460
ch   86:  12991  9331 11734  7523 10672  5565 17041 11863 11351 13754 10994 12798  9976 10196  9380 11263 14135  8336  4931 14094  8804 11988 10078 11170 15970  7965 14588  9693  9693 11542  7083 13479
ch   87:   7958  8836  5309  7389 13735  4098  3466  8403  5762 12431  7668  9283  9070  8393  7978 12717  5705  4966 11427  7926 13504  8925 13977 11544 11760  7813  9537  5634  9217 10180  4185 10674
ch   88:  12337  8047 11364 11896 13108 11138  8694 10045  9999  9479  8791  7357  8728 11322  7289 10084  7468  8702 10788 11836  8255  8196 12928 11958  5722 10911  9985  8789 10796  8115  8403  8181
ch   89:   5965 12166  7187  9532 12053  5379  5927 11041 10487 11934  8498 16230 14860 10285  9348  8547 12816 10480  9334  5427 10159  8673 15213 11381 10899  9476 15585 10226 13597 10598  9083  4987
ch   90:   8962 10848  9697 13686  4613  9054  9024  8920  8382 10917 16841  9559 15127  9968  9359 10877  6071 10139  8542  7663 12112 11455  9452  7533 12515 11731 13326  9303  9991 10603 12378 11843
ch   91:  11350 12994 13652  9786  9123  9672 10348 10200  9121 11174  8237  8049  7883 13101 13374 10489 10980 11489  5446 12976 12012  9445 12565  6631  8076  7216 13698 11946  7828 12745 10486  7835
ch   92:  11268 11020  7244 11444  7429  6849 14738 13166  5309 14318 15691  7581 11959 10354 13725 11339 13165 12592 13383  8365 11521  8156 15694  5872 14316  8707  9937  5918 12179 11871  8187  9048
ch   93:   9312 10036  6616 12440 12875  5246  8707  8330 14330  9123 11872 11585  7764 10908 12466 12799  8742  9698 10365  5420 12244  7598  9922  9940  9113 11180  6922 10968  4015 12737  9508 12149
ch   94:  10978 10899  7069  7935 13712 11744  9234 10680 12847 11033 11330 12120 13767 13038  7027  7893  7261 13076  7504  7441 14449 10380 10338  5539 13705 11337  9922  9196 14457 10457  4654 15688
ch   95:   8666  9494  8275 11185  5726  9282 13783 11091  9371  6948 11110 11112  5016 11425  9479 11713  5612  9207 12091 10991 12187 12882 11936 12610 12385 12129  7083  7812 11307 12050  7436 10901
ch   96:   9513  9857 13281  4891  5247 12249 10745 11418 11291  8535 15921  9847 14135  7302 12766  4612 10527  7846 12333  6229 11055  9180 11337 14110  9679 13914  9767 10885 12727  7253 14454 14566
ch   97:   7468 10015  6217  6166  5377  7600 12748 11753 11668  9404 12581  7434  1960 14714 13636 11103 10715 14032  9992 12190  8221  9326  9040 10922  8067  8213  3936 13389  9614  9074 11814 12037
ch   98:  12863 11575  8312  7430  7348  6674  8718 11249  6800  8163  8973  7843 15713  6361  9765  8286 12491  9905  8687  9849  9195 12486 11242 12848 12647 10759 11905  7538  7282  8134 11029 12887
ch   99:  10328 10481 11596 12609  7478  7826 10874 11589 12807 13550  8983 18378  6174 12417  9154  6740 14205 11759  8039 13151 14973 12251  7580  4838 10755 11019 12477 10798 13678 13077 11965  8161
ch  100:  10372 10999 10964 10960  9299  8159  7913  6535  8294 12855 11248  9112 10260 12068  8249 11596  6495 12214 13689 15260 10872  7804 12543  4393 11377 10328  9037 11816  9623 10210 10091 13169
ch  101:  11344 11441 12800  9847  9302  8580  7861  6158 10029  6169  7324  8507 12383 11019  7861 13501  7528  4509  8506  9195 12624  8116 10401 11054  7172 13666 12841  8833  8954  9519  9683  8221
ch  102:   7374  7741  9962 12185  4999  9381  7866  9678 10387 11561 14479  9092 14183 10423 15199  9697 11728  6767  8867  5727  9578  8332  8412 11892 11659 12043  9705 11994  4651 14185 11484  9880
ch  103:  13945  6969  6081  8402 13583  8551 10161  8937  4861  9019  9585 13431  8335 12060  8731 12417  8825  5579  7657 13899 12434 12772  7797 12449 11227  8838 13373 11101 12332  8191 13141 11046
ch  104:  10360 14049 12444  7268  8389  9443  5308  7693  8955 15022  8678  8373  9026 11834  3593  9951 12147  8194 12510 11063  9971 11771 13831  6463  7451  9642 13784 11137 11989  8470  8244 12195
ch  105:  10689  7257 14673  6012 14092  7127  6771  6754 13256 14622 12124  9912  7813  6105 11662 11565  4407  9794 10091 12001  9047 10991 12737  8382  4124  7405  6811  7459  7453 11448  9951  4358
ch  106:   5965  9971 13138  8901 14579  8456  9211 11785 12639 10226  8881  6994  3824 12180  5870 10853  8410 11893 10575 11564  8007 14807  8576  6212  8991 16050 12618  8428  6919 11667 11261  9852
ch  107:  14165  9357  9166 12529  5754 14997  9667 10647  6904  9779 12934 13030 12371 11823 10734 14702  7397  8505 12152  9489 14334 12609 10851  8781  9592  9606 11214 12825  6340  9465  8073 10190
ch  108:   7077 11464  9640 10901  7741 10331 12144  4011 12567 12644 11104 13637 13478  9718 12646  7280 12645 10587 13332 11965 10675 11271 10696 11904 10732 13671  8195  8055  9400  9639 12031  7859
ch  109:   6229 12076 10193 13541 14359  7286  6097  7719  7925 11206 10372 11849 10583  9532 12244  8360  4505  8879 11648  9410 11527  6660  6640 14165  5796  7091 10886  9200 12883 11520 12228  8526
ch  110:   8610 12716 14248 12514 12172  9658 12588  7676 14612 10010 12464 16026 17899 12693 10928 15454  7250 10331  7848 11135  6889 12097  5767  7519 10659 10044  6092  6328  7731 12932  7982  8317
ch  111:   9100  8804 11975  9733 14317 13026  8105  5578 11753 10127 14937  5771 14395 10900  6714 13818  6692 13687 11105 11152 12482 11302  5858  7954  6736  9091  7473  6468  8214  8112 11608 13273
ch  112:   7671 10958  7677  8155 10110 10695  9731  8858  9154 14329 11963 12690  9558  9546  8715  7907  9756  9421  9988  7939  6480 17495 17855 14072  9273 10036  7651  8548  7722 12550  5544  8701
ch  113:   9640  8046 11049 11580  6027 11846  6479  9770 12062  8414 11239  8257 14492  8261  8891 11552  5658 11303  7273 10873  9625  8567 10396 13722 13011  4625  6774  6623 12459 10844 10632 13171
ch  114:  11416 11724 11550  6255 11860  5817 12988 12237  8897  8127  8714 11883  8381 15307  9366  3533 10016  5477  9631 12404 11710 11215  7352 10078  8852 14443  8854 13025  9012 11038 13612  5928
ch  115:   8918  8694 13613 10646  9985 13962  9884 12825  8469 11747 13666 12202 10730  9430 13313  8586 13402  9354 12538  8541  8402 10459  7677  9399  8559 13993  9380 11136  7670  9049  8777 10281
ch  116:   9453 14341 14570 14315 10850  6103 11271 12713  7052  6043  7820  5882  6789 10873  7555 10952 12050  8730 13522  7863 13348  7165 13628 11657 12173  7859  8028 12363 10463 11699  5118 11534
ch  117:  11423  7957  5540 13618  9659 11492  7090  9372  4383 12341  8154 12223 13645  6958 17123 16421 12569  9081 14003 11323 10195  7160 12621  9012  9001 10283  9864 12048  9197  8070 16951 12910
ch  118:   8112  8416 11779  9605  9473  9380 10197  9181 17170  9674 11273 11267 12838  8256  7217  8686  4881  5879 13556  7531 15178  7466  6155  9705 10557 14041  6505  7376  8610  6827 10584  6978
ch  119:   8423  9553  5466 10134  9245 12255 11998 13375  5872  8836  7877 10872 10260 13880 11629  7683  5551 11850  9370 11225  5760  9133  9290 10128 10189 12394 14271 14544 10734 12679 11017  7844
ch  120:   8977  8177 16089 10723 11268  9498 10837  6917 13994 10853  8843  8958  9457  8600  6897 10372 11209 12230  7406 11450  9971  9880 14595  9004 13048 12677  7656  7885  7393 11023 13976  7494
ch  121:   9914 12011  5426  6405  9616  8511 10351 13598 11595  9651  9636  6283  4369 16220 12389  8815 11674  8075 12382  8847  6031  9626 10826 13672 10999 12132 11937 14912  8029  7854  7828 11929
ch  122:   8164  6413  7292 11449 12756 11125  9451 16186  8311 10717 13464  8280  6941 13938 10477 11458  9533 10137  7911 12399 11010 10104  8119 14756  9858 10099  9231  8720 13411  5807 14588 12158
ch  123:  10940 12599 12956 10647  6893 11415 11286  8909  8383 10066 14114  8871 15020  7906 13843  5183  8314  9448  8290 10130  9409 12527 14503 11714  8745 12431  9322 10707  6207  7722 18790  9542
ch  124:  14191 13537 12785  7988 14276  7042 10081 13134 12796 13092  9915 10083 11281  9201 12333 12148  8143  6611  9718 11070 14198 14407  7216  6787  8711 13952 10974 10826  9613  7443  6494  4430
ch  125:   9090 15315 10685  7551  8782 11801 12198 11681  8434  8429 11640  8633  7157 13824  9025  7515 10766 10757 12602 10895 14685  7719  8309  9033  5357  4848  7547 10494 11062 13395 10457  6276
ch  126:  16792  8178 10378 12135 12349 10823 12896 10592  9669 12522  5639 10343  7233 12162  8666  6816  8730 13523  7003  6860 12387 11892  7991  5169 11595 11285  9412  7091 12762 10234 10809 14652
ch  127:   9437 13561 11940  8971  9292 12634 11500  9545  7956 11198 11274 13505 10451  9148  5923 11113  7683  7860 15439 11427  9522  8617 12535  6849  6460 10581  5174  7215  9985  7992 12253  4075
