ch    0:   1460  1777  2105  2510  2972  3417  4045  4917  6274  7883  9744 12787  9603  8112 13563  8438  8100 11418  9878 11166 10997 10383 11447 10755 15088 12604 15541 15348 12748 12677  7752  9945
ch    1:   2972  3531  3979  4919  6097  7407  8366 11270 13056  8647  8338 13728 13405 11026  9302 12210  9897  6940  7946 15967 11224 10828 10987 12045  7115  9317  9101 13325  6242  7497  9471  6237
ch    2:   5476  6246  7620  8708 11195 12798 11954 11776  8229 10805 11457 10497  7660 16058 11240  6002  5872 10268  4845  8523 10051  6361 11304 13314  6866  8925  8576 12692 10785 13036  6760 10296
ch    3:   7158  8723 10201 12087 13303  5976  8734  9146 11002  6435  7776 17532 14299 10104 14957  8793 11291  5310  8092 11581  8951 12290 12232  5197 10386  9674 10233  8829 10782  8703  8776  8863
ch    4:   7967 10400  8333 11653 10021 12901  8533  9795  5556  7210  9908  8985 15233  9154 13821 10170  8831 10602 10393 10453  9868  9181 11377 13142  9348 11058 10209 15020 12858 13616  7468  9033
ch    5:   7374  9271  7978 10923 10202 13886  9512 10251  8686 13339  9506 10500  9339 12241 12485 10576 10864 11264  9823  9836  8177 13518 11365 14676 11283  8522 10058 14495 11817 10346  7354 10886
ch    6:  10270  7813 11386 13725 10360  9224 11495 12993 12821  9740 10888 12883  8242  9115 12344 14236 10747 10185  6023  6796 10898  7422 10425  8136 10346 10231  9097  8191 10002 13120  9242 12227
ch    7:  11325 10902 13619 12689 13442  9601 14407  8674 11841 10359  8645 11292 13050 11762 12389 12817  6586  9327  7193 11614  7769  7798 14588  7061  9342 15303 10307 13033 14509  9531 13331  5159
ch    8:   8984 12853 11764 11845  7896  9509  8393 13254  8421 13210  7811 11073 10683 11923 10244  5714  9172 10975 11171  5612  9541 10899  9263  8890 12421 11035  7698 10098 14139  9253 15345 11218
ch    9:  12259 11375 13356 11166 11698 10808 12048 12994  8827  9176  6659 12323  9179 12774  9081  6110  7214 11953  8366 10096 10668 10986  7367  4238 14669 14630 15241 14085 13856  6385 13398  7832
ch   10:  10114 13117 10339 10928  7156  9017 10279  8143 14583  9607  8942  8828  4871 10913 10594 11575 12783  7090  8874 11181 10486 12452  8383 12950  9298  7236  9029 10033 10086  7818 11944  3036
ch   11:  13495 15618 13102  5826 12391 12206  9333 10367 12579 11958 14546  6532  9930  9165 11237  8095 12645 10231  8451  8179 10855 10526 10850 12875 13454 11498 10833  5977  8400 12221 10402 10225
ch   12:  15098  7401  7394  9695 13853 10035 11858 10884 10162 15545 10793  5311  9494  8741 10058 13580  6332 10856 10244 12510 11731  8314 12722 13767 13349  4885 12027 13363  9485  8594  6924  2780
ch   13:  12000 11246 11994 10039 13369  7869 10724 11312  8218  6945  8119 11961 12867 15322  9736 12321 14705  6251  5642 14112 11968 11875  6344 12293 12944 11677 11523  5402 12849 11906  4537  2900
ch   14:  14125  9141  7539 16098  5068 11067  8828 10956 14006 14950  7728 11354 14272 12066 10551 14868 11164  8520 11889  6550  9236 14519  9377 11678  8584 10988 15212 11349  4871  9913  7179 11802
ch   15:   8511  7703 14284 15074  6212  7700  9040  9678  8527  8903  7278 12566 11673  8454 13598  9702 13373  9448 11202  6204  9161 11455 12394 14584 11658 10197 13233 10211 15998 10189  6128  9681
ch   16:   8781  9432 12597  5681  8614  9438 12581 11848 10148 12548  9463 10393  7343  6304  7470  3865 10504  6097  9178 11330 12799 10701 12347 12741 12177  9130  4024  9693  7825  7542  6391 12963
ch   17:   8981  7556 10786 17844  8033 14672 10448 10711 10242 11539 14093  9950 11268  8629  6000 14586 13354  9981 11138  8281 10345 11695  4712  8699  8660  5992 13411 10549  9181  9796  8926  3267
ch   18:   7458  9475 12715  3061 14153  6919 13252 10423  9782 11588 10527 10559 11592 10192 12925 10142  9375 13061 16012  7884  6945  7167 10170 12349  8666 11162 13968 10808  9155 14185  8210  3563
ch   19:   8150  7883 13644  5382 12991 12245  7157 12597  9403 15646 11449 10629  6969  7896 11815 12852 11402 10969  6394  6245  7607  8952 14008  8106 12498 12210  6629  9314 10566  7369  5253  8787
ch   20:   8309 13916  6832  7745  5896 15732 12387  8359  8991  9631 10382  4578 12944  9539 10791 10393 11521  9645 13418  8491 10701 11854 10611  8802 11004 11967 13473  8516 17145 11607 11504 13222
ch   21:   8542  8867 13085  6953 18368 11823  8790  8999 11761 11828 12110 10486 11993 12484 15130 11290  7637 13946  4965  9943  7463 13871  8322  9741 10668 13942 13494 12398 10323 12503 13899 11247
ch   22:   9228 12565  6706 13005  5439 15524 11114  9037  7544  9979 16413 10792  6877 10349  9759  8587  7660 10255 12360 12110 13969 11590 15174 14047 10724  5991  8608 10792 16942  8919  9794 15392
ch   23:   8313 14667  5779 12533  5536 11570  7184  8714  6753  6533  8169 10103 14928  6008  7116 13564 14451  9314 10592  9117 15661  8341 11232 10597  3387 15362 15458 12293 11463 11409 14194  7944
ch   24:  13701  6648 12417  9461 11073 11596 13220 10472 10233  8700  5500 11135 10527  8277  4693 10601 12772 10812 11369 11220  7997 11075  6207 13084 11183  6677  8008 10005  8131  4192 11160 14795
ch   25:   9535  7861 10121 12716  9536  6701 14478 14361 12975 16538 10712 10753 15517 12658  9017  8168  8567 13044  9196 11710 13454  9865  8866 11628  8906 10901 11575 12330 11547  9750  7749  5712
ch   26:  14267 10265 14166  8428 12686 12700 14079  9254  9109  4059  7573 13373  8723 10909  9816  7719  7541 12733  6257 10282 11968 13642  9849  8545 12744  8172 10293 13249 11321  6735  6616 10913
ch   27:  12641 11262 10643 10963 12692 10181 13204  5793 12703  8018  7334  7160  8102  8598  9528  7914  8371 11516 11247  9855 11950 10125  9381 14086  8119 12130  7154 14147  9145 12146 11641 12235
ch   28:  10401  8611 10075 13780 12264  6284 15323  9488 12821 11013 11146 12230  7484 15343  4429 12225  5607 10793 10458  7786  8642  8006  7593 11915  7733 12861  6347  7491  9154  5261 12883 10571
ch   29:  10787 11904 10529 11454 13244 10515  8366  8816  8813 11300 10443  8585 12878 12443  6755  9646 13126 11850 10946 10868  5353 15703 15758 15816 13901  8522 14376 11586 10833  7803 12392 10014
ch   30:   7675 10864 13231  9403  7818 15704 18573  6302 11184  7798  9165 10830 11437 11698  9478 13087 13079 10527  7822  9346  7739  8282 11997  5894 13612  5849  7645  5838  6190 10104  8739 12573
ch   31:   5526 13152  8849 14540 11489 10480 13205  9900  6401  6829 11019 10271 12572 14558 12365 14921  9947  9085 11899  9411  9587 13563  7359  6102 13524  6688 12182 11886 12604  8661  9557  9047
ch   32:   5695 10301  9983  8380  8999 15660  7960  7238  7434  8146 11043 10944  9529 13610  4055 16222 11284 10952  6540  8075 11983  8987 10155 11952  9987 11626 12558 13608  8182  5700  7764 10148
ch   33:  10880 11197 14114  7704  8548 12638 14152 11383 10214 10090 11182  6776  5126 10872  9833 14478  9287 10720 13259 10822 14965  9185  7859 10600 11497 10838 10920 12847 11143 11809  4239  9818
ch   34:  11448 11695  8174 15070  9665 12889 14767  7986  4718  7785 11000 10494 14957 12630  8369  7683  6326  8957  9190 10518 11748 14565  9736  7481  9668  9475 13833 11095  7609 10510 11910 10134
ch   35:   6374 14325 11087 11939  9729  5776 11936  8673 10000  9890 10339 13134  8451 13063 11370 10032 10283  8693 11132  8371  6968  8860  8840  8993 12538  8194 10810 12291 10085 12372  9677 12794
ch   36:   9580  9298 10812  9063 12736  8969 14664 11108  9185  9981  9453  9237  8662 10038 15004  9846 11526  7086  6351  6718 12650  6554  9019 10463  6585  9274  7565 10519 11947 12852  6862  8915
ch   37:   8851 14050  8220  6011 10196  7694 10248  3802  9484 10475  8536  8496 13231 12498 12642 10710  9003 15476 11221 11829  7290  9011 11247 11089  9028  9670  7723 11880  8581 11913 10324  5382
ch   38:  10062 14757 11938 10789 10703  9392  8226  9323  8807  7371  9107 11356  7597 10278  7800 12573 11734  7592 14158  9882  9900  6472 12268  9677 13831  9282  8116 10391 13574  9762  7731  9994
ch   39:   8905 12034 11772  7443  7925  8304  7117 10014 11845 10886  6022  8792 13694 12567  9861 13288  8221 13041  6710 11763 12620 15648 10462  8582 11842 14538 14494  8998 14078 10667 11820  9658
ch   40:  11820  6966 10873 13601 13697  7714 12435  8541  5916 17320  8898 11655 14146  8395 10843  7995 10094 12365 12621  7488 10473  6375 14654  9015  5490 14124 11828  9786 10214  8724 12313 14352
ch   41:  10903 12871  9758  8674 10698 11454 12401  7535  9457  5485 14292 12415  8777  8283 10567 11953 11585 13478  9755 17420  7808 11059 13707 10362 10021  9736 10415 10001  7471  5441 14661 13371
ch   42:   8800  8833 11121 10750  7148 14813 11245  9431  8111  9955  8228 10792 12292  5465  7307 10681 12176  5888 12812  9676  9407 11510  9752 13140 14129 13422  8199 13577 11799  9234 12398 12155
ch   43:  10330 10427  9953 10795  7746 12630 15579  9380 10293  8061  3439  9537  8344  9577  7704 10962 12780  8575 10428  5959  8817  6302 15713 11307  4859 10126 14358  7014  8305 11281  4329  8431
ch   44:  10174 10941 11288 11852  9634 10182 10712 11555  7030  7234 14407  9358  9699  9819  8762 11387  5640  5019 16208  7531 12922 10352  9571  8380 12184 11235 13098 11273  7096  9079  9521 11023
ch   45:  11712  9254  9667 13645  6693  9774  8703  9710  6619  7498 11866 12448  6027  8806 10659 12565 10037  8441 11095  7613  8909  9289  8465  9879  9816 10128  7889  8010 12893  8900 10562 11367
ch   46:  10593 10849  9250  3611  7454  8811 13411 10915 11050  3907 11207 10456  9276  5026 12713 12774 12452  8230 13841  8241  7416  8938  9325 11518 10928 11201 14307 13474  9277 13437  7881  6763
ch   47:   5585 13666 13067  7768 11397 10943 13827 10696 16062 11656  4437  9969  8388 10268  7795  9482 12775 13528 10515 12132  6490 10987 10442 12996  8741 10525  7194 12231 13254 10402  7171  7056
ch   48:   7799 10742 10777 13586 13001  6793  9224 13935 14156 11350 15255 16743  7786 10402 10958  6322  4593 11040  7270  8384 11414 11639 10638  7520 12649  9333 12644  7181 13562 11414  7954 13247
ch   49:  10020  7539  7553  8576 14312  9989  7614  9159 14186 12173 13138 10817  8843  6650 14256 11225 10744  8593 11017 11489  6334 11531  2251 14114  7808 12336 10640 12207 12634 10652  7142  5747
ch   50:   7351 15392 13817 13083  8357  8063 12748 14180 11276  7868  9078 11938 10403  9120 10353 13399  9341  8411 11034 10165 14005  6702  5946 14604  9404  9843  7493  8127 10592 12367  8966  6933
ch   51:  10893  8786 13016 10354 16027 10143  8907 11039  7953 10909  7936 12700  7878 11398  8215  9841  7843  9935 11392  8497  7168 11405 11130  8345  7000  6277  8426  8712  9207  5996  9628  4870
ch   52:  10118 12458 10467 12484 12082  7992  5129 10541 12733 10018  9344 14144 11971 13685  9389 15670  8520  8974  9855 11078 12827  6707 10144 11624 11616 13492  7071 16000  9054  3737 11647 11791
ch   53:   9240 12046 10709 11299 11648 15204 10035  9393 12385  6968 13240  9827  9297  9765  9542 16244  7675  8288 12322  3708 11744  8654 10442  8922  5833 10702 12827  9158 15271  9245  8703  8014
ch   54:  12049 11306 13067  6086 13211  9458  6275 11840  4735  9743 10014  7255  8560 13025 10361  7256  9642  6591  8951 14441 12463 14093  8610  8855 11351 10542  7569 10829  8719 11170  8393 10348
ch   55:  10178  5047  7400  6396 16433 14811  9828 11169 11224  7005 11393  7301  8758  6543  9075 11326 11499 15918 11102  8101 14556 10448  6255  8661  7376 12994 10890 14926 11477  8510  9209 13276
ch   56:   8392  5470  3556 12270 10392 11704 13160 11662 12234 12176  8337  8503 10165  8058  9972 10715 11864 14700  9562  9186  7744 15384 11668  9141  8021  9207 10042  9555  9827  8172  7153  8711
ch   57:   9105  8438 16213 10847  7815  8271  6870  8033  8070  8192 13951  8989 10302  6948 13201  6320  7580  9920  9169  8896 12066 11541  8938  9224 12653  8341  7041 13741  6280 14348 14278  8862
ch   58:  12093 10156  8939  8912 14150 10622 10302  9770  9499 12712  8869 12310 13383 13347  8714  8680  9718  9122  8612  6676 12789  7974 11576  6204  8691 13305 16005 14361 10166  9805  7999 13057
ch   59:  12046  5931  6629  9656  9045 11378 11109  7246 10894 16084 12084 10772 10718  7667  5663  9825 12003 11323 11293 12028  8622 16243 12012  4750  9084 11209  8662 12756  6127  8721 12044  7580
ch   60:  10762  9494 13486  7350 11005 10055 10053 10084  6905  6388  8958  9603  6146 11153  9896  7219  9094  9878  7502 13130  4754 10852  8445  8433  8878  6379 12770 12495 11574 12792 11089 11570
ch   61:  10270 12998 10599  7767 13212 13942  9189 13962 10781  9468  6944  6477 12293  9347  7330 10869  9768 12384  8016  8094  9885  6894  7740  4954 12427 12724  6938 11373  8087 11703 13723  7793
ch   62:  16346  8718  7079  7012  9337 11302  9137  7187  7951 12936 13191  9772 14108 10707 15484 10447  9056 12745  8286  7477 12773 12498 12384 12988  8790 11541 10186 12927  8387  7081 16123  8775
ch   63:   8424 10107 11189 12397  8019  6540 12391 10279 12913 12852 10315  8934 13443  9656  9139 11829  7394 10444  8628 12183 14082 12904  8100  7368 15257 14967  9478 16714 12640 14021  9961  8976
ch   64:   8836 10056  9804  5184  9422 10898  9846 11046 14822 11586 10047 14561  9382  8353  8049  7216 11295 13509 11139 12799  7472 10138  9288  8049 10493 11531  7787 14510 13821 11230 10130 12544
ch   65:   7025  6458  9036 10805 13588 10902 13351 10636  8170  8091 14621  6904 13015  8822  7145  9762 10414  8940 14003 12291 11798  8683 15189  7042  8743  5917  7855  7503  7197  8019  6044 13206
ch   66:   8477 11287 10281  8840 15746 11902  7336 13195  3950 12026 12023 10381 13619 15259  9006 10313 10819 10489 10012  5201 10738 11199 11623  7787 11011 11471  4619  8785  8631  6542  9547  9831
ch   67:  10807 10392  8007  9546 11360 10832  6522 11748  9879  9090 12388  7970 13581 11598 13035  8709 11614 13576 10323 11987 12880 10747 13080  9368  7940 11453  6104 11602 14606 12712  9565 10436
ch   68:  11902 16210  9474  9934 12303 14544 11178 12953 11940  6960  7372  9777 13834  9730 13467 10385  9146 12050 10623 13097 12378  9570 11092  8654 13982  6135 13025 13765  8983  9697  8923  9096
ch   69:  11957  9947 10292  6503  9384 13147 11083 15495  9648 12862  9105 13466  5668 15399 11187 11386 11145 12487  9825  9030  7741  7621  8045 10642 10945  8441  8739  8026  7020  9120  7749  7215
ch   70:  11005  6701 17283 12029  5540  8111  6463  8506  8719  4016  6428 10061  9709 12752  9150 12690  5631 10860  9078 13593  9006  9527 14747  8531  9632 10285  9191 11076 15301 10718  9322 11843
ch   71:   6387 11614 11276  7880 14695 10023 14920 14119 11188 13371 13948 12796  9008 10181 10371  9590 10124 12325  9744 12518 11026  8863 14714  8925 11914  9086 11525  7694  6410  4455 11492 10046
ch   72:  14457 10186  9249 11011 13237  6268 11883 11629 13473 10567 11078  8071 13347 12907 11853  9574 12064  8045  6945 10055  9449  7720  9604  8869  9487 15910 10480 11045 14501 10528 13522  8217
ch   73:  11865 12204 11075  9258 11044 13357  8643  8972  9366 13529  8996 15098  9933 12951 12991  8130 10434  9972 12516  9048 10463 11679 14575  9534  9107  9452  4295  8071 14669 11084 11526  9376
ch   74:   8489  9927 11290  6731 11451  5424  9838 13032 10686  8781  8197  7852 14143  4921  7315  6229  6124  8486  8916  6139 11544  9627 12116  9155 11184  5737 10675 14483  8276 10777  9710 10443
ch   75:  13417 10093 11166  6586 17283 13722 11942  9734 11520 12160  6781  7249 14149  5226 12952  7485 10595  9816  8283  6296 11428  9413  9174  7928 10444 14504 11338  6460  7887  9640 12540  9279
ch   76:  10069  7579 12770 11990  8707  8940 12151  9816  8763 12661 10344  6156  9808 13008 10506  7508  8379 10460  9158 13561 10346 12734 12752 12636  9748  9438 10385 12525  4495  6780  8451 10097
ch   77:  12488 10870  9358  8779 10368 14699 13728 10840  9351 12534 11856  9304 13348 14850 10827 10373  8938  5763  6489 10061  8873  6834 12376  7086  9829 13056 11370 10128  8748  6168  7176  4162
ch   78:   9476 11601 12645 11028 11089 10358  9356 11424  6433 11801 16920 12606  9563  8837  9762 10193 11854 10859  9120  7098 12094 11916  7966 12104 13262 14629 10129  9031 10960 13222 11453 10235
ch   79:  11603 10830  8158 12173 10853 15543  9315  8933 11287  8136 10360 13216  7971  3803  8730 11827  9992  9835 12145  7708 11565  9299 13024 10305  5304 11054 13496  8328 11897 10145 12685  5694
ch   80:   5757  6648 12355  6219  7593  9324  8450  7074 12234  9651  7516  8896 16206 10533 11408 11038 13234  7926 11307 11862  6561 10671 10061 12026  5297 11274  9334  8993 14323  9497  8789  9639
ch   81:  11296  8038 14961 13392 10759  7997 10907  6794 10784  7111 11408  9458  9911 15748  8933  8800 14572 12098 14606  7984 11626  3981 10668 14199 15065  7187 10745 12468  9349 12168 13462 10629
ch   82:   8167 10775  6068 11608 12853 10925  5829  9950  7517 10274 11187 11111  9027  3823  9733  5591  8763 11829  9983 11973 11006 11548  9114 11837  9292  9666  4148 12891  7747  8751 11340 12509
ch   83:   7897 13150 14841  9056 15063 10771 14781 15965  8096  9377  9001 10954 10975 11505  9544  8282  7814 18165  7896  9937 12989  6169  8845 15315  8085 10344 14650  8901 12998  6130 13078 10526
ch   84:  10177  9676 10606 10005  9638 13701  9201  9137 15106  8110 10219  9832  9440  8355  8744  8572 16736  5535 10130 10036  7595  6538 16710 11616 14045 12139  8618  9707 10190  9812 10663  6719
ch   85:   9266  9657  5619 14658 11701 13890  8116  4562 11341 13009 13235  7391  9664 11733 10773  8761  7267 15439 10900  7994  9982 10975  6466 12314  6652  9743  7582  8439 13964  9627 12696 10226
ch   86:   9901 10166  7368 13543  8061  7617 11744 13240  4001  7263 13637 14093  9871 10916  9475  8672 11279 15478  5195  8324 12754  8811  7510 12398 11425 12818  8606 14166  9418  9115 13197  9714
ch   87:  11179 14322  7635 10589 16804 12453 11058  6002  9553 11894  5229  9901  9877 11865  7641 11004 10282  9074 13038  9996 12603  5513 10363  7551 10880  9886 14503 11949 15974  8454  7595  6600
ch   88:  11174 12142 10330 11064  9502 12449 11917 11817  3492  9316  9827 11536 12400 13250  8157 12847  9771  5238 10983 11942  7786 10782  3999  9213 13106  9768 16123 13102  5327 10245  8885 11705
ch   89:  13279 10519 10188 12057  9886  6704 11703 12081 16243  8020  8016 12167  8572 12355  8794  6212 11086 13943 10360 14502  8347 13331 12186  9363  7212 10915 13243  7836  7996  8518  6751  7095
ch   90:  10307  7120  7190 13866  8028 12495 12664  9634  5329  7688 14755  7746  8678 12744 11035 15662 12003 11712 11793 10152  8104 11686 15601  7425  6538  8062 11286 12507  9728  9021  7901 10738
ch   91:  10482  7159 14255 10181  9458 10900 12384 13732  7173 11195 11668  5870  8638  6815  8026 16613  6424 10086  5839  8419  9837 11107 10549 12134 13860  9074 10773 12843 16029 12657  9699 12593
ch   92:  15271 11702  7697  8218 12503 10287 10337 11119 12138 10843  7485  9794 11811  6085  6568 10427 15432 10210  7420  7532  9694 10960  9029  9537 12802  7548 11746  6940  6308  7629 10912  7218
ch   93:   4874 13417 10103 11698  8762 14606 12311 16743 11713  7770 12982  6774 10766 10476 12397  7922  7239  6412  9730 10193  7799 10343 13262 12219 11373 11750 10348  9650 11906  9161  7241 12074
ch   94:  13386  8824 11448 12047  6624 15150 10922  8802 11979 10475  9039  7371 10358 11853  9508 13068 10924  9978  7971 10090 12057  7801 11797 12237  5670  4819 14571 11129 12233  9399 10164  9752
ch   95:   8757 14017 12347  7936 12885 10203 12122  7362 11639 10349  9235 13796  9712  6998 13869 13455 12881 13817 13358 10978  9899 11997 10640 11300 11709  5920 11174  7044 13685 17700 12481  9642
ch   96:  11380 10360  8919 13973  5109 12174  7596 11290  8929 15911 10318  8513 11422  8923  7112 13799  9804  6260  5442 11701  9891 12334 10997 11896  8147  7670 10930 12902 10041  9907  9028  5527
ch   97:   9699  6791  6393 11043 12313 11612 11260 14538 13583  9050 14338  9909 13206  7715  6833 15879  8435 13989 11232 10648  7590  8086  7622  9103 10637  6154 10309  8027 12753 13121 11213  9130
ch   98:  10788  8416  8268 11152  8891  8869 12261 10408  3790 10695 11668 11939  8299 11253 10776  5557  7219 11349 10617 12993 10125  8778 12911 11713 11924 11675  9557  8895 11552 12645  7539 15671
ch   99:   8381 10147  8553 10780 11736 11349 11989  8666 10761  5715 12537  6910  5050 11295 16077 11803  8654 14326  5705  7418 10317  7887 13147 13776 12229 10311 10596 11353 10222  3745  8607 11232
ch  100:  16051 11652 11462  6889 10999 13991  8938  7873  7091 10743  5619 13992  7773 10117  8025  9994 11009  6545  7649 10768 11579 10762 14911 11984  7602  8436 11965  8647 10212 12312 12727 13192
ch  101:   9214 11342  6316 11240 10032 11680 13041  9205  5927 13672 13512  8040  9270 11178  8298 10485 13587  8093 11757 12804  7937  7769  9035  7400  6771  4768  9070  9222 13166 13054  9866  8821
ch  102:  13124 11792  8458  9183  7549 10544 14334 11345 12188 11885  8144  5973 11387  6785  8944 11060  9945 11016 11858 13683  6074 10253 11588 10525 13745 10158  9166  7367  9478  9733  9519 12741
ch  103:  11405 13267 12047 11979  6830  9996 11630 10086  8803 12919  8670  9728  9637  9863  9395 10841 11638  9855 11323  6934 11745 10286 10882  6048  6685 13025 11450 11364  9327  8736 13192  9516
ch  104:  10058  7428  9572 10145 12876 11555 10352 12503  6754 12177  9915 12588  9094 11690  6224  8978 10352  6527 10122 10721 10422 15275  9454 11559  8133  6994 11566  9557 13427 12541  8133 13545
ch  105:   8150  9463  9696  9234  9707 10914 12092  9786 13021  4371 14789 13710  9071  7465  8219  9014  7429  6309 12099 10095 13075 11053  8739  5274 10682  9954  6011  5391 13754  8465 15466 10183
ch  106:   9632  9848 10592  9550 14684  8697 13770 14404 10591  9026 12134  9663 16833 14029 12806 10840  7375  4503  9403 11001 12888 14590  9863  7786  8599 14043 11714 12289 11184 10622  6253 13414
ch  107:  14531 14009 11729 13204 10248  5820  9129 12458 16384 15765 14976  9830  6094 10781  9048  6941  8405  8312  9807 11432  5680 12872  9814  8347 11066 10335  8493  9865  8660 12746 13940  8194
ch  108:   7984  8424 10428  7975  9428 15318  8067 15813  7667  5087  8983 12672 11343 11123  9341  7135 10760 12982 10539  7055 11080  8902 11208 14832 11817 11417 11621 13765 13593  9602 11526  8274
ch  109:   6741 14410 12917 12275  9726  8613  6815  9172  7929 10279 13919  5679  6431 13106  8973  7184  8121 15485  8117 11179 12188 10669  9128 13307 11849  7236 12793 10851  9862 10841  7776 10981
ch  110:  13047  6042 11464 10050 12765  9407  7975 13930  8013  9935  8160 11443 13547  7201 10816 11849  8208  6444  7209 10210 10526  4014 12364 11235 10331 14157 11633 11823  9363  9000  6720 11814
ch  111:  14005 13814 11097  5861  5849 10472 13348 13800  8303 13268 11608  8410  9654 11685  6759  9595  3579 13221  8040 12756 10215  9205 13146  5827  5331 10871 13471  4399  9790 11812 11467 12169
ch  112:  11454 13354  9135  4957 10089  8585 12394  9121 10473  6658  9092 12801 13185 11069 10201 10164 12756 12399  8488  5299 12119 13718 12017 10404 10003 12742  8863  7300 10284  7787  7194  6665
ch  113:  12497 11749 14739  9707 14068 14104  8697  6423 13947 11448 11148 12296 15356  9973  9788  5965  9490 15943  8010  8985 16144 10066  6510 12714  9463  8992 10413  6154 11949  5796  4138  9838
ch  114:  11281 10994  7486 10042 13243  8803  9136 12358  7304 10130 11320 12746 12631 10581 13545  9418  8766 14543  8999  6595 11231 14716 11429  9421  7710  5172  9507 12177 10405 10156 13181  7730
ch  115:  12979  9298  7256 11258  8264 15050 11440 12128  7365 11708 11340 13894 11246  8215  9103 10429  9482 15277  9690  7620  7683 11837  7155  9461 10482 10502 10465  8494  9989 11416 16648  7493
ch  116:  11295 10929 10362 11675 13426  7307 11516 10463  9280  9124  7617 13478  9340 10621  7203 10000  8572 11245  7488 12740  9552  9396 15949  8583  8112  8789  8770 15948  7040 11135  7095 15239
ch  117:  14912  9167  8899  9336  9608 11562  7681 13090 11036 13899 13497 10600 10447  7442  7517  8081 13509  8264 14102  6204  9716  4598 10528  8256  7973 10796  8955 11054  9620 11055  7978  8139
ch  118:   9056  9289 10380  8481 14466  6938  6025  8322 10461 12716  9997 13509  9281 15853 10841 11101  8668  7214  7846  6512 14177 13918  9997  7442 10341  9788 14263  5750  8306 10033 13492  8157
ch  119:   7400  6603  9289 12080  5534  7450 10520  5489 16252 10440  8034 12606 10009 12374  5190 12222 11112  8638  8294 10125  8052  7846  9555  9087  9546 11268 10225 11654 11936  8095 13090  7357
ch  120:  10595 12256 12610 11297 11919 10086 11485 10371  7062 11520  8580 14924  5863 10815 14629 11316  8936 13022 12231  8119  8784 12359  9017 10945 12630  6433  9375 11186  8394  8792 10363 13582
ch  121:   6424 10656  6487 14313 11173  8358 10788 14856  7209  9738 12149 10602 11275  9130 11535  6405 10748 16604 12570 12892  6674 12944 10196 13312 14980 10937  8399 11097 11924  7780  6642  4083
ch  122:  11202  8885  8463 11380 11587 11361  5752 10087 12659 15216  7478  8098  9979 16717  8166 12606 11175  4805 14220 10405 13279  7423 10050  9712 13083  8700 11363 13649  8719  8071 10319 13224
ch  123:  10917 10333  8301 10787 10920  6934 13309 11876  6240  7845  3325  4211  8099 16182 14341 12908  6918  9740  7732  7795  7286 14482  9141 12433 10928 11435 12018  8369  4456  9392 12810  9545
ch  124:   6284  9369  9604  8531  8027 11241 12610 13061 10832  7429 13966  9535  5725  5074 12005 10239 13230 11251 10928  9196 10378  8455  7985 11616 14924 12416  8697 10601 10557 12001  8997 11811
ch  125:   8095  6868 13291  6315 12834  9814  8706 10342  6670  5914 11210  9210  8311  8282  7793 14487 10601 12464  9196 16823  9700 12196  9891  9835 11789  8452 10734 11078 13431  9633 10967  9032
ch  126:  10467 11314 10875 10450  8821  7614 11779 10365 17580  6882  9121 11056 13490  8284 12063 10439  5702 12407 10257 10934  6786  8635  8477  9150  8280 10381 14255 13031 13598  8660 11058  8199
ch  127:  12663 12321 10356  7491 10751 13543 11220 12432 10533 11490  8590  8648 11826 10896 10373 11570 14240 10597 10407 14843  5232 14588  3508 17144  7499  6269  9916  9098  8555  7770  8276  7524
