ch    0:      1     1     1     1     1     1     1     2     3     8    25    57    91   182   335   656  1193  2154  4974 10828 12049  7396 11962 12388  6375 12121  2670 15697 15143 10248 10024  9990
ch    1:     30    53    60   112   160   239   310   409   675  1030  1470  2309  3261  4504  6990 11129 13089  9208 11858  5978  9045  6941 11794 10719 10230  7388 10253  8157 13082 13373  8752  9206
ch    2:    137   160   230   350   478   625   921  1394  1924  2878  3951  6127  8181 11070 16228 11452  8678 13274  9069 14164 13015 12523 12403 11313 10664  8344  9262 12829  7877 11244 12652 14511
ch    3:    616   714   990  1286  1789  2431  3405  4514  6192  8457 11737 11464 12968  7619 13180  7065 10680  7818 13073 10422  8042 11478 13494 11482 10968  7265  9694  8484  8550  8275 13029  7615
ch    4:    664   910  1225  1717  2253  3299  4754  6064  8076  6428 10813 14089  7056 11296  9145  6257 11379 11603  9418  5869  8518 13797 11109  8889  7298 14115 10783 13977 11706  9919 12275 12844
ch    5:   1508  1990  2763  3620  4943  6445  8662  6864 10835 15347 11387 11992 10496  8910  7117  9442 10475 11009 12047 12906 15210 12942 12593  9725  8866  8691 12144 10646 10846  8846  9289  7395
ch    6:   1452  1763  2353  3306  4422  5933  8427  7525 10928 14954  9686 10176  6886 10970  7047 13187 13787  7011 12390 12384  6787 10467  8765 10491  7941  8706 10280 10790  7126  9787  5232  9504
ch    7:   2447  3211  4448  5628  7389  9058  7783 12022 16917  7435  9909 11786 10811 10864  8949 13535  4303  5291  6478  9209 10839  9033 11635 10293 11850  9495 13793  7512 11294 15110 10890 11122
ch    8:   1968  2842  3569  4854  6312  8516 11757 10958 12534  8953 10970  8029  6075 12755 13304 13747  9723  5716 11334 10112  9579 11661 16730 11294  9799  8887 12886 11553  8290 13467 11747  6887
ch    9:   3621  4740  6378  7767 10223  9867 13100 10835  8137 11662  7640  7396  8621 11022 10412 11599  6678  6320  6798  8242  7213 11751  8475 11736 11139 12754 11141 11583  7572  8421 11962  6025
ch   10:   2619  3311  4304  6199  7920 10085  9883 14777 10626 11441  4902 14876 11111  6005  8707  8254  9732 12419 12093 11003  9826 11005 12583  4076  7416 15239 15772 11798 16615  4502 11744 11287
ch   11:   4047  4749  6257  8519 10675  9875 14574 11657  9707 10632  9444 12819 10237 11905  9874  7158 12676  5963  8403 15192 14429 11423 15217 15158  6068 15550  5584 10999 12109 14060  9647 10218
ch   12:   2685  3624  5046  6952  8476 12446 12358 10098 11733 13392  8514 15905 13836 12480 14192 12862 15843 10929  9910 11253  8765  9838 10625  9450  8038  3428 10517 13236 14250 12587  7505 13731
ch   13:   5497  7169  9149 12184 11490 11091  7634  7369 10723 13158  3617 12352 15607  9072  5487  7335 10202  9057 16032 12071  7136 10854  8309 14130 12069 11701 12506  6678 11865 12365 10376  6879
ch   14:   3828  4931  6096  8128 11474 10470  9206  9019  9220  7134 11713 11349  7210  7646  8621 12696 10170  8169 13788 10435  6007 12137  6838  7102 15162 11129 13361 10258 16035  5830  7322  8815
ch   15:   6304  8329 11278 13076  9546  9585  8568 13638 10210 12670  9559  7434 13497 10427 12750 12934 13849  7550  2138 12891  5316 10997 11936  9967  9302 10997  9032 11821  8146  6251 14668 12256
ch   16:   4414  6233  8041 10312 13626 12957  8367  9905 14388  8407  7965 10644 12131  5646  9659  7246 11788 10976  9357 11955 11024  8096 10196  6573  5950  6644 13429 12017 12866 10472 10992  8225
ch   17:   6610  8668 10752 14093 12639  7841 10951 12690  8335  6601 11602 11812 11709  8517  8064  8374 15665 13759  8913  7724  8037 12876  3316  8330  9870 13178  6281 12378 10379  8385 10697 14822
ch   18:   5074  6794  8724 12039 11115 15572  9966  8286  6669 16609 11096  9129  6030 11910  8928 13843  6776  9439 12300  8792 11144 12189 10384  7077 16244 13249 11388 13499 13614  7295  8888  7678
ch   19:   7285  9500 13097 13010  8509  8938  8117  9492 14536 12233 10459  7988  9886 11393  9513 12397  4834  7189  4821  7240  9399  4920 12879  8171  6207  7915 13060  7739 12321  7043 10645 10232
ch   20:   5471  7829 10251 12317 12391 10531 12543  9197  8846 10125  9454 11025  7584  9186  7159 10538  8502 13517  8590  8759  9795  6102 11374 15668 14868 10249 13268 10870  7729  7630  7501  8646
ch   21:   8598 11071 13159 13721 11106 10231 11813  9137 11904  6667  9392 12133 11049 14597 12076 10094  9226 11580 12285  9316  8338 10568  8760 12495  8202 10804 10511 13059 14519 10058  7727  9726
ch   22:   6552  8988 11931 16208 15175  8940 10282  7539 10295 11752  9266  8642 10919 10074 11423  7100 10819  5499 12462  4363 10506  9677  7378  5917  9762  9221 11530  9939  6180 13003 13152 10115
ch   23:   9752 12854 13762  9227 13812 11088  9456 12167 10664  9960  9600 14555 11665 10873 11859  8425  3078 10662 10620  8514 14088 13012 10126  5271 13380  7690 13914 10496  7762 12127  8965 10376
ch   24:   8347 11724 15273 11518 10822 13311  7875 14453 13723  9078  9252 11014 13309 12940 12700 12397  4580 10120 10891  7632 13506 11395  8133 10406 12981 12557 10477  5726  9687  9549  9376 13253
ch   25:  12099 11654  8639  8702  8219  9272 12459 11328 11037 12961  8376 10212  8327 13007  6012  6531 11764  8519 13840 10947  6632 11978  8486  4702 13812 13714  5752  8745  9661  9324 12348  9470
ch   26:  10271  9343 13477 11631  5180 10598 11474 10101  3760  8250  9124 13166  8003  8492 11057 14744  9773 11398  6105 11973 13081  8742 11813 12886  6054 10088 16986  5133  8264  9828  9054 10957
ch   27:  12371 15628 11115  8010 11603 15353  6309  7509 10967 13236  7419 10608  6271  9354  8010  8124 12258 12178  9107  6482 10654 15971  9912  9983 13925 10686 14329 13675 10580  8248 10904 10687
ch   28:   9512 12968 13995 12744  8800 10869  9388 16150 14540 11893 12223  8544 12224  3321  7048  6424 13943  8701  9905 11044 12937 10043  5737  7461 13230 16532 13506  7546 11483 11259  8382  8398
ch   29:  12967 11367  5842 12824 11768 10033 12494  8527 11154  7156 14083  7806  7994 12413 10297  9032 12956  6719  9009  2351  7871 11933  9407  7128 11445 10438 12945 11653 10016  9368 13845 12638
ch   30:  11355 12195  9938  4229 13611  9645  7003 14718 10015 10938 11502  7616 11065  7294  9092  4941 11276 11470 13815 10658 14979  9100  7288  8292  8630  8236  7192  9265 10190 14307 13421  9977
ch   31:  15752  2599  8933 10371 16734  9557 12616  7757  6157  7081 16222 10616 15588 13348  8876 11449 12885 10435 12420  8267 12862  8700 12442  8748  8982 11177 10654  9589  5602  7213  6491  5907
ch   32:  13427 12546 12296  8849  9956  8556 15756  8269 10564  9545 12352  9862 14962  9857 10962  8029  7239 12096 15223  6037 12029  9957 13018 10452 12210 14749  6152  9055  9433 10438  9489  8125
ch   33:   9584  2994 14468  7999  6040 14463 11662  9649 12782  7355  7966 10644  9564  7062  7390 15147 12164  9954  5338  7282  6023  9184 12282 12094 14723  9676 11880 10187 11222 10389  9482  8285
ch   34:  14009 15279 13182 10282  8456  8164 14530 12825 13657 11338  3251  5127  9874 12961 14092  7845 12495 11727  8448  8960  7626 11701 13080 13210  5352 13951  5885  3983  6925  8537 16172 12346
ch   35:   9397  7623 16823 12112  8629  9761 10764 15144  9673  6729  6470 15242 12433 14392  8589 12736 12423  4369  8596 11105 10286  8031 11216 11232 12210 14256  9811 14577  9681  9158  7659 12337
ch   36:  13279  9375  5913 15879 10968  5907  9944  6871  5346  9144 15386  9827  7502 10633  8976 11306 12239  8110 12367 12910 14164  3416 10823  8378  7574 10335 12378 10744 11992 10685 12360 13755
ch   37:   9904  9534 15457  9999  7508  6393 10005 14245 13639  9605  9309  9605 13105 12218 12930 11877  8089 10252 11408  9695 10148 18200 12691 14255  6058 11655 10891  8912  9552  9664  8006  9636
ch   38:  12642  7640 10795  5071 13111 12662 11292  6801 14107 12776  9099  6652 15240  7302 12590 12185  9129  7947  8068 12002 12082  6596 13895 10534 12050 13559  9059 11167  7654 10807  9951 12646
ch   39:   6927 12612  7267 11571  9235  8360  7194  8771 14121 11042 11147 13173 11833 10277  9924 13142 17519 14697 10849  6976  6924 14057  8332  7871 14098 13025 10054  6696 10638  5882  9760  9693
ch   40:  11076  6657 10783 10898 11618 12327 11302  6697 13770  8405  4660 13406 14213 13774 10528 10913 12094  8338 12680 13857 10354  9432 11150 15292  7240 15972  6797  9540 13900  8790 10491  9870
ch   41:   6919 10835  8781 11835 11621 10588  7178  9772 10470  6505 15445 10475  7636  9727  8373  7077 10375 13887 10936 12190 11989  7599  6234  8647  7816 13687 10443 11025 11059 10187 11279  6681
ch   42:  10052 10803  9073 10229 11045 11162 12212  9166  7365 15108 13751 12284  6322  8644 11387 10713  8556  8166 14783 12887  7936 10389  5489  9537  9836 12047 12044 11806  6937  9522  6316  7810
ch   43:  11128 13112 11300  9403 10854  9563  8890 15494  7267 17509  7244 10188 10674 10723  7157  5530  4710  6424  6297 12063 12606  7602 14166  9450 12489  7504  7436  9557 10527 11137  7615  8034
ch   44:   6784  7924 10998 13516  7042  7699  8777 12881 11160 14421 12314  8352 12339 11058 10296 11610 10974  9095  8389  7812  8876 14303 12322  8899 10665 11525  9754  5312 12189 12295  5682  9849
ch   45:   8736 11681 10946  8052  4634  8389 10007 12557 11001  9003  8169  7547 11580 11485  8233  7144  7784 11592  7137 10326  9852  5221 13768  8336  9760 14339 10277  8259  9736  9064 10727  6496
ch   46:   8272  8589 12155 13169 11405  9999  9592  7671 10119 15140  8573 16184  7778  9554 11615 13161 10486 11780 11408 12084  7084 10104 10887 10156  3268 10809 16225  8400 13765 13098 11081 11217
ch   47:   9757  9341  3549 11252 12266 13361  9815  8627 10438  7598 10314  9801  8004 10865  8753  4359  7422 15969  9445 11929  7432  9819  4605  9728 10511  9984 10928 12794  4870 12580 10750  7974
ch   48:   9456 11741  7450 14481 11374 10697 13134  7938  6245  9200 13295  9548  8814 12333 10693  9324 10816  8586  8901  8685 10104 13284  9501  3043  9979  8203  7643 10330  7875 11323 12187 10029
ch   49:   9925  9525 12505 15824 16679 11146 14675 14237  8353  9042  7201  8753  7822 11984 10615 12081 11505 15034 10494  4475  8685 13241 13753 10324 10015  7799  9950  8765 10111 13433 11042  8260
ch   50:  11522 11108  6584  4937  8648  6825  6677 12766  9435 11876 10001 10411  9664  7138  7991 11109  9180 10588 10130 13227  7037  8372  9389 10665 12804 11354 11473  5729 12556  8245 12623 10472
ch   51:  11972 11559 13343 15688  3887 15436  4621  8092  9332  7868  7976 12823 14276  6400 11646 10257 12628  9805  3435  8707 10340 10903 11748 11299  8531 13883 13775 11821  8530 12289  9206 14121
ch   52:  12267 12690 11717  7873 15323  8399 14445  9269 13528  9865  8652 10152  8403  8836 10647 14317 10162  9681 11290 11775  9273 10197  7204 10969  8408 11788  4823  9922 10773 10078 10370 12716
ch   53:   6943 10920 10175  3864  6003 12992  3412 15280 12503  7946  6629  8458  4773 11809  4751  8765  5991  7019  5899  9262  7572 14137  9650 14616  6996  9181 13411 10205  9216 15765  9619  8283
ch   54:   9833  7371 14162 15255  6626  8855 10690 12546 12605 10438 12423 12039 13418  8875 10145  7216  8248  5960  6820 11837 14481 10415 11354 10481 12555  9686  8450 10468  6808 10898 12357  9189
ch   55:  12866 11747  8786  7047  7041 11647 11420  7200  8320 14115  8741 11776  9464  8744  7607 10153  4517 12738  9773  4633  8466 10580  9143 11262  9727  9999  8141  6743 10981  7721 12221  8958
ch   56:   9322  9500 13623  6395 10605 10792 12196 10461  6605  5111 10916 11888 11054 12546 12778  9091  9711 11839  5517  6896 10219  8640  9866  8957  8029 10862 10729 13031  8333  8910  9329 12655
ch   57:  13400 12868  8308  6067  6751  7157  6385 11500 13373 11068  6590  8110  8735 14602  9427  6803  7422 10505  9869 14531  8082 10791  4488 10491  8995  9801  6121 15348 10771  9530  9038  9592
ch   58:  13268  8122 12147 12731 12892 14797  8705 11633 10443  8642  7685  7725  8168 12634 10354  7883 11202  8909  8766 12888 13496 12089  6091  9783 14470  7448  8432  8729 11760 14557  9118  9652
ch   59:  10884  9592  9508  7998  7876 13353 12950  9708  9724 11044 13067  9467 12575 16383  7695 11571 13087  6573  7789 11896 10538 13252  5593  9911 12603 13148  8228 11687  5868  9742  6653 13853
ch   60:   9590  7394  7577  5972 17805  8947  8822  8268 13394 12259 10386 10512 11507 12282  9454 11307 17461 10469  7318 10161  8289 12885  9705 10479 13514  2734  8027 12798 10571  7921 12370  6663
ch   61:   9525 12583 10621 10682 12807  9941  7327  9974  9579 10773  8438  8318 10731 13646 12127  9204 11507 10171  7303  6739 10702  9824  6291 12556  9864 11037 10847 10952 12547 14434 12283  7993
ch   62:  10848  5747 11588 12124  9961 11491 10122 11501 12189  9096 11152  7508 11199 12213  7332 11099 10967 13252  9239  9197  9812  6960 12783  8671  7455  8115  3483 13588  8820  6479  8782  7291
ch   63:   6920 14534 13139 11260  8843 12551 11458 11366  9026 12521 13965 11603 10184  8788  6013  5172  7428 11532 14059 10933  8139 10057 13938 13452 10706  9521 11181  9157 11900 10438 11735 13846
ch   64:  12261  6354  5720 14062 12414  7329 14813  8843  8616 12889  8057  8561  9598  8037  8756  9584  6332  5837 11043  5288  8773 11339 10649 11391 13939  5219 11905 14930 12196 11913 12074  9137
ch   65:   6270  9210 11426  9613 16238  8595  9522 11930 10184 11585 11694  9442  9671  8154 12132  5233  9635  7882 10677  6907 13531 12578  8258 11026 12052 10204 13608  8804 12578  8409 11952  6223
ch   66:  13532  6023 15740  7987 11071  9084 13988 11707  9252 15789  6764 10837 11948 10423  6236  9590  9912 10467  6765  8617 10176 11344  8169 12850 11710  7957  9387  9286 10555 13359  8300  6043
ch   67:   6454 13663 13383 13353  7126 11782  9780  9644 10113  8198 12205 14200 11528 12996  7035 12106 12534 10343  5621 10564  8452 14059 10343 10045 14855  6447  9679 15458  9676  4804 11614  7800
ch   68:   8279  9161  8504  7607 10905 10322  9920 10781 16336 13705 14878  9840 11595 11284 11556 14812 12035  7466  8484  7736 11220  6844 10038  7971  4600 12485  8466  9611 15190  9577 10118 13862
ch   69:   8540  8367 11141  8793 10715 10563 10915 10380 10066 11447 13850 10816 11061  7736  6677 10598 16101 10104 15167 14784 11631 14277  6055  7306 10889 13404  9977  9634  6649 12285  7277  7909
ch   70:  12468  6382 12512 14896 13287 11838 10040 10532 11709  7414 14393 11604 12663 12011 12436  6868 11568 11776  7465 13442 13842  5594 14691 10737 11650 14464 10692  8512 15276  3277  9942  7894
ch   71:   8665  5644  6544  8847  8202 12871 12237  9462 14936 14390 14161 10541  9980 12855 10011  5628  4504 13670 11636 12810 11691 13427 11211  9511 11620  8466  8248  9561  6583 11554 11285  8387
ch   72:  12085  8264 13348  6185 10808  9541 14960 10534 13101 10392 10749  8576  5844  6619 10237 12165 10410  6070  8234 10533 14135  8840 13034  6595  5535 10863  7681 16900  9091 12810  4794  8321
ch   73:   8992  5793 10326 10303 12439 10809 12355 13708 15004 11372  9148  7133  5876 10688 14727 12797  7521  8269  6664  8057  9937  9523 11852 10723 13484 10050  7618 13906 13967  9491  8512 13730
ch   74:  12677  7783  8247  7929 10931  8452  7476 12080 14677 10053 11469 12868  9039 11692 11245  7387 10490 13457 11429  6432 10365  8445  9323  9406  8784  7650 11115 15106 14830  8986  6905 13477
ch   75:   9187 11380  7541 15861  9360 14007 10031 10243  7482 14413 12465 11581  9381  7815 13162  7928 11980 12334  6617  7615  9959 12273 11417 11873  7554  8132  7472 10801  8817 10332  6161 13213
ch   76:   6547 13185 11660 11472 12440  8652  8487 10015  7856  9742 12928  3647 11083  9761 11956  9986 13579  5993 16938  9124 13338 10936 11744  7981  6114  9794  9672  9767 10454 16109 11234  9894
ch   77:   9833  7799 11612  5662 14039  9708 10321 13949  8086  9477  6585 12372 11970 12438 10519  6498 10730  8918  6826 11321 10104 13016 14599 12374 12555  8591  7320 11634 10721 11976  9180  7537
ch   78:  12082  9490 10860  8562 10219 14182  9080  9882 11948  9759 14428  7827 16637  9326 12225 10191  7632 10388  8145 13232 13434 12951  7898  9354  4691 10860  8774  4284 13754 10514  7360  5659
ch   79:  10629  5125 10073  9535 12258 13948 11178 13197  8450 14219  7354  9436 11330  9154  7543  7958  9519  9786 10220 12719 14479 12013  6678 11187 10897 10988  8731 10634  6437 13420 10812 12511
ch   80:   4080 14348 12466 13724 12523 10322 12143  6069  7948 12609 10891  6028  7994 11545 11137 14781  9015 15577  9522 11877 13956 13584  9604  8450 12186 11977  9698 10225 13107 11658 10936  8254
ch   81:  13390 12239  6190  5631 11169 10731 10894 12949  9220  7692  8941  4264 11657 13444  6958  7440 11918  9334 13848 13762 10188 10491  9713  6493 11350 10046 11833  7776 12339 12673  6184 11857
ch   82:   4293 11328  7195 12283 13440 11029  8868  7599 18924 11563  6385  4679 11390  9226 10308  9257 12653  7624  7222  7206  9382 11630  8835 15519 11211 10087  3840  5981 12788 10878  8490  5416
ch   83:  10104  6043  6977 10419 14406 10300  8794 11654 14365 15356 15227 11927 10551  9066  9625 10805  9595 13198 12164 14666  7633 11080  5855 10973 10144 14878  9528  9164  8439 10350  3603 11721
ch   84:  13544 12209 13373  7749 11822  8980  9986 18605  3334  8949  9150 10967 12745  9873  7853  5770  7919  9983 16955  7294  7546 11619  9973  7696  8149 13974  6747  5828 11274  7714 11044  9328
ch   85:  13004  9940 10399 15832 11030 13176  8800 12602 12616 14514 12347 12407 11579  9431  9567 10510 16372  8101 10468 13900  6836 10232 11161  7661  6281 10523  8354 11819 14052 13258 16649 11370
ch   86:   9039 13085  7959 10659 11041  7787 14180  8394  3752 10272 12818 12825 11500  5291 13164  8537 12867  9909 13604  6711 12157  8165  7093  9129 14732  9395 13695 14460 10250 10968 12713  7932
ch   87:  11541 10651 14038  9128 11651  8390 14050  8134 15211 12462  7840  3963 11712  3137 13347 11529 13227  8826 11207 11530  8395  9633 13284 12636  7818  9278  8778  3594  4752  4787 13443 11681
ch   88:   5904 11900  9278 13532  7164  9947  9219  7579 15657  9887 11417 12274 11883 11258  8268 12005 11513  6916  6777 14409 11016 10289 10722  9332  8422 14685  5499 10551  8994  7039  6255  5557
ch   89:   8428  6620 10862 14147 10471  9660 13475 11341 16039  9585 12031  6319  9419 11142  1773 11047 13989  7051 10807 16135 13558  9419  6789 11333  9233  7922  8584 13846 12399 10563 12918 11444
ch   90:   4697 11144  6920 16472  9274  8638 12772  8627 10886 11198 12306 13718  5065  6582  6318 10046 10162 13571 15651 10036  7942 15401  9924  9202  9966  8360 12725 10010 14910  7912  5584  6446
ch   91:  10559  6690  7539 14611  9165  9927 11964  4994  8745 13662  8245  7321 13861  8299 12242  6495  6682 11035  8251 10997  9766 11443  8112  8493 12438  8825  9992  9746 14829  7424  6973  9709
ch   92:  11663 12611  3595  8450 11194  8783  6764  9568  6085  8946 11510  9150 13448  8967  6234  7333 13525 13718  5073 12994 10838  9044 12987  7713 10906  7080 14289 14638 12615 13029  8185  9509
ch   93:  13574 14341  7227  8044  8287  9369  9306  8924 11106  8156  9502 12499 12060 13973 10803 10414  7895 12285  7731 12352 11123  8682 12143  7356 13620 10643  5500  9633  7845  9969  9383 12683
ch   94:  10048  9036 11413  8608 11546  8898  6597  7808 12801 10710 16923 10973  7868  9995 10478 12753  9451 10128 16046  7482  6116 12045  8636  9880  4787  7687  8589 10126 12012 12330  6700 13341
ch   95:  15333 12154 13466 13908  7355 12789 12116  6527 12366 13419 13438 10200 10191  7479 13166 11010 12898 13389  8637 11938 13652 15143  8230 10718 11083 11043  8779 12150  6557 11406 13961  7616
ch   96:   9713  3682 10980 11065 12374  7986 10886  6704 11108 11953 10726 10444  7164  9120 10031  8785 11601  6760 12585  8742  6765  4505 13317 11074  7038  9133  3968 12460 15238  7248 13616  9761
ch   97:  12366 12183  9655 12146  7030  6179  8303  9113 10463 15193 10265  9705  5188  7453  9859  8400 14168 10047  7153  8285  9324  8762  9228  5558  7992  8791  7399  9044 11765  2470  9669  3471
ch   98:   9133 10937 13117 10094  7836  6558  9626  9688 14289  7004  9491  6603 13764  9350 12244  7023  5096 15677 11169  9366  9945 11886  7831  8117  9686  8509  9597  7525  6667 11606  7286 11654
ch   99:   8521  8471 10887  9228  9115  7221 13074 14242 12884 12311  7276  9729  6869  7017  5766 12250 11668  4986  9682 12189 13761 12411  6807 11958 11710 13159  9475  8307 13152 12359 12333 11414
ch  100:   8454  9751  5002  8004 12637 12822 12062  8252 11868 14437 12537 16218 13459 14948 11061 14378  6351  6725 14699 10639  9452  7551 11331  9371 12017 10935 12339 11093 11381  7742  9035 11434
ch  101:   9932  8006  9067  9053  8669  9145 12662  7958 12018 14386  6944  8113  9309 12972  8695  5410  7664  4455  6177 15485  6976  8075 12201 12053  8762  8380 12147 14463 16056  5298  7813  7358
ch  102:   8242  8150  5285 13129  6742 12947 10784 12901  4480  7751 11457 14238  8587  7599  8863  7985 10449 11438 12447 11288 11637 12972  6390  3947  8823 15361 10679  8281  7503  7788 14842 14379
ch  103:   8802  6583 12618  7786 14302 13191  7466 12583  8690 11968 16077  9223  7762  5072 11286  6365  9417 15582  7591  6947 10043 13614  9396 16402 11172  7365 13032  8668 11495  8917 14972  5774
ch  104:   9203  7187  9172 11703 10542  7232 10552 11833 14637  4358  9283 13471  9100  5725 14209  5921 13344 11773 11261  7750  5586 15792  7960  7903  7190 10209  7104 13896 10583  9988 11555  6770
ch  105:   9958 11186 12159 12400 14285 12515  9236  7517 11373 10624  9267  9716  8187  9050  8535 14143 10507 14184 14156  6209  9212  7060  8058  9244  7745  7471  9883  9508 12008  8296 10808 13233
ch  106:  12165  9993  8776 11366 12309  9391  8770 13031 13601  6179  5633  6512  8364  9870  7530  9419 10741  8290 11406 13437  9989  8607 12666  7051 10941  7166 15296 12334 10795  5230 11585 12584
ch  107:   6745 11108  6949 10227 14973  3780  8442  7701  7776  7628  8920 10487 10750 12177  9923  9302 12138 13767  5925 12352  7263  6086 13017  7953 13291 15208  8969 10396  6322 11996  8402  8661
ch  108:  10091  8635  9081 13182  9313 12298  8279 10953  7087 12593 12207 10660  5336  7733 17315 11225 12265 14683  8451 10230 14275  7947 10013 10262 11401  7696 12368  8874  9751 14549 11049 10295
ch  109:   6237  7942 14821  4938  8611 12570 13033  8575 11668  9081 11741  9797 12301  9513  8888 13309 13041 13516  7478  9070  9908 12968  7668  6943 11726 13965 11247 11325  9067  5813  9350 10845
ch  110:  10335 14162 12370  9247 12948  8083 12324  9101 10591 12502 12821 10927 11079  8520 13976  4851 12054  9778  7737  7417 11519 10312 15027 14667 12459 11161  8473 12418  7190  8513 14225 13864
ch  111:   8554  9934 12596 10394  5348 12824  8238 12955  7366 11944  9133 11696  9212 12573 15090  7636  9498  6360 11315  8665 12812  9067 12029 11793 12863 12285  9045 13389  9915  9398 11549 11383
ch  112:  15214 14467  6962 11697  6926  3881 12306  8251  7800  7840 11027  7961 13323 14472  7228  8702 12990 12373 12462  8527 13512 11220  9436 15103  7339 10558  9608 10243  9250  9419 10571 11007
ch  113:  12715  8563 10776  8482  7659  5206  7567  7558  9351  8176  8732  6038 15524  7427  9148 11403 11555  8092 13734 11403  5730  8460 10976  8048 13826  6687  8625  7032  7128  9952 10488  7350
ch  114:  10957 11611  7260  6620 15752 10840 11076 10449  8758 13284 13377  9589 12943 11577  8616 11548  8649  7028 11329  6404  8870 10590  8920 11765  8257 10029 11027 10185  9085 16311 12858 11301
ch  115:   8269 15755  9538  5312  8977  6869  9025  9304 13447 12422  9339 11252 12420  9734 10344 10121  5684 13283  8133 12922  6340 10784  9976 11057  2333 15128 11386 15690 12776  9400  7121  9184
ch  116:   9201 13044  4330  8804 16088  9145 11320  8631  7140  7533  5220 11198 15160 10506 12673 13206 11957  5629  8564  8510 10751  4666 12665  8772  8496  7080 10526 11309  9624 12656  6061  7345
ch  117:   9168  7851  5340 12319  6265  7201  7892 12753  8717 16057 11171 12414  9717  9795  9104 14054  5558  9560  7592 14672  6963  9952 11494  9263  9308 11211  7772 12515 14765  8706  9590 11790
ch  118:  12139  9090  4428 16564  8850  5157  9603  8123  9866  9809  9369 10279 12920 12290  4787 10592  9405 12863 10774 11532  8313 11516 12951 14291  9911 13038  7941 15942 13902  9941  6523 12854
ch  119:   6284 13265  8903  6992  8683  6729  9649  9113  9875  8848  4127 11382  6753  8090 13013 15769 12200  9000  7065  9265  6170  9749 12235 11186  5429  5352 15348 10735  7746 10983 10084  9464
ch  120:  11236 11306 11907  9769  7527 17485 11841  8731  8472  7965  9043 17570 10045  9129 10127  5637  8471 12058 13713  9875  8654 13802  7228  7590 12240 10265  6042  9221  5202 11233  7381  6231
ch  121:   8924  7933  7823 10302  8055  4939 12047 13160  7662  7987  8421  7772 10015  6900 15588 10666  6413  8652  8426  6739 10308 12863 11816 11519  5993  9497  8197 10036 10044  7377  5365 14049
ch  122:   9576 14064 10747 12482 17610 13182  9705 10306  9405 11767 10747  8160  9660 12684 13458  9180  9634 11367 11458  6353  9692 10362 13479  9331 13588  8456 11974  9547 13077 11302  8290  7847
ch  123:   7769 11325 11345  6614 13330  4972 10229 14750 10142  7145 12529 11134  8349  7352  9766  7783  9254  9574 11544  9958  8207  8124  8079 11272 12966  7347  9292 10382  7577 16010  5145 12680
ch  124:  10112 10444 14156 10252 13869 15444 10819  9007 10091  9788  8043 11013 11614  9705 10497 11613  8296 10224 11413 13246  7583  9055 11500 12640 10637 15840 10153 11439 10108 15466 10324  9065
ch  125:  11244  4481  6631  7897 11409 13074 11654  9488 10180 10276 11309 11312  9487  9065 13861  8388 10412 11298  9254 12824 11202 10874  8839 12208 12669 12524 11235 14733  9188  7950 12381 14150
ch  126:  12375 12809 11803 12847 12292  7123 13896  8836 10818 11775 14187 11675  6711 13033 10213 14805 10331 13862 12195 13436  7461 11147 11098  8463 15185  9755  8512 10970 12594  8654  9029 10954
ch  127:   8343 10340 15363  9718  7751  4747 10244 12092  6918  7197 11271  9228 13050  8274 10386 14637 11909  8457 11200  5985  8543  9699  7819 12128 10015 11053 13818 10613 10578 11188  9903 11652
