ch    0:   1944  2187  2595  3112  3755  4252  5305  6726  7978  9698 11566 14596 13601  4883  4439 12334 16528 14893  9859  8640  5540 12602  8906  8834 12245 12841 10708 13913  6781 13257 11107 12018
ch    1:   5861  6664  7699  9028  6774  8822 11000  5771  9246 11779 13281  7125 11177  8822 10993 10565  9572 10041 11399 11790 12461  5498 11224  7973  6771 11584 11647  8721  9031  7832 11680  7383
ch    2:   4233  4947  4765  8821 10654  5798  9489 12597 14499  8680 11640 11847 12670 11312 10241 12126 10003 11671 12580 15655 10702  9329  6606  9022  7604 13258  7186 13047 16261 11427 14421 12760
ch    3:   8967  7441 10185 11774 13017 10353 11712 10563 10959 11968 13932  7567  9755  9770 10385  9226 12222  5676 13356  7228 11163  9953  8337 18112 10400  9988  6717 10808 11179  5623  4161  3100
ch    4:   8106 11230 14278 10918 10980 12533  9238 12758  4129 14417  5515 12085  6791  9190  8589  8652  8040  8688 10165 12225  7956 10320  8173  7268  8364 12475 11497 13270 10908 12162  7556  9001
ch    5:   9395  8884 11030  8441 11252  6284  8181 11937 11593  8125  8988 15197 11377 11451 14282 11921  8033 12642 16030  7275  9720 11512 10384  6669 11627 10517  8552 10411 12785 10025 14739  7696
ch    6:   9683 15234 12903  7544  9330  9812 11469 11139 14789 13256 11527 11095 11501  7713  6396  9042 14504 15223 14026 10921  8770 12881 11185  8011  8110 14643 13419 12783 11178 14437  7079  7059
ch    7:   9657  9903  9696 12858  8823  5714 17566 10906  7682 10912 15192 10701 12205 10978 13530 10486  9021 11984  9837 10194  8473 14321 11015 10269  9776 12437 11368  8942 10445 14773  8353 11323
ch    8:  14311  7705  9926  8389  9991 11137 10337  4969 10959 10824  8007 10838  9465  8308 12782  8694  7435 14777  7300  8385  8557 13359  9129  9902 14387  9087 12006 10431 14170 15728 12655 10562
ch    9:   7584  5922 11139 11012  6023 14245 15355  9701  8828 15072 14262  8955 11093  4991 11303 10066 12194  8993  8675 11562  7299  5109 13851  9861  6792  5924  9657  8973 11879  8507 11603  8542
ch   10:  12249  9020 14544 11849  7529  9131  4318 10796 16181  9113 10569 12757  7915  8354 11073  5065 12444  8394  8848  7903 15581  7543 10019 11521  8598  7077  8095  8464 14599 13630  6928  8198
ch   11:   9486 11402  8815 15771  7812 11933  9244 13289 13035  9277 10571  4710  7614 11749  7274 13418 10381 13892 12850  3708  5095  6166  6775 17264  6544  9918  8699 15278 10672  7347  6717 13745
ch   12:   7644  8748 10965  4410 15964 13238 10892 10857  9385 10795  8626  9866  8407 10717 10751  7551 13336 12436  8754  9170 10954 11838  7876  9937 10169  9316 16219  9065 10982  8370 11848  7349
ch   13:   6189 11625  9447 13123 10781 10227 10225 14139  5723  7911 14642  8572  9159 11011  9564  8306 10077  6835 11857 16173  9464 11072 14379  9580  9877  7255  7485  9148 10883 10578  6633  9175
ch   14:   8892  9066 11985  9172 12767 11766  7799  7298  5642 16945 13487  8509  6872 13272 10853 11720  6859  3991 10466  8273 12375  9662 11431 10124 11326 11797  9898  7722  8668 14043 11898  9003
ch   15:   9159  7735 11988 10809 13641  8930 12026 10346 11448  5277 12625 10324 11747 11835 13895 13214 11326  7651  9343 12964 10236 14009 10917  8505  4808 10740 12275 11849 11744 10040  8727 12663
ch   16:   5505 12435  7323 12219  7194 11163  9328  9587  6036  9467  7286 11527 10789  6238 16526 12603  9251  9653 10144 10551 11604 17123 10338 11846 10599  8207 12449 12452  5719  8383 11593 12077
ch   17:  11033 10008 14314 10571 10693  9512 14272 11596 11268 10737  8118 11060  9790  9948 14160 12661 13612 15901  9524  8536  5669  9651 13398  8165 13794 11164  9154 13773 11636  9054  4410 10043
ch   18:   5928 12087 11091  6953 11103  8229 12706  8184 11592 13788  6726  8709  9023 13063  7697 10150 10878  6888  5595 12912  7906 10853  9540 10751  8998 10631  9851 12629  8612 13338  9565 12840
ch   19:  11573  9895  6688 12119 10380 11144 15013  9855  8602 15125 10007  6055 11137  7947 12700 11526 12781  5475 11582  7944  7733  9405 10097 12444 11559 12002 13790  6276  6791 12579  9937  4194
ch   20:   9884 10170 10889  7872 13978 13926 12401 10110 12152 11455 11575 12623  9650 12395  9997 10203 12335 10394  9878 11731  3437 14030  8757  6134 12795 11675 11506 11819  6486  9125  9737 12674
ch   21:  10088  8040  8314 11361  9408 10240 13479  7744 12653 10615  7469 12949 14063 10440 12374 11911 13556 12106 10078 12322 12325  8303  9961  6886  9877  7789 11022  9594  8135 10171 11676 10503
ch   22:  10977 11352 11747 12257 11154  9464  4647 12901  7181 14247 11580 13874 13955 12130 10953 13276  2201 13914  7669  8224  2884 10466 10284 10568 10139  8621  7187  9555 11306  8753 13071 11703
ch   23:   5613 10147 11837  9013  9389  9512 15368  9428  7103  9796  8991  8241 10602  9546  6718  8397  5725 13051 10925 10272  9380  4646 14670 10237  6521 10012  8322 10610 10239 11509  3698  7918
ch   24:  12341  8851 11284  9544 10601 11487 12969 14063 11164 13438 10842  8744  8381 12564 13189  7607  6551  9622  7998  8493  8432 11640 10679  6203 11709  5415  9359 12259 12203 16934 12375  8233
ch   25:  10139  8686 12872 12372  5419 10357 12412 10217  8788  8534  8908 12623  7665  8916 12425 12444  9196  7606 14452  7569  7652 13299 11724  8666  8938 17112  9208 12759 14711  7857  7423  7614
ch   26:  13178  8356  7388 12934 10513  8874 13787 11567 10104 10988 10909  8692 10636 11016  8178 12091 10070 14602 12186 12589 11185  5970  6426 10511 12744 10461  5983  6472  9847  7166  9298  9025
ch   27:   5896  9939 10947  9230  9050 12706 11351 12590 10901 12064  7077  8192 12089  9571 13189 11987  4854  8931  8953 10423 13728  8667 10013 17626 12833  7804 12107  9858  7215 11571 10958 13790
ch   28:  13725  9730  8426  8303 10477 10165 15001  6124 10261 12862  8533 12354  8313 12035 12921 10675 12463  4750  9921 11910  8268  7096  5661  9604 12880 10905  9289  9032 14270 14261  8027  7072
ch   29:   6105 10724  9995  7838  9606 15527  9928 13131 12278 11469  5703  5245 12983 11298  7503 15065  8269  9205 10538 11291 11663  7795 10856 13865  7110 10591  8930  6811  7647  5926 15472  6802
ch   30:   9569 10180  9842  7906  8515 10397 12774  8296  8760  6208 10403  9790  7676  9222  6607 11889 10137 10181 10975  9484 11262  7485  7793 11039 13787 14883 10442 12632  8886 14320  8236 12376
ch   31:  12048  8747  9852  4884 16481 12982 12206 14356  6233 10050 11313 11697  9584 12607 12437 11552  8559  6205  9107 15811  5564 10240 10651 10667  9482 10550  9054  8426 14997 14371 14374  9607
ch   32:   9447  8187 10517 11531 10819  7205 11313 13454 10445 14871 10901 11678 12955 11689  7707 13529  9700  9781  8463  8898  8774  6408 11089  7429 10810  7256 10547 10982 14689 13585  8095 13749
ch   33:  15342  5842  9117 11363  8854  7564 11311  9374 13392  8966 10521  9718 14610 11938  9295  6306 13868 10245 13445 10123 12391 10275  8684  7849  9685 13334 11841 14219 10493  7620 10317 11577
ch   34:  11176 11299  9149 15944 12534  9845 10029 12199 11373  8023  9448 17252 13087 11795 11760 11806  8933  9451  9238 11650  9112 12845 14061 14354  8068  9763 15169  5212  9154  5372 15056 10539
ch   35:   7719  8161  7911  6813  8459 11182 12355  7437 11273  7425 16273 12015  7656  8862 10873 11312  9357  9900  8518 13556 10072 11603  9035  7522  8998 13430 10354  8244  6860 15348 13262  7891
ch   36:  13079 11331  9098 11761 15458 12106 11027 10946  9561  9728  6743 17129 10951 11693  9791 12467 12981  7313  6136  7087 11857  6751  7509 10648  5908  8668 11860 10017  8955 12389  7304 10505
ch   37:   6966 10661 12120 12306 10443 11275 12473  3976  9673  7347 12940 15932 10905 14701 16843 14786  9266 10516  9948  5866 13645  7427 14181  9216 15092 10701  8799  9416  6732  9594 12847  8954
ch   38:  12545 11917  6288 10937 13383 11888 13396 14768  8396  7942  9827 14025  7274 10105 12818 13395 12435 10866  7976  8787 11496 12849  5800 12679  7081 11154 15702 11105 11892 11489 14435 10116
ch   39:  12971  4925 13172 12557 14179 10157  8448 11123  9769  6747 14033 17678 10098 11665 13431  9496 11093 13228  8263 11779 10064  9067 10636 12240 11147 12370 10175 14099  8192  7470  8985  9496
ch   40:   9559 10855  9279 11420  8817 12881 13893  7273  7415  7908  6997 12881 14896  9738 13889  7508 14701 10934 13545 13472 11133  9918  7645 14095  9624  7837 13786 12970 11703  8392 15575  9589
ch   41:  14595 11717  9619 11099 11004  9495 13297 12091 14029 12599  9296  7197 10376 12076 12503  9397 14603  9117 14128 13932 12046  7109  4214 11100 11518 10584 10404  7726  8784  3899  8319  6874
ch   42:  11986  7965  8481  8199 13547  8220 12034 15378  8049  7479 12789 11498 17174  7713  8824 11659  9104 10040 11966 14044  5870  9789 14234  6673 12913 11160 12580  9359 13396 11159  6360 13541
ch   43:  11068  6995  8124 11574  5593  9915 18267  8634  7362  6620  6112 13717  9852 11004 10000  7520 10727  9078  5345  7264  9150 12238  6795  6760 11925  9602 11297 12775  5352  9631 13236 16680
ch   44:   7404 11324 10389  8725  8719 12699  9543  7438  7400 11466  9740 14357 10761  9043  8348  4589  7977 13000 12566 12335 11190  6913  7806  9340  4966  9371  9908 13958  8643 10700  8241 11019
ch   45:  13583 13077 10037 10258  7921 16017 10101  7035 13380  5967 11108  9976  9154  7561  7844  8314  6961 12465 13326  9619  6858 13844 12892 10963 13908 10861 15240 12521 13476  9645  8946 10874
ch   46:  10310  8114  6293  9042 11652 14026  7603 14271  7709 10036 10024 13395  8654  8962 10532  8843  7728 16042 15386 12226  9314 11625 11661  5399  6668 13020  9408 14042  9249 13455  6466  8622
ch   47:   9241 13022 12922  7233 10991 15445  4054 12355 13540 12356  9873  7390  9084 12426 12563  8739 12335  5795 12435  7455  8933  8462  8360 11693 13216  4695 12420 13012  7370  7532  9702 14928
ch   48:  11159 10993  9485 10728  8755  9234  7605 11636  6079  9210  9243 12581 13661 10212  8556 13944 10143 13242  8190 14940  6979 10074 12346  4098  7839  4952 10135 12397 11468  7674 11748 14417
ch   49:   7778  9821  9705  6858 10402  9150  8751  8965 11987  9354  9601 12817 13549  9615 11146  6701  8984  9472  8082 12937  6266  9411 11894 12555  8309  8560 13484 12674  9404 10521 11222 10587
ch   50:   6550 11121 12170  6554 12906 12317  2598 13771 10456  6974  7902  9606  8625 10034 11399  7289 14606 10448 13174 10438  2269  5120 10287  6406 15030 11138  9696 10107  2421  6672  9293 15359
ch   51:  10118 12050  6277 11207 10109 16666 11442  6419 11321  8430  8644  6660  9003  8480  8494  7986 10286  9708  6643 11058  6362  8451 11683 11427 12736  8790 10225 10527  6365 11552  7983 10783
ch   52:  10541 10196  8861  9011 10998 10781  6855 13835  5896  8862  7037 11650  9284 13063  6282 14033 13807 10075  7372  8884 12164 13266  9143  8733  9761  8137 10208  9593  8868 11498 15996  8246
ch   53:  11665 12130 10212  4132 10772  9571  7574 16061 11134 13411  6725  7547 11936 12568  8992 12510 10882 15180 14815  8296  9800 13103 13803  9004  9734  9950  6845  6374 13275  8226 13655  9405
ch   54:  12789  9798 15478 10287 12142 10021 10960  8311 12368  9502  9770  4747 13369 16845  8312 13705 12930 13333 10193  8920 12950 11353 10647 13258  9311 13058 10201 12623  9988  9461  9142  7897
ch   55:   7436  6319 11635  7006  9915 11575  9467 13776  9633 14468 10461 14423 10749  3413 10517  7342  5347  9358  7279 13927 10847  9176 10609  7428  7315  6633 10264 10638  8462 11554 12313 10024
ch   56:   9538 11580 10969  7945  7904  8416 10419 13246 12578 12050  7267 12172  8449 12555 11583 10681  6237 10778 11541 10709 12893 16468 11547  8196 12749 11599  8723  8192  7752  5988  9536 13618
ch   57:  12053  6459 18106 11872 10267 13036  8080 14266  8794 12741  7951  3566 11462  9081 11166 12941  9815 13956  6354 13980  8164 12437 12391 13299  6739  8771 14644 12838 11078  7914 10564  6178
ch   58:  10374 11600 15385  7540  8397  7519 13440 10229  8208  9371 14431 13211 12095 16356  8273 11626 10545  7929  8029  8056  9998  9619 13191  6205 11406  7365 10789  5838 11461 12787 10433 13812
ch   59:   7901  5820  3896 14451 11697  9234  8970 11161  7554  8521 10628 10671 13409  9006 11910  9232 11766 10136  9549 12198 11919 10352  7730 11962  8863 11159  8116 12099 10866  9821  9297  8859
ch   60:   9897 13854  7270 13027 13515 12603  6591 11380 11594 13955  4385 12130  9385  9482 14881 13555 12849 11084 10295 14946  5693  7084 14023 10974 12437 13012  7241 13577  9654 13268 10327 12824
ch   61:  14403 13142  7590  4376  9823 11739  6810  8969  8565 10071  5911  5269 11070 10541 11414 11008  5998 11463 10865 11019 16202 10965  8140  9535  8379 16698  8002 11892  9033 12496  8603  5035
ch   62:  10654  5522  7859 15393  6501  9076 14044 15968  8869  6258 11781 10076 10537  8932 12838  9648 14390 13227  6859  7566 17886  6706  9940  9716  5006 14569  7872 11646  9856 14945  8994 13274
ch   63:  15249  6562  6119 13061 14946  7071  6729  8139 10662 12501 13995 11694  9405 10767  9693 12249  4677 13393 12114  9741 12126  9741 10441 13118 10154 12520  5885  9943 11393 12373 10987  7234
ch   64:  10099 12494  8408  8953 11338  8221 10844 15076 10836 12860  8341  5945  9689  8760  6983  9699  8619 13827  7125  6238  9605 14785 11547 15952  9538  6538 13876  8733  9725 11121  9687 11320
ch   65:   3680  9291 14180 12425 10437 10088  7587  8820  9227 11449  6182  5846  7768 11113  7483  8916  7480 10546 11163 10511 13002 13054  8222 11060  5727 11399  9564 11661 11061  5064  8838  4662
ch   66:  11890 15377  6167  8371 11300 12369 12546  8696 12181  7446 10068 10600 11489 13329  8515 12082 11305  9831 10941  4450 11674  6723 13945  9391 15079 14771 10876 14974  9641  8016 13846  8670
ch   67:   6667 12659  7378  9597 12667  9096 10445 10177 12978  6716 11521  7097 12029 12747  9756 10774 11383 14806  5552  8158  5146 11765  7526 14153 10284 10137 12174 11782 16305 10888 12075 15750
ch   68:   7800  5735  8452  8188  7751 13244  9162 10393  8617 13155  3993  6611 11726 13482  6375 11068 11303  7966  7522 13026 12084  9516  9456  7452 10239  6906  8886 14402  5556  8764  8345  8577
ch   69:  10794  8712 11318 12045 10297 10668 11915 10478  6767 10489 14073  9564 13694  9421  4309 14789 13706 10729 11852 14677  8778  7118  7392  7636  9574  9845 11100  9687 10017 10068 11902  9951
ch   70:  10725  9842  5523 12734 11423 11562 11763 11876 12238 13127 13127 14919  5556  7968  6083 11490 11860  9830 12467  9402 17606  6675 11602 11462 15061 11160 13611 12286 11536 15732 11997  9646
ch   71:  12508 14033 12509  9422 11379  5907 12276  7993  8526 12088  9362  7463 11056  9013 13352  7950  9018  9271  8008 12371  8364  7365 13317 10146 13801 12399  8439 13680  8805  9415  7542 10324
ch   72:  10821 10952 11968 12426 11136  9586 12997  7756 13757  8814 10364 10872  7046  9708 10891  8653 10613 10566 15061  9359 10496  7673  9300 12388  9513 15228 11493  7472 10212 13011 12593  7320
ch   73:  13073 10011 12716 12020  7408 12596  8207  9620  6865  6801 10856 14026  8706 11529 12038 10231 11221  6870  8080 12036  8511  7949 11359 10080 11951 13901 12184 15402 10692 11227  7333  9082
ch   74:  10357 11371  8791 10695 13428  8538 12699  8754  9609  6150 13433 10399 10196 10194  9786 11342 13113  9615 12420  9965  6065  8297  5044  8338  7670 11722 10602  9108  9369 10557 12318 10555
ch   75:  11188  8226  6661 14242  9927  9931  8076 12228  8311  4360 14009  8798 12758  8518  7519  8902  5305  8772 11786  7187  9098  9239 12159  5745  9087  9146  5193 12311  9730 10341 12936 10618
ch   76:   5643 14652  9755 11428  7381 14910 11503  7003 10365  9776  8002  9558  7318  9517  5545  5533  7533  8669 11215 10331  5438 13310  6498  7607  6342  7150 10516 11675  8958  9694  9962  6145
ch   77:   8946  9307 12188 11353 12824 12655  5379 16175 12276  5162 11479  9956 15083  8980 12685  8463 13101  4587 14179  8767  8787  8770 10013  3855 12399 15827 11909 12599 10906  5174 11651 11950
ch   78:  13343 13902  9283  9379 12134  6856  9791 11901 10930  8959 13503 10759 12230 13285  8836 12100 11570  8374 11882  6368  8618  5125 14320  5223  8625 13104  7997 11923 10454 13892  6359  7910
ch   79:   9223  9586 14834  8148 16304  7023  9939  7770 10162 11610 10428  9932  8983 12169  9123  5960 12853 10008  9869 12393 11430  7452  6785 12015  7906  9636 12791 11055 13517 12280  9221 10497
ch   80:   9325 11156  9643  6463  7424  8413 14369 10993  7211  9206 11031  9164  4676  4571 11645  8392  8602 10091 11271  8675 13689 12992 12779 10826  8192  8946 13749  9637  3926 11966  6315  8079
ch   81:  10780 11588  6657 11018 10639 10813 11011  8963  9693  9623  9071 10873  6740  7519 10341 10106 14459 11861  5287  9271 10969  8157 13072  9683 12109 13573 12581 13887 11086 10445  8884  7033
ch   82:  11288  9122  9703  7371 11024 12003 13693  8848  8741  9428 14507 11050  7988 14441 10572  9635  9820  7502 13990  9945  6309  5428  7062  8077  5972  4115  8511  6908 12971 11246 13492 10155
ch   83:  13467  9472 12852 13552 11266 11244 17799 14654 12522  7216 10294  4933  8879  6664  9888  8599 11200 11774 10338 11391  9485  7701  9398 11590  8851 11615  9306 10200  4970 11002 13854 14347
ch   84:  10455 11955 11031  5951 13280 11954 11133  8995 10408  9899 12571 11656 13120  9576 12109  8834 11685  9980 10727  8922  6407  9453 10534  8241 13603  7246  8831 15723  4834  9073  9507  7679
ch   85:   9113  7850  8578  7173  8429  9990 10582 12604  7612 10742  8111 10282 10101  8570 12079 10441 10881  7808  9599 12987  8076 10960 10020  8675 10053  9419 14515  8919 15063  7849  5153 10153
ch   86:  11568  8420  9163 10097  9804 17501  9133  8512 14120 10789 11082  8600 13029 14742 12083 10424 11048  9611  9380 11314 10832 11450 11562  5446  9190 10253 10080  8037  9814 12103  6557  7922
ch   87:  10341 12946  9799 12689  9431  6743  6293  9501  9567  9897  5391 11945  8498  9422  8497  9412  7002  9097  7446 12841 10191 11595 13470  9699  8810  8023  9918  5598 10412 13950 11915 11204
ch   88:   5326  9696  8983 10991  8971 16851  7197 11547 10515  9660  8794  8521  8982  9148  6538  4344  6546 10998 11417 10075 14114 10152 13459  9477 10688 10460 11340 13105 14771 15393  9282  9199
ch   89:  10947 13224 13960  8537  8035  9157 11995 13844  9690 12805 12095  9457  9748  5268  9586 15357  9650  6395  9465  7494 11850  6884 16104 10163 14477 15876  9898 10127  8708  9330  9695  7961
ch   90:   9607 12868  6899  8126 10326 11444  8935 11288 12038 11714 11995  9967 11422  9486  6581 11203 10659 12052  9682 10161  7861 10403  9443 12059 15058 10046  9804  8264  7768  8824  9235 12317
ch   91:  14402 11886 10872  9092  9616 13102 13585 12095  8322  8216 15136  8144 12874  8559  8510  8681  8316 12153  9191  9668 10694  7528 15281 14443 12557 11651 12786  9450 16150  5869  5996 13379
ch   92:   8545  7157  7832 14043  7006  7683 10201 12771  6033  8407 10150 10189  8823 12036  9147 11706 13007 12506  7322  3903  7488  8378 12563 14768  8470  8191 11982 10480 11700 11191  9556  8811
ch   93:  10024  8798  8842 10784 12976  8362 15064 10186  7393  6476 10458 10287  8468  9234  8879 12521 10123 10012  6902 12305  9258 11404 12493  9280 12619  6383 12017 13085 11778  6913 14307 12725
ch   94:  13911 12366 10876 12752  7045 13810 11453 12698 12779 11827  5989  9555 13444 11282 12790  5685 11969 10997 13226  5662 11854  8452  7756 14981 11058 10569  4718 11357 14128  7471 11977  7306
ch   95:   5473  4872 13019  8536 14533  9360  7222 11667  8450  4641 12810 10042  8573 10015 11794 11213  7030 14822 11383  8472 10315  7713 12110  5159 12504 10953  9929  6346 11903 10202  8219 12144
ch   96:   7309  9318 10676  8996 10517  9507 10603  7179  8318 10837 12620  7758 16844  8213  5132 14469  7950 10968  8299 16030  9952  9255  9166 12859 11942 16594 13990 11837  9275  8268  5672  7165
ch   97:  12420 12133 13825 13370 10085  7953  8953  9421  5073  8535 15300  4892  9224  8792 10049  4994 10846  8196 10177 10082 13119 13247  8559  9384 18653 14215  7007  8339  9702 14331 10082 10727
ch   98:   7908  6205 11440 13683  9653  8015  8768 11738 12378 13226  6775 11669  8502  9709 10336 10539  9149 10462  9822  8079 13623 11404 11148 11905  9675  6129 15059  6913  6836 10709  3718 12769
ch   99:   8237 15933  8854  7321 13173 13218 14944  3178 14333 12307  6905 10061  8728 11853  6897 10875  8710 15514 12965  6820 12469  5020  7256  6624 12353 10464  2635  8248  6067  9253 10571 11084
ch  100:  14855  5990 10089 12595 14908 14440 11554 10472 14034  7041 11098  9130  9115  8109 11159  9218 10969 13538  8870 14732  7303  6646  7536  9094  7412 14574  5993 14945  8554 10306  7352 12098
ch  101:   8362 10638 11830 12098  9676  9441  8379  6866  7652 13020 14748  8895  9733 11561 12015 10415 10120  8040 11908 11562 10640 12645  9089  8955 13262 12261 11958 11112  8905 11968 14483 10278
ch  102:  12966  8563 15161  8876 10208  5845 10426  8029  7572  8313 12179 12126 11030 15846 12402 11298 10993  8375 13809  8985  6447  8897  9842  9776  6204 11279  8457 11913 10129  9204  9127  9613
ch  103:  14122  7901  8522 10260 13270  7921  6247  9191 10084  7885 14835 11065  9642  8335 11557 12394  9792  9697  8876  6838 14103 14198  6322 10293  7956 12884  8252 11616 12845 10200  9319  9353
ch  104:  10087  6562  6869  6899 12618 11259 10309  7516 12500 11755  9264  7397 11545 11582  7919 10602 11027 10482 11820 10690  9323  9738 10113 11295  7651 11490 11140 14170  7028 10591  9997 12406
ch  105:  12033  9547 10606 15161 10597  9668  7904 10415 13417 10718  7276  7992  9866 11082 11003 13312  9977 13068  9935  4337 11403 12538 11882 10231 11679 12441  7053  7193  7823 10913  7629 11315
ch  106:   7062 10313 11362  4524  9688  7707  6485 14856  6867  8846 10853  8714  6371  6659  5498 14910 11023  6714 11985  7622 10930 11701  9490  8152 10794  7509  9722  8754 10217  9779 11859  8936
ch  107:   6471  8860  7015 12694 12379 10794 12515 11781  9191  8405  8229  7801 11983  7900  5761  9687  9195  9760 12634 11445 15391 14092 11269  8928 11247  9575  4375 11257  8888  4841 13095 11696
ch  108:   8729 11997  7833  9692 12788  9964  8547 11980  7296 12421 10943 11173 15555 13346 10077 13813  8605 11276 14322  8975  7246 13824  9931 10253  6317  9339  7160 11386  7908 17768 10070 13331
ch  109:  14949  7733 14543  9192 10019 10181  8790 10756  6588 11819 11613 14127 11302  9120  8142  7287  8932 10630 11845  8308  9372 13372 12314 10086  9450 14180 12464  7884 10448  9527 11064  3765
ch  110:  10935  9992 10645 10131 12262 10924 10923 10271 15173 14471  8665 12423 12154 11520 12125 10091 10098 11555 12208 11904 10676 16555  4080  9165  5535 10631  6402  7338  7609  7843 11174 14545
ch  111:  11094  9676  9719 12212  9690  7204 10278 12009  6166  4285 11613 15620 14557 10973 11339  8177  7086  8012 12501  9116 14928 12426  9275  8733 13385 11366  9931 13282 14541  9770 10812 14089
ch  112:  12679 15942 11876 11969  9424  9562  7727 10994  8631 10066 10914  9908 12649 10258 10495  2391 10369  9675 10852 12528 11303 11347  8106  8864 11292 10043 16306  7120 11194  4425  7661  9795
ch  113:   8623  6532  9851 11146  7504 11922  9308 12845  7636  8481  4941  9654 11918 10108 12004 12889 12205 10545  9100  7578 10775 11622  6477  8610  9621  9684  7843  7046  6738  8942  9321  6470
ch  114:  14610 14155  5100  8755  9217 10895  9686  7746  6784  8309 13288  9380 10079 13530  9039 12826 16689  7881  9155 11317  8636 11432 13939  9760  6257 13388 12550 13140 12829 12189 10630 10708
ch  115:   7215 12743  8683  9335  9393  8711 10753 11241 12032  7476  6294  3396 15467 13894  5385 10575  7847 11405 12474 11609  8087 11418 14407 11684 14052  3855  9296 11117 12153  9070 14076  9181
ch  116:  10766  7276 10491 12100 14232 13162  8395 15157 10191 12326 11341 11506 11354 10306 10775  7132  6794  5718 11754  8501 10430  9092 10867  6670 12753 12556 12761 13363 10036  9473  5171  7342
ch  117:   9624  7876  6779 10641 12195  7362  4946  9487 12456  7571  9093 12020 12001 11574  7211 12473 11252 11357 15038 10853 13266  7923  9654  8768 12245 14652  7572  8728 10366 13580  8726 11098
ch  118:   8815  7598 11161  9031 12706  6247 10514  9278  9419 14960  6372 10753 12382  9642  5461  9393 11318 11174 14458 10477 10404 13539 11968 11057 10419 11368 12659 11795 11772 10489 12793  9989
ch  119:  15029  3468  7788  4548 15076 14196  9675 12528 11148  7927  6375 14295 10195  8429 15036  9008 11679  8440  6345  8175  6867  9841  8391 10619 12735 17373  9840 12589 15549 12649 12111 10250
ch  120:  14626 10594 15713  5678  9873 10657 10632 11572  8107 13399  8611  9655  9311 11427 15892  8013 11302 10618 12908 11416  9159  6041  7034  9115  9255  6430  7162 10720  7325 10518  9465 13035
ch  121:   5505 10912  9424 14612 10488 11761 11084 10382 11791 14065 11969 17459 16118 11560 13632 12208 11781 14786  2900 14226 13602 12066  9074  5036 10250 11045  8621  9700 12684 13983 13650  6126
ch  122:   7412 10215 11539 13665  7125 13891 13370 11327  4106  8791 10650  8441 12301  8029  6088 11545 11911 13118  5848  8765 11230 12894  8332  5951  8514 11007  7971 14194 10089 15489 13902 10450
ch  123:  11074  7956  7423 12485  9882 10069  5169 12346  6022 11130 13113 10211 12971  9006 11549  7354 12589  9880  9595 11777 12008 11099  7497  2798  4981  5522  8163  9957  6097  5850  6487 15574
ch  124:  15552 12003 11938 14431 14813  9345 15073  6008  7993  5943  8268 10359  7364 11940 10206  8214 10065  9384  5724 11995  6221 11180 11339 11174 10001  6254  7250 11791  6589 10722 11145  6724
ch  125:  10436 12103 14699  6743 10707 12771 12186  5377  7183 15119 12541 10302  5962  9034 11773  9652  9413 10121 10635 12772  9734 13818 10061  5963 10785 14920 10000 13027 11514 10431 12516  8985
ch  126:  11885 10632 10300  8171  8640  6696 12828 13028  8108 10905 10426  9157 11259 10255 16220 13603  9826 12335 10583  8075 10084 10681  9779  7986 11032 15668  7946 14163  7241 12396  5634  9791
ch  127:   7067 14672  5574 14422  8144  9797  9658  8589 10655  9453  9446  9552 12594  4156  8569 11668 11516 16227 12270 11336  9966 10404  9532  4928 12682  5557 14520 10483  9991 12716  6193 10636
