# ID XA-000-08-003-000-001-176-10
# Tag _trim_
# Date 240620_12:33:05
# Vref_p 49
# Vref_n 25
# Thr2_glb 10
# Vref_t 118
# Vref_t_range 1
# Pol 1
# ADC range 30-247
# FAST disc 30
ch:   0  140  143  149  156  158  164  166  163  167  163  163  164  157  151  149  149  152  154  137  138  147  138  131  134  135  123  136  108  106  124  123   -1
ch:   1  123  140  134  145  142  158  165  158  171  170  154  150  150  164  155  151  141  141  138  138  137  124  133  125  135  137  121  130  124  120  120    9
ch:   2  145  158  148  152  163  170  171  167  155  167  155  152  156  143  142  143  144  133  146  134  129  134  121  132  133  132  115  125  130  107  118   56
ch:   3  123  141  143  154  164  163  152  159  167  161  138  147  155  150  141  133  156  136  135  142  146  137  133  135  126  140  120  132  130  120  130   -1
ch:   4  142  149  143  140  172  163  168  161  166  165  171  155  153  148  151  146  155  136  135  146  141  137  140  135  118  132  121  105  126  126  124   14
ch:   5  133  132  131  143  146  157  157  159  157  168  164  156  153  146  148  149  132  150  149  142  133  140  131  126  139  118  125  125  117  119  118    6
ch:   6  144  145  148  159  151  168  166  163  164  161  163  156  158  144  146  148  138  151  145  147  145  130  139  134  122  120  117  119  122  114  107   -1
ch:   7  133  122  142  155  148  146  149  155  153  171  148  163  147  152  140  142  133  149  147  154  150  125  136  131  121  123  123  121  125  118  120   -1
ch:   8  142  137  149  152  158  165  168  168  163  152  150  153  157  156  145  148  149  141  138  145  138  120  140  141  136  122  137  117  120  124  124   -1
ch:   9  115  126  127  148  151  163  163  157  159  162  164  162  155  154  155  146  141  141  134  148  140  149  141  137  118  137  132  115  132  119  131   -1
ch:  10  140  150  148  146  151  156  170  164  157  167  156  162  158  156  145  150  149  139  141  147  123  120  121  138  130  133  113  133  119  109  115   20
ch:  11  125  139  133  126  149  147  151  156  152  166  153  159  165  154  165  153  139  134  146  147  140  136  136  136  123  148  133  135  109  140  132   42
ch:  12  131  143  137  140  155  168  171  162  163  161  155  151  167  163  165  148   -1  141  138  139  141  124  122  138  121  133  122  126  122  121  105   -1
ch:  13  114  129  150  146  144  141  157  152  157  169  156  161  166  154  154  154  151  138  151  153  135  138  133  147  133  123  120  131  119  135  123    8
ch:  14  128  141  148  143  166  163  158  160  169  156  155  158  152  155  162  152  159  155  140  136  134  145  124  134  115  129  117  124  117  124  119   -1
ch:  15  121  125  140  149  157  156  165  161  156  151  177  156  164  151  163  154  149  156  148  138   -1  141  134  137  135  136  123  119  123  140  130   35
ch:  16  137  141  149  136  155  152  175  155  164  165  158  155  168  168  149  151  154  146  141  139  136  147  134  133  140  135  122  132  120  124  140   17
ch:  17  123  127  131  141  140  155  151  153  164  155  154  154  159  138  155  148  142  135  148  142  138  139  135  136  122  146  124  121  121  121  120   -1
ch:  18  140  140  144  153  156  158  172  164  165  163  169  165  168  151  147  152  138  142  150  136  154  130  135  138  120  123  132  123  124  120  123   -1
ch:  19  119  131  122  133  141  158  153  153  168  163  168  146  158   -1  158  151  132  140  142  140  142  130  142  134  139  130  130  117  111  135  139   -1
ch:  20  138  145  137  144  149  167  156  162  155  162  168  157  162  165  143  147  149  136  146  129  125  139  141  130  135  123  120  118  118  114  133   -1
ch:  21  143  119  131  146  141  147  165  163  158  164  163  166  149  163  140  154  148  165  146  142  147  140  135  124  137  134  126  135  132  123  122   53
ch:  22  128  138  150  136  149  158  164  164  165  183  163  154  155  150  140  167  143  148  135  134  124  132  133  134  130  133  122  137  124  110  119    6
ch:  23  121  126  123  126  145  151  152  156  168  155  151  164  152  165  152  142  150  149  147  137   -1  133  124  123  118  134  121  125  123  132  120   31
ch:  24  124  143  131  136  143  156  157  150  171  168  167  149  151  162  151  151  148  153  141  150  148  138  126  126  118  119  119  129  121  116  119   -1
ch:  25  121  141  141  129  140  146  152  163  154  156  158  154  151  149  153  154  150  145  147  151  126  140  123  128  125  133  133  131  134  125  132   15
ch:  26  140  134  140  149  161  165  156  171  165  168  168  163  162  161  142  150  156  137  151  135  141  136  135  137  134  126  125  135  117  133  120   -1
ch:  27  120  121  145  140  140  154  163  169  167  147  154  151  152  153  147  159  140  145  135  143  147  140  124  138  124  143  124  121  134  130  119   -1
ch:  28  121  138  133  146  153  156  165  162  172  157  170  171  151  154  162  141  152  137  150  150  132  144  131  139  137  140  121  139  117  134  123    4
ch:  29  123  133  150  149  148  166  172  167  180  182  170  169  182  167  171  164  167  168  170  154  170  163  165  154   -1  166  143  166  154  164  153   -1
ch:  30  140  140  142  152  151  153  154  174  169  159  166  159  164  154  151  148  155  149  141  143  146  139  150  135  136  111  146  125  133  130  122   -1
ch:  31  114  138  137  141  139  147  163  163  164  158  168  156  151  161  139  163  152  150  150  147  141  140  146  143  133  137  132  124  133  139  122   24
ch:  32  123  129  118  131  147  158  159  152  148  151  157  171  162  153  153  153  153  155  143  150  142  141  123  122  137  136  121  125  120  111  130   -1
ch:  33  122  127  137  145  144  155  158  157  166  170  164  167  155  157  158  152  141  149  133  140  145  140  139  124  138  132  132   -1   -1  123  126   21
ch:  34  129  134  154  139  139  141  156  168  178  159  166  153  165  165  147  147  148  145  140  148  141  133  148  129  136  133  137  134  130  124  118    7
ch:  35  113  123  130  131  143  161  142  165  172  166  163  157  164  158  167  155  143  147  154  149  146  125  131  135  141  148  142  139  130  139  135   -1
ch:  36  125  137  119  124  151  163  157  152  153  159  165  161  165  157  164  151  152  148  138  141  137  162  152  141  139  117  131  122  139  114  121   40
ch:  37  119  133  139  139  150  147  163  156  153  167  158  168  162  152  150  154  137  163  146  149  137  151  151  136  135  137  135  121  126  137  124   33
ch:  38  123  120  126  143  143  146  151  161  165  159  154  157  167  155  151  160  152  152  141  137  136  139  129  134  132  136  134  120  129  122  120   17
ch:  39  114  140  134  149  141  154  156  165  159  169  163  151  168  155  172  135  147  137  148  145  140  138  140  139  138  138  132  145  138  124  109   50
ch:  40  125  120  119  138  150  156  153  162  163  157  156  168  152  148  163  148  149  150  147  139  142  131  135  140  135  123  130  136  123  116  124   -1
ch:  41  124  137  140  155  146  155  163  153  163  164  166  155  159  155  150  151  152  151  162  145  153  138  141  137  140  134  136  123  137  116  122   -1
ch:  42  124  137  131  141  141  148  150  161  170  162  157  166  151  149  149  152  150  140  141  150  139  145  143  136  131  134  120  116  123  125  132   -1
ch:  43  126  122  145  141  143  152  163  163  158  159  170  155  167  150  156  151  152  157  142  142  151  148  133  132  141  140  138  134  121  120  122   49
ch:  44  124  123  133  141  145  147  157  152  157  165  168  156  149  162  155  151   -1  146  147  146  137  134  135  126  136  133  129  138  118  124  123   -1
ch:  45  123  123  143  131  136  142  158  154  155  168  155  150  169  148  155  143  150  153  139  154  147  138  137  133  114  126  120   -1  120  136  129   -1
ch:  46  115  117  129  134  137  152  159  155  165  162  171  156  157  156  145  146  141  149  150  139  152  136  139  138  120  130  136  133  130  137  136    1
ch:  47  119  119  129  149  139  154  154  153  157  169  164  167  164  161  152  152  145  139  152  148  126  138  149  146  124  148  135  135  119  137  137   51
ch:  48  115  118  121  134  149  145  153  142  165  169  166  155  151  152  168  155  141  155  147  161  138  138  140  126  119  136  133  123  124  135  119   -1
ch:  49  123  114  133  140  151  142  158  169  156  157  168  163  157  153  153  148  154  151  131  148  147  141  139  138  137  133  125  130  122  123  129   -1
ch:  50  115  124  133  147  128  156  155  147  155  158  165  152  154  151  152  154  151  148  139  142  145  147  137  131  122  121  137  125  134  127  122   -1
ch:  51  114  132  146  143  153  146  167  157  150  165  165  156  151  150  166  148  150  147  141  141  149  145  141  143  143  136  131  120  148  137  124   -1
ch:  52  123  125  117  122  147  155  145  150  166  148  155  164  153  167  164  151  151  148  142  151  148  149  138  131  117  134  119  134  140  131  118    5
ch:  53  124  124  152  151  154  158  149  153  174  165  166  163  165  155  149  155  148  137  150  137  132  136  138  136  137  133  136  139  122  133  122   12
ch:  54  107  115  131  142  143  151  151  158  163  159  155  155  155  152  158  142  148  151  135  148  154  137  139  138  132  140  138  147  123  125  123   -1
ch:  55  133  127  133  147  147  158  154  156  157  170  164  163  167  169  163  150  153  155  139  150  141  137  137  124  141  149  147  146  123  132  133   -1
ch:  56  121  118  103  109  137  154  153  144  151  167  165  167  150  161  151  158  155  146  151  157  164  142  148  135  135  129  137  135  142  134  136   -1
ch:  57  129  124  136  152  150  156  157  154  155  166  159  150  164  158  143  159  152  139  142  152  142  134  136  150  135  125  131  123  138  133  123   -1
ch:  58  121  117  131  129  123  140  131  161  131  159  151  173  166  153  163  163  153  154  149  148  141  133  133  133  138  134  154  126  129  138  123   -1
ch:  59  129  140  136  134  154  154  163  155  156  156  168  166  154  162  155  158  153  149  150  151  150  139  133  133  139  120  135  123  140  134  140   35
ch:  60  119  118  119  120  148  141  147  142  158  164  164  170  161  156  148  153  135  149  152  140  138  140  140  130  127  133  133  123  123  130  118   27
ch:  61  133  124  130  131  149  158  163  151  169  159  163  158  152  148  161  150  142  153  140  151  141  142  135  131  124  134  139  131  135  131  123   25
ch:  62  115  123  125  142  139  148  159  145  173  160  169  143  170  165  153  164  148  146  156  159  152  148  139  149  138  136  124  140  122  133  121   19
ch:  63  112  123  142  147  155  147  153  165  161  158  156  165  161  165  153  154  150  155  155  150   -1  138  157  141  127  135  135  140  136  137  132   18
ch:  64  113  131  116  118  153  143  145  150  158  163  156  165  155  157  152  148  140  132  147  143  133  122  134  145  136  124  131  126  137  133  131   -1
ch:  65  122  129  139  142  149  163  163  154  158  156  157  168  158  157  156  153  154  150  149  139  147  143  141  147  121  136  136  139  132  140  115   33
ch:  66  115  117  125  143  133  165  147  155  173  172  155  154  139  158  163  148  154  150  147  141  136  137  137  139  151  130  134  124  124  125  114   25
ch:  67  124  146  131  150  138  151  155  155  168  142  166  164  163  162  162  150  152  149  145  137  147  137  140  155  133  135  147  135  121  137  133   32
ch:  68  113  117  131  136  147  149  143  141  154  170  152  150  165  158  152  157  151  150  147  139  148  139  148  127  151  131  121  145  138  118  132   26
ch:  69  113  122  131  141  154  167  170  158  169  170  168  152  172  165  163  154  142  153  135  138  132  134  146  137  142  139  124  135  147  137  136   22
ch:  70  115  119  130  140  149  156  151  153  168  155  168  164  171  151  163  155  147  149  136  164  135  147  137  136  121  110  130  141  124  136  129   45
ch:  71  121  133  133  149  149  158  157  157  158  171  163  152  169  155  155  153  154  145  149  153  141  152  137  139  137  133  134  148  145  132  126   -1
ch:  72  127  125  121  122  145  150  145  149  152  166  156  164  167  163  155  147  148  140  150  140  138  147  139  134  134  131  133  120  122  123  116   40
ch:  73  122  132  133  129  150  158  157  158  182  182  157  155  166  155  147  155  147  140  148  151  140  140  141  141  142  127  134  139  129  131  125   -1
ch:  74  105  121  131  141  139  133  141  175  163  164  171  157  163  155   -1  154  150  139  148  150  139  155  137  126  135  133  131  122  125  125  118   -1
ch:  75  129  140  143  143  159  158  165  152  158  168  167  166  155  168  153  153  152  155  148  137  152  139  151  148  136  136  137  121  133  132  132   -1
ch:  76  117  119  111  132  149  161  153  154  142  154  165  162  167  161  160  160  156  152  144  132  154  127  140  134  125  132  133  127  122  124  131    8
ch:  77  143  145  140  148  140  156  149  170  167  173  167  158  152  156  148  153  149  140  141  152  149  143  142  139  133  127  118  123  134  136  139   -1
ch:  78  125  133  138  129  149  156  155  155  180  156  156  164  156  165  153  151  150  150  134  145  137  132  133  134  122  133  124  116  131  135  119   -1
ch:  79  115  131  140  143  152  168  147  173  155  165  168  163  154  151  158  151  142  150  155  143  142  136  142  151  136  137  134  141  131  122  117   41
ch:  80  123  127  131  132  145  149  159  146  154  173  165  167  171  168  153  150  149  145  146  148  148  134  136  137  121  117  121  126  137  132  124   13
ch:  81  123  145  142  134  140  153  153  158  169  172  170  169  155  163  155  162  142  150  136  147  141  149  139  140  137  123  132  138  138  133  136   25
ch:  82  122  138  116  145  149  150  155  165  173  166  168  164  163  148  155  151  155  145  156  151  136  140  138  140  138  139  134  123  130  137  133   26
ch:  83  125  138  133  132  159  161  155  156  167  172  154  150  169  152  156  152  153  153  147  142  138  140  141  133  141  148  145  126  135  136  132   -1
ch:  84  129  137  129  141  155  154  159  146  158  168  168  162  151  149  153  150  149  151  140  130  146  135  124  120  137  138  136  119  122  115  124    6
ch:  85  120  143  142  140  153  166  174  170  157  172  165  157  170  152  148  145  145  139  140  139  146  139  153  140  140  122  124  125  123  139  121   -1
ch:  86  122  131  142  140  134  147  143  157  157  159  156  155  158  163  154  153  154  141  133  139  136  138  140  139  137  132  140  121  132  131  122   -1
ch:  87  126  126  125  141  149  154  158  154  158  168  168  158  154  162  152  153  142  146  150  149   -1  141  143  131  148  136  138  137  142  125  137   16
ch:  88  124  132  137  134  149  165  155  164  165  163  159  156  166  163  142  154   -1  150  141  153  150  140  132  123  135  131  135  135  119  130  123   -1
ch:  89  120  123  141  142  144  147  154  153  169  178  165  153  157  154  148  156  149  142  140  148  140  137  131  139  109  121  132  131  130  135  129   47
ch:  90  122  139  140  137  139  158  156  149  171  169  156  159  155  151  148  154  146  143  137  135  147  148  149  123  130  120  124  137  119  124  122   -1
ch:  91  124  127  131  137  145  156  154  161  154  155  166  164  163  151  153  149  142  152  149  136  136  140  144  132  124  135  134  132  134  130  111   27
ch:  92  123  139  137  146  153  168  155  146  169  163  168  153  162  153  160  147  151  150  148  140  135  142  133  147  133  137  118  121  134  121  123   -1
ch:  93  129  122  143  131  144  155  154  158  159  173  163  154  148  162  154  149  149  154  147  151  143  139  140  139  133  122  140  132  122  133  125    3
ch:  94  114  131  138  153  141  160  151  172  157  169  168  157  157  158  147  160  154  149  142  135  133  140  138  139  118  135   -1  117  122  135  122   -1
ch:  95  122  124  139  149  154  144  154  169  166  168  165  168  151  162  155  153  159  153  151  134  146  148  147  138  139  139  125  132  116  136  123   -1
ch:  96  115  126  137  138  147  156  153  154  159  172  168  150  153  163  146  147  149  150  145  150  138  121  134  130  126  135  121  115  116  119  110   -1
ch:  97  114  131  129  145  138  163  165  153  156  152  166  152  156  146  153  154  151  157  151  163  137  125  135  140  125  132  140  135  130  135  125    4
ch:  98  129  149  140  140  145  164  169  171  165  166  163  164  151  156  148  154  141  146  147  141  133  138  126  132  138  132  132  121  134  118  130   -1
ch:  99  118  122  139  149  157  156  147  166  167  165  171  150  165   -1  149  147  155  147  154  145   -1  132  142  147  150  138  132  144  135  131  142   -1
ch: 100  124  148  134  136  152  153  155  162  168  169  171  172  153  156  156  149  139  148  137  152  136  143  142  122  137  136  126  125  122  116  122   46
ch: 101  118  115  129  133  139  157  156  159  171  162  161  152  164  150  157  148  152  154  136  137  133  139  124  147  122  121  136  130   -1  131  132   53
ch: 102  128  131  153  142  149  163  163  164  169  169  153  165  157   -1  155  138  142  161  139  140  140  135  135  133   -1  131  121  132  119  123  123   36
ch: 103  120  131  133  145  138  156  154  148  154  156  165  166  165  164  164  155  151  147  148  148  137  139  137  138  132  124  135  130  126  130  122   35
ch: 104  129  125  131  152  147  161  155  160  164  167  173  147  152  169  166  155  153  136  138  138  138  141  134  124  137  123  123  130  122  109  136   -1
ch: 105  120  126  139  122  142  153  157  155  167  168  155  163  147  155  154  154  146  150  142  138  146  141  142  142  122  134  135  123  118  122  133   -1
ch: 106  124  137  148  138  151  156  165  166  173  167  168  166  147  151  156  142  136  142  142  134  137  134  133  121  129  132  136  123  117  121  107   -1
ch: 107  115  131  126  138  143  156  157  147  152  141  152  166  161  153  163  153  149  148  141  145  144  141  137  138  142  142  134  119  121  130  127   -1
ch: 108  131  146  137  144  140  158  167  160  171  155  155  152  151  155  147  147  142  143  135  139  148  132  135  134  132  135  124  138  122  120  131    3
ch: 109  109  113  124  142  126  151  145  152  165  157  166  171  166  158  148  164  149  140  152  140  147  140  141  126  136  123  131  119  133  135  122    2
ch: 110  133  140  147  156  149  173  156  152  167  165  148  153  150  150  150  140  139  138  142  143  123  136  134  141  121  131  118  133  119  122  121   47
ch: 111  129  123  126  143  140  144  154  156  156  174  156  169  153   -1  153  149  150  155  141  139  148  131  133  125  136  135  136  137  139  124  132   10
ch: 112  128  134  135  145  169  172  159  168  166  167  164  152  151  163  148  137  152  143  150  147  148  133  138  136  122  119  122  122  109  116  131   -1
ch: 113  119  117  128  129  140  147  130  165  155  159  163  154  167  151  152  146  147  141  145  139  135  150  133  120  132  125  123  119  135  118  116   51
ch: 114  140  142  145  146  149  162  156  160  164  158  173  154  157  152  151  144  138  149  136  136  124  135  119  119  131  119  133  139  121  121  117   17
ch: 115  113  122  129  146  127  144  147  163  164  156  156  162  171  155  162  152  153  138  151  152  139  142  143  140  121  122  132  115  136  124  124   30
ch: 116  129  125  143  140  153  155  171  146  167  156  166  154  150  156  151  137  147  135  143  141  140  124  140  140  137  121  113  122  119  107  117   -1
ch: 117  114  123  126  125  128  140  145  138  155  155  152  151  154  165  152  150  153  139  147  136  136  133  135  134  137  138  135  133  135  124  125   -1
ch: 118  138  146  145  145  165  160  156  162  164  166  152  156  152  162  151  138  145  139  142  137  138  139  135  120  133  124  124  121  124  117  119   -1
ch: 119  114  109  116  126  133  149  147  141  155  149  157  157  155  157  149  153  148  145  151  145  140  122  119  123  136  122  120  124  125  121  136   38
ch: 120  129  125  134  136  150  156  168  160  157  166  168  165  162  155  151  144  148  139  135  136  139  145  133  123  121  133  130  133  111  115   -1   45
ch: 121  117  123  131  133  145  147  146  147  154  157  156  170  164  155  152  148  151  151  136  150  141  125  139  130  124  124  122  138  115  133  121   30
ch: 122  129  126  142  138  142  147  143  162  161  165  168  156  157  141  148  143  134  149  133  125  145  137  123  118  119  122  124  135  120  122  119   -1
ch: 123  122  123  131  131  143  143  131  153  147  158  171  178  154  151  151  147  138  148  147  142  139  139  135  126  136  120  135  133  122  119  132   -1
ch: 124  113  126  133  128  143  143  137  164  151  151  168  150  157  153  137  149  141  152  134  146  138  136  139  138  136  133  131  123  119  125  131   -1
ch: 125  115  123  123  129  149  133  142  154  157  155  157  153  168  152  158  152  139  151  146  141  140  138  136  146   -1  147  137  123  118  124  122    9
ch: 126  112  108  117  122  133  142  125  136  149  152  149  153  157  136  166  153  140  152  140  148  143  148  127  131  118  138  146  123  121  115  118   47
ch: 127  113  121  124  116  143  132  151  165  140  167  158  154  149  154  141  144  152  150  148  148   -1  125  134  138  135  133  132  140  120  120  132   27
