# ID XA-000-08-003-000-001-182-10
# Tag _trim_
# Date 240620_13:19:57
# Vref_p 47
# Vref_n 24
# Thr2_glb 10
# Vref_t 118
# Vref_t_range 1
# Pol 1
# ADC range 30-247
# FAST disc 30
ch:   0  127  126  145  137  149  147  151  154  166  159  167  154  165  148  157  143  141  137  139  133  148  135  125  130  131  118  122  130  117  116  119   -1
ch:   1  179  174  173  189  187  178  184  171  168  172  171  152  157  166  164  154  148  148  147  142  138  127  131  140  126  135  133  134  127  133  122   37
ch:   2  155  145  154  168  172  165  166  170  173  165  158  170  167  149  141  126  151  150  153  146  133  140  137  117  124  128  119  121  116  121  124   55
ch:   3  183  194  189  185  186  180  178  168  159  171  165  151  164  151  151  152  165  147  152  154  138  142  135  140  136  136  135  119  133  133  137   -1
ch:   4  171  173  172  177  182  187  174  169  168  162  162  165  162  152  154  149  148  148  145  137  147  123  123  123  121  133  130  133  110  122  116   -1
ch:   5  188  184  186  184  182  188  172  170  169  171  147  165  153  151  163  150  150  148  142  140  140  137  126  133  140  122  131  132  118  122  131   -1
ch:   6  158  173  179  179  186  171  173  170  178  173  169  163  156  154  154  139  156  153  143  136  133  125  125  139  127  123  123  124  116  123  123   -1
ch:   7  193  187  184  189  171  181  172  169  169  156  159  165  171  149  152  149  139  148  134  133  154  138  133  140  132  119  123  130  125  135  121   -1
ch:   8  164  171  182  177  170  182  185  174  167   -1  157  164  166  153  166  156  140   -1  139  132  138  133  138  129  133  121  130  123  127  124  117   23
ch:   9  198  183  185  187  180  179  185  178  172  151  156  159  165  149  154  161  150  149  142  140  127  142  135  136  131  133  137  122  133  133  117   11
ch:  10  156  167  179  180  187  179  184  171   -1  172  151  164  162  164  138  155  141  144  139  134  135  139  133  130  124  120  121  110  121  124  115   -1
ch:  11  183  186  186  177  170  182  168  178  171  169  170   -1  163  142  152  164  143  154  136  135  150  138  136  120  138  131  123  124  131  124  119   12
ch:  12  164  163  170  169  185  172  169  169  177  172  165  155  169  155  149  148  154  131  140  132  141  133  118  123  124  132  119  125  122  124  119   44
ch:  13  195  190  189  188  172  177  170  168  171  166  170  161  170  165  154  157  150  133  137  141  147  147  131  138  129  121  132  123  125  131  134    1
ch:  14  168  161  175  184  185  177  182  173  168  168  151  150  152  142  148  146  153   -1  142  135  136  126  125  140  134  117  130  114  121  119  138   -1
ch:  15  197  195  198  185  182  184  160  183  166  179  171  156  156  169  146  153  152  163  152  147  150  146  137  127  140  123  132  130  126  124  133   -1
ch:  16  156  170  177  171  174  172  178  183  168  169  170  156  148  154  151  157  145  149  152  141  133  129  132  124  138  110  116  125  132  124  117   14
ch:  17  195  189  182  184  168  185  184  179  172  169  158  165  156  154  158  157  139  149  136  140  140  135  136  141  139  121  136  121  138  117  118   -1
ch:  18  168  177  179  187  179  166  190  168  166  171  167  149  149  138  149  152  151  148  138  135  135  142  137  130  121  125   -1  118  118  117  118   -1
ch:  19  201  193  191  180  180  185  182  172  167  157  162  146  155  161  150  146  156  136  138  149  140  139  138  138  133  131  124  132  121  130  116   -1
ch:  20  164  179  168  171  183  181  172  184  166  177  179  167  163  156  153  159  135  140  155  145  138  129  133  132  125  132  115  123  118  122  130   28
ch:  21  184  195  186  188  184  181  180  174  183  170  167  159  153  155  154  151  152  151  139  149  134  133  135  127  141  134  125  133  122  129  125   -1
ch:  22  166  173  183  180  187  181  176  169  167  159  170  163  166  150  163  164  148   -1  146  138  129  131  123  135  120  119  121  127  127  119  125   -1
ch:  23  175  186  186  171  180  173  170  180  182  177  163  151  156  156  154  157  149  149  150  151  131  134  132  135  132  124  129  123  121  121  134   35
ch:  24  163  158  170  185  175  195  196  165  164  156  166  158  165  162  149  150  137  139  152  149  137  138  138  122  137  120  133  122  133  117  115   34
ch:  25  179  198  185  187  174  178  178  168  173  166  159  161  158  146  153  143  150  137  142  146  123  137  150  137  135  137  132  125  119  123  120   -1
ch:  26  156  167  179  185  181  181  184  166  169  172  168  164  153  159  154  135  151  147  141  151  136  125  123  133  124  123   -1  130  108  126  119   -1
ch:  27  187  189  188  190  180  172  179  179  179  174  161  161  154  167  152  138  146  148  144  135  140  121  126  124  131  132  135  119  124  125  123   -1
ch:  28  167  158  185  169  186  183  174  173  178  168  170  169  168  166  153  151  154  148  137  147  134  133  130  137  124  126  117  122  119  126  122   10
ch:  29  188  195  186  182  183  179  180  163  163  165  168  164  155  153  154  163  150  142  145  141  136  134   -1  136  137  132  126  124  125  117  122   19
ch:  30  150  170  175  168  175  179  171  174  171  172  164  166  154  164  163  138  155  139  135  143  137  131  122  135  131  122   -1  117  123  120  110    9
ch:  31  191  185  185  180  185  178  179  179  173  164  149  168  156  161  139  150  139  140  149  149  136  131  121  131  132  132  133  121  127  130  122   31
ch:  32  155  172  164  177  178  179  180  174  179  179  170  168  167  150  139  153  155   -1  136  130  137  130  132  135  126  122   -1  122  114  117  117    3
ch:  33  183  189  186  182  187  179  181  165  170  168  150  163  164  152  150  146  152  149  135  140  148  132  134  136  117  137  122  119  131  115  121   26
ch:  34  157  170  172  166  173  180  172  181  178  164  169  161  165  143  141  150  149  151  136  137  151  136  133  133  131  132  124  117  118  123  115   21
ch:  35  191  191  180  175  181  182  182  178  177  169  170  162  151  149  154  141  147  155  148  137  133  132  126  135  145  125  129  131  123  133  132    4
ch:  36  177  172  187  177  178  182  180  170  178  163  174  167  161  153  142  164  147  148  136  137  132  131  136  135  139  124  117  129  121  121  119   -1
ch:  37  180  186  182  185  187  185  178  173  169  161  167  163  163  149  152  143  161  145  148  140  145  137  147  134  123  112  125  126  136  120  126   27
ch:  38  165  173  175  174  180  170  179  175  171  167  165  157  155  158  149  157  139  152  150  139  140  130  132  124  123  123  122  130  121  116  122   22
ch:  39  177  187  183  188  183  181  174  169  170  156  154  163  151  153  159  152  146  145  140  142  135  140  139  126  127  117  122  123  124  107  117   50
ch:  40  164  175  177  183  176  180  170  172  172  166  163  164  162  152  157  135  149  142  150  126  141  123  123  125   -1  132   -1  120  123  126  117    7
ch:  41  187  186  181  186  183  189  179  168  171  159  178  170  153  142  152  152  147  153  134  140  135  138  123  133  139  131  135  119  125  130  122   -1
ch:  42  148  161  173  174  185  181   -1  164  172  167  171  153  158  153  149  137  146  148  138  146  129  132  134  136  124  133  121  121  124  124  116   38
ch:  43  181  185  199  178  185  184  171  181  171  169  169  170  157  173  156  147  154  150  134  139  148  131  136  150  131  132  122  124  118  124  124   -1
ch:  44  140  162  176  177  175  180  175  174  180  179  166  163  150  161  167  167  156  148  146  141  135  134  123  140  134  126  129  125  123  125  117   16
ch:  45  188  190  184  184  189  185  171  181  171  175  165  171  164  162  165  150  147  133  127  139  147  133  126  134  126  124  131  129  131  124  119   31
ch:  46  144  172  171  173  174  172  186  173  170  168  167  173  161  162  150  138  142  151  146  127  147  133  126  138  135  123  122  132  125  123  123   -1
ch:  47  187  186  184  180  174  171  170  166  173  156  168  158  164  150  151  151  139  149  137  145  136  136  124  130  137  130  126  135  122  123  135   -1
ch:  48  158  161  167  165  180  172  172  180  170  173  163  152  162  154  163  140  139  136  137  146  136  135  140  134  127  134  135  132  118  122  124   -1
ch:  49  181  188  189  196  175  182  178  162  182  154  168  157  154  165  150  155  152  146  130  154  123  137  131  127  126  130  133  128  135   -1  120    9
ch:  50  148  151  157  163  172  169  174  172  168  177  154  157  147  164  148  150  141  140  147  141  139  146  125  127  132  115  132  121  123  110  120   -1
ch:  51  173  185  189  195  188  172  170  168  171  178  166  171  153  168  156  138  151  148  146  136  146  124  150  131  122  117  126  131  123  130  120   -1
ch:  52  151  151  159  150  150  169  169  171  162  164  156  157  154  151  149  152  124  138  146  135  138  129  142  133  122  122  119  120  130  114  130   21
ch:  53  170  182  185  173  186  187  182  174  177  170  165  164  164  148  162  154  140  137  150  129  136  134  129  124  141  134  123  126  121  117  124   47
ch:  54  133  137  148  159  161  173  182  168  166  167  167  159   -1  158  156  149  149  152  147  133  134  127  138  126  122  135  129  116  124  111  116   -1
ch:  55  183  174  182  198  195  181  180  182  172  179  172  162  172  165  159  148  154  153  135  148  132  132  140  132  147  132  137  126  124  125  126   41
ch:  56  145  137  149  150  148  176  165  168  163  170  162  166  140  166  154  154  156  149  154  147  134  140  133  132  136  136  120  129  137  119  118   16
ch:  57  173  191  182  179  184  171  181  170  171  170  163  162  164  151  154  155  162  136  139  139  133  149  140  136  139  137  127  132  131  131  125   -1
ch:  58  136  140  149  141  157  170  169  171  168  169  165  147  153  154  146  156  135  134  135  138  131  127  132  133  125  123  117  130  133  126   -1   -1
ch:  59  151  174  170  183  185  180  184  178  166  166  162  155  153  157  154  138  142  154  149  136  140  136  136  137  118  125  127  133  125  125  119   -1
ch:  60  125  134  145  138  148  144  164  163  150  166  164  164  157  155  151  158  147  138  150  135  137  149  132  134  124  134  129  121  126  118  116   -1
ch:  61  179  169  183  185  184  179  197  167  186  164  169  156  165  154  149  162  157  143  147  134  137  133  131  124  127  140  132  132  125  132  133   -1
ch:  62  124  137  143  142  169  151  174  169  159  158  153  155  161  140  152  156  150  148  136  140  155  134  140  124  130  123  123  126  124  134  126   -1
ch:  63  182  170  173  183  173  178  179  170  166  165  173  161  155  156  154  142  149  148  135  142  147  148  123  126  135  138  123  132  132  126  114   -1
ch:  64  123  141  145  138  136  141  172  149  149  169  168  172  171  163  155  152  151  142  138  138  140  145  138  120  125  140  133  119  123  120  130   -1
ch:  65  173  169  179  180  178  174  173  171  171  164  166  166  166  153  140  140  133  136  147  133  141  138  138  139  126  135  124  121  131  132  125   -1
ch:  66  118  109  131  139  157  156  159  153  158  159  174  150  164  153  153  158  155  155  150   -1  137  133  134  118  130  118  121  118  127  121  107    1
ch:  67  161  171  179  183  171  185  188  171  174  178  165  164  163  156  156  153  164  148  151  136   -1  145  138  127  145  133  133  119  123  129  129   -1
ch:  68  123  121  141  134  138  146  156  155  161  154  165  171  163  152  158  156  147  147  147  136  130  133  132  130  131  123  132  121  119  124  118   -1
ch:  69  175  171  169  181  179  179  174  168  170  169  173  171  163  153  154  147  138  139  150  137  131  140  140  136  121  137  125  123  131  125  123   -1
ch:  70  116  121  137  135  141  147  158  161  165  151  169  177  153  151  148  148  141  153  141  152  149  149  126  127  137  136  126  113  135  132  117   -1
ch:  71  158  175  184  179  179  181  180  169  175  171  172  165  162  155  142  156  157  145  139  147  136  133  138  133  146  133  131  136  127  120  126   34
ch:  72  124  124  141  132  136  138  140  157  137  166  153  155  164  154  153  150  155  134  140  137  140  146  126  147  122  118  124  132  117  125  117   12
ch:  73  161  177  170  171  180  181  183  186  170  168  168  166  150  155  151  153  143  156  136  149  134  147  135  134  132  135  134  137  129  131  132    9
ch:  74  108  126  125  131  141  145  136  157  147  154  156  165  155  151  159  143  141  151  156  126  137  122  124  125  135  118  122  115  121  116  121   -1
ch:  75  152  161  154  169  167  173  168  175  165  168  157  168  155  154  156  146  137  149  138  142  137  123  123  137  127  124  126  121  134  136  129   -1
ch:  76  107  120  133  124  130  141  156  149  137  150  171  155  157  156  155  165  164  149  143  132  129  135  134  135  125  123  129  124  134  135  114   -1
ch:  77  147  151  145  163  174  179  157  168  171  167  151  168  165  155  151  138  142  147  149  141  133  130  133  125  131  122  132  130  125  124  122   -1
ch:  78  103  125  127  136  141  157  151  145  161  140  165  165  161  156  157  148  137  150  140  139  146  126  134  132  122  119  127  123  123  119  117   -1
ch:  79  149  147  163  171  177  181  172  168  171  172  169  149  164  152  151  150  157  141  143  140  137  145  136  131  138  131  123  129  120  125  119   11
ch:  80  111  121  131  122  148  139  147  157  151  156  151  173  164  162  148  151  154  150  162  150  155  133  145  139  133  136  130  121  125  119  132   -1
ch:  81  144  153  154  165  167  171  174  172  170  169  163  161  154  165  149  154  140  146  150  158  143  131  135  119  126  131  126   -1  136  118  134   -1
ch:  82  104  119  129  131  133  149  139  145  156  140  169  163  153  165  148  144  140   -1  139  142  137  135  124  134  126  132  117  131  124  125  129   -1
ch:  83  143  151  165  171  153  172  188  175  156  157  166  152  163  160  146  153  149  137  156  141  149  147  135  124  134  134  142  124  125  135  125   17
ch:  84  113  105  121  120  136  142  139  158  133  154  167  154  157  152  158  152  138  147  135  128  141  147  121  136  120  136  133  124  119  118  123   -1
ch:  85  139  159  159  166  168  171  181  174  167  171  152  171  153  168  145  154  156  152  140  141  139  126  138  134  121  134  131  127  127  121  125   -1
ch:  86  119  103  129  117  123  140  137  155  155  155  149  158  151  154  149  156  141  149  141  134  141  136  133  138  138  121  133  118  119  120  120   -1
ch:  87  154  147  165  153  172  174  173  174  169  167  166  163  156  157  155  152  147  149  144  138  140  136  136  125  124  125  115  136  110  120  131   -1
ch:  88   99  111  113  113  126  134  149  149  137  141  153  151  153  152  165  151  154  134  134  135  131  138  132  116  130  126  123  127  120  120  124   -1
ch:  89  149  157  155  163  170  167  174  168  159  155  166  152  157  156  154  149  155  145  146  147  146  133  135  137  134  131  120  133  135  122  119   12
ch:  90  115  115  113  139  135  131  145  145  159  156  162  166  165  165  153  158  150  147  136  150  134  130  122  127  132  124  129  131  125  119  131   -1
ch:  91  150  145  154  170  170  153  163  166  182  158  163  167  154  167  146  142  138  151  152  139  132  134  134  131  133  122  129  122  131  132  121   39
ch:  92   99  111  110  118  124  134  157  145  149  145  155  168  169  166  156  152  155  150  137  137  135  136  126  133  118  120  130  116  134  116  119   -1
ch:  93  147  169  163  173  173  174  167  171  168  164  170  154  152  155  154  149  153  152  150  136  137  137  131  134  139  122  133  123  124  116  122   -1
ch:  94  110  121  121  133  127  141  140  156  163  156  169  155  175  152  158  155  134  151  142  138  126  138  136  135  120  123  131  129  123  122  126   11
ch:  95  146  142  163  170  171  172  182  184  180  171  164  153  163  168  156  153  146  140  146  141  150  136  146  139  127  124  138  119  117  121  139   -1
ch:  96  111   94  115  118  122  130  133  152  138  153  157  167  168  161  157  157  147  150  149  133  138  132  146  131  138  122  133  131  116  121  120   31
ch:  97  137  159  158  174  172  176  169  174  179  174  166  163  165  161  152  148  139  143  137  140  139  147  142  134  134  141  107  131  136  119  121    1
ch:  98  106  109  113  131  137  147  154  159  151  149  166  167  153  154  156  132  149   -1  149  154  146  136  123  130  130  121  122  118  120  124  123   -1
ch:  99  142  155  154  171  174  168  186  183  170  171  162  167  167  166  154  155  149  154  139  153  146  147  136  140  138  124  134  137  136  138  114   44
ch: 100   99  109  129  123  123  139  146  145  146  164  165  158  150  148  164  145  153  150  147  147  132  132  125  130  124  126  130  118  133  124  123    6
ch: 101  153  165  156  177  173  179  174  180  166  172  169  168  152  152  148  154  157  137  150  143  150  138  134  137  134  135  123  132  126  135  127   -1
ch: 102  110  121  125  121  123  135  142  141  159  156  162  155  151  164  142  149  151  151  137  149  140  142  137  135  124  122  119  116  132  124  119   23
ch: 103  168  161  163  167  169  173  186  172  178  174  164  167  166  168  158  147  150  148  142  140  148  140  130  137  148  138  140  130  127  126  132   -1
ch: 104  111  109  121  108  124  132  147  152  148  158  167  166  150  165  153  153  148  153  143  135  132   -1  124  134  130  143  132  120  121  123  115    6
ch: 105  149  157  172  171  182  178  174  180  171  167  173  165  161  160  155  161  154  139  156  152  132  142  141  124  124  140  135  137  130  124  130   -1
ch: 106  104  109  111  131  133  149  149  145  161  150  155  155  162  153  154  155  150  147  138  133  139  131  127  139  124  135   -1  117  119  119  110   41
ch: 107  156  159  171  173  174  185  174  169  171  164  157  169  166  153  150  167  146  158  140  148  140  134  133  126  133  142  123  133  131  139  135   54
ch: 108  107  115  125  126  134  138  157  145  145  170  156  156  162  148  149  145  154  140  142  138  139   -1  126  127  127  124  129  119  129  125  123    8
ch: 109  166  159  168  173  184  174  183  171  180  170  150  166  162  168  156  164  154  150  149  148   -1  150  134  137  140  132  139  127  123  115  131   -1
ch: 110  110  127  117  125  139  147  138  155  154  156  172  171  161  166  150  149  150  152  139  148  133  134  130  123  126  133  121  127  123  118  123   -1
ch: 111  172  159  172  180  182  196  181  169  174  171  171  172  159  154  155  160  148  153  146  147  140  145  137  145  136  126  134  130  136  139  135   26
ch: 112  125  119  125  125  129  142  141  149  159  168  162  169  148  168  152  157  152  139  125   -1  138  129  135  131  120  126  134  130  124  132  116   24
ch: 113  155  170  170  173  181  182  185  169  178  165  169  165  169  156  163  164  155  153  136  141  148  149  138  138  147  136  147  123  135  121  127   -1
ch: 114  112  123  131  143  138  149  153  155  165  168  172  156  161  152  158  148  137  136  153  138  135  131  132  126  136  119  124  129  123  117  116   25
ch: 115  166  183  184  188  181  180  169  169  182  184  159  169  156  163  152  149  153  153  136  146  148  139  140  133  139  135  125  150  134  125  133   -1
ch: 116  121  125  124  131  124  132  143  169  163  150  157  155  166  154  152  158  134  156  132  144  136  131  134  131  136  118  132  125  126  125  131   -1
ch: 117  174  185  196  189  185  185  184  172  182  171  173  156  168  155  158  152  154  138  149  136  153  148  133  136  133  121  126  132  129  130  124   13
ch: 118  124  125  139  143  149  149  158  163  169  155  167  157  154  156  169  160  148  142  135  142  130  136  133  121  134  123  135  137  125  125  120   -1
ch: 119  184  184  188  184  189  187  171  181  173  171  164  168  156  172  159  155  158  148  152  153  153  137  143  135  132  124  131  124  125  131  127   -1
ch: 120  141  125  139  150  148  155  168  148  152  171  171  166  158  166  153  161  151  148  148  151  136  130  139  137  118  126  130  120  135  124  123   -1
ch: 121  181  175  185  196  185  183  183  174  165  173  170  166  166  153  169  153  165  163  146  142  138  154  141  134  133  137  133  139  123  135  136   20
ch: 122  134  129  127  147  147  157  158  159  173  169  155  163  162  156  153  151  148  147  137  136  138  143  134  138  134  134  132  117  123  126  117   27
ch: 123  162  172  179  185  185  184  178  181  170  170  168  157  168  162  160  158  140  136  151  126  130  145  148  135  139  135  131  123  137  138  123   11
ch: 124  119  125  129  132  132  150  157  163  153  160  168  158  165  153  152  157  154  148  150  137  149  140  127  135  133  134  137  123  131  139  121    2
ch: 125  125  141  140  147  149  157  158  169  172  158  179  169  168  157  155  152  141  151  148  151  155  139  141  146  146  133  135  137  126  133  126    3
ch: 126   92  109  109  125  143  135  149  138  155  146  170  162  168  154  156  152  151  148  151  137  125  137  135  133  120  118  123   -1  137  117  125   -1
ch: 127   90   87  111  122  117  113  131  127  142  142  154  149  154  154  158  165  164  158  162  151  148  155  137  147  147  137  150  145  149  135  139   -1
