# ID XA-000-08-003-000-001-174-13
# Tag _trim_
# Date 240620_11:47:11
# Vref_p 52
# Vref_n 29
# Thr2_glb 10
# Vref_t 118
# Vref_t_range 1
# Pol 0
# ADC range 30-247
# FAST disc 30
ch:   0   87   83   94  100  102  124  136  121  146  130  137  122  134  136  121  130  120  115  120  134  109  118  121  116   -1  115  117  104  121  107  102   -1
ch:   1  125  139  143  148  149  153  147  152  133  140  148  126  131  126  139  135  123  133  133  117  118  118  121  129  110  131  123  110  121  124  118   -1
ch:   2   95  121  121  130  132  142  136  136  127  148  136  134  138  131  124  130  117  114  119  117  115  129  116  113  120  114  122  117  117  104  119   -1
ch:   3  141  140  139  150  157  149  136  146  145  134  137  138  132  135  120  137  132  122  124  120  120  121  118  115  123  125  125  117  109  114  119   -1
ch:   4  125  110  132  132  136  136  142  139  146  142  147  136  132  134  132  135  131  125  118  117  109  115  116  109  115  111  115  107  123  121  122   -1
ch:   5  139  135  143  146  140  152  149  142  134  138  131  132  137  140  126  132  135  130  136  119  126  117  131  108  122  120  123  121  122  130  121   23
ch:   6  122  122  137  139  148  138  136  148  137  134  135  131  131  125  134  119  114  120  119  118  116  117   98  108  109  120  107  115  117  107  118    1
ch:   7  137  154  152  151  155  154  155  140  138  155  138  125  126  140  139  124  139  132  132  122  131  124  121  117  113  123  125  118  124  117  120   -1
ch:   8  123  125  133  143  152  156  140  140  148  140  149  134  134  128  122  132  133  121  131  118  108  105  117  107  117  115  109  133  115  120  115    1
ch:   9  154  156  149  148  140  146  138  139  145  147  138  136  139  137  117  132  132  117  119  124  131  122  119  124  121  122  124  129  120  115  125   -1
ch:  10  111  117  134  136  154  140  148  147  147  133  128  136  136  142  120  133  122  129  130  117  105  121  123  113  119  113  114  106  108  123  135   31
ch:  11  152  148  153  154  141  148  139  131  149  137  136  131  147  133  123  131  117  132  124  122  123  122  117  115  110  124  108  115  125  119  121   15
ch:  12  133  121  131  128  130  140  141  151  140  146  136  151  140  124  120  134  109  131  123  119  110  124  110  110  113   -1  124  118  125  115  106   -1
ch:  13  143  141  148  131  145  137  139  135   -1  122  136  131  132  132  123  121  133  124  117  123  119  125  116  108  107  118  117  126  114  108  121   -1
ch:  14  123  133  127  146  148  153  154  139  137  141  134  131  132  137  134  119  119  120  132  125  129  121  118  112  122  119  122  110  132  115  111   16
ch:  15  143  153  153  147  164  163  135  141  136  127  138  139  142  146  118  123  124  126  124  124  124  126  121  122  110  121  118  122  118  131  131    9
ch:  16  133  139  132  144  136  148  156  139  146  140  137  134  137  133  122  132  122  118  125  118  122  117  106  117  115  116  116  121  118  117  110   21
ch:  17  152  163  146  150  155  138  141  143  162  146  146  115  150  125  130  131  118  116  131  132  125  118  139  131  115  117  121  110  126  118  117    2
ch:  18  121  132  145  131  148  153  154  153  147  139  137  135  132  126  135  121  125  122  122  122  108  120  118  117  108  115  116  119  120  123  119   -1
ch:  19  142  153  141  135  139  150  149  150  139  136  137  136  129  132  132  132  129  135  122  118  122  120  119  109  117  118  118  125  116  118  118    8
ch:  20  126  138  132  133  149  139  150  147  132  138  133  138  125  123  125  132  130  132  120  132  131  116  124  118  107  119  117  109  114  109  114   28
ch:  21  135  146  163  150  138  153  148  142  142  137  133  133  134  133  134  121  126  125  131  127  126  118  120  129  122  122  111  122  107  125  122   -1
ch:  22  132  133  149  136  148  148  136  155  140  144  147  114  125  124  131  132  122  137  133  123  129  114  123  115  133  124  136  132  126  131  130   15
ch:  23  149  148  168  139  148  148  139  147  147  136  133  119  148  137  124  134  146  123  116  121  136  125  108  133  124  116  138  116  123  123   -1   -1
ch:  24  115  111  119  134  141  151  151   -1  138  140  137  132  135  124  130  116  125  128  116  122  116  116  119  109  105  115  126  120  114  108  112   51
ch:  25  141  151  141  157  146  162  156  151  144  147  134  148  132  149  133  127  139  129  124  135  126  131  123  120  133  122  123  123  115  125  118   -1
ch:  26  111  132  133  140  148  156  132  137  137  135  135  137  132  134  135  129  140  124  129  121  115  120  124  132  120  106  105  122  110  116  116   15
ch:  27  137  146  134  149  152  150  150  138  150  132  136  131  142  141  123  133  134  125  139  123  121  120  117  115  120  115  119  116  123  119  124    1
ch:  28  125  133  134  132  149  150  144  138  140  139  140  135  136  127  121  131  133  120  124  122  116  116  111  121  104  119  115  119  118  117  122    5
ch:  29  141  142  150  168  147  147  141  140  142  141  141  134  137  134  134  124  134  122  125  133  137  118  123  118  115  130  123  113   -1  114  125   49
ch:  30  133  144  132  146  140  156  150  147  144  135  138  139  132  132  129  131  132  136  131  118  118  117  120  129  123   -1  116  118  108  118  116   20
ch:  31  158  148  152  156  151  143  159  146  142  135  138  129  139  133  147  137  135  126  121  122  118  126  133  126  119  104  120  130  136  124  124   -1
ch:  32  132  139  136  135  138  132  147  142  136  138  141  136  139  139  132  126  130  130  125  117  131  124  120  125  120  122  120  120  124  126  119   -1
ch:  33  131  162  164  152  138  137  139  136  137  137  138  136  135  137  126  127  131  135  122  136  127  127  123  132  130  114  121  133  122  122  137   28
ch:  34  136  132  143  135  143  149  140  147  149  133   -1  138  138  120  136  133  115  119  127  122  119  123  132  105  119  117  120  122  123  117  117   -1
ch:  35  147  155  151  163  143  155  165  151  155  147  140  139  135  138  139  136  138  130  135  117  135  120  122  120  131  119  131  126  121  126  125   -1
ch:  36  125  137  136  138  138  164  153  144  137  132  152  137  139  133  137  131  134  135  135  134  118  123  119  120  123  117  119   -1  131  121  125   -1
ch:  37  140  147  155  148  170  146  155  151  153  140  135  134  140  137  145  136  132  135  121  134  137  125  135  120  126  118  124  131  122  122  120    3
ch:  38  124  128  147  140  150  153  141  135  141  138  135  126  132  126  130  126  123  125  118  124  121  132  124  120  116  123  131  136  116  112  108   -1
ch:  39  156  142  162  164  166  153  153  152  143  147  138  134  141  137  135  121  132  135  138  118  126  121  120  121  124  126  115  122  135  132  119    4
ch:  40  139  141  136  144  149  150  154  151  148  135  137  140  142  141  131  138  140   -1  125  124  127  126  123  132  115  126  129  126  126  118  119   -1
ch:  41  141  151  156  154  155  162  150  141  155  138  143  139  130  137  133  124  137  136  139  120  123  124  118  133  119  123  118  137  118  125  119   41
ch:  42  124  124  133  134  148  146  149  142  148  148  144  125  130  131  133  133  134  133  117  122  121  121  117  125  118  121  134  121  120  122  121   -1
ch:  43  158  162  152  163  165  156  165  151  139  140  147  152  137  137  134  119  138  131  121  131  115  131  121  136  122  115  117  124  121  119  122   -1
ch:  44  121  133  135  144  153  150  147  152  137  145  133  133  136  138  134  130  132  129  126  117  130  123  111  117  117  124  126  117  132  132  120    7
ch:  45  151  158  142  152  152  152  154  139  163  145  151  147  123  133  126  126  120  133  136  127  133  121  123  120  124  132  133  121  122  119  124   -1
ch:  46  119  133  140  138  154  152  162  140  148  145  136  140  136  133  123  134  124  138  135  122  125  119  122  119  124  121  130  125  121  132  130   -1
ch:  47  153  162  147  153  155  162  147  150  141  140  150  133  135  140  135  136  138  125  121  132  133  134  124  129  119  122  118  137  132  132  133   44
ch:  48  126  110  133  140  141  134  152  145  151  140  144  124  151  120  126  132  125  122  122  138  126  124  123  123  115  122  118  121  119  118  118   16
ch:  49  141  147  154  150  166  163  140  157  132  149  137  155  146  146  140  143  138  140  138  133  147  133  129  122  120  132  133  122  133  138  124    1
ch:  50  123  148  139  146  134  151  136  153  137  147  133  138  138  133  134  139  129  132  121  123  125  121  120  123  122  117  124  114  116  132  113    2
ch:  51  151  148  150  165  158  155  153  140  140  143  134  153  141  135  141  128  123  137  131  124  135  125  129  134  125  124   -1  124  125  119  130   29
ch:  52  122  133  129  138  154  149  152  153  146  140  135  134  124  135  132  133  138  118  124  133  135  121  122  119  135  124  121  115  132  134  125   -1
ch:  53  150  151  150  154  154  166  136  152  152  148  153  136  126  138  132  135  138  136  130  134  124  126  124  134  119  122  130  115  136  122  126   -1
ch:  54  126  122  139  146  148  154  146  151  134  149   -1  124  139  134  126  131  132  134  124  122  135  125  130  131  114  124  134  117  117  120  116   -1
ch:  55  152  148  150  151  160  152  165  153  139  138  132  138  140  131  139  124  123  132  135  140  123  134  146  131  131  126  147  122  135  131  134   -1
ch:  56  126  121  135  130  152  148  143  150  146  150  133  139  123  134  134  138  134  116  130  134  127  135  110  132  122  110  119  130  125  126  118   -1
ch:  57  151  155  155  154  157  153  153  146  141  154  135  147  139  140  141  133  148  137  131  129  127  137  132  118  127  126  135  134  123  123  117   40
ch:  58  123  133  139  140  143  152  150  148  134  151  144  147  127  137  122  129  120  134  121  126  123  120  125  130  125  122  118  127  125  125  121   53
ch:  59  149  153  153  154  153  152  150  152  135  154  148  149  149  148  136  142  142  138  121  131  139  131  142  135  123  132  123  117  129  135  131   26
ch:  60  124  125  132  136  139  164  151  151  137  133  137  138  138  130  131  126  118  124  132  120  120  129  124  125  123  123  124  123  130  125  123   -1
ch:  61  150  149  168  152  163  152  167  142  153  142  140  150  139  142  136  147  138  145  126  116  134  132  121  124  140  115  123  124  122  123  127   -1
ch:  62  125  141  146  137  145  146  150  141  143  149  134  132  134  132  135  130  123  133  120  122  129  120  140  120  118  124  130  122  122  126  131   -1
ch:  63  139  158  165  140  152  140  137  148  140  148  134  152  136  136  134  137  131  122  126  123  126  111  126  116  113  115  118  132  121  117  124   31
ch:  64  125  133  139  148  167  146  149  154  140  152  143  139  136  134  140  140  130  134  133  117  123  121  119  132  119  136  123  115  134  120  131   17
ch:  65  148  153  153  146  155  149  146  151  148  138  149  139  135  146  147  121  125  131  135  137  119  126  132  132  123  122  122  131  132  130  121   52
ch:  66  119  124  145  130  149  152  155  154  142  151  137  139  140  133  139  133  134  137  133  121  123  118  122  126  120  135  122  120  119  136  121   13
ch:  67  148  154  156  169  152  152  139  155  146  150  136  137  138  152  131  131  129  137  130  139  133  133  119  146  134  120  121  131  130  132  130   -1
ch:  68  125  149  135  128  142  151  147  154  147  138  142  149  138  125  133  123  134  136  115  123  113  121  130  125  123  121  122  129  135  125  122   -1
ch:  69  151  149  148  155  148  152  148  134  140  149  142  141  142  131  123  127  147  122  117  133  121  117  133  127  125  134  120  123  136  133  126   16
ch:  70  135  127  146  136  155  139  147  156  147  153  139  136  140  145  138   -1  132  125  126  118  118  120  128  120  120  117  130  117  113  122  123   14
ch:  71  153  148  163  153  154  155  155  149  136  152  150  135  133  135  155  141  143  132  133  130  125  126  126  139  124  118  121  132  130  134  116    9
ch:  72  123  133  138  138  149  138  151  153  139  135  137  140  136  132  137  112  135  130  125  125  123  123  121  125  117  133   -1  131  118  140  125   -1
ch:  73  146  141  150  154  153  148  155  155  150  141  138  133  138  147  124  131  131  137  136  122  122  137  123  125  123  124  122  124  124  125  119   -1
ch:  74  123  132  125  140  155  158  136  139  163  148  140  135  138  137  136  129  134  134  125  127  120  131  126  107  118  130  121  123  124  123  137   -1
ch:  75  153  148  153  153  151  139  147  151  148  147  142  133  133  135  136  136  125  125  121  136  120  121  123  119  120  123  125  114  135  130  127   16
ch:  76  143  139  134  132  156  162  148  148  146  134  147  139  138  133  138  130   -1  132  133  133  126  131  124  131  134  122  133  119  133  135  121   -1
ch:  77  150  159  146  146  150  154  151  151  151  151  142  149  141  136  137  119  121  129  122  149  121  131  118  129  121  140  135  117  114  109  132    5
ch:  78  123  148  151  138  143  147  142  133  138  139  147  150  134  135  132  120  130  121  123  118  123  123  123  121  127  120  118  131  111  121  133   11
ch:  79  151  155  151  157  155  154  149  156  145  142  138  147  137  151  131  135  133  139  121  120  118  123  121  130  139  125  133  126  115  121  119    4
ch:  80  123  145  126  138  156  150  139  156  150  140  140  146  139  137  120  123  129  118  130  123  130  135  122  124  121  121  122  121  129  126  124   -1
ch:  81  142  146  158  150  154  147  155  148   -1  140  150  135  141  131  139  138  131  140  124  126  124  137  118  111  107  138  126  135  117  125  124   -1
ch:  82  131  130  143  134  142  156  146  146  140  133  131  137  138  119  134  126  136  131  125  133  121  116  120  119  116  115  123  126  139  124  131    7
ch:  83  148  162  152  155  146  154  140  155  136  143  148  123  137  136  137  144  137  135  124  131  133  122  134  127  136  131  126  135  135  134  118   -1
ch:  84  122  138  135  132  149  150  151  149  145  130  138  136  123  124  132  127  135  125  123  124  123  122  120  120  109  109   -1  119  130  108  131   -1
ch:  85  151  156  148  168  155  151  141  147  146  134  139  157  132  139  137  135  136  133  133  124  133  131  129  130  119  136  122  121  131  131  132   41
ch:  86  133  133  139  140  152  140  150  149  147  140  137  153  137  147  129  135  124  115  121  126  117  120  131  127  132  129  115  133  117  131  133   -1
ch:  87  154  155  152  157  154  155  155  149  148  143  140  135  133  134  136  139  122  134  139  141  133  126  120  125  130  136  126  120  123  130  120    8
ch:  88  137  133  138  138  152  153  152  149  140  150  150  137  134  136  134  139  130  125  132  134  124  121  121  120  117  121  122  129  125  136  123    4
ch:  89  150  157  159  160  153  171  146  126  155  139  145  137  142  133  139  132  133  141  124  125  136  140  133  134  125  121  122  121  120  122  117   51
ch:  90  123  138  139  140  153  143  146  153  151  138  140  140  132  138  135  135  120  139  127  122  109  118  121  120  120  130  116  120  119  134  121   10
ch:  91  150  157  168  150  169  163  142  152  152  147  149  133  132  146  146  134  135  136  135  135  125  122  136  122  135  134  135  132  123  136  119   49
ch:  92  120  127  133  148  152  143  151  135  151  134  137  133  139  124  124  123  135  120  121  122  136  116  125  119  122  124  119  124  122  123  114   15
ch:  93  141  153  148  152  154  150  139  146  152  149  137  146  137  137  125  147  134  130  133  137  131  134  129  122  139  129  126  122  137  119  135   11
ch:  94  133  124  142  153  148  141  153  148  135  149  145  133  145  132  135  135  124  139  130  116  123  125  122  125  134  119  123  107  124  120  123   -1
ch:  95  152  168  156  151  152  139  146  145  150  135  151  139  134  139  137  132  122  139  131  132  138  132  132  125  123  139  125  139  138  123  119   -1
ch:  96  133  143  135  136  142  152  136  150  154  149  137  138  130  138  140  134  134  122  141  126  124  115  126  120  117  119  123  121  133  121  115   -1
ch:  97  151  157  153  148  154  155  142  139  138  142  139  141  126  146  137  134  138  122  133  132  126  119  134  129  134  124  115  132  133  127  121   25
ch:  98  120  146  139  139  136  153  148  132  147  139  140  135  138  149  134  134  148  132  129  122  129  122  124  124  111  133  117  119  123  139  119   -1
ch:  99  152  156  156  149  139  152  155  145  142  126  136  139  141  140  146  133  131  131  130  121  126  122  124  126  124  118  126  135  124  133  132    4
ch: 100  132  131  136  134  155  154  138  145  146  140  142  145  136  148  138  135  131  125  133  120  132  125  108  125  126  125  119  117  132  136  118   50
ch: 101  153  136  163  148  148  149  157  143  138  146  139  139  138  124  138  137  117  128  131  131  139  134  119  120  120  131  135  119  134  127  122   33
ch: 102  120  131  149  140  144  150  131  139  138  145  132  134  135  133  135  132  126  122  133  132  122  121  134  120  124   -1  129  118  123  126  130   -1
ch: 103  158  153  154  157  155  152  147  139  154  134  149  147  137  132  145  131  126  138  123  135  140  126  122  126  121  127  133  133  131  129  118   14
ch: 104  135  127  134  142  136  142  153  149  150  135  133  146  138  131  136  130  123  125  124  122  122  135  122  118  120  107  119  121  124  120  110   -1
ch: 105  142  146  159  156  152  158  146  151   -1  152  149  148  143  132  133  122  139  136  131  135  119  131  118  120  123  138  140  134  134  139  125    5
ch: 106  127  121  139  136  147  153  140  137  141  140  135  140  124  132  131  113  122  122  123  125  123  103  120  114  106  120  116  117  117  121  122   -1
ch: 107  153  168  154  140  150  162  156  148  138  149  141  137  141  140  135  132  123  137  139  134  136  136  124  139  122  133  135  120  119  133  132   22
ch: 108  126  123  138  134  149  143  141  161  149  140  138  139  132  131  126  132  124  138  120  134  117  130  126  124  119  120  120  105  121  110  125   -1
ch: 109  148  133  159  148  154  150  140  139  152  134  138  138  134  124  136  118  123  121  130  125  137  119  138  119  122  120  123  132  114  132  137   -1
ch: 110  119  131  149  143  138  155  148  142  150  137  139  140  149  125  135  133  132  139  133  134  122  131  120  120  108  121  131  110  117  117  118   -1
ch: 111  148  158  154  153  139  148  159  135  140  138  141  152  140  136  140  124  137  137  129  122  131  127  124  121  137  123  118  126  137  130  123   -1
ch: 112  133  126  133  120  152  158  153  149  150  154  143  123  131  142  130  133  137  132  118  125  116  121  123  124  122  124  119  129  122  126  132   20
ch: 113  136  152  149  151  153  151  159  140  141  137  149  131  138   -1  140  131  135  124  139  123  117  115  123  130  123  134  122  123  125  140  132   -1
ch: 114  125  126  141  142  149  138  149  151  148  145  139  138  140  134  133  120  126  125  114  132  132  132  124  126  119  123  116  121  132  132  109   -1
ch: 115  146  153  150  152  151  148  149  148  149  164  148  146  151  138  129  129  138  133  132  121  126  124  124  120  130  118  131  122  123  131  126   29
ch: 116  143  131  138  134  126  151  152  139  149  133  139  140  135  134  134  138  118  135  132  125  114  130  119  110  122  137   -1  114  124  133  114   -1
ch: 117  142  148  156  146  156  156  155  142  153  150  142  148  140  147  126  131  137  120  131  120  117  118  130  130  122  134  134  124  124  135  122   15
ch: 118  133  139  139  135  157  155  149  147  152  144  146  138  138  137  132  133  111   -1  123  126  124  124  126  121  107  123  122  118  120  131  118   -1
ch: 119  153  154  157  155  151  152  147  152  148  142  138  140  137  150  135  131  135  135  131  131  122  125  147  120  130  118  118  136  124  135  136   -1
ch: 120  123  141  138  134  150  143  153  147  139  140  149  134  138  140  140  136  125  132  123  119  114  119  118  111  126  131  122  116  108  115  131   -1
ch: 121  151  148  149  148  150  154  151  146  147  142  136  148  124  137  136  135  125  147  124  122  125  124  118  122  127  130  135  131  136  124  117   -1
ch: 122  118  121  139  137  147  138  139  149  139  151  131  139  133  129  128  122  121  139  110  118  125  121  122  117  119  125  120  118  122  121  116    5
ch: 123  153  154  154  157  147  153  166  152  138  140  136  135  153  134  133  146  142  133  133  132  132  124  125  134  122  116  125  132  133  114  120   37
ch: 124  106  117  105  112  124  142  146  124  147  151  139  138  134  149  134  138  132  125  137  123  125  131  111  125  119  120  119  118  136  125  120   51
ch: 125  151  146  154  148  152  147  145  163  153  126  131  137  122  139  142  132  129  122  147  124  126  127  117  122  127  138  118  119  132  125  115   -1
ch: 126   87   93  103  105  109  122  114  132  130  124  138  136  134  141  136  135  127  125  138  134  120  117  124  122  113  121  123  122  118  124  133   -1
ch: 127  150  146  159  162  149  154  153  149  151  140  139  132  137  136  139  132  121  134  127  131  142  123  140  123  133  132  135  124  132  133  120    4
