# ID XA-000-08-003-000-001-172-13
# Tag _trim_
# Date 240620_12:51:41
# Vref_p 51
# Vref_n 25
# Thr2_glb 10
# Vref_t 118
# Vref_t_range 1
# Pol 1
# ADC range 30-247
# FAST disc 30
ch:   0  100   96  109  103  104  126  122  143  134  137  137  131  134  149  136  135  134  117  140  117  118  124  124  116  119  115  122  115  110  116  110   32
ch:   1  156  166  161  158  165  154  148  150  149  150  136  139  126  134  130  122  125  122  122  127  104  106  104  106  107  106  104   93  101   99  105   -1
ch:   2  102  107  110  131  134  139  130  138  146  149  145  150  142  127  135  124  142  118  120  121  128  119  120  121  127   -1  123   99  107  110  106   32
ch:   3  148  144  158  153  155  152  137  148  138  138  132  129  136  130  139  130  124  134  137  124  132  129  122  133  124  109  125  116  114  106  122    3
ch:   4  120  132  131  137  137  152  151  162  156  146  137  145  139  133  130  134  133  119  115  118  106  118  118  105  117  109  121  109  109  114  106   -1
ch:   5  152  152  161  154  157  165  152  155  141   -1  148  139  137  133  137  136  137  126  118  133  116   -1  115  119  118  119  111  124  110  107  120   53
ch:   6  126  139  143  147  158   -1  163  138  153  142  141  142  135  141  127  134  126  130  131  130  124  110  110  117  112  109  122  120  118  119  108   -1
ch:   7  157  156  155  165  157  156  138  149  142  141  131  133  147  134  142  123  135  126  118  123  109  123  121  122  117  107  115  107  115  109  108   -1
ch:   8  138  134  147  157  163  155  138  163  146  139  140  137  142  134  138  132  121  124  124  121  120  119  118  118  116  109  118  117  118   99   -1   -1
ch:   9  141  152  155  158  152  155  155  151  149  146  155  145  148  135  136  121  136  130  122  118  130  129  119  117  114   91  109  105  117  124  120   -1
ch:  10  133  152  137  155  158  154  159  148  156  137  141  139  136  146  125  141  125  120  119  130  118  118  110  114  115  121  121  106  116  113  122   -1
ch:  11  169  150  162  151  156  148  150  154  150  152  140  137  138  121  140  134  126  126  136   -1  131  118  118  117  120  117  122  122  114  116  108   53
ch:  12  136  126  143  151  153  157  147  148  141  147  142  141  135  136  133  126  136  124  124  116  118  121  125  122  116  117  118  103  115  108  107   46
ch:  13  165  158  149  155  168  145  156  140  151  142  147  136  134  147  125  133  125  124  123  135  136  121  119  115  118  120  111  122  101  116  114   -1
ch:  14  136  140  139  156  153  160  149  148  143  142  147  140  145  142  123  127  123  132   -1  123  115  119  121  117  121  113  114  105  108  103  117   -1
ch:  15  162  160  157  155  148  151  160  148  147  153  152  149  139  137  137  127  125  134  123  133  120  118  123  105  117  121  118  117  117  115  109   -1
ch:  16  126  138  147  163  143  162  158  163  142  142  137  137  133  141  147  120  116  121  124  121  136  122  118  123  109  120  110  102  108  110  116   -1
ch:  17  163  162  167  166  148  158  149  143  145  147  153  135  134  139  130  124  122  121  122  142  128  125  118  122  116  119  123  132  109  111  119   -1
ch:  18  136  150  140  154  140  149  147  148  135  150  137  140  133  148  139  134  133  120  132  128  121  118  109  120  122  124  121  116  103  101  121   -1
ch:  19  150  150  158  163  158  158  150  155  146  138  139  135  140  130  136  136  133  132  130  135  122  132  116  118  120  124  117  118  117  107  115    1
ch:  20  135  150  137  153  149  152  169  147  152  156  149  131  150  137  126  134  129  125  117  130  123  118  120  117  119  115  122  109  118  105  124   -1
ch:  21  157  155  157  156  158  156  156  142  147  146   -1  135  131  137  139  135  149  122  137  118  123  118  122  119  122  116  119  123  121  116  118   18
ch:  22  127  145  147  152  157  152  157  152  148  158  135  125  139  138  134  134  139  122  118  119  116  116  119  122  127  122  102  121  121  117  111   -1
ch:  23  150  161  159  159  158  152  153  149  139  146  137  133  134  134  136  132  121  122  123  123  120  133  107  118  118  108  115  116  103  124  104   37
ch:  24  133  132  149  142  147  153  154  154  141  147  142  143  134  119  134  124  133  117  122  119  120  119  108  118  122  108  116  125   94  104  104   32
ch:  25  142  152  150  154  162  155  151  154  155  162  137  146  149  132  124  131  133  124  124  137  136  118  119  117  130  107  121  116  107  117  118   27
ch:  26  131  150  139  154  140  151  143  148  157  135  123  137  137  145  132  126  137  121  112  119  127  117  119  114  109  109  116  124  107  105  111   11
ch:  27  150  152  153  157  158  154  154  133  153  150  154  135  135  130  132  149  139  132  133  125  122  117  116  122  119  122  118  119  123  106  117   24
ch:  28  133  140  138  145  161  154  158  147  154  147  141  129  138  124  134  139  131  125  121  120  132  119  124  123  116  124  118  115  108  106  120   -1
ch:  29  140  140  152  155  148  152  155  138  139  152  145  141  149  132  139  138  133  126  119  130  115  118  123  122  133  117  119  117  125  122  108   27
ch:  30  138  134  141  156  152  165  149  153  152  142  149  130  138  131  134  138  135  127  122   -1  120  128  110   -1  120  118   89  129  114  121  109   32
ch:  31  136  137  153  158  153  151  162  139  151  135  150  137  160  139  135  143  139  124  130  117  125  118  121  122  121  121  116  118  119  130  114   -1
ch:  32  137  140  138  153  153  153  143  154  152   -1  151  137  142  140  137  123  130  124  124  113  126  110  120  110  122  116  120  118  122  115  117   -1
ch:  33  136  147  148  151  155  158  161  149  147  135  147  142  139  137  139  154  139  136  134  123  133  129  137  118  134  115  123  119  121  121  121   -1
ch:  34  139  148  136  142  151  153  154  151  156  148  150  148  132  149  132  126  123  132  137  130  124  120  122  129  132  103  101  112  121  123  108   -1
ch:  35  124  142  135  151  155  156  151  151  146  135  151  133  133  136  136  136  131  121  118  123  125  122  120  120  107  117  116  116  105  111  106   -1
ch:  36  127  133  134  139  139  167  150   -1  149  146  151  141  148  145  125  133  121  119  124  118  132  121  122  118  121  120  118  116  117  122  122   -1
ch:  37  124  131  138  126  147  158  155  148  145  145  139  152  133  134  134  147  137  136  131  130  118  132  118  115  120  114  111  126  113  107  107   17
ch:  38  137  129  132  155  149  153  158  150  150  137  123  149  148  136  139  142  130  122  120  122  120  130  118  115  111  118  118  105  124  113  111   -1
ch:  39  121  125  135  153  141  141  152  153  151  148  138  144  138  148  140  134  130  134  133  123  117  120  131  118  122  122  116  121  123  106  123   25
ch:  40  135  137  138  134  147  157  148  150  149  135  147  135  138  136  135  139  131  129  119  119  134  116  126  118  113  120  123  123  102  107  103   -1
ch:  41  129  139  132  154  156  155  148  145  135  148  139  146  139  129  135   -1  140  124  132  132  122  119  117  117  124  118  115  110  122  111  110   -1
ch:  42  131  132  139  138  155  149  146  153  157  152  140  153  139  141  123  124  135  120  118  120  124  130  110  123  124  123  131  113  106  121  110   12
ch:  43  115  133  130  139  141  150  142  147  151  137  149  133  148  146  135  135  115  127  124  122  126  114  118  120  121  124  118  118  117  119  119   39
ch:  44  127  134  132  136  133  157  144  149  157  147  147  135  146  131  131  132  121  129  129  130  116  117  124  119  121  124  107  108  123  118  115   -1
ch:  45  122  124  132  150  140  158  148  157  151  145  141  149  140  134  134  132  139  124  124  125  119  123  125  124  116  105  121  117  109  119  121   -1
ch:  46  126  131  134  142  149  149  153  150  140  156  147  134  146  140  127  123  131  138  130  119  120  121  118  124  110  116  116  114  116  117  109   31
ch:  47  123  145  130  138  141  149  154  156  150  154  141  152  138  146  140  133  131  136  124  136  119  123  127  116  121  126  107  122  120  122  124   -1
ch:  48  124  126  143  145  139  155  154  138  146  152  131  137  133  143  133  132  137  132  115  120  119  124  120  122  105  116  109  115  119  108  120   -1
ch:  49  129  104  122  154  143  152  152  151  151  137  138  142  136  137  134  121  133  126  126  135  121  125  118  121  125  121  124  117  109  121  117   -1
ch:  50  127  125  138  142  152  158  140  149  160  147  153  137  138  138  138  139  126  118  123  119  114  133  119  128  123  135  115  113  106  115  107   32
ch:  51  127  133  142  152  137  154  152  152  138  146  150  147  141  136  138  136  123  126  116  123  121  134  119  119  117  117  115  118  119  116  109    5
ch:  52  123  125  133  142  147  151  154  150  149  149  150  141  150  132  127  146  135  133  136  125  124  123  125  123  119  115  120  110  108  119  106   14
ch:  53  110  115  136  148  146  157  154  136  154  162  136  138  134  135  137  147  136  133  125  122  115  131  122  124  106  118  116  107  117  131  120   -1
ch:  54  123  126  135  137  140  142  149  155  150  150  147  137  131  151  135  140  134  127   -1  123  133  118  121  123  124  118  121  131  124  116  122   10
ch:  55  121  133  125  145  140  148  136  152  149  147  135  135  141  146  149  131  126  138  124  122  121  115  124  117  124  118  114  109  122  132  119   24
ch:  56  127  142  124  135  137  163  156  153  158  150  137  137  146  142  138  133  130  119  133  126  120  123  128  117  115  111  115  116  117  121  110   49
ch:  57  124  136  138  140  149  142  166  140  141  146   -1  138  134  152  138  138  134  116  132  132  133  122  113  123  120  118  122  124  115  121  114   -1
ch:  58  115  127  138  138  141  145  150  143  149  143  141  144  148  132  135  141  141  132  118  123  121  118  109  113  109  107  115  124  119  119  115   39
ch:  59  125  117  135  131  151  142  165  155  154  148  153  142  142  133  130  122  110  124  130  133  126  113  132  124  122  124  115  119  119  113  117   30
ch:  60  122  133  131  139  141  151  142  154  150  147  148  145  147  141  125  136   -1  123  123  121  125  121  118  118  123  118  117  110  118  116  106   -1
ch:  61  124  121  140  154  154  158  148  141  138   -1  134  150  146  147  136  131  138  124  132  137  131  124   -1  121  123  103  118  119  119  115  117   42
ch:  62  119  132  130  137  151  139  153  146  150  149  143  148  133  138  134  137  119  121  137  129  108  130  110  106  118  118  117  108  106  115  107    6
ch:  63  122  125  148  137  140  143  139  156  147   -1  135  142  138  141  130  131  136  122  131  130  126  133  127  118  121  131  116  118  115  120  116   -1
ch:  64  127  133  136  147  146  151  150  146  153  155  155  137  149  133  134  130  129  122  138  122  117  108  114  123  120  119  136  111  105  117  122   54
ch:  65  129  124  131  125  141  150  149  154  151  155  148  138  135  136  140  138  133  132  132  122  121  131  115  121  118  123  109  113  106  122  115   16
ch:  66  126  133  127  132  143  142  154  149  138  145  140  139  139  136  134  118  122  134   -1   -1  123  116  115  121  120  116  117  121  108   99  109   -1
ch:  67  124  118  123  139  141  155  156  150  135  146  148  146  135  137  133  134  138  141  122  115  121  122  120  118  125  117  124  105  121  114  123    9
ch:  68  117  140  120  137  147  158  145  142  140  139  141  137  135  133  134  122  119  131  119  120  124  116  124  115  117  121  109  117  106  107  110   -1
ch:  69  124  123  138  141  147  156  155  152  153  150  154  158  147  142  137  138  123  138  122  132  133  137  125  120  119  118  126  116  124  120  102    5
ch:  70  123  125  134  135  146  153  166  153  153  142  140  139  146  136  133  124  126  130  131  119  124  120  116  122  124   -1  108  116  109  105  108   18
ch:  71  123  124  130  139  148  168  139  147  153  141  151  140  146  136  139  133  130  133  121  129  120  113  121  110  115  125  115  120  117  108  116   17
ch:  72  131  132  118  141  134  140  152  156  140  149  141  137  126  131  135  130  133  135  126  121  115  119  117  120  124  117  105  103  109  116  104   38
ch:  73  139  136  132  145  147  150  164  155  152  146  146  141  142  122  132  118  115  136  131  135  131  121  125  119  114  119  117  119  115  118  114   -1
ch:  74  122  125  140  147  151  154  155  164  149  142  149  140  131  148  122  136  135  138  135   -1  134  121  104  119  124  117  116  108  105  107  116   -1
ch:  75  127  139  131  140  143  154  148  151  143  148  134  129  139  147  139  136  123  126  136  125  123  119  107  120  129  125  123  118  118  117  119   -1
ch:  76  133  141  141  152  151  150  140  155  142  152  141  139  134  132  140  149  129  129  126  129  120  118  121  117  113  120  120  107  125  113  118   -1
ch:  77  139  138  134  150  143  165  156  156  153  133  147  153  138  122  127  130  130  133  125  120  129  125  120  120  118  120  115  110  126  107  118    8
ch:  78  137  127  148  147  155  151  152  152  150  149  131  134  138  125  127  137  125  125   -1   -1  118  126  117  117  130  116  102  121  103  114  111   48
ch:  79  123  131  140  136  150  152  164  154  158  146  146  149  151  132  138  136  137  119  127  130  121  119  115  118  111  120  131  123  120  116  119   23
ch:  80  138  140  137  147  137  156  158  151  152  149  150  149  135  126  137  137  125  115  126  122  132  123  117  125  106  108  120  117  115  118  107   44
ch:  81  131  136  134  140  151  154  152  141  153  145  150  141  139  140  139  130  138  132  119  125  122  120  119  117  122  116  111  119  117  117  114   -1
ch:  82  126  132  138  149  149  151  154  153  148  131  134  147  136  128  124  126  124  132  133  113  120  117  116  119  110  103  117  106  102  101  105    3
ch:  83  126  145  142  134  159  152  151  137  149  135  150  149  138  141  139  138  124  136  120  135  123  120  143  118  129  122  109  119  123  118  121   34
ch:  84  133  133  147  154  153  154  147  163  151  149  143  129  138  133  148  131  133  116  121  135  120  123  122  120  114  120  114  116  107  117  103   24
ch:  85  139  126  138  150  161  153  150  152  155  151  135  135  139  137  142  132  128  131  148  117  120  141  118  120  118  121  121  122  109  115  125   55
ch:  86  137  126  133  147  146  156  150  140  159  127  151  137  145  139  125  134  125  129  121  107  118  130  121  121  108  116  117  105  105  116  104   38
ch:  87  133  142  148  130  153  164  155  152  149  140  142  142  135  139  136  132  122  125  135  118  127  129  126  124  121  106  119  120  104  118  121   29
ch:  88  139  126  135  135  147  153  152  151  147  142  149  141  130  131  147  137  136  131  119  130  122  122  117  122  119  109  118  116  115  117  117    9
ch:  89  133  141  149  146  150  152  150  156  147  146  146  147  137  131  137  139  135  121  128  110  126  119   -1  120  118  107  123  121  121  117  119   17
ch:  90  127  130  147  151  166  153  153  154  142  153  153  145  145  129  148  124  125  120  126  119  125  117  109  119  118  115  103  107  103  118  119   -1
ch:  91  131  147  150  138  158  152  148  137  150  148  150  136  137  130  134  136  135  133  146  131  121  131  110  133  127  119  122  108  110  122  104   45
ch:  92  138  134  147  147  147  141  153  145  157  136  152  137  140  131  138  135  133  125  134  126  132  115  118  120  107  106  116  119  104  110  116   -1
ch:  93  120  140  155  154  152  156  151  142  146  145  135  133  139  135  136  144  130  123  124  120  116  123  119  110  120  122  125  118  121  115  124   29
ch:  94  131  139  137  147  150  155  148  150  151  137  145  137  134  136  133  127  129  131  130  124  114  107  106  107  120  121  117  120  107  113  107   -1
ch:  95  152  151  149  154  154  162  155  140  148  148  137  135  136  136  132  131  133  134  130  126  126  117  131  119  119  127  123  116  119  115  110   40
ch:  96  126  144  141  146  147  166  147  152  147  156  139  145  134  142  133  124  131  130  124  120  116  120  120  114  118  110  121  105  110  108  129   21
ch:  97  142  150  158  143  146  148  148  148  137  149  145  140  135   -1  136  131  140  119  133  122  122  125  106  118  122  115  110  109  132  131  118   -1
ch:  98  132  135  147  155  164  154  157  150  137  150  148  134  145  129  150  136  134  134  120  122  120  114  110  115  106  108  116  108  104  118  110    1
ch:  99  136  154  157  155  167  152  158  145  143  142  136  135  152  132  133  132  120  122  124  132  117  132  123  121  136  131  118  124  109  115  115   19
ch: 100  134  135  147  133  153  151  155  136  152  134  141  147  133  136  128  121  139  137  119  125  130  118  116  120  119   97  114  111  111  105   94   -1
ch: 101  147  152  143  166  159  159  164  154  154  133  137  147  140  147  139   -1  131  130  131  124  131  120  124  122  120  120  119  115  113  117  118   29
ch: 102  137  133  147  151  154  140  155  152  137  152  142  148  133  132  142  136  121  139  136  121  118  122  126  121  121  120  119  112  121  104  122   28
ch: 103  149  167  154  153  152  156  154  151  149  152  148  140  139  150  133  121  123  120  137  123  135   -1  123  123  117  117  123  118  119  106  122   -1
ch: 104  139  128  151  147  153  157  147  161  147  149  140  134  131  136  137  130  120  121  117  121  124  120  120  121  106  109  106  115  103  117  118   -1
ch: 105  157  156  161  158  152  155  150  148  141  137  138  139  139  133  140  125  129  132  123  126  126  121  121  130  120  109  118  104  105  115  117   -1
ch: 106  131  135  139  137  152  152  166  149  154  150  139  139  129  134  136  124  123  132  125  120  133  107  110  104  108  113  126  103  111  120  106   -1
ch: 107  155  153  162  163  154  164  163  150  147  147  149  138  126  136  123  135  138  142  134  126  121  134  111  120  117  125  124  120  119  131  117   -1
ch: 108  141  138  141  155  155  158  135  152  151  142  134  137  147  133  120  130  121  114  129  133  119  109  114  119  117  115  103  103  122  117  107   -1
ch: 109  154  150  169  169  154  158  164  151  141  149  146  149  131  136  124  138  143  137  134  124  121  130  135  132  132  136  105  130  123  127  120   40
ch: 110  138  135  139  147  157  155  153  148  154  142  138  126  155  148  133  140  137  121  124  121  119  134  118  119  111  117  109  115  118  117  104   -1
ch: 111  155  158  156  155  163  151  148  138  155  150  140  137  138   -1  140  140  132  138  120  124  125  133  122  119  119  122  121  132  122  117  109    9
ch: 112  127  134  149  147  163  164  149  157  142  141  152  135  142  122  139  131  140  133  125  123  114  120  114  135  117  120  115  117  117  113  124   -1
ch: 113  169  163  149  165  161  167  171  155  137  146  137  139  136  148  136  124  137  123  133  125  129  121  119   -1  119  109  127  130  114  107  113   50
ch: 114  127  138  149  151  153  151  153  148  140  142  141  137  138  136  137  136  133  133  130  120  124  120  130  117  119   -1  108  104  115  115  111   30
ch: 115  153  150  164  163  162  150  154  163  156  146  150  141  148  136  124  130  131  126  133  119  133   -1  123  110  123  116  108  105  120  115  120   43
ch: 116  140  139  147  151  167  163  155   -1  139  137  140  133  138  124  130  120  123  122  119  130  115  120  124  120  121  116  115  108  116  103  113   -1
ch: 117  167  158  164  153  150  157  153  147  155  155  151  142  134  139  143  124  140  131  119  138  109  123  131  116  130  105  125  111  103  123  118   -1
ch: 118  138  137  151  151  163  165  156  160  156  147  140  147  133  130  148  125  125  132  125   -1  117  117  122  128  118  115  113  107  110  119  120    4
ch: 119  168  164  168  149  153  149  161  154  147  138  136  147  139  134  129  123  132  148  132  134  137   -1  114  119  127  131  120  118  115  102  115   38
ch: 120  141  142  145  155  161  150  154  150  142  139  135  143  152  138  125  133  131  131  121  120  122  129  117  122  117  120  113  109  116  118  122   42
ch: 121  152  156  156  152  171  158  149  154  147  156  129  146  138  134  152  138  137  130  134  130  119  115  126  118  120  112  111  124  117  117  105   31
ch: 122  125  132  137  151  170  166  153  162  153  137  140  148  149  138  131  134  120  118  118  121  110  110  122   -1  110  106  119  119  116  114  109   15
ch: 123  157  164  167  153  164  149  144  142  141  142  123  137  137  137  122  138  138  135  123  121  120  129  123  125  133  116  108  107  115  116  122   -1
ch: 124  125  134  147  134  141  139  141  138  151  145  141  135  136  132  135  126  118  121  126  126  114  127  124  117  119  107  110  124  122  120  103   17
ch: 125  140  151  148  145  154  155  155  152  153  149  152  139  151  130  148  133  135  131  134  119  133  118   -1  132  132  121  123  100  133  118  131   17
ch: 126  119  105  121  123  150  139  155  165  136  139  141  139  134  131  138  134  132  128  122  119  118  114  118  109  119  114  115  108  102  123  108   11
ch: 127  106  106  122  124  135  134  137  139  156  152  148  157  156  140  133  134  143  128  139  134  122  117  123  117  133  120  129  119  124  114  124   23
