# ID XA-000-08-003-000-001-220-01
# Tag _trim_
# Date 240624_13:12:30
# Vref_p 57
# Vref_n 21
# Thr2_glb 67
# Vref_t 118
# Vref_t_range 1
# Pol 1
# ADC range 30-247
# FAST disc 30
ch:   0  120  118  120  118  124  124  124  120  121  120  130  111  110  119  122  108  124  115  117  118  108  122  118  118  124  123  117  121  109  131  123   -1
ch:   1  118  136  124  105  115  120  119  123  105  115  110  117  113  123  108  117  123  108  119  118  117  120  120  119  124  124  137  134  133  126  130   26
ch:   2  134  118  122  123  118  116  120  121  112  120  122  118  116  123  108  122  119  121  119  131  114  117  123  116  116  124  125  110  135  126  132    3
ch:   3  123  111  119  114  118  119  135  116  118  121  116  125  115  119  120  119  106  116  119  129  132  122  119  132  122  132  122  124  121  133  136   29
ch:   4  119  130  123  119  109  122  117  107  110  126  115  117  108  110  124  116  123  109  120  118  117  119  119  117  125  106  110  119  122  135  126    1
ch:   5  119  117  120  116  119  121  120  107  105  121  116  109  120  118  106  111  118  106  116  114  123  121  124  118  115  125  125  132  123  125  132   56
ch:   6  131  122  117  111  114  117  117  107  109  115  109  118  111  122  117  121  117  116  119  124  117  119  116  107  108  120  118  122  116  125  118   20
ch:   7  133  126  126  121  108  120  116  111  119  111  119  137  114  134  114  130  123  113  126  111  117  120  118  122  136  123  119  141  136  123  123   56
ch:   8  122  122  133  123  109  110  119  118  116  120  110  121  123  121  117  124  109  120  116  110  105  119  133  117  116  124  108  121  110  134  124   16
ch:   9  122  130  125  123  108  130  119  111  118  118  115  116  118  117  107  119  116  130  117  121  117  120  115  118  137  118  133  124  131  124  131   56
ch:  10  123  138  123  116  134  118  119  130  117  119  123  117  120  110  124  120  110  118  111  111  123  113  124  124  117  121  110  110  123  121  124   10
ch:  11  127  116  118  117  123  122  118  117  125  110  121  109  124  121  123  121  124  121  123  116  124  117  120  117  118  126  132  121  136  135  147   56
ch:  12  133  124  123  118  125  118  121  123  119  118  116  116  117  111  116  115  117  106  113  105  120  117  125  115  114  127  114  126  132  123  132   15
ch:  13  124  126  118  126  117  126  125  115  116  123  106  122  117  120  116  108  124  109  106  111  117  115  119  123  126  119  118  120  123  131  130   56
ch:  14  117  120  120  116  122  120  115  119  111  109  116  111  130  111  110  114  106  114  119  118  118  116  117  117  116  117  123  117  134  130  118   16
ch:  15  124  122  122  130  124  107  132  120  119  111  111  116  116  124  121  131  120  115  121  120  121  125  117  119  124  125  138  125  139  136  133   56
ch:  16  117  121  115  125  113  130  124  121  111  121  107  119  117  117  118  115  119  109  110  123  114  118  111  120  116  122  121  117  116  135  123   29
ch:  17  120  121  132  121  109  114  121  120  109  117  111  127  114  105  120  120  106  113  117  117  116  115  117  117  130  131  123  124  124  120  123   56
ch:  18  118  122  124  115  116  127  124   -1  115  114  117  119  108  120  118  113  120  111  116  117  115  116  117  117  121  123  111  116  122  126  138   21
ch:  19  126  124  108  124  124  125  119  119  115  116  116  123  125  116  116  122  118  131  116  121  117  121  115  124  131  123  125  138  134  132  139   56
ch:  20  117  122  124  120  119  108  116  122  114  110  122  119  118  123  109  109  124  123  122  105  119  118  115  119  117  119  121  125  124  121  138   18
ch:  21  118  122  119  123  118  113  104  121  110  131  121  122  108  118  118  118  114  123  119  118  121  125  131  120  119  127  123  125  133  129  125   56
ch:  22  129  119  116  120  119  123  120  110  114  118  123  115  119  118  119  108  122  115  115  115  119  124  117  116  120  119  125  116  127  123  127   19
ch:  23  119  113  124  126  134  124  132  132  127  113  116  116  109  121  124  115  120  111  115  115  108  116  117  121  125  117  127  125  123  134  122   56
ch:  24  118  121  108  120  108  117  130  120  121  126  123  106  120  105  116  123  110  116  122  117  124  119  109  121  105  118  122  114  132  124  133   28
ch:  25  130  117  134  120  127  117  127  125  120  114  116  117  114  114  115  123  116  120  120  116  122  123  123  118  120  118  122  124  132  125  137   56
ch:  26  119  117  123  117  125  131  118  121  109  111  122  117  109  114  120  116  115  114  120  118  124  119  118  119  117  117  108  118  131  136  126   26
ch:  27  114  139  123  142  136  120  132  124  122  119  121  120  118  132  118  119  119  116  122  119  122  119  129  123  120  123  134  127  122  132  134   56
ch:  28  124  122  119  131  116  117  123  122  130  116  122  133  121  110  116  116  118  114  107  117  121  121  122  132  116  121  117  119  123  135  133   25
ch:  29  134  125  126  118  119  131  116  117  116  122  116  121  109  120  119  107  118  122  123  124  129  119  114  123  119  130  123  133  127  124  134   56
ch:  30  134  116  122  122  117  125  121  131  117  110  124  120  122  105  124  116  117  119  110  106  119  118  124  117  117  118  110  131  116  132  126   31
ch:  31  131  117  118  122  129  123  120  117  119  131  119  124  118  121  122  122  120  123  117  124  120  131  120  121  134  128  117  122  130  122  140   56
ch:  32  119  133  120  123  117  124  122  115  118  122  109  109  116  117  120  121  108  113  120  119  111  122  120  122  122  121  116  124  122  137  115   31
ch:  33  131  116  121  123  119  121  123  117  115  130  122  118  133  116  136  107  121  119  123  118  107  121  111  111  134  131  126  135  131  134  139   56
ch:  34  121  119  118  117  119  122  123  120  120  114  116  122  115  113  122  118  116  120  114  111  122  121  116  131  126  120  129  126  126  127  133   32
ch:  35  120  119  130  113  132  124  123  122  117  124  119  115  124  121  117  117  117  122  122  121  126  121  123  125  133  124  130  121  138  139  137   56
ch:  36  118  132  123  116  118  117  125  123  124  123  122  121  117  125  106  122  116  107  115  119  122  121  107  119  115  114  127  121  111  123  133   36
ch:  37  133  122  121  138  121  112  121  117  123  122  118  126  127  124  125  107  117  125  123  119  124  113  122  121  122  132  136  136  126  127  130   56
ch:  38  109  130  115  132  115  120  121  116  119  122  118  117  120  115  117  119  120  108  119  120  119  115  110  116  119  124  123  123  125  146  121   22
ch:  39  117  124  120  118  124  123  119  119  125  118  122  108  119  120  115  135  126  121  117  120  127  115  120  127  116  124  121  134  140  122  126   56
ch:  40  117  119  122  118  122  116  120  119  109  119  121  122  122  119  119  118  121  118  120  119  119  126  110  119  122  117  134  129  117  121  132   40
ch:  41  132  122  119  124  116  117  115  134  125  116  123  124  115  120  121  125  131  123  133  121  129  124  123  120  131  139  125  135  138  135  137   56
ch:  42  123  131  121  132  135  124  123  119  106  124  116  109  109  116  122  123  116  111  116  119  113  118  116  121  119  115  129  116  122  123  125   31
ch:  43  120  118  132  121  119  126  118  123  133  125  126  118  116  125  130  119  118  119  117  131  126  122  139  134  131  126  126  137  126  138  136   56
ch:  44  117  111  123  129  116  123  115  117  124  119  121  127  119  109  117  110  113  117  118  127  117  125  130  116  115  124  122  134  131  119  136   36
ch:  45  121  118  120  125  110  124  124  122  123  114  104  129  120  117  119  118  126  125  119  122  126  121  118  121  117  122  126  125  126  132  132   56
ch:  46  118  116  127  122  124  119  116  116  116  112  123  122  115  105  105  118  108  120  119  113  117  117  126  121  113  121  121  122  130  119  138   41
ch:  47  118  124  122  123  120  118  127  115  121  122  121  118  114  118  124  121  121  122  121  125  126  109  120  118  131  131  140  131  146  133  140   56
ch:  48  116  115  119  117  132  118  124  108  123  117  122  122  115  111  109  123  116  123  118  118  119  122  125  124  115  124  121  120  125  125  120   46
ch:  49  121  125  116  114  121  117  120  124  114  117  109  110  124  126  110  120  114  110  126  119  121  130  127  119  118  130  127  136  126  136  122   56
ch:  50  124  130  133  110  117  120  113  117  121  116  113  114  117  114  107  123  110  116  126  117  114  121  120  124  124  124  120  130  134  126  139   38
ch:  51  121  125  123  121  123  120  121  109  125  127  111  126  126  117  120  127  122  124  108  114  122  123  120  120  132  120  121  132  131  121  132   56
ch:  52  132  123  122  131  120  124  122  118  114  116  118  122  116  110  111  108  126  116  115  123  107  122  109  112  125  115  120  122  122  131  131   49
ch:  53  124  122  132  123  118  104  122  134  137  117  120  117  119  119  118  106  133  116  123  115  118  117  126  130  133  125  123  130  120  146  133   56
ch:  54  117  126  113  111  119  121  125  131  120  116  114  108  107  116  119  120  118  121  105  120  113  110  117  115  104  124  121  123  124  125  132   35
ch:  55  125  116  110  122  124  119  125  121  120  125  117  116  121  121  120  119  126  131  119  122  122  116  124  123  119  137  121  123  134  133  132   56
ch:  56  125  120  108  118  120  125  122  120  117  123  123  124  119  112  117  122  110  119  115  123  117  131  110  115  117  122  121  124  123  132  124   40
ch:  57  125  118  133  130  121  118  122  119  132  127  119  108  113  117  122  135  106  124  134  115  120  110  129  131  140  121  136  131  138  138  130   56
ch:  58  125  120  112  126  117  129  110  124  124  124  124  117  108  110  120  114  107  111  108  116  122  103  117  115  122  115  119  120  121  131  119   38
ch:  59  123  116  118  121  118  105  123  119  125  129  122  118  122  119  121  120  119  124  107  115  123  119  123  131  123  123  131  130  132  130  134   56
ch:  60  137  128  119  121  110  120  106  123  115  118  114  120  119  102  117  113  123  113  122  116  111  126  120  114  121  122  125  132  122  127  121   37
ch:  61  118  125  123  125  108  122  123  134  127  118  122  119  122  105  113  121  122  123  121  116  130  117  125  120  133  123  129  135  150  139  127   56
ch:  62  109  122  121  118  125  132  125  117  121  110  122  117  125  109  122  110  124  119  132  107  124  119  122  116  121  122  121  119  121  133  123   32
ch:  63  134  123  117  123  134  115  121  111  119  120  116  120  124  119  124  125  117  115  116  119  120  115  137  134  124  122  132  131  126  126  140   56
ch:  64  123  120  115  120  117  111  123  106  121  125  108  107  134  111  112  116  117  121  118  118  119  107  111  110  114  121  118  123  139  120  126   37
ch:  65  123  125  126  124  131  120  118  126  125  138  129  114  124  120  121  124  123  132  110  118  115  119  120  134  121  124  131  136  133  136  138   56
ch:  66  120  120  119  115  134  110  116  119  116  114  106  118  117  115  125  107  118  124  115  115  127  122  116  109  126  120  119  122  118  122  130   41
ch:  67  124  114  118  123  121  121  122  125  120  119  121  131  109  121  124  125  117  122  111  118  115  121  134  107  121  126  136  136  125  124  134   56
ch:  68  115  123  119  123  115  115  122  109  124  120  126  119  116  116  126  122  123  122  115  122  116  130  114  121  122  116  118  137  109  124  132   41
ch:  69  115  117  119  125  125  122  121  133  117  114  124  115  116  114  125  118  121  120  107  124  115  119  126  132  133  120  121  122  131  131  135   56
ch:  70  122  120  115  134  109  120  117  122  130  123  122  122  124  107  119  109  116  117  120  124  116  118  110  114  111  115  114  130  120  130  124   39
ch:  71  115  116  132  119  115  118  121  115  119  114  119  119  120  116  121  124  125  115  119  118  115  125  118  118  121  122  116  124  135  116  129   56
ch:  72  132  120  111  119  115  109  124  120  112  118  125  118  107  107  116  110  116  116  115  121  107  118  125  117  119  121  133  124  124  137  118   43
ch:  73  132  120  130  126  125  123  124  118  117  119  117  122  119  131  124  110  130  120  121  121  130  122  121  113  124  121  131  119  132  133  138   56
ch:  74  118  124  124  110  116  125  132  127  115  117  118  119  114  116  116  121  114  123  119  104  125  117  114  111  122  111  126  133  117  122  116   38
ch:  75  120  122  119  125  135  121  131  125  117  126  118  130  120  119  121  122  119  130  114  115  126  122  122  126  117  120  135  117  133  118  131   56
ch:  76  131  122  114  117  117  120  122  126  132  123  118  118  123  126  120  117  115  111  120  120  124  124  116  115  117  132  111  123  126  122  126   41
ch:  77  119  133  125  118  123  115  134  115  124  115  123  121  124  120  124  117  117  121  131  125  124  135  122  120  118  122  137  134  136  137  134   56
ch:  78  114  132  120  118  123  123  110  117  113  114  118  115  112  110  118  114  123  119  104  110  115  113  113  125  117  124  131  107  126  135  132   41
ch:  79  121  124  131  119  123  125  110  115  126  115  122  120  119  117  125  132  119  127  119  118  140  119  115  134  131  126  122  138  134  126  126   56
ch:  80  118  117  118  124  125  118  116  124  116  118  115  119  109  118  107  131  120  121  118  109  122  123  117  119  118  118  129  119  127  135  134   34
ch:  81  126  125  131  122  122  123  113  131  130  110  124  123  107  122  116  122  114  116  121  126  125  116  120  121  135  123  121  124  135  139  142   56
ch:  82  118  125  121  115  104  134  121  124  121  114  119  112  105  123  126  115  117  119  117  108  108  122  117  125  124  124  118  119  124  117  122   35
ch:  83  115  131  107  122  122  117  122  121  123  121  122  117  125  125  122  132  124  117  120  123  127  126  130  134  136  131  122  130  133  126  139   56
ch:  84  117  125  124  138  131  119  117  123  120  121  117  109  119  113  116  119  120  102  115  119  108  132  121  105  110  112  123  120  124  122  138   40
ch:  85  117  123  132  117  125  124  120  123  120  118  127  115  124  117  119  123  118  121  131  122  118  131  124  126  119  135  133  133  133  122  133   56
ch:  86  124  118  123  122  118  122  120  118  133  126  104  111  120  117  123  123  116  117  123  116  111  115  116  114  131  119  126  110  127  136  134   28
ch:  87  118  119  118  125  117  116  122  117  111  134  117  118  121  117  124  124  131  123  122  118  115  130  124  131  127  125  133  138  136  137  126   56
ch:  88  125  124  119  123  119  111  104  120  116  103  115  110  126  113  106  107  126  105  122  122  118  122  111  136  107  123  124  123  132  134  127   37
ch:  89  131  127  114  116  131  121  122  117  131  119  121  123  120  125  115  119  117  122  121  119  120  126  136  132  134  142  137  134  134  139  130   56
ch:  90  117  121  119  131  117  114  118  110  121  123  120  114  120  111  118  120  112  109  114  118  115  117  117  117  119  115  132  115  122  119  125   34
ch:  91  123  118  124  123  117  123  117  111  122  135  135  118  119  111  119  120  120  124  119  126  122  118  126  123  131  124  138  139  141  141  134   56
ch:  92  136  132  121  126  119  130  124  122  125  114  123  114  116  120  107  126  120  111  117  130  105  117  121  110  117  126  122  118  125  121  137   34
ch:  93  122  134  121  132  120  123  120  130  121  124  122  121  124  110  116  117  132  117  134  115  121  122  122  127  124  139  124  139  122  133  129   56
ch:  94  122  126  115  132  120  120  121  126  122  114  123  121  117  120  117  114  113  116  110  107  134  130  124  116  123  116  121  120  123  134  122   29
ch:  95  123  121  127  123  119  134  118  121  118  116  121  116  109  119  133  119  118  125  122  120  135  126  124  116  124  139  139  127  123  127  140   56
ch:  96  126  118  123  131  122  115  106  121  125  115  118  125  120  123  107  118  116  110  111  121  107  116  119  123  115  116  119  108  132  125  125   27
ch:  97  119  116  123  115  121  114  129  129  110  117  120  124  110  122  123  111  124  125  129  122  121  120  129  121  124  125  135  136  139  133  134   56
ch:  98  120  120  131  118  125  121  117  118  117  114  117  118  117  119  118  117  106  117  114  103  104  114  110  118  122  108  123  114  142  136  131   29
ch:  99  122  116  121  123  110  130  122  121  133  114  123  117  121  123  113  125  122  124  124  114  120  130  116  134  131  110  125  132  131  132  140   56
ch: 100  125  109  124  127  110  116  114  124  116  123  109  109  118  116  104  123  114  117  118  107  116  118  116  122  122  121  118  133  120  125  131   20
ch: 101  115  124  118  116  124  118  109  121  120  119  123  119  119  114  109  115  114  110  134  118  117  132  123  121  117  127  118  131  126  125  135   56
ch: 102  131  125  125  118  114  119  120  118  127  119  116  108  117  118  123  119  107  126  107  115  106  114  119  125  116  125  121  119  121  124  130   32
ch: 103  122  119  113  117  119  120  122  116  120  117  132  135  124  131  125  114  108  118  114  132  123  117  131  115  128  118  136  136  133  120  135   56
ch: 104  119  123  115  118  115  120  123  114  116  119  122  124  116  115  117  116  124  111  119  118  115  118  119  123  119  121  116  120  117  127  122   23
ch: 105  110  122  126  124  124  121  123  127  115  117  117  119  124  117  121  107  115  123  110  114  118  120  126  131  130  125  133  126  133  132  132   56
ch: 106  115  119  119  124  121  121  120  130  121  124  122  123  118  108  121  115  116  123  122  118  122  118  123  117  122  119  118  123  120  128  137   27
ch: 107  135  117  116  123  124  137  125  119  123  122  118  124  117  120  123  124  123  113  118  127  116  125  110  124  122  127  131  134  132  139  137   56
ch: 108  132  110  116  108  131  117  116  130  118  122  120  120  123  124  118  115  121  119  108  123  116  115  117   -1  135  118  133  123  132  123  122   19
ch: 109  128  135  120  124  117  123  120  133  131  120  108  121  125  123  120  122  123  116  117  125  121  122  121  133  130  120  131  124  121  136  136   56
ch: 110  116  118  122  122  122  116  113  116  112  122  118  106  122  115  118  111  115  117  108  118  131  106  119  117  118  118  119  117  127  119  129   24
ch: 111  113  133  122  115  116  117  121  118  121  118  118  115  122  133  120  100  116  117  114  118  120  126  127  118  131  122  133  134  122  135  135   56
ch: 112  114  122  126  117  115  114  111  121  109  111  117  122  123  115  110  100  123  123  116  111  116  119  115  109  119  124  118  118  122  119  132   19
ch: 113  124  131  124  117  115  122  115  136  111  130  120  125  126  108  119  110  107  132  121  115  123  122  119  125  122  131  127  127  133  125  135   56
ch: 114  115  124  118  114  124  117  121  121  117  117  120  125  121  107  125  115  110  119  114  121  114  106  111  123  123  124  124  123  121  125  132   21
ch: 115  131  120  124  122  129  127  117  124  121  116  124  108  109  124  115  125  117  116  120  119  130  119  130  120  115  127  133  134  149  137  140   56
ch: 116  117  116  118  117  121  124  114  115  118  125  115  115  115  122  108  109  115  122  106  125  106  114  114  120  119  125  120  125  124  139  122   13
ch: 117  122  121  125  124  122  120  119  117  125  125  121  124  120  123  109  125  107  126  120  111  119  117  122  125  131  122  110  123  130  132  137   56
ch: 118  119  122  113  111  125  126  115  121  123  122  118  118  119  122  115  124  116  119  122  120  108  124  116  120  123  117  126  117  132  136  132   26
ch: 119  116  126  131  119  132  132  122  119  123  117  122  109  129  124  132  133  129  118  127  134  119  123  133  119  129  133  125  122  121  135  132   56
ch: 120  120  114  134  124  116  117  125  120  122  119  119  110  117  122  122  116  110  119  116  122  122  119  119  119  109  118  122  119  125  139  132   21
ch: 121  124  121  127  121  120  120  120  122  133  119  122  119  132  125  124  119  116  131  126  121  123  126  122  132  133  131  123  126  135  133  137   53
ch: 122  116  116  119  125  131  133  132  134  123  117  124  134  124  108  110  115  124  107  113  119  110  118  114  118  122  121  125  132  118  135  126    9
ch: 123  125  126  126  137  119  133  126  123  132  120  123  116  118  121  124  124  118  124  122  118  116  123  123  133  117  136  130  141  127  131  139   28
ch: 124  119  124  119  122  119  115  123  123  124   99  121  115  114  120  109  122  117  117  124  116  132  123  117  121  123  135  118  129  122  132  130   17
ch: 125  119  119  135  121  125  130  115  126  123  119  135  107  123  122  122  110  120  129  127  139  118  122  122  123  137  127  138  131  140  147  136   23
ch: 126  121  122  120  114  117  126  115  115  117  120  120  108  115  105  116  117  131  111  120  115  110  126  109  116  121  119  118  124  132  132  135   -1
ch: 127  113  130  122  116  117  124  120  122  130  123  132  114  120  125  119  126  120  122  122  119  121  117  131  137  135  121  142  132  132  138  139   19
