# ID XA-000-08-003-000-001-217-01
# Tag _trim_
# Date 240624_12:54:12
# Vref_p 57
# Vref_n 23
# Thr2_glb 10
# Vref_t 118
# Vref_t_range 1
# Pol 1
# ADC range 30-247
# FAST disc 30
ch:   0   98  121  110  118  122  126  108  119  122  120  108  116  116  115  119  115  119  102  132  118  118  109  124  121  115  130  120  117  121  124  130   12
ch:   1  120  120  124  139  120  124  127  124  108  106  115  117  125  109  122  114  125  121  115  111  118  122  123  117  135  119  135  131  122  132  121   34
ch:   2  118  121  125  122  120  117  122  117  120  122  124  123  120  116  116  109  118  108  115  124  110  111  118  109  120  118  131  135  126  132  122   -1
ch:   3  120  124  120  132  135  124  119  121  108  120  120  119  131  110  121  118  118  120  109  118  107  117  124  133  124  125  118  135  122  121  127   -1
ch:   4  122  127  124  124  113  118  116  116  118  132  106  116  119  123  116  122  108  115  105  110  118  117  116  105  110  104  117  121  121  120  127    4
ch:   5  124  135  125  122  125  115  122  122  116  109  115  120  118  116  116  125  110  116  108  116  122  138  119  127  118  125  132  136  124  132  129   -1
ch:   6  119  109  123  122  124  123  106  124  122  116  121  124  118  126  122  122  123  123  123  119  118  108  117  117  116  120  122  119  131  132  123   -1
ch:   7  118  122  107  120  132  110  138  123  132  120  114  119  115  114  115  121  118  119  118  119  114  125  132  108  136  130  131  135  135  132  135   31
ch:   8  132  133  119  120  116  127  121  126  110  110  117  119  118  109  119  121  121  118  116  106  120  119  106  106  119  118  124  118  120  120  134   11
ch:   9  133  127  127  125  123  121  118  132  122  116  123  120  130  122  116  122  121  114  120  122  119  133  109  109  133  122  126  134  123  126  124   -1
ch:  10  133  126  117  121  118  122  125  120  133  115  122  118  116  110  114  123  106  120  117  123  111  119  114  123  120  114  119  116  116  120  121   -1
ch:  11  134  123  127  114  115  132  133  124  139  120  123  120  115  132  111  117  116  124  123  120  123  123  126  124  131  133  108  142  146  134  123   26
ch:  12  124  123  133  119  122  119  104  118  122  127  133  131  118  119  122  111  118  114  120  111  117  117  109  120  124  118  125  125  123  123  138   23
ch:  13  124  127  122  114  123  116  124  122  109  118  120  120  122  116  121  123  113  117  114  126  115  118  126  120  125  124  126  120  132  133  135   -1
ch:  14  121  136  122  115  122  122  122  121  119  122  116  130  107  119  108  115  117  115  115  132  123  117  123  111  124  124  121  122  125  136  136   51
ch:  15  132  121  118  128  122  121  118  120  116  116  122  117  122  124  122  114  118  111  116  121  133  119  123  120  123  123  121  132  123  121  135   49
ch:  16  121  121  124  115  121  111  120  116  112  119  121  123  114  116  116  110  118  119  120  118  113  117  121  122  118  119  108  122  131  131  120   -1
ch:  17  133  131  124  120  123  117  117  120  120  118  119  114  124  117  121  126  108  117  116  119  123  118  125  127  118  119  119  131  137  132  135   34
ch:  18  125  131  121  115  124  125  118  117  120  115  115  113  101  112  117  117  124  116  122  118  124  107  124  126  116  108  131  109   -1  123  121   -1
ch:  19  133  124  119  118  110  123  121  121  109  130  117  119  133  118  120  119  121  117  117  117  110  131  123  120  118  124  127  138  134  135  132   20
ch:  20  135  123  123  125  131  118  117  118  122  108  126  124  121  103  115  114  130  126  118   -1  116  116  115  124  117  116  124  119  121  131  126   -1
ch:  21  125  135  115  118  121  129  121  133  111  141  118  118  122  131  125  122  122  122  124  131  126  115  122  119  134  132  126  132  134  133  122    4
ch:  22  126  121  124  120  117  117  118  119  115  123  107  117  103  119  113  116  122  106  117  124  118  120  120  109  107  118  116  121  126  119  130   -1
ch:  23  120  133  121  132  117  120  110  125  112  120  124  119  124  129  121  122  119  122  123  109  119  132  122  123  133  133  123  139  136  133  136   -1
ch:  24  123  122  129  133  117  118  117  116  117  117  119  107  123  125  123  117  114  106  120  119  122  120  121  116  107  123  120  126  139  121  126   -1
ch:  25  137  125  132  120  115  123  121  134  108  121  122  116  133  120  107  117  115  122  110  125  114  130  119  117  127  123  117  131  138  124  131   -1
ch:  26  133  124  122  126  122  123  123  117  121  119  117  115  115  117  119  114  111  118  121  117  125  118  117  123  121  123  134  129  118  132  120   -1
ch:  27  120  121  123  123  133  120  124  136  117  122  111  111  121  120  122  117  119  119  119  109  132  121  109  121  126  134  135  118  134  130  142    1
ch:  28  134  116  129  123  123  114  122  105  134  118  119  118  110  110  117  123  117  115  123  129  121  119  117  121  126  124  133  118  122  138  129   -1
ch:  29  135  114  134  117  121  125  126  116  117  115  116  107  124  112  123  118  113  108  110  106  119  126  122  124  116  125  124  121  135  130  134   -1
ch:  30  124  119  124  116  122  122  125  115  121  123  117  126  121  121  120  113  120  104  131  116  122  118  117  121  118  131  124  133  124  124  135    2
ch:  31  120  123  123  115  131  120  109  131  109  114  118  117  131  117  120  122  107  117  124  123  119  114  119  121  134  124  132  125  132  137  126   -1
ch:  32  125  124  130  135  129  121  134  119  116  125  124  115  115  127  125  124  120  121  122  123  119  120  134  118  123  119  126  123  139  130  123   -1
ch:  33  130  127  119  133  121  135  119  125  123  120  123  117  122  119  126  126  118  124  124  133  124  119  120  123  121  133  121  123  135  132  125   54
ch:  34  124  127  121  126  124  118  120  132  124  134  125  111  122  115  120  120  124  117  119  120  119  120  117  108  118  131  112  135  126  111  129   30
ch:  35  134  115  121  125  124  124  118  124  109  118  124  131  119  117  123  118  118  116  125  117  115  112  120  131  130  127  129  123  135  135  134   54
ch:  36  134  120  114  127  115  118  116  120  114  115  121  120  120  122  122  117  133  121  119  118  108  121  116  119  122  123  122  122  136  132  123   -1
ch:  37  127  135  133  118  115  122  121  117  117  121  116  119  133  136  107  122  136  107  122  116  117  117  116  118  127  127  127  139  132  121  140   -1
ch:  38  123  136  127  121  124  123  120  116  120  120  122  115  120  118  105  115  116  116  124  125  123  132  123  121  132  125  119  125  123  133  133   24
ch:  39  132  116  135  126  130  123  135  134  127  122  121  106  117  129  108  122  119  135  122  138  126  120  116  132  134  130  122  136  137  134  147   40
ch:  40  136  141  117  122  126  132  115  119  116  126  109  116  117  109  120  119  126  115  122  122  130  119  118  109  122  126  121  115  122  133  134   19
ch:  41  133  141  123  120  130  125  118  111  118  117  119  125  132  119  130  123  117  122  126  120  120  132  127  132  131  131  136  135  138  125  131   -1
ch:  42  126  124  119  124  134  121  125  118  124  118  131  115  124  113  131  123  109  120  126  123  131  120  121  123  123  118  133  123  135  122  133   -1
ch:  43  136  124  120  124  133  125  121  121  113  117  134  112  131  126  123  130  125  133  121  122  119  115  123  136  133  136  135  123  138  139  134   -1
ch:  44  119  121  118  124  119  117  116  114  122  130  121  121  117  126  120  117  109  123  114  122  116  114  124  125  121  117  124  132  122  131  129   -1
ch:  45  114  132  117  120  127  131  122  125  124  125  123  120  114  116  123  125  132  122  127  121  126  134  133  121  136  126  135  125  135  132  134   22
ch:  46  136  117  118  137  132  119  111  131  116  116  118  114  123  120  117  116  116  116  117  122  134  124  123  138  121  123  120  131  136  134  132   -1
ch:  47  121  133  137  109  133  122  125  138  122  115  119  123  120  126  134  120  125  119  125  123  127  136  137  124  125  143  138  134  135  130  135   40
ch:  48  125  123  122  120  120  123  119  125  114  121  127  117  119  115  107  118  124  114  116  131  120  123  126  116  135  119  132  127  127  121  138   49
ch:  49  131  118  121  124  124  119  125  122  121  121  122  117  125  117  131  120  119  118  119  134  123  126  120  132  126  134  135  135  134  137  131   28
ch:  50  121  122  120  131  122  124  132  106  111  117  130  123  125  118  110  114  123  121  131  116  120  120  118  114  132  133  121  123  121  132  130   -1
ch:  51  133  124  118  133  120  122  135  124  120  117  125  137  140  124  127  115  118  126  122  122  125  138  109  136  135  138  124  136  132  133  135   -1
ch:  52  116  118  116  126  123  118  124  124  117  118  131  115  124  116  115  116  115  135  119  119  121  130  118  136  124  122  125  125  138  124  145   18
ch:  53  139  122  124  118  135  136  121  131  117  123  124  124  120  127  120  123  116  115  120  113  124  118  131  119  131  135  132  121  137  143  140    7
ch:  54  123  122  120  117  122  122  122  123  118  123  103  124  119  126  117  119  120  120  126  117  121  121  120  130  121  126  133  126  121  135  126   18
ch:  55  132  124  132  111  134  125  132  118  133  119  126  124  124  120  137  123  106  123  123  114  124  133  132  122  133  116  135  121  131  137  140   -1
ch:  56  118  124  123  132  132  120  126  118  119  117  123  119  116  108  121  106  116  116  117  116  118  121  124  132  125  121  121  117  122  122  137   -1
ch:  57  125  134  130  124  125  123  111  119  126  123  121  125  119  134  118  132  132  119  126  135  125  127  118  125  123  136  135  138  135  134  150   23
ch:  58  117  121  124  115  116  123  118  125  120  120  122  117  116  104  122  116  108  117  117  119  110  119  118  104  110  111  126  123  125  124  120   -1
ch:  59  132  123  125  139  134  125  131  122  126  130  135  132  124  122  127  124  119  116  114  126  133  122  135  138  132  134  138  127  126  140  133   48
ch:  60  119  132  123  125  123  123  118  109  124  123  121  115  121  120  105  117  115  106  118  109  119  116  118  129  117  132  124  125  132  130  135   -1
ch:  61  115  121  123  123  134  118  120  132  121  127  120  123  120  121  118  131  117  121  131  123  117  120  122  122  126  133  124  121  136  137  138   -1
ch:  62  133  127  131  123  120  126  109  115  123  135  122  109  117  122  103  116  130  120  121  119  124  116  126  110  122  114  110  131  126  134  130   45
ch:  63  120  124  125  124  122  125  114  124  118  115  132  114  116  123  116  123  117  136  124  122  131  119  119  136  124  125  123  141  147  125  134   18
ch:  64  124  124  124  118  123  119  123  121  117  115  123  115  118  122  123  116  120  117  123  117  118  123  116  132  122  118  133  116  131  120  131   27
ch:  65  131  122  116  131  124  119  126  122  122  127  118  132  121  124  134  117  131  134  120  118  121  129  122  136  129  135  126  137  137  140  139   11
ch:  66  126  124  118  119  132  119  115  112  123  121  110  107  117  120  116  119  117  117  113  110  117  117  119  126  122  132  114  125  116  132  135   42
ch:  67  137  125  121  124  121  127  123  116  133  125  132  116  126  110  126  128  118  125  123  122  121  124  125  133  135  136  137  135  137  135  143   52
ch:  68  131  136  131  122  120  106  126  119  123  120  119  124  115  127  118  116  127   -1  116  130  114  122  111  123  117  131  122  116  122  135  122   49
ch:  69  118  132  133  121  123  109  119  132  121  118  133  133  119  125  124  118  129  117  118  116  133  130  126  118  121  135  141  138  137  134  136   -1
ch:  70  132  118  122  132  123  125  118  110  130  118  119  124  120  123  108  113  111  114  117  120  109  115  123  130  111  119  123  121  123  125  137   -1
ch:  71  126  127  119  120  117  122  125  125  120  108  131  140  115  120  117  122  125  132  132  123  123  124  121  136  126  140  133  132  132  126  141   -1
ch:  72  127  125  123  132  121  121  124  124  115  118  123  115  124  116  123  121  108  130  108  117  111  114  122  130  124  117  117  138  123  124  130   -1
ch:  73  125  116  121  124  137  125  129  122  122  109  123  121  122  120  125  133  123  132  133  123  131  130  133  121  133  129  132  136  133  145  139   -1
ch:  74  138  121  121  117  116  106  122  119  111  118  119  132  116  115  125  115  116  122  121  118  124  118  120  124  117  123  125  121  127  138  138   -1
ch:  75  131  135  122  131  119  120  121  136  104  117  125  121  118  120  137  114  120  123  121  109  130  131  121  135  130  118  126  141  122  139  146   21
ch:  76  125  132  116  119  131  120  110  119  115  119  123  118  117  119  110  123  118  117  118  117  119  119  115  120  124  121  125  123  136  135  139    2
ch:  77  131  116  126  131  120  121  117  118  124  126  120  118  126  120  131  124  124  113  132  121  127  122  130  127  127  135  132  126  132  136  135   54
ch:  78  135  118  132  122  110  120  124  107  119  118  123  122  121  123  119  117  125  110  116  118  113  115  107  116  120  122  133  134  130  119  118    9
ch:  79  131  124  109  137  127  118  116  128  119  121  119  122  123  115  117  118  127  123  132  117  120  118  130  117  114  136  139  127  136  140  137   10
ch:  80  125  123  122  120  120  124  116  133  115  108  131  121  122  113  115  121  118  110  108  118  121  123  121  122  124  121  124  126  134  139  137   11
ch:  81  130  125  126  124  116  127  122  126  110  125  121  121  119  117  119  114  120  124  126  121  118  117  134  127  121  130  123  147  131  124  134   13
ch:  82  131  124  130  123  136  117  131  116  118  125  118  110  130  129  110  111  108  107  116  119  116  118  126  122  117  123  130  122  124  130  126   28
ch:  83  122  120  134  124  115  125  126  117  123  116  134  125  123  130  120  133  110  116  125  131  121  134  123  132  135  124  133  137  140  138  137   -1
ch:  84  125  124  121  121  122  124  125  118  117  133  125  124  107  108  115  118  131  105  135  121  117  123  108  134  121  126  136  124  125  132  140   48
ch:  85  123  132  124  122  123  120  115  116  120  123  129  121  131  124  114  122  120  118  122  125  132  129  138  134  131  136  135  135  135  132  134   -1
ch:  86  124  132  120  120  120  123  122  119  111  123  113  117  120  120  120  126  108  132  132  120  115  121  130  117  133  126  140  121  132  122  135   -1
ch:  87  119  134  132  120  115  110  123  125  125  132  108  130  117  132  120  132  116  141  131  124  132  132  126  135  140  121  132  123  139  137  132   -1
ch:  88  120  136  135  120  134  122  126  131  111  118  134  117  128  123  124  118  108  120  121  122  124  124  117  131  111  116  121  130  116  139  123   25
ch:  89  122  122  121  130  118  124  123  120  121  125  132  130  116  120  118  118  114  123  113  123  126  124  122  121  125  129  138  136  135  127  142   -1
ch:  90  127  123  135  116  124  131  110  116  120  130  110  117  108  116  116  108  117  117  121  110  130  121  112  122  117  123  110  121  116  131  134   25
ch:  91  124  119  125  142  132  132  115  117  124  120  115  125  112  118  119  119  125  134  121  127  133  121  131  146  137  136  136  126  137  134  148    5
ch:  92  126  121  133  125  121  119  120  131  116  132  122  110  119  121  114  135  134  112  120  126  132  122  137  119  114  113  118  136  134  126  131   47
ch:  93  124  110  119  121  122  126  116  120  121  109  124  126  118  121  119  123  131  136  124  122  123  122  120  123  123  132  127  133  136  134  132   -1
ch:  94  137  132  124  122  121  120  124  122  114  120  124  123  116  111  116  124  124  123  114  120  124  126  124  120  120  133  118  126  122  137  121   -1
ch:  95  134  123  125  137  125  124  120  121  126  110  115  122  119  121  117  115  125  123  114  118  118  131  125  117  125  140  126  137  140  124  150   -1
ch:  96  121  125  126  126  127  118  131  119  123  134  108  119  106  124  115  120  107  125  126  115  124  115  120  118  125  121  133  133  122  135  135   -1
ch:  97  124  130  130  115  121  136  121  126  122  136  122  123  121  133  121  115  114  117  122  118  125  116  138  130  141  129  123  125  125  139  135   43
ch:  98  118  119   -1  117  125  122  116  107  117  124  123  124  123  119  118  121  109  119  116  123  120  119  134  125  123  120  131  123  121  134  129   -1
ch:  99  122  121  123  132  122  120  124  124  124  118  115  123  134  125  119  119  119  122  130  125  120  133  127  118  132  135  136  131  137  135  134   -1
ch: 100  120  132  131  121  134  119  119  120  118  119  118  120  119  125  127  115  124  122  110  119  123  115  130  124  115  121  124  120  127  121  133   23
ch: 101  139  122  137  122  123  119  118  124  116  120  119  114  116  110  119  121  110  123  119  123  115  134  131  123  123  131  137  119  141  126  133   -1
ch: 102  117  123  131  126  122  117  115  126  120  126  118  118  120  113  113  115  116  125  117  115  123  118  122  124  121  114  125  120  127  125  132   -1
ch: 103  124  123  135  131  123  124  118  123  120  118  118  116  132  110  118  123  121  122  127  120  111  117  120  119  130  127  124  138  145  135  122    7
ch: 104  121  111  116  137  121  119  124  123  118  109  121  122  118  120  125  113  132  120  116  124  109  125  115  124  115  124  123  118  133  139  125   53
ch: 105  126  134  121  136  120  120  119  119  118  119  124  126  118  119  117  119  117  114  118  110  114  125  118  120  121  126  126  131  124  124  140   -1
ch: 106  124  111  124  117  137  108  122  123  115  123  121  118  125  123  121  115  106  122  124  125  115  118  123  126  120  126  122  132  134  123  134   13
ch: 107  124  124  121  133  124  134  124  109  116  113  121  113  121  126  118  125  120  121  139  120  119  118  120  131  119  114  136  136  138  139  135   -1
ch: 108  135  132  119  125  131  126  110  123  117  115  117  123  113  117  111  116  124  125  127  115  122  107  123  117  123  118  132  120  132  126  123   54
ch: 109  133  125  134  123  124  123  117  119  109  117  118  120  133  123  117  110  116  123  113  117  121  120  118  123  121  116  123  122  133  137  134   10
ch: 110  136  124  124  119  121  117  122  132  134  131  120  126  126  115  118  121  121  111  122  110  116  119  120  124  133  119  126  123  124  124  135   -1
ch: 111  125  123  121  135  134  135  121  121  118  135  126  129  127  116  120  118  131  123  117  122  131  119  116  132  135  120  135  138  125  136  135   26
ch: 112  135  120  122  125  132  122  135  116  132  132  105  120  122  123  108  122  107  129  122  123  123  122  107  123  132  116  124  123  117  125  132   -1
ch: 113  129  122  127  120  126  120  122  118  125  123  125  122  115  118  114  110  121  150  122  121  117  117  125  120  109  118  121  117  140  122  136   -1
ch: 114  115  121  117  118  122  121  122  123  120  115  131  118  119  121  106  123  125  115  118  105  124  138  116  106  122  118  124  136  119  125  131   -1
ch: 115  131  123  121  130  132  117  121  123  123  120  111  117  119  124  121  108  125  124  124  118  132  135  125  131  128  122  134  124  131  123  140   40
ch: 116  123  124  122  120  114  121  115  117  111  124  122  125  123  120  120  119  122  118  119  127  111  121  136  115  121  120  126  133  132  121  130   -1
ch: 117  129  117  122  107  131  122  123  115  125  113  121  120  139  119  122  110  118  119  121  110  123  122   -1  115  125  127  132  135  136  130  131   53
ch: 118  117  115  114  119  117  123  122  126  126  126  121  119  117  114  117  115  119  122  123  115  113  130  124  123  126  128  119  106  127  124  137   41
ch: 119  116  121  124  119  125  123  128  120  123  117  114  112  120  114  126  125  111  134  117  134  107  119  120  115  121  128  123  134  116  118  128    7
ch: 120  127  121  124  138  129  116  116  119   -1  122  131  113  108  115  117  126  117  117  114  124  121  123  130  123  132  120  136  109  108  140  134   -1
ch: 121   93  119   -1  120  109  120  123  130  133  124  124  129  113  105  119  113  124  119  120  121  117   -1  127  130  133  140  139  126  132  124  125   34
ch: 122  120  134  124  124  112  115  121  116  133  125  119  109  120  122  117  117  132  104  116  124  119  124  131  111  118  119  124  133  121  117  120   12
ch: 123  126  119  137  131  131  121  122  131  119  120  119  117  122  118  132  125  126  122  119  120  125  139  123  120  121  127  126  137  131  136  134   -1
ch: 124  114  119  123  121  118  111  125  118  116  121  119  123  116  122  117  115  120  119  118  119  125  118  117  132  122  114  132  122  121  131  131   -1
ch: 125  117  120  139  121  124  120  131  122  117  119  122  125  134  122  125  123  116  115  118  117  122  113  109  132  120  120  120  136  136  131  126   44
ch: 126  100  114  103  110  121  117  115  123  116  117  117  118  120  114  120  117  115  119  115  124  110  107  124  111  117  111  115  121  122  116  120   25
ch: 127  123  124  126  121  112  122  118  117  121  130  122  124  120  123  119  116  126  137  117  125  119  123  126  121  125  134  139  130  146  132  146   -1
