# ID XA-000-08-003-000-001-234-08
# Tag _trim_
# Date 240624_11:20:49
# Vref_p 56
# Vref_n 24
# Thr2_glb 63
# Vref_t 118
# Vref_t_range 1
# Pol 0
# ADC range 30-247
# FAST disc 30
ch:   0  134  120  124  115  121  120  120  109  130  121  108  118  123  120  107  121  106  117   -1  103  115  116  107  103  107  117  106  103  108  115  110   -1
ch:   1  136  127  132  126  125  118  133  136  136  134  125  121  118  136  122  136  114  121  138  132  119  123  132  132  119  132  130  118  132  116  135   22
ch:   2  125  130  131  121  135  125  117  112  124  122  116  116  114  104  117  118   99  112  109  105  110  117  110  119  106  103  107  117  102  108  109   -1
ch:   3  134  124  132  125  134  127  117  124  125  124  125  121  134  111  123  123  119  122  114  116  123  120  119  121  120  123  118  115  135  115  116   39
ch:   4  124  120  124  125  121  136  123  121  118  131  124  123  123  124  110  124  108  117  117  115  114  116  120  107  107  116  114  121  117  118  115   17
ch:   5  137  118  136  121  139  132  125  125  132  120  124  132  126  119  116  114  106  116  118  119  122  116  116  119  109  119  119  119  111  123  110   53
ch:   6  134  118  133  123  132  137  123  119  121  120  120  122  113  118  107  118  119  103  105  105  110  100  109  105  115  101  107  104  107  105  115   20
ch:   7  137  122  135  111  126  135  134  122  123  120  133  125  126  116  137  114  135  109  121  120  116  107  107  119  118  118  117  115  114  123  121   40
ch:   8  121  134  136  123  132  113  117  115  125  111  123  118  119  121  106  118  111  113  104  117  113  101  108  115  117  110  100  115  115  105  116   20
ch:   9  126  135  147  133  124  134  133  114  136  126  123  121  124  124  123  121  122  109  125  121  121  120  117  117  131  124  119  124  126  119  119   37
ch:  10  137  116  139  134  120  124  136  122  124  107  122  121  119  115  117  117  109  119  104  121  115  109  106  102  104  107  103  108  108  120  113   21
ch:  11  121  121  137  122  127  124  119  119  121  132  118  121  117  114  126  109  118  123  122  134  115  111  123  114  118  106  117  124  121  134  124   39
ch:  12  133  122  123  121  136  114  124  111  131  108  126  118  119  118  119  108  116  110  119  108  110  119  110  107  110  116  109  108  115  109  109   13
ch:  13  132  122  134  125  122  109  120  127  132  122  124  118  110  121  130  120  124  118  116  115  106  119  130  118  105  108  111  108  119  120  126   47
ch:  14  138  120  132  123  134  118  118  123  120  117  134  121  112  123  114  120  120  123  120  116  113  108  104  115  117  113  108  106  104  118  108   20
ch:  15  123  131  125  123  119  134  120  123  124  123  131  118  130  124  118  116  126  121  119  121  109  133  133  118  115  122  120  131  118  123  123   47
ch:  16  124  122  139  139  119  126  123  119  118  122  131  118  118  124  117  123  108  116  107  114  117  117  109  119  112  117  117  115  114  109  115   15
ch:  17  132  132  115  125  123  119  132  124  118  132  125  137  125  118  118  132  122  116  130  110  117  109  119  120  115  121  119  110  121  123  124   31
ch:  18  126  117  122  137  123  120  125  125  115  124  126  114  117  121  115  116  117  121  114  110  115  115  117  115  105  115  124  108  122  122  113   22
ch:  19  120  147  132  122  125  130  131  127  126  131  116  125  142  130  131  131  119  123  132  118  108  125  132  114  116  121  123  130  132  132  133   53
ch:  20  122  126  125  119  122  131  121  132  122  121  124  134  122  123  116  120  120  117  110  118  120  124  122  116  119  115  114  126  104  118  121   19
ch:  21  147  124  133  124  119  132  124  132  116  125  132  113  107  120  121  122  111  123  119  119  118  110  115  122  119  123  122  121  121  113  122   44
ch:  22  124  121  132  134  121  125  118  120  120  105  118  117  125  110  120  116  115  118  115  109  110  108  109  105  110   95  107  103   95  109  109   16
ch:  23  127  138  120  134  116  134  121  134  125  131  125  133  126  116  123  130  123  119  119  110  116  123  118  115  131  119  131  118  123  124  132   38
ch:  24  124  131  132  125  117  121  123  124  126  126  116  124  125  126  122  123  116  110  116  118  117  110  110  111  120  107  125  116  115  122  117   23
ch:  25  133  134  133  126  125  124  119  120  118  120  129  124  116  123  125  125  118  121  122  123  116  119  116  106  117  121  105  115  116  120  121   44
ch:  26  124  135  125  122  111  120  121  124  122  121  125  117  119  112  132  132  117  115  110  107  109  118  127  122  115  121  113  120  123  109  120   19
ch:  27  136  118  133  132  135  132  134  118  132  119  125  122  121  131  124  117  116  123  118  124  123  122  125  124  126  131  117  131  115  123  137   45
ch:  28  123  134  126  118  118  137  126  133  118  122  118  121  119  115  119  114  122  114  122  119  117  110  111  120  109  132  117  107  116  121  113   23
ch:  29  132  123  122  126  133  124  128  135  119  123  134  117  118  121  120  122  118  120  133  110  121  125  119  119  116  122  116  133  115  120  116   43
ch:  30  133  124  121  123  122  135  116  118  114  122  119  118  108  111  120  122  115  121  131  120  121  117  115  114  116  109  125  114  124  115  110   19
ch:  31  134  126  131  133  122  123  125  132  127  122  133  117  130  119  118  132  132  117  133  121  118  124  124  116  118  134  123  131  118  122  132   35
ch:  32  132  118  116  120  137  117  121  126  117  124  104  108  120  110  119  118  118  116  111  110  104  107  105  104  117  108  110  106  116  115  111   22
ch:  33  124  135  132  131  116  125  105  121  124  110  124  123  130  133  119  116  117  119  116  117  117  120  114  112  119  121  108  107  121  119  124   39
ch:  34  134  117  124  125  125  120  121  122  133  107  132  136  107  104  103  118  113  107  110  106  116  105  115  110  117  114  106  106  121  117  115   23
ch:  35  137  136  131  121  122  138  125  125  110  135  108  117  124  122  114  121  122  131  118  119  114  122  123  110  119  121  120  122  115  121  135   41
ch:  36  135  126  134  123  134  124  118  118  121  115  120  119  111  130  115  114  117  114  116  107  107  115  120  117  123  109  126  115  115  108  122   22
ch:  37  136  118  121  141  125  133  122  126  117  123  135  132  120  123  132  124  119  113  108  119  122  116  121  114  121  119  101  134  125  120  121   40
ch:  38  125  125  124  133  118  130  122  132  122  119  115  118  132  123  126  118  119  121  118  119  111  125  112  108  115  117  116  110  124  121  119   36
ch:  39  133  134  136  131  135  127  134  127  132  118  131  132  120  124  124  128  121  109  111  132  120  117  123  131  124  131  117  117  133  125  130   43
ch:  40  132  132  124  135  127  115  126  132  121  117  113  122  117  121  135  122  105  126  115  116  109  122  107  111  116  113  116  114  119  111  118   19
ch:  41  126  125  134  122  132  117  132  124  124  118  120  125  122  126  119  118  123  118  122  117  119  111  123  125  120  120  120  122  126  131  123   33
ch:  42  127  123  122  132  132  119  119  113  123  116  108  114  119  119  110  119  116  115  110  116  117  117  106  115  106  113  109  117  118  119  120   22
ch:  43  132  124  124  132  131  131  120  122  127  120  132  134  121  118  130  125  131  129  119  119  134  124  122  120  126  123  123  123  131  126  132   34
ch:  44  124  123  122  123  123  131  125  133  131  125  125  116  110  132  114  124  121  120  116  113  115  121  120  111  122  118  121  123  114  121  119   19
ch:  45  139  139  133  120  120  140  124  132  126  117  125  131  127  124  119  121  127  122  119  135  116  121  132  139  129  123  121  123  137  132  127   39
ch:  46  120  131  118  132  130  120  123  132  119  131  125  110  118  118   -1  118  120  120  114  119  122  118  125  119  114  137  133  113  134  119  120   21
ch:  47  124  127  123  133  120  135  123  117  134  122  134  123  138  134  130  117  139  131  125  122  125  125  138  123  125  122  132  126  120  138  124   39
ch:  48  130  125  125  133  114  120  121  133  116  105  124  123  110  113  119  116  120  127  125  121  119  111  124  117  120  109  124  132  107  119  122   24
ch:  49  120  123  135  116  135  133  136  141  137  129  126  140  132  110  119  120  123  125  122  134  126  120  137  133  120  135  138  124  130  139  127   49
ch:  50  132  124  125  122  119  131  118  126  119  124  111  122  117  121  126  120  119  115  126  113  118  114  122  115  119  119  108  110  118  119  117   25
ch:  51  136  132  125  132  118  131  122  132  135  138  137  121  125  118  115  125  116  130  116  116  120  121  129  121  119  125  115  134  118  124  132   42
ch:  52  124  134  132  120  120  108  125  119  132  115  114  120  124  123  115  125  102  115  115  109  120  118  115  125  116  132  107  114  117  108  108   27
ch:  53  141  135  137  132  133  126  115  130  127  131  116  123  119  123  121  126  122  127  116  121  124  122  124  123  118  124  131  132  132  130  134   38
ch:  54  132  119  134  122  126  115  138  119  110  115  118  120  116  129  110  118  108  121  108  107  118  114  107  113  103  116  107  113  113  118  115   28
ch:  55  137  117  130  126  131  119  137  142  132  119  120  132  122  114  125  125  119  125  121  119  123  121  124  122  130  119  127  117  123  121  132   34
ch:  56  135  122  124  124  119  108  123  116  120  109  115  118  113  118  116  113  123  108  106  114  111  110  113  105  110  117  119  120  110  121  117   22
ch:  57  119  125  123  142  126  123  134  131  118  121  132  120  126  133  125  118  123  118  114  106  124  121  123  118  122  125  116  121  122  127  133   38
ch:  58  134  117  135  124  122  125  122  125  131  131  115  108  125  124  115  115  115  105  120  113  109  118  111  109  116  107  114  117  121  125  137   20
ch:  59  123  135  132  132  123  125  133  132  131  134  119  126  119  119  119  132  125  116  124  117  119  116  142  119  134  130  123  136  125  138  134   38
ch:  60  131  133  133  118  116  121  124  133  119  122  119  119  118  117  131  113  121  111  121  101  105  115  123  107  119  121  108  122  118  116  132   24
ch:  61  132  141  122  123  123  126  132  117  132  121  131  117  120  119  120  122  126  116  122  122  127  126  122  111  119  122  122  119  117  117  124   39
ch:  62  122  119  132  132  116  121  122  133  130  121  122  107  120  104  118  124  116  103  108  117  111  132  111  107  107  116  124  117  117  121  125   32
ch:  63  141  133  135  132  116  122  135  132  119  133  109  120  133  119  118  121  120  116  132  133  115  133  120  111  135  135  127  116  118  131  124   36
ch:  64  121  117  126  126  125  133  125  123  120  131  119  106  127  117  109  110  115  121  118  119  115  116  101  107  105  113  110  122  103  121  130   27
ch:  65  133  119  125  120  134  123  133  126  117  130  126  124  120  127  136  130  121  121  133  119  131  132  117  130  117  115  134  118  125  132  135   32
ch:  66  132  127  135  116  121  116  119  119  122  118  122  116  126  120  119  124  118  130  118  117  115  122  115  109  113  119  122  124  121  124  122   21
ch:  67  138  138  122  122  131  124  121  121  122  138  124  123  139  132  134  135  122  134  137  124  117  135  117  123  120  118  118  134  126  124  132   27
ch:  68  134  123  118  131  107  123  118  137  126  119  114  132  111  134  120  116  101  119  117  118  117  130  114  111  109  112  118  118  125  122  120   26
ch:  69  127  148  132  132  131  131  133  123  123  122  120  124  123  135  138  124  119  134  140  123  123  119  126  132  126  118  135  131  139  137  131   37
ch:  70  123  117  120  133  124  123  122  123  136  131  120  117  115  118  125  121  110  108  115  120  122  111  104  121  121  105  115  117  106  113  113   21
ch:  71  122  131  132  127  121  141  132  124  123  133  122  135  118  119  123  126  118  122  120  110  124  115  119  134  120  124  121  134  133  131  123   34
ch:  72  122  124  132  132  133  118  126  118  116  123  125  119  127  119  121  116  115  116  124  124  123  118  115  108  108  114  121  109  106  109  108   23
ch:  73  127  138  117  124  125  131  120  117  124  124  109  120  132  133  120  133  120  123  122  125  125  122  116  116  123  120  125  120  124  115  123   35
ch:  74  137  123  135  133  131  133  121  136  124  119  123  120  123  126  122  120  116  113  120  131  121  115  119  118  108  104  115  120  116  116  117   21
ch:  75  119  134  137  134  126  131  137  136  122  116  124  117  131  120  118  131  121  131  126  117  121  123  118  116  106  117  132  126  122  133  124   26
ch:  76  119  126  123  136  124  129  117  123  124  119  122  118  125  123  131  118  109  121  116  115  121  114  115  116  122  118  118  124  118  114  117   25
ch:  77  132  123  137  120  125  136  133  126  123  123  139  135  120  125  116  117  126  121  115  117  124  123  136  122  116  125  133  115  119  131  136   40
ch:  78  129  124  137  133  125  118  121  130  134  122  117  118  110  120  115  121  118  125  114  124  124  122  116  116  121  120  114  120  121  120  122   35
ch:  79  126  126  138  125  122  125  123  136  133  135  124  134  124  139  125  135  125  136  115  135  118  121  131  124  121  123  137  138  138  125  131   31
ch:  80  125  134  115  125  127  132  120  126  124  124  120  124  126  120  121  117  124  117  118  117  108  115  118  107  108  112  121  114  120  120  121   19
ch:  81  137  135  136  138  132  125  123  121  119  133  123  135  135  135  122  120  116  133  132  116  119  126  116  133  122  126  126  125  133  138  132   42
ch:  82  133  137  133  123  122  132  118  132  119  124  111  117  130  135  119  123  118  114  131  123  115  120  110  111  108  118  116  115  124  116  121   21
ch:  83  133  122  141  137  139  132  120  134  135  124  122  119  132  125  137  123  125  122  120  123  118  124  134  133  123  133  122  125  117  136  126   33
ch:  84  132  126  124  123  133  122  116  123  132  121  120  116  118  116  114  119  124  122  124  120  114  110  115  119  110  122  110  114  117  120  120   20
ch:  85  132  136  127  132  132  132  120  135  121  122  131  125  138  123  122  127  133  109  120  115  122  134  115  131  127  122  126  116  117  132  121   34
ch:  86  132  132  115  131  121  122  122  120  120  133  124  121  124  121  109  115  107  119  117  118  116  110  109  109  107  119  115  120  110  122  109   24
ch:  87  133  132  135  135  137  120  131  136  121  130  133  124  124  115  119  116  125  122  113  135  137  122  122  121  115  121  125  120  132  124  124   31
ch:  88  130  121  114  129  119  124  121  121  133  115  113  119  120  122  125  121  123  110  122  109  114  116  111  115  116  108  116  111  110  118  118   19
ch:  89  134  133  140  131  124  134  120  146  119  125  124  125  122  135  121  116  122  124  120  120  114  123  119  116  124  114  118  134  119  118  136   32
ch:  90  132  134  132  117  140  125  135  109  132  122  119  110  132  113  119  123  120  120  110  116  119  123  119  114  130  120  113  110  107  113  123   19
ch:  91  139  133  136  134  136  121  131  133  141  125  133  122  125  116  126  126  121  119  120  126  110  132  138  108  130  119  123  116  138  135  122   31
ch:  92  138  126  126  120  116  116  121  128  121  106  117  131  119  124  115  117  111  115  117  119  103  107  122  126  110  130  124  116  117  121  126   23
ch:  93  132  123  134  125  135  124  124  124  131  135  123  124  117  125  121  122  119  118  122  119  111  116  131  118  123  121  132  120  124  132  117   23
ch:  94  136  125  123  124  136  134  118  122  123  126  115  123  116  121  116  130  122  111  117  118  117  123  120  114  109  116  111  114  121  115   94   25
ch:  95  125  135  134  122  139  126  121  141  124  126  123  132  126  123  125  121  132  134  122  118  126  116  114  125  139  136  132  121  136  133  133   35
ch:  96  133  131  132  135  119  123  121  123  119  111  121  106  117  119  122  118  130  127  108  123  117  123  117  124  120  111  120  107  116  120  131   24
ch:  97  132  127  133  137  125  124  123  123  133  133  133  122  136  130  120  140  117  126  117  123  122  121  132  127  134  125  132  124  125  132  138   24
ch:  98  125  137  134  120  123  121  127  119  121  136  134  120  119  122  123  117  119  121  114  118  111  115  123  114  120  123  117  113  124  117  121   19
ch:  99  123  137  125  121  132  120  132  111  117  127  123  131  122  118  109  116  117  121  110  123  116  117  119  126  121  105  117  115  125  123  108   24
ch: 100  124  127  134  134  138  118  135  118  122  130  116  119  117  116  117  105  109  118  107  110  117  114  114  110  108  106  107  116  109  113  110   12
ch: 101  134  137  119  132  117  136  121  132  133  133  125  132  134  134  131  120  119  120  134  121  110  110  124  121  122  124  123  110  117  125  127   14
ch: 102  133  120  137  123  134  115  131  124  124  125  122  126  117  118  120  120  116  114  122  114  110  123  109  107  123  121  122  118  110  121  124   17
ch: 103  136  123  124  121  135  122  122  141  134  124  124  132  121  119  120  136  131  114  131  133  125  123  131  123  122  132  126  125  127  135  125   15
ch: 104  136  134  118  114  118  135  119  119  119  121  107  107  123  117  121  110  109  103  107  101  109  104   91  100  109  102  119  110  104  106  121   13
ch: 105  124  130  121  122  125  124  114  114  124  125  137  117  119  122  118  124  120  122  123  131  132  117  126  120  115  116  120  115  137  131  124   20
ch: 106  122  124  127  120  117  134  125  118  134  109  123  115  110  121  114  116  109  116  115  121  103  113  105  115  117  102  105  119  102  117  116   13
ch: 107  139  136  125  132  123  139  129  136  136  121  141  125  123  133  124  123  118  120  118  132  119  121  131  124  123  119  120  123  134  124  120   18
ch: 108  127  136  126  114  123  134  118  111  116  123  118  110  108  120  106  120  109  108  118  115  116  122  115  113  116  117  110  120  108  116  111   11
ch: 109  145  120  137  136  130  134  117  120  117  121  124  121  130  116  119  107  116  123  122  115  117  123  124  119  118  116  125  120  131  119  121   17
ch: 110  124  132  130  119  133  117  126  125  122  122  132  111  123  115  125  125  118  123  121  120  121  120  135  115  119  116  105  102  110  102  112    8
ch: 111  135  137  135  140  122  120  125  133  122  116  131  116  119  124  125  125  111  118  130  122  113  113  122  118  118  116  118  119  126  117  118   18
ch: 112  124  127  125  119  117  117  121  120  127  125  117  125  122  126  133  116  117  118  116  115  117  123  106  108  109  115  117  104  118  117  113    6
ch: 113  123  133  123  124  120  134  119  139  121  131  120  132  117  120  105  123  123  113  124  123  122  121  125  118  124  131  119  107  123  131  123   20
ch: 114  120  121  133  119  124  121  114  118  121  123  107  116  137  121  117  115  123  111  120  116  104  107   -1  119  109  103  122  110  124  119  120    7
ch: 115  127  125  125  131  121  116  125  123  122  123  119  126  132  119  118  124  132  120  130  126  121  116  121  125  126  142  122  121  120  138  124   12
ch: 116  119  135  135  113  117  122  114  119  133  107  116  120  115  110  134  110  112  104  108  101  107  121  119   -1  118  119  114  107  106  111  123    8
ch: 117  132  119  130  135  116  119  123  120  133  119  123  122  124  118  121  116  121  118  116  119  114  110  118  133  120  133  134  124  125  133  126   13
ch: 118  124  132  123  124  116  118  119  123  122  123  118  117  122  118  110  115  118  107  117  118  118  108  117  111  108  116  106  108  119  126  120    7
ch: 119  122  134  123  122  122  119  133  125  137  111  133  118  118  120  122  118  133  133  121  118  123  125  123  117  120  123  132  133  120  117  138   13
ch: 120  121  125  122  120  120  120  124  120  117  116  120  135  115  120  108  114  108  109  110  115  118  110  107  106  107  121  121  122  110  121  115   55
ch: 121  136  118  126  137  123  122  121  117  123  115  118  116  120  122  119  131  116  120  121  123  109  116  125  118  124  119  123  134  121  138  119   15
ch: 122  122  132  115  120  123  125  120  132  116  120  125  106  106  107  125  129  110  109  115  117  117  114  106  117  120  103  116  120  118  117  116   25
ch: 123  133  123  123  117  121  125  121  124  123  122  134  125  123  123  119  130  116  109  119  132  121  123  133  121  125  121  117  118  133  132  125    9
ch: 124  130  126  124  119  113  122  120  109  110  117  115  113  104  121  115  124  131  107  121  109  119  119  106  102  122  125  117  114  120  120  122   -1
ch: 125  127  141  133  120  125  116  131  124  120  135  123  122  119  126  122  131  108  130  109  133  123  125  120  123  125  130  121  127  132  139  120    6
ch: 126  124  123  124  125  125  129  133  117  132  116  122  127   -1  117  120  118  107  110  124  114  116  118  116  107  107  115  106  121  117  116  116   -1
ch: 127  135  118  131  118  127  124  126  123  121  118  121  126  119  121  125  124  122  136  119  126  120  124  118  124  122  122  123  117  132  108  124    4
