# ID XA-000-08-003-000-001-232-08
# Tag _trim_
# Date 240624_11:39:50
# Vref_p 54
# Vref_n 23
# Thr2_glb 67
# Vref_t 118
# Vref_t_range 1
# Pol 0
# ADC range 30-247
# FAST disc 30
ch:   0  156  148  134  131  136  138  137  134  124  133  132  117   -1  130  120  114  124  124  131  106  119  122  115  109  115  118  125  118  123  107  122   -1
ch:   1  140  130  125  146  143  153  137  127  117  137  133  133  122  130  122  132  119  124  129  119  120  135  119  124  129  107  124  130  123  118  123    9
ch:   2  140  136  136  121  129  126  133  133  124  130  122  130  118  138  120  117  118  129  119  123  117  119  117  120  116  120  115  115  134  124  107   19
ch:   3  140  131  148  135  142  132  127  131  134  133  133  121  137  135  137  125  126  120  120  117  130  139  131  131  119  122  133  130  123  123  123   14
ch:   4  139  138  129  137  130  135  117  123  131  132  121  126  118  123  127  119  108  121  121  119  121  126  121  122  127  117  122  119  117  119  106   12
ch:   5  137  135  125  135  147  130  141  131  126  123  133  121  131  126  123  119  117  118  125  123  130  124  119  122  119  126  123  118  117  115  118   34
ch:   6  138  148  130  133  134  134  138  135  131  125  137  122  126  116  119  118  121  120  109  108  116  106  116  122  106  102  125  109  106  116   -1   17
ch:   7  139  134  140  130  135  140  136  127  137  133  135  131  133  127  122  130  115  125  124  119  120  120  120  126  118  122  117  128  113  127  124   52
ch:   8  140  141  127  133  132  138  134  133  135  130  131  136  131  127  108  122  134  123  118  117  129  108  126  109  107  109  106  121  114  120  123   16
ch:   9  143  141  137  132  131  137  131  130  136  135  118  134  130  122  117  126  124  138  125  124  125  119  120  109  115  117  117  127  123  116  120   41
ch:  10  137  141  118  137  129  134  132  132  126  132  126  122  127  126  121  126  124  116  120  127  119  126  120  121  120  125  116  110  123  116  123   20
ch:  11  152  135  139  121  135  133  136  141  134  123  124  131  122  118  137  123  124  130  118  130  143  118  120  122  133  115  122  117  120  118  122   31
ch:  12  145  142  137  139  134  140  133  133  126  136  126  126  123  125  125  123  119  125  120  117  121  123  117  122  109  131  107  120  110  115  124   18
ch:  13  150  139  132  133  136  133  136  138  136  133  125  131  131  134  127  139  125  123  133  129  121  117  116  121  110  130  116  131  132  133  126   42
ch:  14  140  126  139  139  133  132  136  130  138  124  132  119  133  123  123  123  130  118  124  117  125  121  116  120  122  121  123  119  118  111  120   18
ch:  15  138  137  139  140  131  138  146  131  136  146  126  136  141  131  132  125  124  134  133  122  125  124  120  125  122  126  125  115  126  109  132   53
ch:  16  142  136  136  139  138  125  139  135  125  130  125  122  128  127  134  121  119  111  124  116  106  120  123  106  118  115  118  120  116  105  113   11
ch:  17  141  130  127  136  133  133  130  140  134  132  133  125  132  124  125  122  136  131  131  120  120  131  121  117  120  121  122  122  117  110  123   50
ch:  18  137  125  133  132  133  121  134  135  141  131  129  126  120  118  122  119  121  120  125  124  120  108  116  105  120  110  118  107  109  118  115   24
ch:  19  131  142  150  133  134  132  150  139  125  137  131  130  137  121  125  130  136  121  118  126  130  135  130  124  131  122  132  124  133  125  122   56
ch:  20  148  142  133  138  137  135  125  137  136  137  132  120  132  131  123  124  118  117  130  117  123  123  134  119  108  124  120  122  119  123  117   22
ch:  21  137  148  132  141  141  134  146  131  131  136  128  131  124  122  135  129  118  123  118  124  124  122  124  116  124  116  130  122  122  117  132   56
ch:  22  136  140  144  134  130  135  141  139  124  123  132  123  119  126  125  123  108  119  124  108  110  105  110  112  122  105  119  123  117  119  120   15
ch:  23  134  138  139  134  148  135  139  135  130  139  131  125  139  130  135  126  117  122  121  127  131  117  126  119  130  133  133  127  135  123  120   42
ch:  24  149  142  138  127  141  133  134  130  137  133  133  126  126  122  114  126  122  116  119  121  111  123  122  121  119  106  106  117  117  106  116   16
ch:  25  140  140  136  139  139  136  127  129  127  133  130  121  125  111  136  134  127  121   -1  137  131  122  126  118  121  118  126  122  122  119  126   51
ch:  26  130  132  148  148  148  140  126  131  124  126  133  127  124  134  116  118  125  124  123  116  121  117  120  119  123  122  105  126  119  121  119   29
ch:  27  140  139  138  136  128  137  134  135  131  133  133  137  127  134  121  129  120  125  129  132  132  119  132  121  120  126  122  133  121  116  123   56
ch:  28  136  149  125  138  135  134  135  132  124  130  126  126  123  118  119  123  110  105  121  126  111  123  121  106  124  116  121  121  107  115  116   22
ch:  29  132  147  135  141  139  132  138  147  143  136  129  135  134  131  125  131  126  129  126  126  126  127  134  118  117  118  132  123  124  134  132   56
ch:  30  141  133  149  140  136  139  132  132  140  130  136  132  121  124  130  125  120  121  123  117  122  115  117  119  107  117  117  107  120  124  115   24
ch:  31  142  142  149  160  151  139  134  134  142  137  130  135  125  126  132  132  132  125  124  134  135  130  124  127  135  124  130  132  126  126  118   53
ch:  32  150  133  135  139  129  132  132  134  125  134  135  126  130  116  136  133  130  132  119  121  131  121  126  116  123  119  120  132  123  117  121   50
ch:  33  138  135  146  147  122  140  141  137  135  130  132  138  130  122  131  119  131  125  124  125  123  130  119  122  122  123  129  130  125  126  124   56
ch:  34  152  146  131  132  130  139  131  123  123  126  133  133  127  128  138  126  135  129  131  135  119  119  121  125  122  122  126  123  110  134  119   30
ch:  35  138  140  147  137  134  140  125  134  132  133  138  133  141  129  133  132  126  140  133  122  131  130  132  125  124  122  124  125  120  135  125   44
ch:  36  139  147  133  140  136  148  122  133  134  129  125  140  126  121  132  125  120  117  121  111  111  120  106  119  131  116  121  118  106  119  132   23
ch:  37  148  135  138  138  138  147  138  122  126  123  126  132  131  131  127  133  135  127  134  119  117  124  122  123  122  122  118  130  121  117  119   50
ch:  38  142  134  140  126  147  139  137  130  121  126  124  127  129  135  125  125  126  118  117  115  121  121  115  115  111  116  120  114  118  119  120   27
ch:  39  139  133  135  138  137  136  132  149  120  136  135  140  123  127  130  134  122  131  131  119  139  132  125  133  119  125  126  126  121  126  124   55
ch:  40  149  137  141  142  136  123  138  134  133  126  132  122  126  131  136  120  135  131  126  120  120  117  126  135  117  120  117  120  117  127  130   38
ch:  41  134  136  137  132  134  141  137  147  139  131  131  133  123  133  134  130  132  134  128  121  118  131  133  130  121  123  132  119  130  126  120   56
ch:  42  134  139  135  136  123  138  134  150  130  125  123  131  124  124  124  118  122  132  122  117  120  115  110  123  119  122  106  115  120  116  107   26
ch:  43  137  148  139  141  140  136  139  133  142  134  134  138  133  125  124  122  121  134  126  133  131  120  125  123  119  126  125  117  121  132  136   54
ch:  44  147  142  134  140  137  133  133  138  115  131  135  127  119  129  139  129  125  115  110  121  116  107  117  126  115  118  123  125  114  124  122   20
ch:  45  150  146  140  140  131  136  136  137  137  137  137  131  138  132  117  120  134  136  131  130  126  124  123  126  122  130  131  122  126  118  117   56
ch:  46  131  133  137  140  130  141  138  121  130  127  126  135  131  130  135  126  118  117  105  126  122  124  124  124  122  116  106  122  122  116  118   24
ch:  47  134  130  138  141  135  149  131  126  135  126  130  122  135  132  123  124  123  126  126  127  121  130  122  126  130  129  126  126  131  131  132   53
ch:  48  149  140  139  139  136  136  131  125  135  122  132  115  126  110  122  134  124  120  124  123  122  117  119  122  119  124  123  123  132  117  116   14
ch:  49  139  133  137  150  131  141  132  142  136  135  141  127  134  121  129  126  132  124  136  126  141  134  136  131  123  136  132  130  130  132  133   47
ch:  50  148  133  149  135  133  148  122  126  130  125  127  133  131  123  129  136  122  133  122  117  114  125  120  137  110  118  123  127  122  119  131   25
ch:  51  141  145  138  138  140  134  140  138  137  133  131  127  130  135  124  124  133  138  130  142  126  119  135  126  132  133  136  129  122  124  121   48
ch:  52  135  148  136  132  139  140  127  124  130  128  131  134  135  134  132  127  128  131  122  121  135  120  117  119  127  126  121  116  118  123  118   26
ch:  53  138  142  141  130  131  125  137  140  137  133  134  139  132  131  131  125  134  136  137  120  133  119  133  134  140  127  132  126  135  121  134   39
ch:  54  139  136  132  131  131  125  127  129  137  139  125  130  130  132  117  133  133  130  138  122  125  107  124  122  120  120  134  118  131  118  121   17
ch:  55  132  139  149  147  135  131  134  133  136  144  122  132  139  142  132  134  126  129  130  126  132  131  123  134  136  122  115  123  121  122  132   52
ch:  56  131  149  133  135  146  138  131  135  130  133  135  125  124  134  133  129  124  121  126  119  121  123  108  109  124  130  129  124  117  119  124   22
ch:  57  137  144  138  141  137  145  136  122  122  139  132  139  125  139  132  125  127  139  138  124  124  124  123  135  135  121  130  125  131  140  130   49
ch:  58  130  131  131  135  136  132  131  121  138  124  127  120  124  134  127  123  118  135  124  127  125  120  132  117  123  132  121  125  126  126  126   21
ch:  59  135  137  136  136  130  139  130  138  140  135  127  139  124  127  130  130  130  136  135  131  129  124  122  133  139  139  134  130  133  124  138   51
ch:  60  137  139  142  137  141  139  136  132  133  137  133  125  122  122  129  127  132  120  126  122  121  123  117  118  120  118  123  115  124  125  115   17
ch:  61  146  132  142  142  140  134  139  152  135  134  137  137  125  133  138  125  126  132  129  129  123  131  120  124  124  133  133  126  131  129  141   42
ch:  62  137  138  137  131  134  141  133  126  121  133  123  137  129  124  129  129  127  128   -1  129  116  122  121  127  124  116  121  117  124  121  126   25
ch:  63  125  145  137  147  145  135  138  142  136  151  139  130  131  134  136  123  139  126  134  123  134  136  132  124  131  118  118  120  132  134  124   56
ch:  64  131  138  138  137  146  132  141  132  123  135  133  138  135  135  130  134  122  125  108  118  129  117  132  117  108  134  116  124  121  124  130   26
ch:  65  135  140  145  136  136  137  127  133  130  125  132  133  132  133  122  138  124  132  131  134  125  143  122  124  139  133  117  118  132  127  126   49
ch:  66  140  138  131  133  135  135  137  131  126  130  123  122  119  141  134  131  127  119  111  124  123  133  133  131  116  124  121  120  116  125  124   21
ch:  67  139  139  140  139  143  136  139  136  147  138  132  141  131  135  130  121  137  129  133  123  137  127  124  132  122  127  131  130  131  124  118   36
ch:  68  150  137  137  138  138  134  119  139  131  134  142  132  140  122  131  125  132  124  126  118  117  121  126  124  122  117  124  121  121  129  126   31
ch:  69  149  134  150  137  137  134  138  132  134  139  136  137  128  133  136  135  137  127  137  133  122  138  134  116  121  135  124  138  133  128  123   47
ch:  70  151  138  141  131  136  124  131  138  123  137  130  132  140  130  125  131  123  124  125  118  125  122  124  121  122  118  126  107  115  119  123   30
ch:  71  134  136  142  140  136  139  135  135  129  132  140  126  127  139  131  135  137  137  132  129  133  135  130  135  137  123  136  130  131  133  140   56
ch:  72  137  134  137  147  136  125  142  133  133  131  116  133  121  121  120  125  125  121  119  115  124  127  118  120  117  123  125  105  116  118  122   29
ch:  73  140  136  130  134  127  135  131  135  138  135  145  123  134  126  126  124  131  141  133  139  135  130  132  127  123  129  125  129  137  135  126   56
ch:  74  148  134  133  149  130  126  136  131  132  133  148  131  132  123  119  125  127  124  118  120  117  118  119  131  123  125  131  123  119  123  123   25
ch:  75  147  153  140  137  138  135  138  142  132  135  135  134  123  137  139  133  119  134  133  133  125  134  127  123  139  125  131  132  122  136  134   44
ch:  76  149  147  132  142  140  145  147  136  133  133  134  130  127  128  123  126  130  130  123  124  120  125  136  131  132  121  123  115  127  124  124   36
ch:  77  149  135  126  139  136  138  146  139  135  132  135  132  130  130  138  133  132  133  130  139  133  132  133  136  127  121  121  127  134  138  124   55
ch:  78  134  137  140  145  139  133  133  134  139  138  132  124  120  125  134  124  136  120  132  117  124  126  123  121  131  122  119  118  137  118  119   31
ch:  79  149  136  138  139  143  143  134  131  123  136  137  135  126  129  125  132  129  137  122  134  136  141  118  131  128  141  130  128  129  134  127   47
ch:  80  133  141  135  150  134  132  140  134  132  121  116  124  125  131  140  135  133  132  111  121  119  125  119  120  131  121  137  110  123  115  120   37
ch:  81  148  133  150  140  140  134  129  134  140  134  130  139  129  137  132  132  140  134  132  123  135  125  126  121  131  131  136  132  130  123  135   50
ch:  82  150  153  142  135  135  137  137  137  135  136  132  127  131  124  133  117   -1  117  130  130  119  119  123  131  110   -1  127  125  119  119  118   35
ch:  83  148  135  135  139  148  133  148  139  150  135  133  138  153  139  147  131  133  124  126  124  134  126  142  131  129  133  130  124  131  133  118   45
ch:  84  134  140  140  126  135  135  134  138  140  125  131  137  125  124  124  132  126  129  118  105  110  124  116  120  122  120  123  115  122  117  111   36
ch:  85  147  140  132  134  136  141  137  137  133  123  146  142  134  137  131  134  125  134  126  123  126  122  119  135  119  126  125  125  124  129  119   48
ch:  86  148  135  145  136  143  138  138  122  130  122  135  129  119  141  124  132  126  124  118  117  133  119  118  125  125  118  126  124  125  118  124   38
ch:  87  135  149  143  142  137  138  140  122  138  126  142  130  126  121  124  123  125  123  137  135  128  132  129  133  127  130  137  132  109  122  132   51
ch:  88  145  126  136  140  145  136  131  133  131  136  135  133  126  121  131  129  137  134  123  119  125  125  120  122  118  124  108  117  121  121  115   27
ch:  89  140  151  148  143  134  126  138  140  138  148  127  136  128  123  140  120  133  120  120  120  132  116  133  109  129  129  124  122  131  122  117   49
ch:  90  139  137  135  142  135  134  137  137  123  138  118  130  125  126  119  133  122  125  122  114  124  121  129  120  108  118  124  115  104  126  120   32
ch:  91  142  138  138  140  140  133  136  137  125  139  141  133  142  142  130  132  127  136  123  117  130  127  124  122  122  129  120  126  132  119  126   46
ch:  92  136  131  150  134  133  123  123  120  123  122  126  123  121  133  122  133  122  132  130  127  121  122  119  118  132  119  109  122  118  124  118   27
ch:  93  140  136  137  135  146  136  130  148  142  132  148  120  139  148  146  136  125  132  136  126  133  123  123  127  134   -1  137  125  124  125  130   50
ch:  94  139  143  140  134  125  148  138  134  131  132  133  117  123  131  124  125  119  128  129  126  127  125  110  114  118  115  117  121  121  109  123   33
ch:  95  121  133  137  134  134  142  142  133  133  133  141  136  136  130  123  135  133  136  135  131  135  131  120  131  125  130  130  124  133  125  126   44
ch:  96  134  143  138  141  133  121  121  140  130  140  124  141  132  137  133  136  123  122  108  131  109  124  110  125  108  124  112  108  125  121  110   22
ch:  97  138  146  150  133  135  139  132  148  137  140  135  138  135  125  124  130  123  133  133  126  140  119  133  127  132  121  131  126  143  132  125   39
ch:  98  141  134  126  134  133  134  132  135  132  132  136  138  132  123  129  125  121  122  109  120  120  124  126  105  132  122  121  115  115  125  130   30
ch:  99  147  134  125  141  142  148  133  137  127  123  133  135  119  132  149  138  124  134  134  138  131  120  139  135  127  133  127  120  119  136  122   40
ch: 100  142  137  137  149  150  142  140  121  147  133  126  126  131  130  129  131  117  117  134  110  124  133  108  123  121  110  130  104  117  121  119   27
ch: 101  148  148  135  134  134  141  136  131  130  134  136  126  134  129  129  130  131  126  123  132  123  125  122  129  124  124  134  122  130  124  118   35
ch: 102  120  132  140  136  134  124  138  137  125  120  140  137  134  132  130  122  125  133  135  124  122  118  125  133  126  123  103  125  123  120  108   20
ch: 103  138  156  125  138  132  138  138  142  135  140  138  138  130  136  136  136  136  131  127  138  121  132  131  131  130  122  129  125  122  133  138   31
ch: 104  138  130  130  139  137  138  134  127  136  130  139  132  132  117  132  136  117  119  110  115  124  123  115  118  127  124  132  123  120  121  132   18
ch: 105  149  140  147  152  141  135  127  137  134  136  138  135  135  126  130  132  134  137  123  121  131  132  130  131  132  121  122  118  118  125  125   49
ch: 106  139  139  137  131  149  135  138  132  137  136  123  118  122  121  120  126  124  117  132  117  126  130  121  117  107  129  121  131  124  120  119   17
ch: 107  147  142  137  136  136  132  136  137  125  146  123  127  123  130  124  123  138  145  130  117  118  126  122  126  119  124  126  113  121  121  116   32
ch: 108  149  134  139  133  134  129  125  133  139  125  126  137  119  132  119  123  119  123  116  124  115  119  121  118  115  108  108  109  109  117  117   28
ch: 109  140  134  138  151  136  136  136  131  130  136  137  136  126  123  132  129  120  122  130  141  121  121  125  131  124  133  126  118  123  119  130   33
ch: 110  126  134  140  146  125  135  137  134  129  132  126  126  121  125  119  129  123  116  125  114  126  124  116  123  123  121  116  119  109  120  125   14
ch: 111  148  146   -1  147  137  141  139  132  133  127  131  124  135  133  148  125  123  121  124  120  110  131  121  120  116  117  122  119  116  118  119   38
ch: 112  131  138  134  139  139  138  131  135  131  123  134  131  136  133  119  133  118  119  130  132  119  125  109  106  117  116  123  106  117  118  122   14
ch: 113  162  142  152  134  138  134  132  133  141  126  134  122  121  136  141  132  139  132  135  127  132  123  148  136  117  117  125  129  127  132  132   36
ch: 114  149  135  139  133  134  139  147  127  125  138  133  121  131  132  137  116  123  125  133  118  117  125  123  119  117  133  119  111  110  119  124   11
ch: 115  150  139  136  134  145  141  130  146  131  138  137  137  138  123  136  122  126  108  130  133  135  132  131  130  124  133  124  118  123  127  122   32
ch: 116  141  137  134  134  137  131  133  138  118  132  136  130  124  132  123  124  124  126  126  126  120  132  119  108  110  126  120  118  129  122  121   10
ch: 117  148  140  147  140  141  139  139  134  147  135  132  121  126  127  136  120  130  141  117  122  131  119  135  124  127  123  124  131  114  126  125   29
ch: 118  148  132  124  134  135  137  137  139  130  124  124  132  120  132  124  125  119  119  121  117  131  121  122  107  118  114  121  115  121  115  127   14
ch: 119  135  150  142  133  141  148  141  139  137  131  134  139  123  122  142  138  134  119  130  124  133  123  125  136  120  121  120  133  123  121  130   21
ch: 120  141  141  146  132  143  131  136  132  123  139  138  117  122  117  130  120  117  119  120  120  131  114  116  117  124  118  108  123  106  115  118    4
ch: 121  145  150  134  138  133  125  138  133  140  138  133  132  130  117  130  123  136  122  121  122  129  125  127  131  124  118  126  114  117  118  131   21
ch: 122  139  149  123  139  137  121  136  131  120  125  120  135  123  131  119  122  121  130  122  121  123  117  113  117  120  122  108  120  115  114  123    2
ch: 123  142  140  138  139  140  139  131  126  130  145  130  135  137  130  130  132  133  129  126  131  126  126  130  123  132  129  128  120  125  131  117   21
ch: 124  150  142  147  142  148  135  137  134  136  123  129  145  124  124  125  124  121  117  123  122  123  122  120  111  116  106  116  119  124  122  119   -1
ch: 125  149  140  136  135  136  138  136  132  130  121  131  134  123  148  124  126  133  131  132  119  121  117  124  126  134  122  120  132  131  122  118   13
ch: 126  141  138  141  136  133  136  141  125  129  141  123  117  126  127  133  130  118  121  121  121  107  123  129  119  117  125  114  117  119  127  116   39
ch: 127  148  125  155  135  147  142  145  136  139  131  122  130  133  132  132  132  127  125  123  126  120  133  125  118  125  123  109  130  117  125  125    1
