# ID XA-000-08-003-000-001-215-01
# Tag _trim_
# Date 240624_12:35:44
# Vref_p 56
# Vref_n 21
# Thr2_glb 61
# Vref_t 118
# Vref_t_range 1
# Pol 1
# ADC range 30-247
# FAST disc 30
ch:   0  131  122  133  133  133  135  126  124  119  130  135  121  119  126  123  122  122  107  123  123  114  123  125  132  125  134  127  140  126  123  138   -1
ch:   1  134  135  118  133  124  132  121  131  136  120  130  115  124  120  123  122  131  123  137  125  122  125  123  122  127  126  126  131  126  123  126    1
ch:   2  131  133  134  137  134  130  122  130  121  125  119  121  118  132  124  125  124  131  119  123  117  126  126  122  127  119  125  132  133  125  131   18
ch:   3  135  138  131  131  123  118  146  133  124  126  109  136  125  133  118  125  119  124  122  118  121  128  121  127  118  126  125  134  124  137  147   15
ch:   4  132  127  133  131  125  126  126  124  125  120  122  126  119  119  134  119  123  125  116  124  122  115  125  121  120  123  125  117  134  134  121   -1
ch:   5  137  132  142  122  140  127  121  126  141  131  114  118  121  127  116  130  126  124  130  130  124  130  120  123  118  120  133  132  137  133  134   30
ch:   6  137  126  124  126  119  127  135  123  127  117  121  117  119  130  119  126  118  122  122  113  134  118  118  120  130  117  126  122  120  132  135    6
ch:   7  140  124  131  124  133  133  119  124  133  121  134  131  124  117  123  116  134  118  122  125  120  120  124  133  121  125  125  132  134  134  126   29
ch:   8  137  133  137  121  123  120  124  132  129  119  123  132  133  122  107  117  124  132  131  121  121  124  115  117  118  119  133  131  131  130  131    9
ch:   9  126  130  130  122  135  139  135  131  124  134  125  123  122  123  122  120  118  123  104  122  120  125  132  118  123  125  134  123  131  131  126   52
ch:  10  125  117  126  120  114  116  132  122  125  132  118  125  118  130  120  117  123  116  123  120  108  124  124  125  134  122  123  133  123  132  134   12
ch:  11  134  113  137  137  135  120  135  132  124  131  126  123  119  120  118  118  127  110  125  123  119  133  122  126  124  129  124  134  141  120  135   37
ch:  12  127  124  126  132  125  127  132  127  135  130  113  133  123  130  129  126  121  114  121  122  119  133  135  121  127  118  137  126  135  133  127   12
ch:  13  137  126  123  123  126  130  129  125  131  124  131  117  117  131  125  129  126  107  118  127  132  126  123  136  129  110  124  125  134  135  123   56
ch:  14  123  125  126  122  132  119  122  122  131  124  124  122  132  129  122  115  123  131  118  115  131  125  122  150  134  125  132  122  133  133  125   15
ch:  15  136  134  122  135  126  126  132  121  132  128  123  118  120  135  125  117  120  116  120  118  127  131  129  130  119  131  136  132  137  133  134   52
ch:  16  124  134  118  122  123  134  125  136  131  119  125  133  117  120  122  133  119  117  136  116  124  119  125  125  125  119  123  121  130  131  137    7
ch:  17  141  124  124  125  132  122  131  124  123  124  123  119  122  131  125  123  117  117  121  140  131  132  123  119  141  135  121  138  133  119  125   55
ch:  18  132  138  124  123  133  123  126  123  126  118  122  119  122  134  126  125  119  120  136  125  125  122  125  125  132  132  126  131  134  125  133   13
ch:  19  134  133  138  122  132  124  126  130  133  124  131  115  123  118  131  121  119  119  135  123  110  123  126  119  118  123  134  124  124  127  123   56
ch:  20  123  131  133  131  134  124  132  124  123  120  135  119  124  115  118  130  104  127  122  125  116  121  119  114  132  125  117  135  124  129  124   10
ch:  21  136  133  121  138  135  123  131  130  136  125  118  121  124  117  115  121  122  126  125  122  116  124  125  131  127  126  122  132  123  138  140   56
ch:  22  133  131  138  133  116  120  126  131  123  127  119  123  131  127  118  123  118  124  117  134  124  125  124  123  119  135  118  127  130  122  122   13
ch:  23  127  126  129  135  130  136  118  127  133  124  137  133  126  131  126  122  124  119  126  132  125  132  124  124  133  135  126  131  137  134  134   56
ch:  24  125  126  127  140  135  133  122  125  126  122  120  126  117  120  122  123  130  122  124  130  121  132  120  126  132  117  126  120  133  126  126    5
ch:  25  132  137  123  134  139  126  126  123  131  124  125  133  106  124  125  118  119  115  133  138  118  125  118  121  131  134  126  130  118  127  137   56
ch:  26  132  133  136  122  137  133  138  123  118  116  132  120  121  123  127  125  117  127  120  121  125  122  130  126  123  131  124  136  131  132  139    6
ch:  27  141  126  124  130  132  130  120  130  131  124  124  124  123  122  122  115  131  116  116  118  122  120  134  123  125  126  133  134  136  133  137   56
ch:  28  148  131  130  130  130  120  118  134  132  131  122  131  123  124  118  121  120  124  107  120  132  131  118  123  127  139  132  134  141  126  133    8
ch:  29  124  139  122  119  125  130  119  131  121  126  124  131  122  121  121  119  122  119  122  122  121  132  124  127  135  121  134  138  133  137  126   56
ch:  30  136  134  132  122  132  122  122  133  122  133  133  126  124  123  111  123  122  125  121  134  132  126  131  115  125  121  126  132  139  127  132   12
ch:  31  127  132  139  136  137  134  136  131  134  121  139  121  130  118  125  135  120  125  115  124  131  132  124  120  131  126  127  134  142  133  137   56
ch:  32  135  135  133  123  127  119  134  134  130  133  122  123  127  120  117  119  135  123  113  113  120  113  119  131  122  127  132  136  121  130  137   20
ch:  33  126  130  135  133  131  128  123  134  135  120  119  132  127  136  124  120  125  122  130  122  131  139  116  125  132  131  134  132  136  127  135   56
ch:  34  139  126  120  124  124  125  125  120  123  117  127  123  132  122  128  120  120  117  115  108  126  136  114  121  123  120  135  120  133  135  131   15
ch:  35  132  118  140  126  133  121  139  124  125  132  129  126  132  126  123  125  132  111  133  125  122  127  134  134  124  127  148  141  130  134  135   56
ch:  36  133  129  131  127  132  124  134  125  128  129  132  132  127  126  126  120  124  125  126  121  120  130  130  126  131  125  141  136  130  138  127   12
ch:  37  132  141  121  135  132  134  132  123  137  130  124  117  133  121  120  126  119  123  115  121  120  134  134  126  134  130  125  132  135  132  135   56
ch:  38  131  132  120  123  141  134  136  115  124  133  140  113  133  124  122  132  122  131  120  122  122  124  122  119  132  127  136  123  121  123  138   13
ch:  39  139  118  137  132  135  136  133  123  132  129  120  117  132  118  122  117  135  126  124  123  136  127  128  121  132  139  124  136  138  127  132   56
ch:  40  136  125  133  126  131  120  133  121  127  117  120  121  132  116  137  138  120  141  125  124  124  136  127  123  127  124  134  123  130  125  134   20
ch:  41  132  123  120  121  123  136  132  125  111  130  133  133  123  121  127  119  127  110  120  131  123  121  132  131  135  117  142  137  121  135  139   56
ch:  42  132  132  141  123  125  124  124  136  140  111  120  117  125  109  118  117  120  111  122  119  122  115  121  119  138  123  114  125  137  130  126   18
ch:  43  118  131  120  137  136  125  119  132  121  120  118  130  123  125  120  132  114  134  123  116  136  131  119  132  135  134  135  131  138  135  137   56
ch:  44  133  125  125  131  126  135  131  131  137  123  133  122  123  131  117  118  125  126  121  130  122  118  134  122  125  123  125  121  133  131  120   20
ch:  45  133  137  136  124  138  131  117  134  123  118  129  131  126  134  121  127  126  124  133  124  123  124  123  123  136  131  126  130  135  139  143   56
ch:  46  131  140  133  136  119  133  121  122  130  127  124  124  125  134  126  126  121  125  133  127  121  120  135  131  131  120  139  133  134  139  121   15
ch:  47  126  127  125  133  126  135  122  131  117  116  124  130  130  121  125  119  125  131  119  116  125  131  133  124  138  130  125  132  134  137  136   56
ch:  48  133  132  139  140  137  126  135  126  124  119  116  114  124  115  123  114  125  130  137  125  124  126  138  129  125  130  119  122  124  124  118   25
ch:  49  120  146  126  135  130  131  124  125  132  125  130  123  133  120  124  134  134  123  123  133  126  117  121  125  122  140  123  138  130  138  135   56
ch:  50  131  138  123  139  144  123  136  123  126  132  127  124  122  136  123  117  118  132  125  120  123  114  125  123  113  127  123  135  136  135  135   23
ch:  51  141  123  123  124  132  125  130  123  137  125  134  126  133  132  124  133  123  134  116  120  117  131  132  134  126  134  136  136  130  138  140   56
ch:  52  135  123  131  129  129  137  126  120  131  136  136  130  124  124  132  127  131  131  136  130  126  125  123  131  124  125  123  126  131  137  139   25
ch:  53  131  130  132  140  132  123  126  124  135  136  118  131  120  125  135  133  134  131  133  134  140  138  134  121  133  137  142  136  136  146  140   56
ch:  54  125  136  136  133  120  121  132  135  124  122  132  125  132  122  121  123  124  116  117  124  117  134  127  119  130  138  124  137  140  137  134   18
ch:  55  133  125  118  132  131  119  136  122  122  131  126  135  131  119  134  121  123  129  116  120  134  120  131  135  122  125  124  121  131  138  148   56
ch:  56  123  134  118  121  134  132  131  121  116  121  122  126  135  125  130  138  118  133  125  110  126  123  133  135  127  135  135  133  137  134  137   18
ch:  57  134  127  135  132  134  123  131  132  123  119  129  121  126  125  126  119  125  127  119  135  137  131  138  136  121  124  123  131  142  134  141   56
ch:  58  132  126  126  134  125  141  135  117  121  130  125  125  123  138  121  127  118  121  127  117  122  124  118  122  132  122  117  121  138  134  141   19
ch:  59  136  121  137  135  132  130  126  134  123  126  125  131  118  134  125  121  133  122  134  133  136  119  133  144  117  138  139  136  135  132  141   56
ch:  60  126  136  136  119  118  133  125  122  131  133  124  132  137  123  119  133  131  124  123  119  124  137  136  119  124  129  126  135  132  134  135   20
ch:  61  134  140  137  133  130  133  125  132  122  124  119  133  118  135  120  130  132  130  123  125  126  119  140  131  137  132  126  135  140  141  147   56
ch:  62  124  123  136  136  134  132  132  138  124  125  129  122  134  123  131  135  122  122  120  125  123  123  133  120  117  122  125  124  119  134  134   19
ch:  63  131  142  127  139  122  136  133  126  131  125  134  122  119  118  134  126  121  127  124  126  132  121  127  134  123  123  124  131  124  125  139   56
ch:  64  125  122  131  123  138  127  133  123  134  126  125  133  119  115  134  120  127  123  117  135  133  121  122  126  131  129  136  125  126  127  135   27
ch:  65  135  133  122  133  146  135  133  127  121  133  124  119  134  133  129  125  120  122  134  132  123  125  127  132  133  117  133  140  133  133  126   56
ch:  66  139  121  131  140  124  132  123  134  132  133  120  121  118  117  125  119  118  131  125  131  123  117  119  125  120  137  135  125  123  127  123   23
ch:  67  122  133  124  126  126  132  131  133  125  135  124  127  131  127  126  120  120  138  120  123  137  123  126  131  118  131  133  131  136  133  146   56
ch:  68  125  131  131  134  133  126  131  134  125  126  119  124  134  131  122  115  123  124  120  124  130  124  127  131  135  131  146  135  135  137  143   25
ch:  69  133  133  134  121  130  136  121  135  130  135  118  123  117  129  122  121  121  125  132  131  136  118  117  126  133  131  125  134  127  139  137   56
ch:  70  121  126  124  126  134  131  118  130  132  123  127  130  134  122  132  122  121  132  123  123  117  143  123  118  136  135  124  135  139  131  141   13
ch:  71  148  132  132  137  125  133  121  136  123  136  130  124  125  126  132  131  118  137  120  131  125  130  125  130  135  133  138  141  124  137  149   56
ch:  72  131  120  116  135  134  124  129  123  134  130  118  133  125  128  118  120  111  133  124  130  133  127  134  120  120  122  134  130  147  136  122   26
ch:  73  132  136  132  122  122  126  124  130  126  121  117  126  131  129  133  122  131  123  131  123  138  120  126  132  125  137  122  142  139  139  137   56
ch:  74  134  122  119  135  140  133  132  117  136  125  134  130  136  132  124  130  123  119  136  124  132  122  123  118  130  141  122  131  125  139  132   11
ch:  75  138  137  126  131  134  135  135  123  126  135  139  121  137  134  124  133  124  131  122  125  125  134  122  136  142  132  131  133  141  137  148   56
ch:  76  121  132  119  131  129  124  129  126  122  119  121  132  121  126  117  124  126  126  129  120  118  127  122  115  119  118  126  126  126  131  137   20
ch:  77  125  138  132  132  124  126  133  125  133  134  138  122  132  130  119  121  126  124  127  130  133  122  133  118  131  120  133  138  136  139  140   56
ch:  78  133  121  126  131  123  131  130  124  125  123  130  129  124  126  121  117  126  120  119  123  119  127  134  133  127  141  134  125  122  142  123   18
ch:  79  126  127  135  148  136  133  132  122  131  136  121  127  124  130  127  137  124  132  138  131  135  124  137  124  133  126  130  124  137  140  140   56
ch:  80  135  134  133  124  134  149  131  135  133  124  122  124  122  132  127  120  133  119  114  136  120  137  120  120  123  130  124  124  134  139  134   19
ch:  81  131  137  131  137  127  132  134  119  139  132  110  133  119  120  135  111  124  123  123  137  149  117  134  135  137  135  140  135  133  132  134   56
ch:  82  119  126  145  137  133  133  125  132  124  121  134  123  125  111  124  137  127  135  119  132  131  120  135  109  131  125  138  136  134  126  135   19
ch:  83  135  141  138  125  127  147  124  127  134  121  124  125  133  125  134  110  126  124  131  125  126  135  130  124  132  123  140  136  141  133  134   56
ch:  84  137  133  126  134  132  121  136  120  132  131  138  134  123  125  122  124  127  135  121  123  117  123  123  132  140  123  135  132  131  136  140   18
ch:  85  142  143  131  122  136  140  131  134  133  122  134  127  124  125  125  133  119  126  131  136  135  133  132  139  132  126  133  137  132  123  156   56
ch:  86  133  132  133  122  132  125  120  140  122  123  126  124  122  136  130  139  120  132  120  130  118  122  122  118  123  130  130  127  123  121  138   13
ch:  87  121  133  126  119  136  123  124  122  134  122  140  125  136  119  117  134  127  138  126  125  132  134  132  136  138  135  125  131  138  149  139   56
ch:  88  135  123  133  133  132  135  135  130  119  116  140  124  122  118  127  124  123  137  125  135  138  136  123  136  132  133  130  126  134  138  129   10
ch:  89  134  133  133  136  120  122  137  117  124  135  124  126  123  125  126  132  137  149  137  133  138  131  121  134  125  134  137  138  136  142  141   56
ch:  90  131  150  138  131  121  123  126  122  123  118  123  121  120  118  124  125  133  116  123  126  123  123  123  132  122  131  125  136  131  119  141   15
ch:  91  134  127  135  126  138  136  137  123  125  133  123  127  137  125  122  131  117  137  146  133  133  135  129  134  140  131  138  126  135  139  146   56
ch:  92  127  139  133  125  127  134  131  131  120  126  123  137  122  121  123  131  134  129  134  119  123  132  127  124  122  132  138  119  132  126  134   15
ch:  93  132  133  131  141  126  133  118  131  122  122  132  126  125  131  133  121  134  132  135  131  132  138  124  134  136  131  132  135  132  139  142   56
ch:  94  126  140  136  131  123  125  129  121  125  124  120  141  122  115  125  126  123  107  126  127  130  116  136  118  119  132  124  134  129  127  142   13
ch:  95  137  121  124  119  135  130  140  134  122  119  125  134  122  134  121  123  130  131  133  140  138  121  125  137  131  139  133  132  151  139  147   56
ch:  96  134  124  127  120  137  133  133  119  125  125  133  123  134  133  125  122  123  126  124  115  117  131  127  126  124  125  124  135  127  141  139   10
ch:  97  131  133  140  134  137  135  123  132  117  126  125  121  137  129  136  138  127  128  133  126  132  122  131  127  129  125  132  126  140  133  148   54
ch:  98  131  126  127  132  137  127  124  121  124  134  124  122  116  123  125  141  133  131  133  120  132  126  132  130  130  135  134  134  126  125  141   12
ch:  99  136  124  123  130  120  122  121  118  132  127  126  125  132  131  131  124  126  133  125  127  136  126  140  135  143  133  131  131  141  141  134   56
ch: 100  125  136  126  132  132  125  139  132  133  122  117  126  125  123  124  121  136  122  123  122  132  123  133  121  127  131  134  132  134  146  136   14
ch: 101  132  136  132  132  134  123  123  127  136  124  135  132  130  127  118  118  134  131  133  132  134  134  124  134  135  137  118  155  137  141  145   56
ch: 102  133  131  132  138  133  126  125  134  131  123  133  127  123  116  127  122  116  133  129  126  122  111  134  132  126  135  123  132  124  134  136   12
ch: 103  132  133  133  135  136  116  131  137  122  134  126  124  122  126  132  132  123  138  130  118  147  126  135  137  136  138  148  147  131  137  135   55
ch: 104  132  136  134  126  130  125  135  134  121  125  131  130  108  121  134  134  131  123  133  122  131  127  120  125  135  121  134  119  125  133  127    8
ch: 105  132  124  132  130  133  132  139  127  126  125  134  125  132  132  122  120  126  134  138  134  138  124  132  125  131  135  126  135  140  146  142   39
ch: 106  125  140  136  132  137  124  131  131  124  126  123  124  120  127  122  126  136  123  126  131  133  127  123  124  132  121  134  131  133  139  130   13
ch: 107  125  125  126  124  133  126  132  124  140  134  132  131  120  130  132  129  125  132  136  131  131  134  133  120  131  123  136  147  137  148  137   44
ch: 108  136  132  132  124  126  132  138  125  127  131  131  121  135  116  120  116  118  122  126  124  129  138  122  139  131  129  132  135  135  136  133    7
ch: 109  132  123  129  137  140  139  135  123  126  123  132  134  124  134  121  136  125  136  121  135  123  137  133  141  133  138  135  133  142  145  139   42
ch: 110  127  134  122  134  135  124  139  120  119  124  118   -1  130  123  137  121  133  119  120  119  123  122  114  108  122  127  120  126  133  130  137   10
ch: 111  133  133  132  132  137  123  119  138  124  126  136  114  133  124  125  135  119  122  120  125  120  130  140  133  133  134  133  131  149  139  146   40
ch: 112  133  131  132  136  123  132  119  125  130  119  116  136  121  119  125  123  123  121  118  127  123  135  124  122  130  122  122  131  135  123  137    3
ch: 113  124  140  137  121  136  136  131  132  134  124  119  133  127  134  124  120  121  132  124  135  139  123  135  123  131  140  137  137  149  149  141   40
ch: 114  133  126  125  131  138  132   -1  132  116  130  123  121  115  126  129  125  125  125  125  132  123  132  137  119  130  124  132  131  139  132  126    2
ch: 115  120  132  119  141  125  132  130  133  130  148  118  124  134  131  118  124  118  119  119  124  138  117  130  132  139  134  137  140  137  141  136   27
ch: 116  136  133  132  133  130  125  132  133  131  123  124  126  121  131  126  117  124  123  124  119  115  129  141  124  123  124  129  126  133  139  126    7
ch: 117  138  138  132  125  116  133  134  133  126  125  125  134  135  118  121  138  123  133  126  120  132  116  123  126  141  125  133  148  124  139  136   28
ch: 118  123  133  132  141  134  126  125  125  134  126  132  131  134  123  120  124  135  125  124  123  121  125  132  122  126  135  137  133  127  123  134    2
ch: 119  131  135  131  132  134  143  138  119  121  129  138  137  130  129  131  123  133  134  130  132  124  126  122  131  134  132  136  143  132  134  133   15
ch: 120  118  123  125  134  120  131  120  142  126  131  121  123  120  122  131  127  121  124  122  115  129  124  130  122  125  130  122  131  123  125  132    4
ch: 121  132  124  132  136  135  132  123  137  123  130  120  137  133  117  133  130  131  132  123  136  127  131  125  134  130  126  132  135  149  139  139   12
ch: 122  132  133  134  147  135  122  123  123  126  135  116  116  132  123  122  124  135  125  125  118  132  120  121  115  136  126  132  124  131  137  132   -1
ch: 123  125  125  134  140  133  125  124  122  126  134  138  123  122  123  124  133  122  122  131  132  137  137  132  142  131  132  142  136  133  151  140    8
ch: 124  133  125  118  138  118  122  119  114  136  124  133  124  132  126  126  115  126  122  122  122   -1  119  125  131  131  124  129  138  122  149  137   29
ch: 125  135  126  138  140  141  136  126  136  140  121  119  130  126  126  138  124  131  134  125  131  139  142  134  126  131  134  134  133  140  133  140   -1
ch: 126  122  133  137  135  120  138  124  126  131  119  125  125  123  126  115  127  121  137  134  121  123  121  147  126  132  137  125  138  136  140  132   39
ch: 127  121  123  119  134  126  125  138  135  122  131  132  123  129  135  128  126  117  125  129  132  126  137  122  130  135  140  122  134  136  124  143   -1
