# ID XA-000-08-003-000-001-254-15
# Tag _trim_
# Date 240620_11:57:19
# Vref_p 51
# Vref_n 22
# Thr2_glb 10
# Vref_t 118
# Vref_t_range 1
# Pol 0
# ADC range 30-247
# FAST disc 30
ch:   0   96  104  125  107  114  130  128  135  163  148  156  136  148  147  148  145  140  137  134  136  132  132  124  133  135  119  134  127  122  137  131   39
ch:   1  156  158  151  155  170  146  156  148  158  154  151  152  141  137  146  140  153  148  143  140  143  140  131  143  136  142  146  138  147  134  136   45
ch:   2  115  119  127  126  135  123  149  142  152  152  152  140  152   -1  139  129  145  130  141  131  129  132  121  135  134  125  124  124   -1  107  126   -1
ch:   3  148  152  152  165  164  154  164  155  153  151  154  153  148  145  147  153  149  144  136  135  140  139  131  133  136  147  134  123  133  124  133   34
ch:   4  120  124  141  132  144  144  132  147  152  142  141  137  143  137  137  127  137  136  124  136  126  116  131  122  124  121  122  123  119  122  125   -1
ch:   5  148  160  169  153  150  162  156  163  158  165  158  152  150  153  148  138  135  150  138  139  134  136  148  125  134  123  135  133  142  132  121   -1
ch:   6  121  131  144  150  156  152  148  140  159  165  143  149  137  151  147  151   -1  143  139  137  135  130  135  126  137  130  138  125  125  125  125   -1
ch:   7  150  158  164  158  137  155  161  160  151  156  150  163  140  147  135  142  140  139  150  137  124  130  127  141  145  127  136  132  136  126  132   -1
ch:   8  140  142  155  145  146  148  146  151  155  152  140  135  147  135  130  134  137  138  134  129  126  130  125  126  134  132  114  121  131  123  115   -1
ch:   9  150  170  154  169  165  164  152  168  159  149  138  146  138  149  149  147  136  150  133  126  139  149  138  131   -1  130  130  132  131  135  131   -1
ch:  10  119  135  147  166  152  163  147  154  152  152  135  141  140  147  136  138  131  141  133  131  134  134  138  118  127  123  130  121  127  126  125   16
ch:  11  158  152  166  162  167  166  155  148  156  141  150   -1  156  149  148  148  150  147  138  150  149  134  141  141  137  124  137  135  134  121  141   -1
ch:  12  120  136  155  143  148  155  166  148  152  150  137  152  152  131  139  142  138  142  138  136  134  136  138  120  114  126  118  126  130  123  125   -1
ch:  13  164  167  161  162  163  164  156  141  154  164  147  149  146  153  138  145  153  148  139  148  147  137  133  141   -1  133  132  142  135  137  134   31
ch:  14  139  137  152  148  153  163  151  150  153  146  147  149  147  138  145  135   -1  129  136  138  132  129  133  130  130  129  129  132  122  123  125   -1
ch:  15  158  174  183  151  157  166  155  162  146  155  139  150  138  134  150  138  141  146  140  147  134  141  138  135  136  133  118  133  129  134  132   20
ch:  16  124  148  155  153  145  153  148  153  150  152  136  151  143  139  150  148  137  140  121  140  130  135  130  123  126  130  122  126  123  132  133   33
ch:  17  156  172  158  171  148  155  149  150  147  149  152  137  153  139  164  139  154  137  133  141  147  148  146   -1  132  131  120  125  140  135  138    7
ch:  18  138  131  144  157  156  152  151  151  153  154  149  152  155  151  148  139   -1  139  136  135  136  141  136  131  124  132  127  122  140  131  123    2
ch:  19  150  164  166  156  164  154  165  151  156  155  157  141  153  152  145  148  143  137  141  143  145  148  138  149  137  145  129  131  146  133  135   -1
ch:  20  115  154  151  139  150  156  148  166  155  156  148  149  142  134  143  139  147  142  147  150  138  140  134  135  137  124  137  138  130  133  131   22
ch:  21  154  166  157  167  168  155  158  157  157  156  165  151  162  146  157  146  147  142  143  142  131  141  141  134  135  136  134  129  133  146  137   -1
ch:  22  139  133  147  150  167  157  151  151  148  153  162  148  150  156  138  151  139  147  147  141  134  132  145  133  131  123  138  138  120  126  134   16
ch:  23  150  166  154  154  165  158  157  153  167  164  151  163  141  151  155  149  122  147  134  138  146  151  142  132  134  148  133  124  131  150  142   -1
ch:  24  128  147  151  149  160  158  152  153  136  148  149  150  140  144  148  139  131  130  125  132  147  120  137  132  130  126  148  131  118  121  125   -1
ch:  25  172  156  155  166  163  171  175  153  148  164  155  151  150  148  151  148  149  147  144  139  149  141  134  132  140  141  136  138  139  131  143   -1
ch:  26  131  145  148  156  148  152  149  166  146  155  141  137  147  138  154  142  135  132  142  142  137  132  127  132  135  122  134  122  126  123  133   30
ch:  27  154  164  158  163  152  164  166  163  159  149  164  152  155  153  166  138  142  147  150  149  146  146  150  139  136  139  133  137  132  136  138   -1
ch:  28  136  142  159  135  152  148  146  152  153  148  151  155  140  139  137  149  135  139  138  146  132  138  130  135  120  125  124  129  126  123  119    5
ch:  29  156  174  164  155  167  164  165  170  158  158  164  153  148  152  149  150  156  147  148  147  145  139  142  134  145  131  136  134  150  135  140   -1
ch:  30  140  132  138  140  159  157  149  138  151  151  136  137  149  150  153  137   -1   -1  131  132  136  134  135  139  137  120  127  139  124  126  129    9
ch:  31  166  164  158  158  163  165  147  165  161  155  165  164  167  154  149  155  149  149  151  136  140  136  141  140  131  136  139  147  138  138  137   50
ch:  32  141  145  156  141  154  152  157  155  152  153  152  152  138  149  146  140  148  139  131  137  130  135  129  139  134  118  122  129  132  132  129   -1
ch:  33  146  169  169  167  169  164  167  159  152  162  156  160  163  149  140  146  138  139  148  132  152  150  140  132  147  142  138  140  135  146  148   -1
ch:  34  134  141  149  152  152  159  164  151  148  140  148  137  146  145  149  142  139  136  146  132  135  133  139  126  137  135  127  125  126  131  125    6
ch:  35  158  158  159  166  149  163  165  166  148  153  151  142  147  143  153  146  154  139  141  148  151  140  141  147  139  139  139  130  132  127  156   -1
ch:  36  136  147  155  154  158  166  160  152  167  153  148  151  153  140  150  146  143  147  134  137  134  127  135  118  126  133  124  131  118  126  130   -1
ch:  37  154  167  167  154  167  152  151  149  162  152  149   -1  150  153  147  159  142  135  149  136  149  137  151  147  135  133  139  138  137  147  137   18
ch:  38  135  135  150  150  148  151  155  154  153  153  149  142  163  147  148  156  139  136  133  132  141  125  138  129  137  131  139  132  129  124  136    3
ch:  39  168  158  154  167  172  167  156  153  157  148  147  147  161  158  156  161  148  155  153  151  149  130  145  135  137  139  123  137  155  146  138   -1
ch:  40  136  147  142  147  158  150  149  150  147  162  158  153  143  145  137  131  141  131  147  136  141  125  139  122  124  121  121  132  118  122  133   -1
ch:  41  164  159  163  165  164  165  170  153  158  158  151  160  151  155  158  155  158  135  149  152  149  149  155  138  136  140  140  131  137  144  131   -1
ch:  42  126  135  138  150  155  161  151  156  153  156  147  144  149  150  149  137  135  142  132  130  127  120  133  131  121  123  122  129  110  115  127    6
ch:  43  162  164  159  170  165  172  161  169  168  163  156  153  156  151  154  141  156  152  140   -1  150  146  141  141  148  142  157  135  131  134  132   45
ch:  44  132  140  154  147  139  154  152  164  156  140  149  141  148  147  137  141  145  142  136  147  134  126  129  138  127  124  127  121  122  135  134   -1
ch:  45  156  171  159  169  151  156  155  155  165  151  171  148  151  152  148  147  157  135  150  149  140  141  138  153  144  153  135  137  133  151  133   -1
ch:  46  135  140  146  152  153  167  161  153  151  154  140  146  149  138  147  139  140   -1  146  129   -1  135  132  134  133  135  139  132  132  119  136   -1
ch:  47  166  166  156  164  162  169  150  163  165  149  155  154  150  153  152  149  151  139  166  139  139  152  147  152  152  147  139  146  133  136  135   -1
ch:  48  136  144  139  155  150  161  160  156  154  150  155  153  146  139  141  134  144  147  139  154  134  137  132  136  140  137  123  130  119  136  132   -1
ch:  49  156  164  159  180  169  157  164  157  159  166  166  153  168  146  147  152  151  143  147  149  149  146  149  142  146  135  137  136  141  139  133   -1
ch:  50  139  137  152  156  152  170  153  152  162  161  151  152  149  144  143  135  147  134  132  135  134  140  145  133  132  123  134  124  140  133  135   49
ch:  51  148  154  168  164  166  156  158  168  155  152  154  149  149  158  146  149  151  147  151  146  151  147  149  146  148  151  140  141  124  152  134   -1
ch:  52  130  139  153  143  142  168  149  155  150  150  140  151  153  150  135  140  139  147  136  136  126  134  132  137  126  121  130  120  122  126  121   25
ch:  53  164  168  167  165  164  153  155  152  156  167  170  149  154  148  147  143  147  140  142  137  145  147  135  134  138  135  145  139  134  133  135   -1
ch:  54  137  148  152  150  156  167  164  152  150  149  157  149  153  160  139  138   -1  135  139  124  129  146  123  130  120  135  134  138  134  140  125    7
ch:  55  148  152  168  168  155  157  163  153  156  162  156  158  163  150  153  154  155  155  143  135  140  135  147  141  147  149  141  137  133  136  135    4
ch:  56  140  154  156  158  158  152  147  150  148  165  140  151  147  139  139  137  145  137  139  149  136  132  132  132  139  137  135  132  132  137  123   -1
ch:  57  164  168  150  165  150  170  158  154  156  152  152  153  150  147   -1  155  143  133  150  150  135  150  143  141  130  131  139  135  140  135  138   12
ch:  58  135  147  138  153  153  155  153  169  152  153  151  149  147  140  138  134  135  136  137  138  136  135  127  138  132  123  136  134  135  129  122   -1
ch:  59  166  169  164  166  167  156  153  161  148  155  156  164  153  151  147  147  136  144  154  151  152  147  148  149  142  148  135  127  138  133  138   43
ch:  60  130  145  143  141  146  150  146  154  158  151  147  151  143  149  154  146  149  145  140  136  139  137  130  133  134  132  138  141  123  135  133    1
ch:  61  156  176  157  166  177  152  171  167  164  140  149  152  142  151  151  147  135  149  137  140  140  149   -1  141  135  131  151  147  139  139  133   56
ch:  62  135  138  150  140  159  171  166  152  156  154  148  150  149  155  138  154  144  134  139  146   -1  147  131  130  135  134  131  123  136  135  133   -1
ch:  63  169  156  167  166  163  165  164  165  154  170  150  148  140  167  151  149  142  139  153  153  139  146  140  142  136  132  137  141  135  138  138    8
ch:  64  136  153  161  140  151  154  138  156  163  150  140  162  151  156  147  139  137  137  136  135  136  146  137  139  132  126  132  133  118  123  133    2
ch:  65  156  171  164  159  162  171  153  157  170  165  155  151  166  158  169  145  151  149  141  156  154  151  146  143  151  150  140  131  146  140  138   -1
ch:  66  134  136  150  150  165  169  153  150  148  151  154  140  138  133  148  156  135  140  135  135  138  142  134  134  138  145  133  131  123  131  126   -1
ch:  67  158  167  158  174  156  167  166  167  167  155  166  155  151  166  153  149  155  165  142  138  138  145  141  142  140  141  129  141  144  139  136   -1
ch:  68  140  139  149  147  153  146  160  158  158  153  150  154  154  151  145  133  151  143  140  138  139  137  138  136  145  133  141  134  125  132  125   35
ch:  69  164  170  165  166  167  168  167  164  163  155  158  151  151  167  151  155  149  152  149  139  155  153  141  152  139  138  139  123  141  145  151    8
ch:  70  150  145  141  150  167  159  150  152  158  153  154  146  158   -1  152  138   -1  134  140  131  137  133  129  138  132  138  137  120  121  123  138    2
ch:  71  154  164  180  166  165  158  167  171  155  142  156  154  150  155  147  152  158  147  165  138  136  150  137  139  140  142  133  139  135  140  143   48
ch:  72  128  146  149  143  150  152  148  149  162  149  148  152  153  149  147  151  135  139  140  138  127  137  135  138  131  138  123  145  136  128  135   54
ch:  73  156  173  165  162  165  167  155  156  165  165  163  154  141  148  155  165  151  150  166  169  139  156  149  148  153  147  141  147  142  153  157   -1
ch:  74  126  133  152  150  155  157  153  150  163  157  140  161  151  140  149  147   -1  143  148  137  134  132  137  137  134  152  132  132  122  137  134   -1
ch:  75  162  170  156  164  162  167  156  169  165  161  153  163  155  161  152  157  148  135  147  146  139  142  132  139  148  125  141  139  147  155  137   -1
ch:  76  134  148  165  153  154  158  152  163  155  152  157  151  143  163  137  150  152  149  146  139  137  137  136  139  136  133  122  122  132  135  135   -1
ch:  77  156  166  163  155  170  169  155  143  163  148  151  148  150  162  155  150  138  151  136  134  141  142  148  146  133  139  132  141  137  149  138   50
ch:  78  135  138  144  164  168  151  151  157  155  142  146  150  146  139  138  138  139  144  149  130  124  141  142  135  138  135  130  138  130  124  125   -1
ch:  79  161  153  164  161  157  165  156  170  166  152  157  155  168  158  155  142  151  150  149  150  136  149  131  141  140  148  147  139  148  139  129   -1
ch:  80  140  142  142  153  151  142  162  154  150  161  151  155  151  151  145  146  133  149  151  139  135  134  138  132  138  129  143  138  124  132  131   -1
ch:  81  156  168  161  164  171  169  173  142  166  168  162  153  151  145  148  163  155  149  152  147  142  150  148  146  142  150  141  146  137  147  145   22
ch:  82  140  140  144  150  164  173  153  154  143  157  150  152  139  139  149  138  147  131  127  136  145  122  134  132  138  135  134  123  126  126  130   -1
ch:  83  166  170  170  159  167  149  152  160  156  156  151  163  154  163  149  153  145  154  138  150  147  148  142  152  139  133  136  134  137  148  138   -1
ch:  84  136  147  143  151  148  158  163  156  154  153  155  140  151  149  150  138  126  139  138  145  122  137  141  134  137  134  148  147  134  141  131   20
ch:  85  150  156  155  169  166  165  168  154  155  163  153  155  151  152  151  150  151  149  151  150  137  144  147  147  134  141  146  141  148  139  148   -1
ch:  86  135  140  138  150  165  157  165  154  151  151  154  139  143  150  149  143   -1  150  142  135  134  132  138  135  141  135  136  135  131  143  134    2
ch:  87  172  168  167  173  167  165  168  148  170  156  146  157  142  157  152  141  148  146  136  150  139  139  142  142  145  149  145  137  140  141  147   -1
ch:  88  136  142  155  147  152  154  144  165  159  153  153  150  154  149  151  142  147  151  140  139  137  148  130  135  138  136  127  131  136  140  151   -1
ch:  89  156  172  173  157  165  156  167  156  166  163  157  148  157  153  147  152  139  139  136  148  150  140  137  134  140  135  138  139  136  153  135   -1
ch:  90  133  138  140  150  148  168  152  156  148  157  148  135  151  140  143  133  149  131  135  139  130  141  134  141  121  139  123  131  131  129  127    4
ch:  91  152  166  167  171  159  171  166  167  167  155  163  157  147  150  166  146  149  149  159  153  154  143  136  152  147  147  147  142  142  136  135   18
ch:  92  136  129  155  146  146  148  149  141  158  156  154  153  140  151  146  140  139  150  134  131  137  139  150  129  124  127  129  130  138  140  135   51
ch:  93  156  166  153  165  158  170  166  155  155  152  170  151  162  154  153  151  148  152  148  152  139  146  138   -1  140  150  139  139  148  145  139   -1
ch:  94  124  139  148  152  155  165  149  150  153  155  154  153  155  148  148  138   -1  142  133  137   -1  134  134  136  132  133  134  121  125  122  133   39
ch:  95  158  168  167  169  155  158  157  166  158  152  155  158  152  158  154  153  151  140  143  150  149  146  148  139  138  148  147  158  142  140  135   -1
ch:  96  120  146  154  149  158  148  162  164  157  155  163  157  142  156  145  136  133  143  135  133  135  123  148  132  128  133  127  126  129  133  131   -1
ch:  97  152  168  174  172  153  158  164  158  149  162  155  151  155  157  149  155  141  150  153  139  149  138  147  137  152  142  142  132  137  130  140    4
ch:  98  131  145  151  150  153  154  157  152  155  154  154  152  151  150  140  151  136  141  142  141  126  130  141  138  137  129  135  124  125  120  121   -1
ch:  99  166  166  167  158  165  164  155  169  162  158  154  144  154  163  156  149  165  151  147  161  149  141  147  141  154  161  146  141  140  139  150   21
ch: 100  136  142  143  136  150  154  144  155  148  156  142  150  137  143  149  141  140  145  126  133  134  125  134  135  132  133   -1  135  132  133  130    3
ch: 101  170  174  156  158  162  154  155  166  153  152  154  163  161  146  150  138  159  153  152  149  149  150  137  148  147  140  136  138  134  145  134   -1
ch: 102  124  133  150  150  159  148  155  152  143  146  144  155  150  152  138  143   -1  144  141  150  138  130  145  140  130  135  140  137  136  127  128   16
ch: 103  150  173  167  172  157  163  163  163  151  154  155  155  150  153  146  150  138  151  142  145  146  142  138  142  148  141  132  121  151  140  140   -1
ch: 104  120  139  159  141  149  145  146  155  144  153  141  152  142  149  142  139  142  142  138  123  130  133  140   -1  125  124  135  129  130  133  111   -1
ch: 105  151  166  173  157  172  164  155  157  166  148  165  151  155  153  152  146  153  140  137  141  139  148  138   -1  134  138  141  132  134  147  134   31
ch: 106  119  147  148  150  167  164  153  155  157  155  162  147  149  154  159  150   -1  134  144  149  139  137  139  141  130  138  136  125  142  129  135   -1
ch: 107  158  167  164  172  169  165  155  163  167  163  164  151  137  140  153  151  136  148  152  148  159  146  143  152  140  149  142  130  142  129  139   -1
ch: 108  136  147  149  150  151  154  154  154  148  148  139  143  142  142  141  137  149  147  136  146  137  125  135  136  133  132  134  129  126  135  125   10
ch: 109  156  167  168  157  156  172  164  143  164  151  157  164  153  149  151  166  158  132  135  149  141  148  134  138  146  137  133  141  136  142  140   -1
ch: 110  127  133  134  136  152  157  153  166  138  155  148  151  161  152  141  131  145  139  134  125  137  139  131  148  129  141  133  127  125  131  128   15
ch: 111  158  171  164  166  161  166  161  162  177  164  169  152  147  157  155  147  150  146  146  157  147  142  138  141  146  148  137  140  138  149  132   -1
ch: 112  120  141  149  146  148  162  158  153  152  156  158  155  155  153  139  149  135  134  138  140  127  137  139  140  124  127  119  133  132  135  138    5
ch: 113  152  165  159  170  159  170  158  167  164  153  164  166  167  148  152  149  153  148  153  157  148  148  140  141  132  148  132  149  138  154  138   -1
ch: 114  119  139  138  150  156  143  154  154  141  168  155  146  139  147  136  139   -1  142  135  131  138  137  135  126  132  133  118  134  124  129  121   47
ch: 115  166  168  168  154  158  167  154  163  167  157  148  148  151  151  142  157  142  144  143  137  145  151  136  139  141  135  128  137  135  136  133    4
ch: 116  120  147  149  149  154  152  150  168  156  148  147  151  149  155  148  140  136  137  135  133  136  136  138  139  125  130  131  126  126  132  121   -1
ch: 117  164  157  161  165  169  150  165  158  169  161  166  147  141  153  155  155  142  143  146  149  136  143  135  145  145  138  149  134  133  136  124   -1
ch: 118  119  141  132  136  150  165  148  152  152  154  147  150  149  144  136  136   -1  147  154  145  136  136  135  135  134  135  124  135  142  126  135   45
ch: 119  158  164  166  158  167  172  155  155  167  166  153  157  164  147  146  148  150  149  141  156  147  145  137  141  151  142  139  136  135  140  133    6
ch: 120  128  143  158  153  140  148  162  150  156  150  132  147  151  137  137  150  137  133  151  125  139  132  131  120  126  126  134  131  120  131  123   -1
ch: 121  152  167  157  170  152  164  159  157  150  161  152  147   -1  152  149  136  135  151  139  151  146  145  139  140  142  121  130  137  138  139  138   44
ch: 122  118  131  138  140  155  148  153  148  152  161  142  146  151  150  150  126   -1  137  133  137  144  133  131  131  121  129  136  136  121  126  119    9
ch: 123  152  171  167  166  151  164  156  164  158  150  162  155  141  148  150  155  140  133  140  136  135  139  140  139  142  145  150  139  138  140  134   15
ch: 124   96  130  129  124  128  150  142  155  155  153  133  148  146  149  148  141  133  135  149  145  139  128  120  121  125  124  126  123  132  133  125   -1
ch: 125  148  156  157  164  156  168  157  158  155  162  152  155  149  145  149  155  137  151  142  154  135  136  137   -1  151  147  155  141  141  143  137    5
ch: 126  108  107  118  124  134  131  139  146  143  152  156  135  150  152  147  152  152  125  143  136  136  134  145  134  137  123  140  119  124  124  135   -1
ch: 127  145  166  163  158  159  163  164  164  154  156  148  156  149  158  141  151  168  150  155  144  138  150  150  143  147  136  150  137  140  141  142   18
