# ID XA-000-08-003-000-001-252-15
# Tag _trim_
# Date 240620_11:20:32
# Vref_p 47
# Vref_n 23
# Thr2_glb 10
# Vref_t 118
# Vref_t_range 1
# Pol 0
# ADC range 30-247
# FAST disc 30
ch:   0  137  130  154  157  163  163  161  168  157  164  161  158  170  151  151  165  151  151  132  146  136  135  142  135  140  136  123  125  135  136  135   -1
ch:   1  169  173  180  181  181  194  174  170  167  168  168  163  168  167  166  156  160  162  157  149  148  148  139  145  133  136  136  146  151  136  137   -1
ch:   2  140  151  166  170  173  173  166  164  166  178  162  169  155  148  156  147  150  153  154  142  149  134  145  151  123  125  121  121  131  121  137   -1
ch:   3  181  171  190  180  199  183  178  174  155  171  177  165  156  159  163  137  163  155  152  147  151  153  147  151  148  149  140  137  135  146  137   -1
ch:   4  169  163  166  174  163  175  169  164  171  168  164  162  154  151  152  155  142  150  142  141  137  139  135  135  137  138  135  145  132  131  135    9
ch:   5  192  189  187  188  178  190  180  180  166  167  168  164  164  165  166  162  165  151  151  148  154  141  146  153  139  148  140  152  130  136  137    5
ch:   6  170  173  164  182  168  172  172  178  167  168  171  168  152  163  162  161  155  147  142  158  139  139  129  137  133  124  131  132  132  127  130   46
ch:   7  181  183  185  187  195  171  180  176  181  165  172  167  163  166  162  169  153  152  149  155  158  151  147  135  143  133  140  139  147  151  147   12
ch:   8  180  175  172  174  179  178  177  156  166  173  153  167  163  151  150  165  155  162  154  139  134  145  136  145  132  136  129  132  132  133  133   14
ch:   9  188  184  190  183  179  182  182  183  169  168  164  166  164  165  170  163  163  163  151  156  145  164  148  146  140  134  150  138  150  151  139    5
ch:  10  158  167  176  177  172  167  166  171  167  162  172  171  161  152  162   -1  154  146  135  145  148  142  131  142  139  132  135  127  133  128  134   26
ch:  11  173  180  175  183  179  179  185  171  173  157  170  157  151  172  162  165  174  154  153  150  153  149  153  154  148  125  155  142  140  137  138   -1
ch:  12  156  171  172  178  169  184  166  172  164  165  169  157  173  167  156  152  147  149  140  148  135  149  132  135  137  135  131  134  124  124  130    9
ch:  13  192  179  189  186  174  186  182  183  181  168  179  165  163  168   -1  159  156  159  140  158  157  151  163  147  141  137  142  141  148  138  151   -1
ch:  14  170  160  178  169  183  180  183  167  169  165  173  181  165  150  155  150  153  152  150  140  136  139  137  134  131  133  133  147  125  133  128   -1
ch:  15  175  183  186  195  186  170  166  174  171  172  168  171  163  164  164  149  151  157  151  155  151  156  138  149  139  133  137  141  137  148  123   -1
ch:  16  165  167  166  171  183  183  178  174  167  169  162  169  168  158  165  154  149  153  155  147  149  148  135  147  134  139  133  128  126  130  124   -1
ch:  17  186  179  177  187  181  182  178  182  169  173  166  166  165  170  162  168  157  150  158  153  152  149  157  149  139  135  146  133  136  141  149   14
ch:  18  158  167  166  184  184  171  181  176  163  177  158  152  163  163  156  152  154  152  156  153  138  139  136  140  143  133  149  152  133  126  125    5
ch:  19  169  189  179  178  190  179  185  167  173  170  163  165  166  168  167  162  162  158  151  149  157  155  148  136  145  158  131  145  135  138  136   -1
ch:  20  159  170  174  178  176  174  166  167  167  168  157  163  163  162  152  152  155  149  137  141  139  135  133  139  140  135  130  125  136  130  125    1
ch:  21  188  184  198  181  177  181  180  172  170  180  156  164  155  154  164  166  170  166  147  162  144  153  130  137  161  123  142  135  142  137  131   -1
ch:  22  166  170  168  185  184  174  180  172  158  171  170  140  168  155  150  153  149  154  160  149  136  133  137  144  133  135  132  123  126  129  127   -1
ch:  23  185  187  178  190  181  173  179  169  175  163  181  168  179  166  168  164  158  163  155  152  152  163  152  142  154  135  137  151  132  137  150    8
ch:  24  168  162  186  182  169  181   -1  179  183  164  165  152  165  165  153  150  155  151  150  134  151  141  157  133  137  139  139  134  145  129  139   -1
ch:  25  187  182  181  185  184  178  183  179  169  171  168  168  174  165  148  167  140  163  153  162  150  163  135  147  147  140  133  140  139  136  139   26
ch:  26  172  170  168  170  183  175  169  162  171  164  168  169  154  156  156  166  152  153  153  138  150  149  133  146  134  131  130  140  136  131  135   -1
ch:  27  173  189  174  188  185  180  168  179  170  158  171  174  167  168  171  172  160  166  155  152  149  148  149  152  148  140  146  129   -1  129  136   -1
ch:  28  153  168  186  179  169  166  179  177  165  167  173  165  178  155  154  169  167  153  148  140  136  148  151  132  135  144  133  144  131  132  131   -1
ch:  29  181  179  199  171  186  185  187  165  168  173  169  168  166  169  162  161  165  155  151  155  155  150  138  152  145  142  138  136  151  137  132   -1
ch:  30  180  168  168  185  180  167  168  179  180  168  165  179  155  153  159  152  137  134  152  148  149  135  141  150  133  127  135  122  127  139  133   50
ch:  31  189  187  182  180  179  176  175  169  184  171  170  179  164  167  165  165  157  152  158  150  149  158  151  151  138  146  139  152  138  142  136   -1
ch:  32  180  167  168  185  169  183  179  163  169  157  177  165  163  168  155  154  153  152  140  163  156  145  142  131  148  137  129  129  131  133  121    6
ch:  33  181  189  187  183  187  185  180  174  171  179  166  173  166  169  152  164  169  165  139  138  157  152  162  138  151  150  139  147  154  138  136   -1
ch:  34  174  160  178  179  189  172  181  167  165  169  159  164  162  169  164  164  146  156  149  149  163  142  135  164  140  138  134  135  129  135  133    5
ch:  35  185  183  187  188  165  181  179  177  172  181  156  169  171  172  165  151  156  164  151  164  151  135  153  149  138  154  152  142  137  140  145   -1
ch:  36  168  163  167  173  181  182  179  177  166  172  164  169  156  171  163  167  149  161  145  156  140  163  147  151  138  136  136  138  149  130  128   -1
ch:  37  188  179  188  190  186  194  181  182  178  177  182  181  163  165  163  163  166  163  164  156  165  161  156  154  155  143   -1  150  140  146  146   -1
ch:  38  166  160  178  189  183  172  173  172  157  150  181  158  157  156  142  163  167  141  155  132  135  149  142  140  135  135  147  136  131  141  139   -1
ch:  39  181  185  180  184  186  185  181  173  171  181  182  165  174  168  173  158  167  155  158  169  155  158  140  149  151  152  143  149  140  147  148   -1
ch:  40  168  170  166  183  174  179   -1  171  173  170  168  165  165  167  167  163  164  149  150  148  149  137  133  145  135  135  133  121  134  137  127   -1
ch:  41  184  184  187  188  179  179  194  169  172  172  182  169  169  157  162  162  164  164  150  154  151  142  152  164  149  134  149  146  135  138  138   -1
ch:  42  167  172  176  175  182  170  173  170  171  182  171  168  152  170  153  172  155  151  147  136  139  140  131  148  150  125  133  134  132  147  131   -1
ch:  43  174  185  191  186  174  182  179  181  182  177  173  169  170  168  165  165  172  162  158  156  158  152  142  158  153  165  146  154  136  138  140   -1
ch:  44  157  178  181  183  179  183  174  170  177  168  174  170  157  169  158  154  166  150  151  153  151  146  142  151  147  143  145  132  123  142  135   25
ch:  45  184  180  184  185  186  178  177  178  176  169  172  168  165  168  172  148  157  157  155  153  148  152  132  150  135  154  138  152  137  140  137   44
ch:  46  179  163  174  188  181  177  169  173  174  159  155  170  157  161  157  153  152  152  148  154  148  148  148  138  124  139  139  136  136  129  137   -1
ch:  47  189  187  183  182  181  185  174  170  171  168  168  175  173  158  172  173  152  155  154  156  164  152  145  168  154  142  152  139  145  145  150   -1
ch:  48  165  163  180  185  180  165  167  164  171  162  171  170  156  156  151  149  153  154  134  129  140  146  147  129  123  140  133  126  130  134  141   -1
ch:  49  196  184  187  193  175  182  179  173  185  170  174  169  183  147  156  163  172  154  159  159  150  157  136  147  155  150  142  151  152  139  141   46
ch:  50  174  171  174  168  184  173  169  172  157  164  164  165  149  165  165  149  151  147  152  154  139  139  151  140  139  151  135  131  125  129  139    1
ch:  51  189  181  181  189  181  164  173  178  173  165  181  167  163  162  175  154  160  165  161  162  156  155  164  140  132  147  150  142  148  139  136   -1
ch:  52  169  171  173  177  180  177  169  182  168  169  163  172  178  169  166  156  153  167  150  148  153  149  139  154  138  143  137  129  142  133  123   12
ch:  53  180  185  182  188  179  194  188  173  169  171  170  169  166  162  180  170  168  158  165  162  154  172  151  154  153  151  147  156  146  143  138    4
ch:  54  163  187  176  181  175  172  168  169  171  177  169  157  164  155  162  153  155  158  146  138  142  138  135  141  136  141  137  136  136  133  130    8
ch:  55  189  185  186  183  174  187  181  175  184  179  179  164  167  169  169  168  163  151  147  154  151  163  169  154  153  151  147  146  151  138  135   -1
ch:  56  165  170  185  173  171  176  176  168  172  172  164  162  165  167  150  161  141  151  157  154  139  139  139  145  132  139  130  121  136  136  138    2
ch:  57  195  191  184  180  186  179  189  178  166  182  173  170  166  165  168  161  163  164  158  151  150  157  157  139  155  137  151  136  150  147  150   36
ch:  58  170  170  178  174  186  180  168  163  168  168  158  158  157  165  154  161  151  162  147  151  155  135  144  143  148  143  137  132  133  129  142   -1
ch:  59  175  186  194  180  183  186  169  180  183  173  184  167  159  171  165  163  165  156  162  152  163  153  156  147  139  137  158  134  137  137  136   -1
ch:  60  165  171  184  185  173  178  181  171  158  166  154  165  162  170  162  158  152  151  148  142  156  138  135  153  139  126  135  143  129  135  127   -1
ch:  61  186  188  188  185  187  173  179  170  170  169  177  179  170  173  169   -1  156  164  164  151  166  154  153  156  155  151  143  148  139  137  134   -1
ch:  62  163  171  174  186  185  170  180  177  171  168  175  161  155  166  155  165  152  150  155  142  135  147  134  148  138  136  137  135  132  134  139   -1
ch:  63  181  185  194  183  179  178  188  174  170  172  186  162  169  158  170  167  167  156  147  151  155  153  153  140  155  140  164  140  139  142  146    8
ch:  64  161  167  172  175  174  168  170  180  179  173  169  164  177  156  151  155  158  136  138  137  142  137  153  138  147  133  146  135  132  133  130   -1
ch:  65  185  179  182  195  180  183  180  185  168  167  169  168  174  163  167  163  148  171  165  164   -1  162  152  161  152  154  149  157  141  149  137    2
ch:  66  175  168  168  184  175  187  182  178  171  166  170  163  170  165  154  155  163  154  147  141  141  151  149  136  150  136  140  141  138  146  137   53
ch:  67  189  183  176  189  182  181  184  183  173  171  171  172  167  158  170  168  161  163  157  154  152  151  149  150  133  139  147  147  134  141  146   -1
ch:  68  157  169  183  170  183  178  174  171  180  168  171  152  175  158  167  154  150  163  157   -1  156  132  147  145  134  135  142  131  150  134  132    2
ch:  69  182  189  183  189  174  190  187  181  179  174  179  172  168  170  170  170  165  167  168  152  156  158  155  151  166  141  151  141  158  151  152   -1
ch:  70  168  170  174  177  183  177  185  181  177  169  168  170  161  169  155  162  153  161  158  141  139  148  148  147  141  135  150  139  138  135  130   -1
ch:  71  185  183  190  194  170  183  182  189  177  177  172  173  168  166  162  157  152  163  165  152  158  161  140  152  139  147  150  148  154  149  142    2
ch:  72  168  178  182  166  171  180  178  172  179  171  164  158  167  162  169  161  153  161  138  141  142  155  144  145  146  145  130  135  130  139  126   -1
ch:  73  192  184  187  187  185  179  181  167  180  170  177  155  173  173  168  162  157  167  163   -1  151  158  158  156  155  138  148  134  150  147  142   45
ch:  74  166  169  166  185  184  179  180  185  180  171  169  165  156  151  159  162  162  148  154  151  158  135  147  147  134  138  135  137  149  137  139   -1
ch:  75  185  183  187  173  178  178  182  174  171  181  180  171  178  165  163  166  161  166  158  163  166  156  159  158  151  150  142  144  148  151  138   -1
ch:  76  165  165  168  187  170  179  167  171  189  171  166  162  165  167  155  155  148  149  155  148  138  149  152  140  144  149  141  122  132  135  132   -1
ch:  77  184  195  191  189  182  184  169  180  170  179  168  168  171  154  164  153  156  165  154  152  154  151  160  150  147  148  136  149  148  151  153   33
ch:  78  158  176  168  174  185  186  182  179  169  156  169  164  161  163  158  152  154  163  151  158  164  151  145  138  127  133  135  129  136  140  127   -1
ch:  79  181  195  189  188  173  174  170  179  184  171  174  172  157  180  169  152  153  162  157  151  146  154  148  164  150  140  154  146  132  151  145   -1
ch:  80  173  170  182  181  175  168  167  170  183  167  163  170  155  166  151  167  164  158  153  150  150  148  152  162  132  133  135  138  144  146  132   25
ch:  81  189  192  191  189  183  188  171  174  183  170  179  173  171  169  154  168  166  164  163  164  147  156  151  152  157  154  162  156  152  142  141   -1
ch:  82  163  176  163  177  170  174  175  172  164  162  166  168  167  163  163  154  156  157  156  142  137  149  147  147  147  138  148  138  123  133  134   -1
ch:  83  183  183  179  187  179  174  183  168  183  174  172  165  163  166  163  170  163  168  164  156  160  151  163  151  147  147  153  145  148  137  138   -1
ch:  84  167  179  178  188  171  182  174  168  173  171  170  167  169  175  157  163  153   -1  150  149  144  144  154  149  141  149  138  134  138  135  133   -1
ch:  85  199  189  186  184  180  174  177  169  170  181  181  173  173  167  175  163  150  161  163  166  163  164  151  155  146  143  157  150  152  149  149   -1
ch:  86  157  168  166  180  184  170  170  174  169  166  163  169  165  165  152  148  148  162  151  150  139  137  146  148  142  149  134  129  131  133  130   48
ch:  87  181  179  190  189  185  185  190  179  170  165  171  177  166  166  155  164  158  164  155  156  151  151  162  141  146  136  139  141  134  140  136    8
ch:  88  169  165  184  169  175  166  168  180  172  172  171  172  173  155  152  168  167  167  150  160  145  142  138  134  153  148  138  138  134  135  124   17
ch:  89  181  179  169  181  180  182  182  180  178  173  178  180  155  154  156  161  162  153  156  152  158  134  152  145  152  151  145  145  135  140  146   -1
ch:  90  164  168  163  178  173  187  173  166  167  172  171  155  154  169  156  151  146  142  148  139  136  142  136  148  148  143  141  137  128  126  127    8
ch:  91  185  185  182  189  182  179  182  177  182  181  180  171  168  165  175  161  164  163  157  164  165  162  151  149  138  149  138  132  150  141  146    6
ch:  92  169  171  183  178  172  167  163  180  177  165  169  165  164  156  152  148  152  147  149  152  150   -1  138  139  132  136  137  147  134  133  135   -1
ch:  93  192  185  184  185  186  183  188  186  177  170  174  179  179  168  162  168  155  170  149  161  152  170  150  157  152  137  155  147  139  147  136   -1
ch:  94  164  171  168  182  174  181  173  173  180  178  174  157  155  164  173  152  154  150  142  150  139  140  145  140  140  126  138  140  128  134  134   -1
ch:  95  185  177  185  190  180  169  171  169  174  181  155  151  171  173  158  167  164  152  164  164  154  155  149  141  155  149  152  150  147  146  136   -1
ch:  96  170  163  182  173  171  178  169  172  171  163  168  168  153  155  168  148  160  140  148  145  143  145  148  139  135  147  137  133  132  128  131   12
ch:  97  188  183  180  186  181  187  175  185  180  179  177  179  174  171  169  177  164  150  169  159  154  151  153  149  148  152  150  146  156  150  139   -1
ch:  98  170  171  157  181  175  180  180  161  170  171  163  172  155  168  152  159  156  155  164  150  143  163  152  130  150  143  137  129  137  126  136   -1
ch:  99  183  183  196  175  182  174  170  178  170  182  167  168  165  163  163  166  170  148  156  136  152  152  147  158  148  148  139  151  148  149  135   -1
ch: 100  185  171  172  184  175  184  169  166  168  166  164  168  163  154  154  154  156  156  156  147  155  149  142  140  134  138  138  138  130  126  134    5
ch: 101  184  186  190  196  184  173  189  184  186  180  168  168  168  168  151  161  154  161  153  147  148  141  152  152  138  136  138  134  132  138  138    4
ch: 102  172  171  166  184  186  178  166  165  171  169  166  166  166  161  162  149  151  156  151  148  152  149  132  145  135  131  132  141  136  128  133   13
ch: 103  173  181  188  183  181  182  178  170  181  167  174  164  164  170  164  179  151  169  152  152  153  153  155  141  145  156  139  137   -1  140  135    9
ch: 104  159  168  182  163  184  191  167  165  167  166  163  172  165  154  161  153  152  154  148  141  154  147  138  151  130  141  137  137  134  131  124   39
ch: 105  188  187  181  179  173  183  172  178  170  162  171  178  164  182  168  167  162  164  163  155  158  151  150  147  151  156  142  148  140  132  133   51
ch: 106  157  174  158  182  170  183  171  184  184  163  162  167  169  152  159  161  148  163  136  137  153  132  137  128  148  150  138  136  130  123  133   32
ch: 107  181  189  194  187  182  175  166  180  172  173  173  170  172  162  168  163  153  156  162  158  153  155  151  158  139  142  152  148  140  145  134   -1
ch: 108  170  170  182  183  181  168  181  171  164  166  172  162  168  171  166   -1  157  156  155  143  142  163  141  151  137  141  145  139  133  135  119   -1
ch: 109  182  181  182  187  171  182  185  173  174  172  172  179  164  172  167  165  168  149  152  154  155  163  139  137  145  150  146  148  149  152  141   47
ch: 110  163  168  162  182  182  169  164  166  180  158  165  157  150  177  156  155  152  149  142  148  131  135  131  129  139  137  127  135  130  116  131   -1
ch: 111  181  183  189  182  183  183  178  180  167  178  174  167  164  166  154  166  163  150  165  153  147  146  141  154  146  147  149  142  139  138  136    3
ch: 112  156  162  186  159  167  181  169  167  159  166  168  164  157  164  152  151  148  153  146  140  152  139  136  141  139  125  125  138  132  136  125   -1
ch: 113  183  188  187  174  184  170  169  188  170  167  172  169  173  167  163  157  172  163  168  140  155  142  151  147  152  156  147  140  151  129  149   -1
ch: 114  169  160  174  182  183  166  174  178  169  165  163  164  155  168  156  157  138  149  146  150  149  149  138  139  146  132  133  131  131  134  129   29
ch: 115  183  177  186  179  189  173  184  178  180  180  164  178  168  157  159  168  152  165  151  166  152  157  143  148  145  159  132  140  145  140  136   -1
ch: 116  156  167  184  175  187  186  178  182  167   -1  168  158  165  155  149  166  157  155  148  146  140  139  152  138  139  126  139  134  131  135  130   -1
ch: 117  176  188  178  173  190  176  183  170  176  166  161  172  159  170  169  158  165  165  155  167  156  151  140  146  139  150  143  137  148  137  139   -1
ch: 118  163  168  166  173  182  167  170  179  171  167  169  179  165  166  157   -1  165  154  153  141  149  149  137  133  137  136  131  138  133  131  135    8
ch: 119  177  177  181  195  190  188  183  180  186  184  167  172  168  156  167  154  151  137  167  149  159  152  156  148  158  131  140  138  155  141  131   -1
ch: 120  163  167  182  172  177  177  184  169  168  168  169  165  153  154  170  156  161  156  137  142  151  147  142  145  136  136  131  134  133  131  130   25
ch: 121  187  184  183  188  183  180  171  182  182  178  171  151  165  165  159  163  163  162  165  139  154  148  148  148  152  154  140  148  147  139  145   56
ch: 122  153  171  162  175  174  178  185  165  169  169  167  156  154  155  162  148  142  147  139  152  136  140  136  130  136  133  132  132  130  134  123   -1
ch: 123  173  183  184  185  183  183  172  178  169  165  158  162  159  164  157  152  162  148  153  155  161  149  142  146  147  150  139  135  137  134  138   -1
ch: 124  138  161  163  169  165  179  178  171  169  164  162  168  166  165  152  164  154  161  152  148  155  146  136  145  147  137  132  141  131  132  133   -1
ch: 125  188  188  190  185  183  184  171  182  168  167  172  169  165  171  164  156  164  150  154  153  164  151  135  148  141  147  133  139  149  135  134   -1
ch: 126  152  160  150  157  164  181  174  182  165  158  165  155  162  152  152  151  149  154  150  142  138  143  134  128  145  137  137  136  133  121  127   32
ch: 127  185  179  181  178  185  183  179  174  171  171  172  172  170  165  163  163  152  152  155  138  152  149  149  143   -1  143  138  136  140  135  145   39
