# ID XA-000-08-003-000-001-239-08
# Tag _trim_
# Date 240620_12:15:29
# Vref_p 50
# Vref_n 21
# Thr2_glb 10
# Vref_t 118
# Vref_t_range 1
# Pol 0
# ADC range 30-247
# FAST disc 30
ch:   0  116  119  131  130  143  141  157  149  147   -1  135  137  131  133  133  132  123  123  124  119  122  117  121  106  117  118  115  114  122  132  119   34
ch:   1  157  157  151  146  150  144  138  145  149  146  144  146  131  147  132  137  122  134  139  118  131  135  129  125  124  132  121  117   -1  114  119   22
ch:   2  115  143  138  146  141  150  136  138  146  139  148  126  138  139  135  134  135  122  120   -1  120  115  126  120  114  118  117  121  118  120  122    6
ch:   3  157  152  155   -1  148  148  147  161  136  136  145   -1  143  142  143  140  134  134  140  134  136  134  136  134  133  121  124  133  117  115  132   -1
ch:   4  135  129  147  163  145  148  145  144  147  143  138  132  133  132  135  127  119  118  121  117  131  131  117  125  120  118  113  124  115  105  118    1
ch:   5  166  151  164  158  151  156  148  149  153  147  148  142  137  139  138  129  137  138  126  139  124  120  123  123  121  129  123  123   -1  125  132   14
ch:   6  131  150  150  143  140  148  146  139  151  150  141  140   -1  133  123  125  120  123  131  132  119  108  117  123  118  113  112  121  113  119  122   44
ch:   7  153  152  154  153  163  159  152  157  149  142  141  140  144  138  140  135  143  125  131  117  124  126  123  121  116  123  130  125  125  116  125   -1
ch:   8  138  141  152  158  156  140  149  153  154   -1  145  136  135  140  132  126  125  126  125  125  115  124  124  120  118  121  116  123  115  123  109   36
ch:   9  149  169  158  152  154  151  147  149  147  165  140  137  145  146  141  138  134  135  134  131  138  131  135  127  110  132  137  131  130  133  125    3
ch:  10  135  135  153  152  151  148  152  142  134  137  136  134  135  122  137  137  136  120  130  134  122   -1  123  120  113  118  126  111  113  118  109   44
ch:  11  163  154  165  152  152  163  152  158  146  147  147  152  144  138  136  136  145  139  141   -1  136  122  127  126  124  122  131  134  127  124  132   23
ch:  12  124  141  140  153  153  145  142  142  137  146  137  151  136  132  135  141  122  132  140  134  117  121  108  108  119  112  115  113  116  114  118   -1
ch:  13  153  154  168  155  156  152  152  149  158  150  155  138  143  140  141  142  137  138  134  135  125  134  135  129  143  123  135  133  132  132  135   43
ch:  14  135  152  148  157  144  140  146  136  137  144  143  124  131  121  136  133  124  120  139  122  114  114  117  124  122  123  116  107  119  115  113   -1
ch:  15  155  149  171  165  163  169  155  151  149  162  151  137  148  136  134  141  140  141  140  122  136  134  139  123  134  124  123  120  132  124  122   30
ch:  16  132  136  154  147  156   -1  153  153  144  140  137  138  134  143  125  129  129  137  120  121  127  118  116  109  116  126  114  114  123  113  111   -1
ch:  17  152  179  154  156  149  147  153  138  147  141  147  139  127  135  144  134  131  123  131  134  122  129  129  116  111  119  130  123  130  120  125   -1
ch:  18  133  143  154  154  153  145  150  138  152  139  150  131  122  135  123  124  123  130  117  124  131  117  111  118  111  121  108  114  111  115  109   -1
ch:  19  155  163  156  164  159  155  149  152  151  142  149  149  141  150  139  137  132  146  135  130  122  133  137  131  138  123  123  126  137  142  122   38
ch:  20  130  130  153  151  143  141  157  148  149  139  145  137  146  136  125  132  126  125  121  121  118  131  115  114  115  124  121  118  108  115  114   -1
ch:  21  153  160  157  145  157  151  153  156  143  145  140  137  145  153  137  133  132  119  123  125  133  141  126  130  126  122  123  110  120  131  123   11
ch:  22  133  147  153  154  147  150  146  136  142  136  147  145  143  123  137  132  125  120  129  118  131  124  106  119  117  103  124  120  105  131  116   -1
ch:  23  158  158  166  171  147  154  154  163  153  156  150  137  142  140  146  134  147  139  139  133  121  136  119  132  122  120  119  126  129  115  123   -1
ch:  24  133  138  154  151  154  148  154  153  143  136  150   -1  147  134  134  132  137  138  119  131  130  116  117  124  126  135  116  126  105  126  121   35
ch:  25  147  169  164  161  149  156  148  149  149  142  140  146  143  136  140  122  148  142  133  121  122  122  135  130  127  123  130  126   -1  116  131   56
ch:  26  141  147  167  167  159  146  150  154  138  141  141  141  137  135  139  126  118  122  130  121  124  124  117  118  122  116  131  119  122  119  119   29
ch:  27  155  149  148  152  153  151  161  151  150  149  141  145  147  147  134  129  137  131  131  136  123  138  130  123  124  134  139  126  125  140  140   37
ch:  28  138  141  148  153  149  152  135   -1  155  149  146  139  133  134  139  124  136  116  118  123  115  127  118  113  110  107  104  118  115  126  120    6
ch:  29  167  151  168  168  163  150  153  149  146  163  148  150  149  146  134  139  136  136  133  123  133  134  132  121  117  135  136  122  118  137  121   10
ch:  30  145  134  157  147  152  152  147  137  166  137  144  137  133  137  134  139  135  134  120  133  119  131  111  129  120  115  114  116  116  113  115    6
ch:  31  151  164  153  163  155  164  139  147  153  148  142  144  147  150  135  133  137  137  132  135  122  133  128  124  122  125  131  133  134  118  120   -1
ch:  32  140  151  154  151  150  147  152  149  137  154  140  144  145  133  135  136  129  124  133  121  126  113  122  125  131  124  121  115  119  119  108   -1
ch:  33  155  155  151  164  152  158  143  151  155  141  146  148  139  142  137  137  139  141  138  126  137  142  123  132  124  137  118  130  123  133  139   26
ch:  34  139  151  147  154  151  149  140  151  143  134  137  138  122  139  123  130  126  134  119  118  121  112  112  117  112  123  124  108  120  107  113   -1
ch:  35  155  156  152  165  164  155  143  153  156  143  141  150  145  151  151  141  134  136  140  134  140  127  129  123  134  124  127  124  121  122  124   34
ch:  36  131  135  155  149  152  147  145  150  144  145  141  140  139  132  140  130  137  135  136  126  122  134  123  124  115  116  114  123  119  120  108    4
ch:  37  158  157  157  166  163  155  167  149  151  146  157  140  148  145  140  134  146  121  136  131  132  124  125  135  131  132  132  129  121  133  121   -1
ch:  38  139  142  154  148  151  151  142  154  143  139  138  122  136  126  137  121  131  136  130  122  125  123  115  109  125  126  118  119  120  121  119   -1
ch:  39  161  156  169  171  159  150  163  145  154  145  140  151  151  149  139  123  155  138  138  119  137  133  119  135  138  121  122  123  123  138  123   47
ch:  40  138  146  144  164  138   -1  157  139  137  154  139  147  146  146  127  140  139  132  126  129  119  131  123  136  119  136  121  123  120  116  123   -1
ch:  41  168  155  158  165  154  151  153  142  143  143  149  133  156  142  146  147  134  123  143  133  133  131  130  136  133  133  125  129  123  122  132    1
ch:  42  143  145  150  156  153  156  143  141  150  143  154  140  136  135  139  148  142  127  110  134  124  126  130  120  117  116  103  115  112  124  119   -1
ch:  43  157  166  166  163  163  153  151  156  154  140  152  147  143  140  149  136  140  140  135  143  141  136  138  140  124  135  124  140  123  122  135   -1
ch:  44  129  145  136  163  156  152  134  151  147  145  134  140  140  146  124  135  126  119  126  118  122  120  106  118  121  119  116  114  108  119  117   -1
ch:  45  163  157  154  162  166  148  143  148  150  154  154  150  148  137  143  135  147  134  140  134  140  135  123  133  125  126  123  133  130  122  119   -1
ch:  46  138  139  153  150  150  150  145  148  140  149  148  136  134  137  121  133  138  138  134  130  121   -1  121  113  121  121  115  114  120  115  117   46
ch:  47  157  161  164  155  153  153  163  149  151  159  142  140  139  150  146  140  141  134  144  139  137  134  135  134  130  120  133  138  131  138  118   -1
ch:  48  136  154  148  167  154  146  155  142  138  151  138  139  139  130  149  135  132  122  127  140  135  119  122  121  109  118  121  122  118  116  122   34
ch:  49  149  151  164  157  158  149  150  163  150  141  140  141  141  142  134  138  143  134  134  137  137  138  137  132  131  127  124  119  117  134  127    1
ch:  50  135  141  152  152  150  148  145  149  141  148  149  140   -1  132  132  133  134  129  114  122  124  133  121  123  108  110  121  117  119  110  119   -1
ch:  51  170  154  147  162  164  153  156  137  146  142  146  148  145  142  140  131  139  138   -1  137  130  137  131  121  120  114  118  127  120  118  108   34
ch:  52  132  129  152  151  153  149  151  155  152  140  124  150  135  140  139  138  137  126  131  138  135  129  122  118  124  117  116  121  116  125  108   48
ch:  53  157  163  156  158  152  150  152  149  153  167  147  147  143  137  152  138  141  140  133  139  133  138  135  121  134  121  132  135  131  122  131   35
ch:  54  135  137  154  154  151  147  154  146  149  139  139  140  147  135  139  133  116  120  131  117  131  125  120   -1  114  124  116  116  118  128  130   -1
ch:  55  166  166  163  157  163  163  156  150  157  155  148  152  146  147  145  144  142  146  142  140  136  137  129  135  136  129  133  138  140  140  126   32
ch:  56  131  138  152  166  156  155  164  162  145  146  140  140  149  130  136  142  131  147  140  137  123  134  121  124  119  127  116  130  121  125  121   -1
ch:  57  151  161  164  156  166  164  153  151  150  147  137  151  142  140  149  139  139  146  125  126  140  134  135  131  135  123  136  126  125  130  125   -1
ch:  58  149  150  160  150  153  153  150  153  137  147  140  140  146  136  137  132  136  134  124  123  132  132  116  132  117  116  111  113  117  129  115   -1
ch:  59  151  146  154  154  155  150  165  162  152  146  154  143  145  153  139  144  154  136  147  140  134  135  131  133  120  133  130  133  137  132  137   -1
ch:  60  145  146  140  155  158  151  152  139  156  133  147  140  135  138  136  130  123  137  133   -1  120  119  121  123  111  130  135  118  122  118  115   -1
ch:  61  150  159  161  149  151  163  153  153  159  142  151  166  151  149  150  141  145  140  134  126  137  125  122  133  123  141  134  131  123  139  123    8
ch:  62  141  146  158  151  147  156  150  150  154  139  146  144  153  140  133  134  133  133  130  132  124  120  119  120  125  123  119  121  126  129  115   -1
ch:  63  153  164  141  146  157  153  161  166  151  146  150  138  147  142  143  136  142  142  142  137  121  145  127  147  133  123  139  122  134  124  121    3
ch:  64  136  145  138  151  147  154  143   -1  140   -1  139  145  145  136  139  120  132  137  134  125  120  122  119  125  116  118  109  118  107  116  126   -1
ch:  65  156  166  159  164  170  152  143  150  153  157  147  139  141  133  134  136  138  138  140  139  135  132  131  130  131  132  118  111  130  142  119   22
ch:  66  138  142  150  148  147  155  145  146  146  152  145  151   -1  141  135  130  126  134  123  134  112  116  118  120  122  132  127  110  112  122  126   53
ch:  67  155  163  157  164  157  162  154  153  153  158  146  151  151  141  133  140  146  143  131  136  136  139  137  146  134  124  117  127  130  126  124    6
ch:  68  117  136  160  164  144  146  149  150  141  142  135  142  132  144  137  129  127  137  130  130  138  127  124  107  122  126  124  125  121  122  123   35
ch:  69  156  155  152  165  165  149  152  154  155  154  148  149  136  140  138  136  145  140  138  122  131  129  140  124  123  125  135  114  132  121  131    4
ch:  70  145  133  149  156  159  153  150  150  164  142  146  150  138  142  136  120  131  131  121  120  135  121  113  116  119  117  122  131  123  118  118   -1
ch:  71  164  162  153  178  155  168  154  163  156  155  149  152  147  148  152  147  144  146  147  143  146  149  142  135  125  136  135  120  133  139  145   -1
ch:  72  139  145  152  151  148  146  159  151  143  140  141  140  136  140  147  130  132  137  115  129  131  126  132  117  126  120  119  121  120  118  123   48
ch:  73  163  155  163  164  152  148  159  154  151  147  164  145  146  142  146  139  140  145  140  127  125  138  124  135  127  135  131  130  121  124  134   -1
ch:  74  125  147  153  151  159  151  151  154  150  150  133  143  153  135  138  126  135  132   -1  124  136  107  126  106  119  121  116  119  115  115  124   20
ch:  75  158  167  155  165  168  164  153  153  152  154  146  145  142  151  140  136  146  143  144  148  137  136  136  134  124  135  119  125  137  138  134   -1
ch:  76  138  149  138  153  148  142  154  145  151  148  138  146  138  145  137  138  138  119  122  124  122  123  132  119  113  117  109  110  123  113  108   -1
ch:  77  163  167  156  167  153  163  158  149  149  146  149  144  147  151  139  143  137  134  138  137  133  122  142  132  133  134  122  139  120  124  132   47
ch:  78  134  153  146  146  155  146  142  152  148  142  147  144  134  134  137  136  119  132   -1  121  131  110  116  122  116  124  120  119  123  121  123   -1
ch:  79  155  154  156  148  149  155  149  152  140  162  147  139  139  137  136  142  148  142  141  138  123  131  136  131  130  124  121  133  129  136  131   -1
ch:  80  148  145  144  153  157  153  144  148  150   -1  138  137  136  144  141  126  121  137  138  119  122  126  121  125  120  119  115  131  120  125  119   32
ch:  81  165  149  165  150  155  158  148  157  155  147  153  151  149  142  153  139  146  135  124  135  124  133  136  135  133  129  126  131  116  122  132   -1
ch:  82  131  153  153  148  147  156  134  139  148  138  141  142  137  145  142  126  127  140  118  131  132  124  122  120  105  117  118  115  116  126  119   -1
ch:  83  161  161  164  160  156  154  151  153  153  148  148  165  147  146  141  143  138  138  140  138  132  139  138  135  142  123  137  118  136  137  135   -1
ch:  84  140  135  152  158  142  143  151  148  149  146  145  137  135  131  143  134  135  131  139  132  137  133  129  134  130  126  129  121  121  119  126   -1
ch:  85  152  156  154  154  151  162  157  151  141  148  148  152  146  143  150  138  139  136  132  131  130  127  127  137  135  134  125  133  135  126  131    4
ch:  86  145  142  157  150  151  156  161  149  146  139  145  144  147  142  125  121  118  117  122  139  123  122  119  121  123  120  118  130  116  118  120    3
ch:  87  153  158  155  154  154  151  147  156  156  152  149   -1  139  143  151  137  141  146  133  139  138  124   -1  120  132  123  127  114  144  124  121   19
ch:  88  136  137  143  143  155  137  153  151  147  134  136  142  145  135  127  138  136  134  126  122  118  117  130  125  118  121  116  121  124  119  118   -1
ch:  89  153  165  164  149  155  147  153  139  148  147  143  152  148  135  140  143  133  139  132  123  134  123  131  133  126  135  123  122  122  123  122   -1
ch:  90  129  134  150  153  153  146  148  157  138  138  136  140  142  125  135  124  137  124   -1  131  117  123   -1  130  123  121  111  121  119  133  113   -1
ch:  91  151  164  153  170  157  156  152  149  152  149  149  151  147  155  148  139  147  141  125  133  137  139  130  132  118  121  123  123  130  124  123   35
ch:  92  148  135  152  153  144  147  141  146  152  139  134  147  130  134  129  133   -1  125  126  129  122  120  129  123  116  113  110  116  119  114  121   -1
ch:  93  146  155  166  169  151  164  139  142  147  141  154  149  134  154  146  136  138  142  140  133  137  130  127  120  133  133  126  133  119  132  133    4
ch:  94  143  136  157  150  144  152  147  148  148  147  142  136  140  142  133  121  121  124  117  124  117  132  123  116  121  124  118   -1  121  118  129   -1
ch:  95  156  154  158  173  145  149  146  148  149  137  156  138  147  145  139  139  122  134  144  132  139  135  129  121  116  123  141  123  137  134  128   -1
ch:  96  135  139  148  166  153  162  145  154  143  145  150  134  129  140  127  122  116  128  126  117  109  107  122  109  108  115  116  119  118  121  121   -1
ch:  97  157  154  158  164  154  150  151  138  142  145  143  158  149  143  140  146  141  122  135  141  142  135  125  126  123  135  124  129  125  128  123   -1
ch:  98  140  150  154  159  147  162  141  140  146  146  142  147  137  137  137  137  132  110  129  133  118  127   -1  133  117  120  112  116  113  125  119   -1
ch:  99  157  154  155  143  156  149  145  137  148  153  141  154  144  140  146  138  134  136  136  134  138  130  123  137  124  127  127  132  131  123  130   -1
ch: 100  136  135  144  164  145  148  148  144  140  145  145  136  139  133  135  136  139  126  120  123  123  126  118  115  118  109  116  120  114  115  132   -1
ch: 101  151  156  157  156  169  148  163  152  145  150  144  154  150  139  143  133  143  131  138  134  139  133  141  133  123  126  120  119  135  139  121    4
ch: 102  135  136  155  156  147  156  150  142  150  142  134  132  134  140  131  139  137  132  135  130  131  121  125  122  116  112  110  108  121  118  115   18
ch: 103  159  164  163  165  147  145  158  146  147  161  139  154  158  162  137  141  137  145  137   -1  146  127  131  137  136  147  138  132  132  133  139   17
ch: 104  131  142  146  143  132  156  148  146  153  144  140  143  146  138  141  125  122  121  125  129  122  117  124  126  121  116  116  113  118  118  115   -1
ch: 105  153  150  165  168  158  175  139  155  153  148  146  140  153  146  132  142  150  129  137  133  127  132  136  126  126  119  130  142  125  137  127   27
ch: 106  123  136  154  156  153  148  150  164  138   -1  141  146  147  132  139  127  127  132  129  133  123  125  108  114  116  113  121  129  118  104  118   -1
ch: 107  158  156  151  152  155  154  155  153  151  161  140  149  142   -1  131  142  134  130  133   -1  120  130  133  122  134  130  132  119  132  126  126   -1
ch: 108  121  136  144  156  154  139  147  146  156  137  161   -1  137  134  140  132  123  122  124  137  126  117  112  120  119  119  116  119  122  117  109   -1
ch: 109  162  155  164  162  152  158  155  149  152  148  146  146  154  140  145  141  144  135  141  137  126  129  127  139  133  139  130  125  122  125  115   -1
ch: 110  133  147  150  155  151  143  141  162  146  141  146  139  134  141  132  132  122  133  120  121  120  131  114  120  117  118  113  117  105  111  117   50
ch: 111  157  153  163  158  158  148  147  149  157  150  155  141  141  154  143  148  143  134  131   -1  133  135  129  132  137  135  122  116  125  122  118   35
ch: 112  133  132  148  155  148  149  140  142  141  149  138  147  138  130  136  132  119  127  121  131  118  131  117  114  121  110  131  116  121  120  121   41
ch: 113  145  165  157  162  169  140  146  145  152  145  141  148  137  145  142  139  140  132  139  123  131  131  137  139  133  131  132  123  133  134  116   -1
ch: 114  141  136  150  143  145  158  151  132  141  138  148  124  135  137  131  130  120  127  117  118  131  120  104  114  121  112  113  113  119  107  111   -1
ch: 115  165  164  167  153  154  155  147  149  152  143  151  149  138  141  146  141  141  136  141  137  133  130  131  122  124  117  123  120  122  127  129   41
ch: 116  119  135  140  141  158  155  142  154  150  139  137  135  139  132  138  120  133  138  133  130  123  119  116  124  117  113  124  116  118  113  103   -1
ch: 117  152  170  165  171  154  159  148  150  145  150  137  146  132  139  135  144  138  143  132  134  137  138  133  126  132  124  136  134  118  126  122   -1
ch: 118  143  142  146  150  151  139  138  140  139  142  147  140  130  140  132  131  127  124  132  133  125  122  119  110  112  113  120  109  108  115  113   -1
ch: 119  156  153  167  153  163  153  147  150  165  145  145  142  139  139  141  134  137  132  134  123  131  133  139  136  122  116  123  132  124  124  132   -1
ch: 120  124  139  151  164  153  149  156  151  137  146  140  146  137  132  137  120  133  136  135  133  120  115  132  126  124  118  115  117  123  118  107    2
ch: 121  152  157  153  155  153  148  150  145  147  149  145  146  143  131  132  141  139  141  125  133  132  131  132  129  127  135  122  129  129  118  127   -1
ch: 122  131  132  154  150  145  152  140  153  137  143  145  140   -1  137  117  130  138  120  119  117  121  122  102  122  131  113  114  117  111  117  120   54
ch: 123  159  155  151  155  156  153  161  151  153  150  152  146  150  142  148  146  132  134  130  135  130  124  130  133  130  119  135  131  123  130  121   -1
ch: 124  117  131  137  146  153  147  152  152  140   -1  147  136  136  142  125  136  121  115  120  123  119  116  119  121  116  124  116  114  109  116  121   18
ch: 125  150  155  171  162  164  162  149  149  154  142  149  152  154  137  142  136  136  137  136  137  135  133  131  133  132  119  138  135  123  133  125   -1
ch: 126  119  120  132  144  135  146  150  137  141  147  144  141  130  132  133  134  123  124  121  132  127  110  106  118  111  120  114  105  104  105  106   48
ch: 127  165  167   -1   -1  158  155  166  151  153  162  154  134  148  153  148  147  141  140  149  139  138  137  121  134  121  140  119  135  127  124  128   51
