# ID XA-000-08-003-000-002-000-07
# Tag _trim_
# Date 240620_11:48:09
# Vref_p 47
# Vref_n 24
# Thr2_glb 10
# Vref_t 118
# Vref_t_range 1
# Pol 0
# ADC range 30-247
# FAST disc 30
ch:   0  132  137  139  159  149  163  167  154  178  155  164  153  153  171  151  141  142  135  136  125  137  130  120  121  119  121  117  120  109  110  105   -1
ch:   1  183  183  191  194  183  183  172  168  164  154  163  158  165  155  154  164  142  155  145  138  138  137  133  137  141  129  120  119  122  120  131   -1
ch:   2  144  156  154  151  157  169  170  156  168  153  158  161  162  152  146  139  150  151  143  138  130  131  130  120  121  123  117  124  117  114  115   26
ch:   3  185  187  181  189  185  175  165  172  175  171  165  164  155  166  151  148  151  151  154  149  149  129  142  133  136  137  136  139  137  118  135   45
ch:   4  154  174  164  159  171  181  167  165  165  157  164  149  156  142   -1  141  138  145  147  131  125  134  122  133  118  125  120  117  120  113  107   31
ch:   5  181  183  184  187  183  179  169  177  167  179  169  151  164  155  162  161  151  140  142  133  127  132  136  139  127  136  117  131  122  124  124   25
ch:   6  156  156  164  171  181  170  175  174  170  161  154  161  154  149  148  142  141  143  139  135  132  122  130  122  119  117  123  115  122  120  114   12
ch:   7  185  186  180  181  181  177  170  163  171  164  170  164  164  153  163  151  154  142  148  138  141  137  135  141  122  137  134  123  116  120  109   -1
ch:   8  148  167  167  171  162  166  166  167  165  159  164  158  149  154  151  150  145  139  140  139  125  130  127  131  124  103  124  125  107  108  121   -1
ch:   9  171  179  187  182  174  181  168  170  171  165  170  163  158  163  153  156  152  142  140  143  142  148  141  139  138  130  130  118  116  132  134   42
ch:  10  162  169  162  171  185  168  170  173  165  168  158  157  146  158  147  155  149  139  132  134  131  133  118  121  123  125  117  117  109  117  114   -1
ch:  11  179  197  171  177  171  164  166  169  162  167  150  166  153  155  155  158  149  142  135  147  143  134  135  130  123  125  129  122  124  118  126   -1
ch:  12  154  169  165  181  168  180  179  171  168  150  150  163  150  153  145  150  149  146  134  131  132  120  120  134  134  104  120  132  120  105  121   -1
ch:  13  181  187  183  180  185  164  177  169  171  165  166  166  173  164  156  154  150  143  134  147  136  140  134  139  119  136  131  109  127  118  114   10
ch:  14  152  153  164  171  171  172  173  180  163  162  163  157  156  149  149  148  138  139  136  140  129  123  123  122  114  126  120  124  118  107  110   -1
ch:  15  183  183  183  186  185  166  181  167  167  170  159  161  165  149  148  163  151  154  153  140  139  141  135  137  146  125  138  129  127  133  115   23
ch:  16  148  175  169  175  164  168  170  164  162  162  154  154  152  165  152  155  146  136  134  132  133  134  128  123  135  134  114  117  118  129  116   -1
ch:  17  176  179  175  166  173  183  174  166  176  155  163  153  166  153  146  148  155  146  150  147  146  139  130  133  133  135  118  125  122  115  123   22
ch:  18  165  171  168  166  168  180  183  163  170  165  155  156  148  152  145  145  142  148  138  139  138  135  131  135  120  124  126  132  124  115  118   -1
ch:  19  185  182  181  177  179  167  159  166  163  180  168  165  168  163  154  155  153  151  137  148  148  148  140  131  135  134  135  133  124  135  120   14
ch:  20  166  165  164  167  160  169  181  171  162  159  167  152  154  157  150  149  148  146  132  136  123  134  130  123  119  125  110  102  121  103  109   45
ch:  21  181  180  170  173  182  173  171  164  158  173  165  156  155  151  151  148  150  153  136  136  149  143  138  126  135  123  135  132  119  126  121   29
ch:  22  167  153  166  157  181  171  181  165  177  163  165  151  147  152  145  149  152  147  145  141  129  143  122  141  123  116  122  105  114  102  116   -1
ch:  23  171  184  182  174  180  175  172  168  162  169  156  148  155  154  153  141  146  151  148  138  151  133  133  132  133  126  129  131  126  136  114    2
ch:  24  160  167  168  165  167  172  168  164  152  163  163  156  154  148  151  140  137  151  134  126  137  136  134  132  117  131  131  121  117  110  122   15
ch:  25  176  180  180  187  183  174  170  170  171  163  162  150  146  149  151  141  154  152  151  149  139  124  135  137  120  117  138  120  124  133  115   24
ch:  26  165  175  162  165  174  169  174  163  166  166  164  161  161  154  138  152  148  140  152  141  133  141  120  134  115  136  123  119  119  121  120   49
ch:  27  177  178  175  172  181  182  166  168  169  165  168  163  159  165  150  154  152  146  147  142  137  147  139  140  133  133  130  135  122  118  119   49
ch:  28  148  167  178  155  179  184  166  166  165  166  162  149  161  155  149  151  149  152  132  146  138  136  151  136  120  125  115  132  121  118  123   18
ch:  29  181  187  187  184  182  171  178  170  164  165  171  166  163  150  154  139  151  145  149  148   -1  134  138  139  137  140  124  136  127  138  130   -1
ch:  30  162  159  156  165  190  174  172  169  157  157  152  149  149  157  152  154  149  161  142  139  125  135  131  122  123  107  122  117  132  126  123   26
ch:  31  189  187  178  183  187  180  190  170  169  169  164  168  170  164  164  157  153  156  153  143  153  138  147  147  138  152  121  139  136  138  128   -1
ch:  32  154  159  166  173  172  170  178  166  170  167  151  162  161  163  143  149  137  142  151  137  143  135  146  132  127  123  126  126  127  118  121   30
ch:  33  198  182  188  181  169  179  169  170  170  177  165  156  157  166  154  157  161  155  152  152  147  148  139  148  137  138  142  131  124  130  126   25
ch:  34  161  171  168  165  174  171  174  163  173  167  154  164  158  161  165  163  155  152  154  137  153  140  126  140  122  123  132  121  117  121  112   -1
ch:  35  177  182  181  188  171  180  175  170  171  159  152  165  154  152  150  152  141  159  145  148  150  138  137  125  124  137  133  124  129  132  126   -1
ch:  36  160  167  182  175  169  174  177  170  167  165  155  149  161  156  151  150  150  141  149  136  137  141  136  126  131  130  115  122  117  120  110   -1
ch:  37  181  179  180  194  175  172  178  168  163  167  166  155  170  162  147  153  143  158  145  147  140  136  142  151  124  127  139  125  130  135  132   -1
ch:  38  155  167  164  167  169  173  166  156  148  168  151  158  154  150  157  140  134  141  148  139  137  139  132  135  139  127  127  129  132  108  121   -1
ch:  39  181  185  181  185  185  175  168  168  169  180  163  170  161  157  166  158  156  147  144  153  153  136  138  148  141  138  129  125  136  126  123   -1
ch:  40  154  169  164  167  173  182  172  172  168  155  165  163  161  154  153  149  151  141  149  148  140  150  136  136  126  120  134  130  119  122  129   -1
ch:  41  189  183  183  178  169  178  178  168  184  175  165  153  169  158  164  162  164  153  155  145  148  149  140  131  149  137  134  120  122  132  124   21
ch:  42  167  159  156  167  181  171  180  167  167  178  162  150  162  161  148  157  145  149  146  133  139  124  133  122  138  140  137  142  118  117  120   -1
ch:  43  185  188  185  177  170  184  172  179  166  179  168  178  156  156  163  156  166  154  155  165  143  151  138  138  133  135  137  141  132  138  136   -1
ch:  44  166  159  162  167  176  163  175  169  171  165  161  149  166  148  155  150  142  137  138  136  135  140  146  131  121  124  132  130  118  123  120   -1
ch:  45  193  183  176  187  174  183  181  175  181  163  182  156  169  163  155  146  156  151  146  154  139  139  133  122  132  137  139  124  125  125  130   38
ch:  46  177  175  166  171  173  173  184  165  162  168  150  166  164  156  149  156  149  147  129  139  141  136  140  123  137  132  110  123  120  120  113   -1
ch:  47  189  190  182  182  186  183  179  183  178  173  172  163  167  163  152  164  150  152  141  150  150  145  141  135  143  133  139  133  139  134  125   51
ch:  48  158  167  164  160  164  187  157  162  163  156  163  159  166  154  153  149  151  147  136  145  125  137  134  122  136  122  121  129  118  118  119   -1
ch:  49  181  166  180  188  190  167  182  183  166  163  165  153  163  155  153  156  154  152  155  149  143  143  136  131  138  135  124  122  135  121  124   21
ch:  50  162  167  166  165  167  179  179  171  167  167  173  163  163  154  152  146  149  149  134  141  140  135  138  137  126  138  126  135  116  120  113   47
ch:  51  183  190  190  179  179  179  177  178  174  179  170  165  171  164  158  157  152  150  151  153  136  142  152  136  137  132  135  134  132  130  133   35
ch:  52  148  171  164  171  164  166  178  169  173  158  153  163  152  156  148  146  140  146  141  140  137  133  125  128  119  120  132  118  120  129   -1   -1
ch:  53  186  185  178  188  182  178  178  173  177  165  165  157  168  158  162  138  147  152  148  149  155  138  141  141  127  139  135  139  131  123  134   40
ch:  54  164  180  174  168  180  179  170  157  166  163  166  163  168  162  147  135  142  143  146  149  138  122  134  131  124  138  126  110  126  124  120   -1
ch:  55  176  188  185  182  175  180  181  169  171  166  172  163  178  158  168  153  158  138  142  146  150  144  138  142  142  135  135  131  134  120  133   52
ch:  56  154  155  171  163  168  174  181  172  163  158  164  166  150   -1  152  151  146  141  136  138  136  149  128  137  133  110  130  124  121  121  121   -1
ch:  57  186  172  184  187  187  171  167  167  168  178  166  155  166  164  150  152  148  154  152  153  148  142  138  141  138  148  131  138  117  125  124   -1
ch:  58  180  163  164  157  172  185  178  165   -1  167  158  164  156  162  149  159  148  151  147  149  141  136  134  146  137  136  122  121  118  126  123    7
ch:  59  193  196  182  181  186  169  172  174  169  162  162  164  167  172  154  153  149  153  145  151  140  147  148  139  146  141  133  142  139  135  133   27
ch:  60  154  167  163  168  176  172  170  171  169  155  170  157  165  152  153  165  148  146  134  140  140  139  139  135  138  123  122  134  137  122  111   -1
ch:  61  181  187  184  170  179  175  186  180  180  164  170  178  164  165  167  161  172  152  155  150  148  151  148  140  141  136  132  135  138  123  138    6
ch:  62  162  159  166  171  172  181  179  172  177  164  154  164  164  163  149  155  149  143  158  147  141  137  135  127  125  126  117  134  132  121  121   40
ch:  63  187  191  186  185  188  171  174  167  178  168  169  169  173  155  158  152  158  151  152  158  150  130  142  137  130  138  138  146  132  132  120   23
ch:  64  148  179  160  179  178  184  181  179  173  168  165  165  158  153  154  152  154  137  140  145  139  133  134  133  122  137  124  131  125  114  131   -1
ch:  65  185  188  180  186  172  174  177  164  174  172  166  150  154  168  150  168  155  154  168  157  148  159  147  150  135  126  131  117  130  133  120    9
ch:  66  170  171  164  171  182  170  172  174  166  176  166  172  154  153  162  153  152  148  150  138  149  122  122  131  131  122  130  130  120  124  121   -1
ch:  67  169  191  185  181  183  186  173  172  177  170  164  158  170  154  168  163  152  149  146  143  141   -1  141  150  130  134  133  140  139  126  136    8
ch:  68  154  171  172  167  177  180  166  166  167  163  151  162  169  154  149  155  148  152  149  147  139  145  132  132  123  137  124  118  131  114  131   -1
ch:  69  193  176  187  186  187  179  187  172  171  170  172  173  156  161  150  170  164  157   -1  158  152  139  140  153  143  141  152  135  138  125  135   -1
ch:  70  163  163  169  185  173  167  168  173  170  165  164  166  162  152  152  154  152  153  137  136  148  140  138  144  138  132  118  123  118  122  129   -1
ch:  71  175  187  187  181  179  185  178  173  179  170  172  177  157  178  167  155  151  151  148  150  154  137  143  141  131  147  142  133  135  131  142   -1
ch:  72  158  163  152  173  178  174  175  172  171  159  153  168  161  153  147  147   -1  149  147  135  147  134  122  122  135  126  121  122  119  118  119   19
ch:  73  186  185  188  189  186  172  186  184  182  183  171  157  170  158  165  161  143  151  155  150  147  153  135  145  132  141  135  135  121  127  130   -1
ch:  74  169  167  178  167  180  168  180  171  174  169  158  152  154  151  157  162  149  147  149  137  145  138  125  137  123  132  130  119  126  122  119   21
ch:  75  185  188  188  188  180  183  180  186  181  173  170  170  155  163  163  155  158  161  163  150  149  147  151  139  142  135  135  138  138  131  125   14
ch:  76  156  164  172  181  169  167  175  156  167  168  162  155  151  148  155  150  142  148  139  136  141  139  140  134  117  132  132  134  121  138  120   -1
ch:  77  181  191  188  196  183  183  178  180  163  169  170  167  164  158  169  163  140  152  146  151  142  148  138  126  140  132  139  140  136  130  131    8
ch:  78  177  169  166  168  183  185  174  169  166  164  168  164  157  162  162  151  152  153  148  142  150  134  145  137  139  137  125  125  120  126  121   -1
ch:  79  185  185  187  187  175  182  186  178  181  172  165  170  168  166  155  155  168  148  155  152  147  152  153  139  145  139  134  136  142  119  117    7
ch:  80  154  171  162  178  164  174  175  173  158  163  168  163  164  161  152  162  148  163  140  149  139  136  132  133  126  120  126  131  126  122  111   -1
ch:  81  181  197  185  183  189  185  168  179  169  181  167  166  171  165  157  146  161  163  156  148  151  147  138  139  142  139  138  122  139  121  138   16
ch:  82  164  163  172  165  167  184  173  181  169  157  150  156  162  166  164  154  151  142  130  140  135  137  136  125  132  134  125  121  120  111  117   45
ch:  83  179  185  187  189  186  188  180  185  177  173  154  169  153  170  166  156  150  145  165  151  151  154  150  151  142  142  141  138  142  139  141   -1
ch:  84  166  169  168  167  166  164  169  171  172  165  162  162  153  152  141  166  154  138  145  146  145  131  122  120  132  121  137  127  130  122  111   -1
ch:  85  183  185  188  186  179  185  172  169  169  180  171  161  171  166  151  172  152  158  148  149  152  142  143  137  154  143  135  133  135  137  140   -1
ch:  86  173  179  166  167  173  173  165  183  182  164  163  163  149  148  145  152  143  146  132  149  140  141  138  135  135  125  117  111  114  125  114   -1
ch:  87  185  185  185  171  186  179  185  177  171  174  166  182  169  138  165  153  142  152  155  150  163  151  150  147  140  154  139  135  124  137  135   -1
ch:  88  156  155  165  185  173  169  179  175  166  159  152  154  165  161  146  155  153  152  141  142  138  132  136  124  123  123  133  118  118  122  118    3
ch:  89  180  185  180  180  187  185  183  172  178  166  181  165  168  163  152  164  155  150  134  138  150  147  136  136  137  135  134  136  134  127  136   -1
ch:  90  152  163  164  169  169  174  169  171  170  153  164  163   -1  150  162  150  139  144  142  154  138  120  146  125  135  135  121  133  130  104  116   -1
ch:  91  171  187  181  185  173  171  172  180  184  166  165  163  165  157  171  162  167  153  132  135  148  132  154  148  124  135  140  149  132  130  121   -1
ch:  92  148  163  174  163  178  171  164  174  170  157  164  166  165  147  163  149  150  147  139  137  149  133  131  125  122  133  123  120  125  118  120   -1
ch:  93  179  179  185  193  182  171  169  177  180  169  167  164  170  173  165  162  165  149  162  149  141  149  148  148  141  132  136  146  122  119  137   28
ch:  94  156  171  172  169  178  173  182  168  156  165  168  161  147  161  167  140  142  133  136  135  132  140  147  130  115  138  125  128  126  117  114   28
ch:  95  177  185  185  189  180  167  182  181  174  173  162  158  157  162  168  162  166  156  147  162  158  140  149  140  152  146  138  132  133  134  143   21
ch:  96  151  155  168  165  183  170  166  169  174  167  164  151  148  166  136  137  131  146  142  150  142  145  127  135  127  134  128  125  125  125  115   -1
ch:  97  188  180  188  179  180  179  187  182  168  169  167  169  168  163  165  164  153  152  155  138  146  147  137  136  136  134  140  130  123  135  115   -1
ch:  98  164  155  178  157  179  181  182  166  170  156  156  162  150  150  166  148  149  151  154  142  133  138  142  123  127  142  123  124  120  119  116   -1
ch:  99  169  185  189  181  172  178  181  182  183  169  175  173  168  154  153  165  148  156  155  151  149  147  141  140  138  142  136  130  129  137  127   -1
ch: 100  154  164  173  165  170  187  181  164  169  166  166  156  161  154  149  152  148  145  145  140  143  139  145  140  122  139  124  133  126  137  130    3
ch: 101  185  185  188  181  195  184  168  170  179  180  165  167  174  169  153  156  156  150  149  151  141  139  142  136  139  142  129  146  132  132  130   40
ch: 102  164  155  156  169  174  178  167  163  171  169  148  155  169  152  151  147  154  153   -1  138  137  133  129  137  136  121  127  117  134  130  121   -1
ch: 103  181  187  182  179  175  175  170  177  176  171  162  156  166  167  151  158  152  155  164  142  148  138  139  135  143  131  124  138  124  131  123   -1
ch: 104  148  155  166  175  164  163  170  171  152  166  158  156  141  149  151  144  147  147  145  143  123  149  123  124  127  131   -1  121  117  112  109   -1
ch: 105  181  188  180  196  182  187  179  180  182  171  164  173  166  168  159  154  157  157  153  138  153  150  137  145  140  131  125  134  131  136  134   -1
ch: 106  156  153  168  167  175  164  182  170  154  172  165  170  168  158  148  150  151  133  143  141  135  148  135  135  137  133  121  108  131  122   -1   31
ch: 107  179  173  183  188  182  177  158  180  178  178  164  169  165  168  163  149  148  155  152  151  139  150  142  141  147  149  131  138  140  137  134    1
ch: 108  148  153  156  157  170  173  167  171  166  167  169  147  159  163  156  153  144  141  145  148  135  147  136  131  121  117  114  119  121  119  117   -1
ch: 109  172  183  180  188  181  180  182  166  171  166  172  165  167  165  154  154  153  150  138  148  134  135  150  130  139  144  136  131  142  126  133   -1
ch: 110  155  147  169  167  169  171  174  169  169  172  154  151  156  160  150  145  150  149   -1  133  133  131  131  123  136  139  122  117  124  119  116   51
ch: 111  171  194  190  184  183  181  183  168  169  169  164  169  166  153  167  154  159  154  154  154  143  146  143  149  140  135  135  132  125  126  140   -1
ch: 112  142  164  164  165  167  168  172  174  168  168  166  166   -1  162  145  150  150  148  137  137  136  150  132  131  134  117  126  132  125  117  121   34
ch: 113  183  188  171  185  172  173  172  173  167  174  170  168  165  157  164  151  150  147  156  149  140  141  136  147  135  134  137  139   -1  133  134   36
ch: 114  155  155  158  156  172  169  167  166  165  160  150  161  156  152  156  150  151  145  137  137  130  140  138  138  139  134  129  133  126  129  131   -1
ch: 115  177  187  180  186  187   -1  168  181  173  169  170  171  159  160  152  168  148  162  143  148  153   -1  147  149  140  139  145  136  133  147  137   -1
ch: 116  148  166  164  163  168  175  162  167  166  159  162  154  153  166  147  154  146   -1  132  131  127  135  135  137  134  123  122  114  110  117  117   51
ch: 117  181  185  178  189  186  177  182  171  165  169  163  170  170  157  150  152  153  146  157  147  146  144  136  136  137  146  135  138  128  121  122   -1
ch: 118  163  155  166  163  174  170  174  167  162  164  165  167  153  148  152  150  155  145  145  133  130  126  132  127  116  122  127  117  122  133  128   -1
ch: 119  184  181  183  183  172  174  182  184  174  163  165  165  162  155  156  163  149  162  150  148  153  138  148  139  126  134  139  144  129  124  121   19
ch: 120  156  149  164  171  176  168  166  170  169  164  167  166  152  147  157  142  154  149  125  145  149   -1  133  130  135  126  120  121  121  125  109   27
ch: 121  176  197  174  179  185  188  179  168  179  167  168  164  158  163  155  158  164  158  146  146  141  146  134  141  141  137  134  138  124  137  132    7
ch: 122  150  149  166  165  172  168  167  179  163  165  156  160  154  152  155  157  149  141  138  143  140  145  144  130  131  136  127  133  122  122  119   54
ch: 123  171  173  187  180  185  171  179  169  169  165  163  164  161  163  171  157  154  146  135  152  150  159  154  147  136  125  137  135  133  115  126   31
ch: 124  136  150  134  153  154  157  168  164  166  173  162  154  171  162  153  147  151  148  139  145  143  147  135  132  122  126  121  122  129  120  116   51
ch: 125  172  180  162  197  171  171  169  169  161  168  170  170  170  168  168  159  146  148  152  138  148  152  139  133  131  134  138  131  133  142  129   14
ch: 126  129  133  123  143  151  163  156  174  171  165  164  162  152  154  149  146  151  142  145  154  136  131  121  122  133  138  122  124  124  120  113   27
ch: 127  177  171  180  173  164  179  187  169  184  170  182  154  162  168  161  155  163  152  143  152  140  149  139  164  142  133  132  129  131  132  149   -1
