ch    0:      0     0     0     0     0     0     0     0     0     0     0     0     0     0     0     0     0     0     0     0     0     1    16   133  1196  5155  4730  7667 12641 11562  8998  6577
ch    1:      0     0     0     0     0     0     0     0     0     0     0     0     0     0     0     0     0     0     0     0     0     0     0     0     0     0     0     0     0     0  8328     0
ch    2:      0     0     0     0     0     0     0     0     0     0     0     0     0     0     0     0     0     0     0     0     2    10    78   711  3997  8929 10372  9315  5270 12124  8903 14306
ch    3:      0     0     0     0     0     0     0     0     0     0     0     0     0     0     0     0     0     0     0     0     0     6   110   853  5539  5066 13985  8908 11791  6008 10757  7963
ch    4:      0     0     0     0     0     0     0     0     0     0     0     0     0     0     0     0     0     0     0     0     1    10   112   982  5957 12780  8570 15151 10196  6164 14790  6991
ch    5:      0     0     0     0     0     0     0     0     0     0     0     0     0     0     0     0     0     0     0     0     2    14   176  1409  7622 10243  8329 12363  8600  6979 11786 10085
ch    6:      0     0     0     0     0     0     0     0     0     0     0     0     0     0     0     0     0     0     0     0     0    10   120  1537  6672  6397 11331 10300 10130 10707 10188 11634
ch    7:      0     0     0     0     0     0     0     0     0     0     0     0     0     0     0     0     0     0     0     1     3    21   201  2287 12302 12254 15136 12874 11701 10463  9101  9508
ch    8:      0     0     0     0     0     0     0     0     0     0     0     0     0     0     0     0     0     0     0     0     3    33   329  1946 14917  8456 13330  8180 12750 11303 12987 14323
ch    9:      0     0     0     0     0     0     0     0     0     0     0     0     0     0     0     0     0     0     0     0     3    41   360  2635 16824 13527 16184  4944 13081  9241 13036 13789
ch   10:      0     0     0     0     0     0     0     0     0     0     0     0     0     0     0     0     0     0     0     0     2    23   239  2099 10803 12159  8385  8946  9751 11039 13037  5036
ch   11:      0     0     0     0     0     0     0     0     0     0     0     0     0     0     0     0     0     0     0     1     2    37   317  2611 14533  6435  9333  9451  9178 11821  8450 10106
ch   12:      0     0     0     0     0     0     0     0     0     0     0     0     0     0     0     0     0     0     0     0     3    31   341  2783 11315  8693 10590 13471  6803  9799 13180  9922
ch   13:      0     0     0     0     0     0     0     0     0     0     0     0     0     0     0     0     0     0     0     0     0    31   322  2726 17358 10942  5622  8177 14170  7875  9512 11283
ch   14:      0     0     0     0     0     0     0     0     0     0     0     0     0     0     0     0     0     0     0     0     4    27   387  3490 17276 12018 17858  7660  9827  9148  5516 13369
ch   15:      0     0     0     0     0     0     0     0     0     0     0     0     0     0     0     0     0     0     0     0     1    78   493  5121  7070 12509  7702  9211 11621 14514 11627 11703
ch   16:      0     0     0     0     0     0     0     0     0     0     0     0     0     0     0     0     0     0     0     0     4    66   514  3356  5341  5806 14270 12325  9536 10287 11419  6344
ch   17:      0     0     0     0     0     0     0     0     0     0     0     0     0     0     0     0     0     0     0     0     8    50   442  3852 15018  4241  7284 12247  6722 15177 12394 12596
ch   18:      0     0     0     0     0     0     0     0     0     0     0     0     0     0     0     0     0     0     0     0     6    42   673  4122 15457  5414  6468 10981  7162  9188 10217  5379
ch   19:      0     0     0     0     0     0     0     0     0     0     0     0     0     0     0     0     0     0     0     0    10    71   723  4765  6925 18436 13075 10721  8439  7019 11715 11573
ch   20:      0     0     0     0     0     0     0     0     0     0     0     0     0     0     0     0     0     0     1     1     5    76   722  4601 15962 12555 11319 14569 10870 13428  8750 12885
ch   21:      0     0     0     0     0     0     0     0     0     0     0     0     0     0     0     0     0     0     0     1    11   121   843  5778  9321  9633 15594  7433 14770 14961 10797  8904
ch   22:      0     0     0     0     0     0     0     0     0     0     0     0     0     0     0     0     0     0     0     1     8   106   643  4826  8080 12766 11823 11025 10020 11350 13299 12049
ch   23:      0     0     0     0     0     0     0     0     0     0     0     0     0     0     0     0     0     0     0     1    13   116  1054  5672 14121 13369  6588  4990  3682  7251  8774 13261
ch   24:      0     0     0     0     0     0     0     0     0     0     0     0     0     0     0     0     0     0     0     2    13    91   662  6164 13053 12944 10033 11268  9671 13549 15150 12299
ch   25:      0     0     0     0     0     0     0     0     0     0     0     0     0     0     0     0     0     0     0     0     9    95  1064  8178  4383 12252  9251  9793 12221 13037  8446  7419
ch   26:      0     0     0     0     0     0     0     0     0     0     0     0     0     0     0     0     0     0     0     1     6   141  1016  7214 10825  7907 13149  8885  4845 11033 11124  9947
ch   27:      0     0     0     0     0     0     0     0     0     0     0     0     0     0     0     0     0     0     0     1    13   103  1124  9553  9194 12142 15122  7927  8869  9976  9407  8783
ch   28:      0     0     0     0     0     0     0     0     0     0     0     0     0     0     0     0     0     0     0     0     9   116  1433  7521 11832  6401  7917  7230  8877  7662 11080 10173
ch   29:      0     0     0     0     0     0     0     0     0     0     0     0     0     0     0     0     0     0     0     0    23   137  1401  8897 13020 11546  8195  8375  9710 12745  7248 12047
ch   30:      0     0     0     0     0     0     0     0     0     0     0     0     0     0     0     0     0     0     0     1    15   109  1303  7853  3005 10981  8008 11064  8419  9265 15512 12426
ch   31:      0     0     0     0     0     0     0     0     0     0     0     0     0     0     0     0     0     0     0     1    25   329  2008 11884 14099 11541 11359  9722  6060 12846  6583  7255
ch   32:      0     0     0     0     0     0     0     0     0     0     0     0     0     0     0     0     0     0     0     1    10    99  1056  8824  5848 12942 11902 12211  8052  8273  7333  8606
ch   33:      0     0     0     0     0     0     0     0     0     0     0     0     0     0     0     0     0     0     0     4    27   266  1974 12521 10328  9609  9268  7946  8594 10039 13004 12039
ch   34:      0     0     0     0     0     0     0     0     0     0     0     0     0     0     0     0     0     0     0     2    18   150  1501  8689 14732  6915 13085 12619 15807 12303  9997 10519
ch   35:      0     0     0     0     0     0     0     0     0     0     0     0     0     0     0     0     0     0     0     1    33   196  2099 15309  6022 14352 12419 11226 14883  5728  9808  6894
ch   36:      0     0     0     0     0     0     0     0     0     0     0     0     0     0     0     0     0     0     1     3    19   143  1569  9221 16078 11537  8252  5397 12772 11090 10275  6471
ch   37:      0     0     0     0     0     0     0     0     0     0     0     0     0     0     0     0     0     0     0     0    23   270  1765 14003 14021  9951  7558  9184  6099  7661  9041  9269
ch   38:      0     0     0     0     0     0     0     0     0     0     0     0     0     0     0     0     0     0     0     0    19   168  1727 12802 12750  9502 11549  9381 11233  6352 11805 11178
ch   39:      0     0     0     0     0     0     0     0     0     0     0     0     0     0     0     0     0     0     1     2    32   269  2254  1366  8507  8488 16165  6929  8412  9048  8476 11085
ch   40:      0     0     0     0     0     0     0     0     0     0     0     0     0     0     0     0     0     0     0     1    17   193  1450  8612 12024  7319  4968 10087 13465 10473  7265  8140
ch   41:      0     0     0     0     0     0     0     0     0     0     0     0     0     0     0     0     0     0     0     3    31   322  2145 11932  8006  7489  6165  8567 12397 11059  8104  9003
ch   42:      0     0     0     0     0     0     0     0     0     0     0     0     0     0     0     0     0     0     0     1    20   299  2055 12504  9001  8406  6343 12781 12982 13105 14009 13166
ch   43:      0     0     0     0     0     0     0     0     0     0     0     0     0     0     0     0     0     0     2     7    42   397  3212 18334 10378  6841  6649 11590 13832 15139  9285 13107
ch   44:      0     0     0     0     0     0     0     0     0     0     0     0     0     0     0     0     0     0     0     2    24   271  1674 14667  4466 12003 12925 14433  8412  7866  5220  6056
ch   45:      0     0     0     0     0     0     0     0     0     0     0     0     0     0     0     0     0     0     0     8    34   367  2983 15543  7438 10561  7982  5965 12681 11240  9212 12427
ch   46:      0     0     0     0     0     0     0     0     0     0     0     0     0     0     0     0     0     0     0     3    41   304  2224  2046 10336 12524  6352  7674 13372 10445 11649 11430
ch   47:      0     0     0     0     0     0     0     0     0     0     0     0     0     0     0     0     0     0     0     3    43   448  3663 15837 11215 11306  8254  9787 14334  9183  9559  9364
ch   48:      0     0     0     0     0     0     0     0     0     0     0     0     0     0     0     0     0     0     1     3    33   265  1601 13788  6982  6112 10066 11323  7942  4363 12707  7808
ch   49:      0     0     0     0     0     0     0     0     0     0     0     0     0     0     0     0     0     0     0     7    48   365  3561  4202 11139  9783  9449  8054  9664 12749  6996  8951
ch   50:      0     0     0     0     0     0     0     0     0     0     0     0     0     0     0     0     0     0     0     2    30   387  2831 18231  8423  5382  8302 13173 11231  5763  7534 10109
ch   51:      0     0     0     0     0     0     0     0     0     0     0     0     0     0     0     0     0     0     0    11   103   803  6544 13456  7504  8238 11537 12505  8799  5148 13596  8443
ch   52:      0     0     0     0     0     0     0     0     0     0     0     0     0     0     0     0     0     0     0     0    30   334  2289 18716 10661 12834  7876 13609  7391  7718  7469 13817
ch   53:      0     0     0     0     0     0     0     0     0     0     0     0     0     0     0     0     0     0     1    12    46   409  3771 15468 12636 12815  7889  7757  7779 12447 11606 14379
ch   54:      0     0     0     0     0     0     0     0     0     0     0     0     0     0     0     0     0     0     0     0    52   246  3568 16652 11201 11895 11592  9360 11214 16158  8712  5251
ch   55:      0     0     0     0     0     0     0     0     0     0     0     0     0     0     0     0     0     0     1     7    66   560  5684  9465  7495 11353  8251 17397 14128  6782 12426 15842
ch   56:      0     0     0     0     0     0     0     0     0     0     0     0     0     0     0     0     0     0     0     3    37   369  3104 11946 13888 10726 15327  9854 13220  4317 11640 15314
ch   57:      0     0     0     0     0     0     0     0     0     0     0     0     0     0     0     0     0     0     0     4    81   631  5229  3211  8120  5981  8062  9617 10152  7669 13855  5924
ch   58:      0     0     0     0     0     0     0     0     0     0     0     0     0     0     0     0     0     0     0     1    22   420  3455 12214  9861  9438  7848 11002  6871  8463 10681 13502
ch   59:      0     0     0     0     0     0     0     0     0     0     0     0     0     0     0     0     0     0     1     7    95   521  4048  7069 12408 10918 10426 14274 12356  4261 11625  3765
ch   60:      0     0     0     0     0     0     0     0     0     0     0     0     0     0     0     0     0     1     2     7    41   472  3396  4072  9744  8734 10819 11512  7669  9348 12096  8747
ch   61:      0     0     0     0     0     0     0     0     0     0     0     0     0     0     0     0     0     0     0     2    74   699  4175  5563 12845  8571  8724  7626  6923 13350  6658  6426
ch   62:      0     0     0     0     0     0     0     0     0     0     0     0     0     0     0     0     0     0     0     4    45   468  4196  4362 11903  9588  3393  8128 13984 12125 13390 12373
ch   63:      0     0     0     0     0     0     0     0     0     0     0     0     0     0     0     0     0     0     1     9   100   503  3520 10859  6772 12899 12194 14883 11760  7506  9142  1952
ch   64:      0     0     0     0     0     0     0     0     0     0     0     0     0     0     0     0     0     0     0     6    64   513  3805  5700 11563  7837  7796 11030 12340 10308  9271 12462
ch   65:      0     0     0     0     0     0     0     0     0     0     0     0     0     0     0     0     0     0     0     2    49   918  4786 11627 13930 10643 15105 10058  4986 12603  9180 12207
ch   66:      0     0     0     0     0     0     0     0     0     0     0     0     0     0     0     0     0     0     1     5    66   555  3754  6627 13744 10682  4849 12823  6635 10153  9687  7153
ch   67:      0     0     0     0     0     0     0     0     0     0     0     0     0     0     0     0     0     0     1    12   104   684  4600 11622  8074  8382 12173 10200  9650 11103  9332  4296
ch   68:      0     0     0     0     0     0     0     0     0     0     0     0     0     0     0     0     0     0     1     6    58   552  4479 14749  9620 14316 13786  6855  3223  7610 10429 12566
ch   69:      0     0     0     0     0     0     0     0     0     0     0     0     0     0     0     0     0     0     0     4    75   822  5202 14357 12055  7889  6258 11155  9480 13741  6113  2960
ch   70:      0     0     0     0     0     0     0     0     0     0     0     0     0     0     0     0     0     0     0    11    66   472  3176  9655  7215 11406 11261  9032  5605 15533  9812 13108
ch   71:      0     0     0     0     0     0     0     0     0     0     0     0     0     0     0     0     0     0     1    11    93   816  5477 11125 10703  6066 11383  7553  9014 12145  9566 11182
ch   72:      0     0     0     0     0     0     0     0     0     0     0     0     0     0     0     0     0     0     0     9    90   625  4620  8186 12286 11756  4229 12181  9734 10875 11820 11860
ch   73:      0     0     0     0     0     0     0     0     0     0     0     0     0     0     0     0     0     0     1     7    81   781  3936  6351 10571 10313 10874 11851  6316 12979 10002 13642
ch   74:      0     0     0     0     0     0     0     0     0     0     0     0     0     0     0     0     0     0     1     9   138   724  6738  5842  5962  8064 10865  8904  8582  8326 10613  8953
ch   75:      0     0     0     0     0     0     0     0     0     0     0     0     0     0     0     0     0     0     0     9    57   937  4056 13561 10908  9729 11681 14052 11856 15392 12396  5467
ch   76:      0     0     0     0     0     0     0     0     0     0     0     0     0     0     0     0     0     0     1    17   106   593  4617  7088 13250 13072  9497 10648  8373  7250  9835  9438
ch   77:      0     0     0     0     0     0     0     0     0     0     0     0     0     0     0     0     0     0     0     4    61   848  4440  6649 11628  6511 11224 17113 10186  4866 13932 18493
ch   78:      0     0     0     0     0     0     0     0     0     0     0     0     0     0     0     0     0     0     0     3    54   643  4400  8026 12357 14952 10089 10295 12090  8974 11624 12857
ch   79:      0     0     0     0     0     0     0     0     0     0     0     0     0     0     0     0     0     0     1     9   136   978  6029  3077  8744  6908  9224 12499 11598  7867  9640  9493
ch   80:      0     0     0     0     0     0     0     0     0     0     0     0     0     0     0     0     0     0     1     5    83   561  5001  6510  8939 11210 14755  6545 12655 11807  8947 10774
ch   81:      0     0     0     0     0     0     0     0     0     0     0     0     0     0     0     0     0     0     1     6    72   612  5606 11929 11177 12068  9499 11499  9841  6454  6737 17460
ch   82:      0     0     0     0     0     0     0     0     0     0     0     0     0     0     0     0     0     0     1     2    92   586  5063  8056  8097  9354 10649 11238  6628  7551  6537 12349
ch   83:      0     0     0     0     0     0     0     0     0     0     0     0     0     0     0     0     0     0     0     5    66   794  6522  8616 12205 12676 11977 10560  6294 13137 13590 14685
ch   84:      0     0     0     0     0     0     0     0     0     0     0     0     0     0     0     0     0     0     0     5    68   794  5160  2370 13987 11955 11912  9937 10624  9407 12580 12109
ch   85:      0     0     0     0     0     0     0     0     0     0     0     0     0     0     0     0     0     0     0    14   113   931  5803  5242  9071  6805 11248  9916 12858  8357  9215  8242
ch   86:      0     0     0     0     0     0     0     0     0     0     0     0     0     0     0     0     0     0     0     9    56   636  4517  5293 13534 10677  9700  6866  4066  9615 11830  8694
ch   87:      0     0     0     0     0     0     0     0     0     0     0     0     0     0     0     0     0     0     1     4   104   995  5896 17856 12182 11447  6011  7466  8602  6012 11721 18314
ch   88:      0     0     0     0     0     0     0     0     0     0     0     0     0     0     0     0     0     0     0     1   100   749  5454 11005 10069 14516 10090 10639  9214  7864  9578  7121
ch   89:      0     0     0     0     0     0     0     0     0     0     0     0     0     0     0     0     0     0     0     7    98   662  5729 15427 10864 11808  5596 11269  7758  9585 15091 16404
ch   90:      0     0     0     0     0     0     0     0     0     0     0     0     0     0     0     0     0     0     0    11   115   784  5857  2666 10236 15674 10225  9599  5316  9868  5039  9966
ch   91:      0     0     0     0     0     0     0     0     0     0     0     0     0     0     0     0     0     1     2    14   122   927  6347 14254 14096 13595  8253  7942  8631 10628 13514  9388
ch   92:      0     0     0     0     0     0     0     0     0     0     0     0     0     0     0     0     0     0     0     4    70   660  5303  9614 10704  8945 12379 10790 14207  9207  8317 12435
ch   93:      0     0     0     0     0     0     0     0     0     0     0     0     0     0     0     0     0     0     0     9   148   931  5893  1919 12815  7993 10978  8983 11013 11442 11517  7051
ch   94:      0     0     0     0     0     0     0     0     0     0     0     0     0     0     0     0     0     0     1    13    90   884  5664 15107  6714  7835  7757  9261  9715 10194  8770  9905
ch   95:      0     0     0     0     0     0     0     0     0     0     0     0     0     0     0     0     0     0     0     4   106   930  5232 15077  9797  9775 10171 11333  9209 13631  5713  6347
ch   96:      0     0     0     0     0     0     0     0     0     0     0     0     0     0     0     0     0     0     0     1    56   467  4489  1531 11017  6937  8386 10411 10269  9113  8178  9670
ch   97:      0     0     0     0     0     0     0     0     0     0     0     0     0     0     0     0     0     1     1    11   127  1029  7081 11277  8847 10099 14202  9612  5838  8426  9030 12038
ch   98:      0     0     0     0     0     0     0     0     0     0     0     0     0     0     0     0     0     0     0     6   104   727  7305 11385  8010 11864 11533 10558 10383  7066 10127 12988
ch   99:      0     0     0     0     0     0     0     0     0     0     0     0     0     0     0     0     0     0     0     1    72   958  7746  1709 11752  4794  7871 15735  6099  7809  9052  5230
ch  100:      0     0     0     0     0     0     0     0     0     0     0     0     0     0     0     0     0     0     0    12    65   868  4402 15743 10951  8088 11919 11224 10263 12566  7415 14186
ch  101:      0     0     0     0     0     0     0     0     0     0     0     0     0     0     0     0     0     0     2    16   124   870  6645 17653 12935 13503 10945 10734  8855 11123 12218 16108
ch  102:      0     0     0     0     0     0     0     0     0     0     0     0     0     0     0     0     0     0     0     9    84   660  6674 14061  6746 12876 12379 12655  5909 11350  9685 12897
ch  103:      0     0     0     0     0     0     0     0     0     0     0     0     0     0     0     0     0     0     0     9   121  1239  7375 14096 14248 12844  8492  8683 11144 10132 11564 17652
ch  104:      0     0     0     0     0     0     0     0     0     0     0     0     0     0     0     0     0     0     0    11    92   814  4516  4990 12436  8583  9756 13007  5385 11682  9959 14173
ch  105:      0     0     0     0     0     0     0     0     0     0     0     0     0     0     0     0     0     0     0     8    85  1030  6615  9982  7670 11352 12573 13729  7241  7039  9063 17667
ch  106:      0     0     0     0     0     0     0     0     0     0     0     0     0     0     0     0     0     0     0    14    73   798  4865 12794 11246  6454 12745 12955 10581  6717 10626  8383
ch  107:      0     0     0     0     0     0     0     0     0     0     0     0     0     0     0     0     0     0     1    10   138   970 10504 15238  6594 12489  7854 12308 10865 10783 13272 13367
ch  108:      0     0     0     0     0     0     0     0     0     0     0     0     0     0     0     0     0     0     0     6    57   706  7131 14231 12502  7470  7537 13402 14549 12373 11390  9893
ch  109:      0     0     0     0     0     0     0     0     0     0     0     0     0     0     0     0     0     0     2     6   107   940  5500 19362 14648  9184  9994  7569 14832 10320  9340  2581
ch  110:      0     0     0     0     0     0     0     0     0     0     0     0     0     0     0     0     0     0     0     3    64   561  5725  1758 10451  9395 10860  9302  8338 13478  8676 12578
ch  111:      0     0     0     0     0     0     0     0     0     0     0     0     0     0     0     0     0     0     0     7   122  1159  5946  5692  6125  4822  7410  8165 12724 11210  6922  9270
ch  112:      0     0     0     0     0     0     0     0     0     0     0     0     0     0     0     0     0     0     1    12   111  1359  9050 18716 12756  9479  6094  7991 11655 13396  9344 15583
ch  113:      0     0     0     0     0     0     0     0     0     0     0     0     0     0     0     0     0     0     1     5    98  1172  7572  8804  6373 10235 11560 11864 12158 10479  7014  5692
ch  114:      0     0     0     0     0     0     0     0     0     0     0     0     0     0     0     0     0     0     0    10    59   860  8963  2190 10686 10796 11485 10002  7331 10540 10202  9796
ch  115:      0     0     0     0     0     0     0     0     0     0     0     0     0     0     0     0     0     0     1     6    65   759  5567 16073 13242 10257 14268 11247 11367 15343  7427  4472
ch  116:      0     0     0     0     0     0     0     0     0     0     0     0     0     0     0     0     0     0     1    10    67   710  6071  1537  6790 11586 13127 13636  6759 11694 13223 10295
ch  117:      0     0     0     0     0     0     0     0     0     0     0     0     0     0     0     0     0     0     1    17   132  1192  7241 13485 10171  6374 10333  8639  7316  9977  9752 16610
ch  118:      0     0     0     0     0     0     0     0     0     0     0     0     0     0     0     0     0     0     0     7    95   904  7618 13412 12397 14021  8365  9443  9471  8927  6644  5704
ch  119:      0     0     0     0     0     0     0     0     0     0     0     0     0     0     0     0     0     0     0     5    87  1142  7341 11517 15576 12789 10659  8897  7669 11091 12921 15848
ch  120:      0     0     0     0     0     0     0     0     0     0     0     0     0     0     0     0     0     0     1    10    99  1191  7278  8991  5935 11657  9196  4614 14467  7820  9737 15372
ch  121:      0     0     0     0     0     0     0     0     0     0     0     0     0     0     0     0     0     0     0     8   106  1081  7453 10245 12989 10441 14332 10093  9311 10566  6777 16134
ch  122:      0     0     0     0     0     0     0     0     0     0     0     0     0     0     0     0     0     0     0     7    83   675  5894  8457  7270 14008  9877  8929  9732 15919 13769 13007
ch  123:      0     0     0     0     0     0     0     0     0     0     0     0     0     0     0     0     0     0     1    14    83   903  6879  9028 12394  9691 11716  9895  9997 11893  9643 14031
ch  124:      0     0     0     0     0     0     0     0     0     0     0     0     0     0     0     0     0     0     0     5   103   699  5103  8479  9274  9336 13249 13158  6436  8213  8841 14543
ch  125:      0     0     0     0     0     0     0     0     0     0     0     0     0     0     0     0     0     0     1    20   106  1127  6680 17936  6789  9147  9263  8865 10967  8459 10676  7657
ch  126:      0     0     0     0     0     0     0     0     0     0     0     0     0     0     0     0     0     0     1     6    92  1089  7959  5206 14524 13532  8960  8104 12506 10934  8432  7095
ch  127:      0     0     0     0     0     0     0     0     0     0     0     0     0     0     0     0     0     0     2    12   108  1218  9165 15682 13239 13192  6021 10803 12537  9251 13386 13289
