ch    0:    181   287   373   449   676   943  3180  1682  2471  2922  4443  7550  9985 11961 13466  9973 12173  8350  8122 11112 10442  3809 13193 14415  7912  8163 13600 13873 11720 15474  9086 10948
ch    1:   1598  2071  2468  2936  3845  4839  5285  6220  4061  5617  8493 12760 14327  8500 11942  6495  6182 10730  8666 11263  7342 12332 13875  9829 11318  7749  9056 13479  3936  6668 11082 10082
ch    2:   2038  2590  3111  4189  5115  5912  7113  8857  8526 11715 16652  7044  8737  9086 14464  9206 12133 16458 12980 10475  6656 11794 12314 11510 10534 12584 15571 15274  6610 13660 10158 15830
ch    3:   2981  3650  4320  5806  6852  8762 10178 11732 12689 13306  9888 11865 10239 10292 11350  7228 13171  8968  6002 11902 11240 11103  8523  6174 14396  8418 10393 11000 14772 13005  9295 10576
ch    4:   3491  4402  5717  6399  9088  7313  9299 12392 12478 15496  6764  4673 13668 11984  8522  5668  8820 15121  9322  8361 15852  7675 16078 10487  7197 10444 10171 11962  9051  4075 11536 10982
ch    5:   6180  7398  8942  6475  9480 12283 13642 13680  5951  9055 10396  9489  7897 12058 11489 10667  5637 11622 13810  5902 12864  9186 11704 13994 12915  5981 11969  9674 14217 13540 11720 10780
ch    6:   4665  5806  7725  9656  6791  9791 12729 13056 13733  8822 14703 14202  6891 14981 12028  9817  8365  9694  8442  9927 13863 11832 10614  7647 10294  9524 11606  9781 11372  9745  8469  8984
ch    7:   7234  9106 10550  9426 12731 15373 13169  5838 11883  9006  8801 15141  7099 12290 11401  9388 15830  8363  8543 12761  6039  9860  7079  9800 10326 14796 13133  9437 14073 11461  8492 14768
ch    8:   7168 10004  7272  9737 13281 14691 12500  9432 13011 12567  6675  7813  6264 12873 12584 11946  6232 14092 14138 12238 10327 13653 10368  6483 11616 10527 13262  9054 10895  6389  6385 11925
ch    9:   9646 11749 10503 13953 10742 13549  7858  8665 13781 15317 13379  7328 12812  8137 13495 11465  6776 13581  8080 12239  6610 16536 13996  7543 11283 14249  9717  9089  7120 11311 11081 11728
ch   10:  12053 11951 10546 10843  9609 13739 11100  8276  7442 11661  9648  7690 11224  9577 11777 11508 15068  6638  5271  7704 10823  7436  8942 12691  6699 13908 14522 12685  4709 10539 12112 11256
ch   11:  11940 14992 10617  7779 12044 13700  9122 13188  7973  6856 11265 12560 10833  8513 13488  8260 10843  6767 12620 13612  6026  9533  5080 15097 12380 11627 14289 13550 10612  7513  6085  8311
ch   12:  12058 11938 11989  4410 12929  5826  9221  8778  9803  7374 11564  7348  8281 10936 11108 12568  8096  5907 12765 14264 12572 12972  8662  6250 11079 11441  7602 11499  7546 12932 16847  7231
ch   13:  14667  9936  9515  9244 12398  6226 12105  6264 12248 10919  5555 14134 17393  9179  6622  7153  8525 10248 15444 11498  6687 13092  8707 13100 12442 11067 13269 13581 12704  6814  6793  8554
ch   14:  11539 13169 10023  7417 13876  6996 10184  8012  9722 13687  8831  8507 14673 13144 10701 15050 12036  9717 11145 11046 10674  9455 11263 11663 11904 12754 14245  8711  9812 19223 15014 13437
ch   15:  13832  7399  7591 11181  9043  9329 11884 10665 11517 12220 10082  6300 11353  9502  7880 13848 12685 12545 12040  8508  7235 11977  5512  3982 12264  7239  8354  7425 10277  9652 14071 13552
ch   16:   3705 10470 10532 10747  7023  7918  8774  4840  9265 15321 12942 12354  8870  9348 10443 10406  9077 12028 11646 11605  8182 10106  4734 10508 11046 12388  7309 10003 11038 12404  5601 13495
ch   17:   9841  8548 11310  9979 10357 11798  6882  9718 12847 10566 10529 11337 11187 13702 11988 10450  4319 11218  6395  7621 13119 13401 11703 11447 12272  8360 11170 14718  9626  8827 13102  8690
ch   18:   8739 13767  6573  8850  9180 11825  7142  5283 10520 10291 12409 15527  9476 14519  8930 17506 12230 11309 11680 14078  5031  7324  9275  9988 11723  6350  9291  4384 11628 14158  9234 10270
ch   19:  11154 12149 11482  9649  8842  9569  7720 10172 14199 11701  9894  7338 12033 11297 12908  9193  9913 13978 11414 14132  8158 14774  9076 13139 10300 11909  5913 13258 14664 13794  6303  8897
ch   20:   8643 13677  7000  7259  9154 11705 11578  8663  6670  7914  7409 13786  8236 13569  8656  9805 10068  6499  9465  3452 12045 11002  5494  9898  5633 11672  8278 10311  9081  6300  8429 12762
ch   21:  10377  6490  8990  7263  9330  9466 10939  9454 11679  8987 12539 12494 10968  9703  7799  9306 11668  8666 11410  8880 10618 10109 14079  9995 10011 10812  4516  7152 10312 12088  8927  9476
ch   22:  12716  8767 11921  7251 12730 11032 11514 10344  4958  8697 15269 12456  4607 13534 12869  6181  9048  7723 14213 11780  6523  6986  7719 10286 10134 10512 12544  5810 16452 15902 10731  9562
ch   23:   9278  8325 11934 13279  9020 13081 12365 12507  9642 10120 12837  5298  7558  8559  9870 11808  9911  7245  6983  7885 11260 13206  8980  9802  9051  9916  4283 12893 11230 12238  3957 10642
ch   24:  13825  9419 13427  9997 10030  9572  9354 10897  9862  7423  4842  5134  7069  8428  8138  8858 12386  9001 15148 11978 10286  5434  5593  8700  4932 10852  4074  6321 11480 12652  8924  8428
ch   25:   7266 12398  7857  9279 11720 11033  8841 13419  7216 10803  7357 12218  9097 11289 11706  9432 11438 10878 13115  8823 14094  6802 12247 11887 10086 11400 11978 10175 11409 13876 10267 12198
ch   26:  14265  6680 14227 10997 10698 11423 12210  6380 10169  8639 12657 13665  9288  9421 11364 12603 11893 12189 11962 12780 10906 11658 12659 10570 11508  7165 15787 11304  9347 10567 10614  9173
ch   27:   9305 14740  6733  9639  9489  5447  6042 10050 11800  8211 15074 17494  6184  7891  7643 14356  7634 14642  9573 10195 10567 13208 15675  6121 11212  6328 12369  9927  9603 13756  9221 14225
ch   28:   5463  8742  7081 12815 11637  8415  7252 11048 10401 12936  9673 10003  7097  7485  8964 13221 14986  9686 10658 14716  8736 11520 15936 11447  7909 14406  9758 14168 11001  8013 13267  9985
ch   29:   7975 14194 10799  7411  9616 11860 11791  6274  8430  9177  8186 13390  9652 12860 11825  8885  7996 13374  8953  5397 14691 11228 16216 13655 11504 11389  7194  6157 12271 10955 10192 13254
ch   30:   4738 13490  6941 11072  9265  9672  9700 12839 10895 10200 13889  6993 13514  9949  4618  5391 14179 14714  6158 11271 12090  5912 17886  9659  6978 12267 12568 11796  9498 11965 11557 13414
ch   31:   9851  6874 13263  8504 10476 12579 10987 14620  8231  6936 10198  9641 10741 12224  9793  5662 10898  8902 10967 10334 13879 12336 12325 10846  7346  7040  8427 12409 17319  9424  8444 12174
ch   32:   7383  8065  9791  8968  9861  9971  9279  7505  8705 12455 10527  6995  9657 10538 14170 10950 13096  3574 11784  9442 13037 15694  8037  6511 12325 10008 10552 14088  8118  6043  7178 12195
ch   33:  13839  7901 15111 10691 10587  9988  8115  9170 13293 12717 10131 12445  9420  8290  4633 12261 12674 12840  8819  6531 14755  8473 10219 12755 10016  9001 12356 14925  5904  7742  8738 13114
ch   34:  13284  5206 13064 12134 14727 10209 13238 11825  9461 10990  7328 12005  7760 13182 11605  8535  9671  3701 10800  9416  8214  8618  5713  8194 12566 14988  6485  7567  6812  7416  9205  8508
ch   35:   6367 13217 12615 14624 14876  9335 10627 11551 10862  9520 12645 10584 15087 10303  8022 10619 12914 11179  9722 13718  7559 13075  8637 11982 10380 11179  8547 13462  8872  9839 10658  8074
ch   36:   9072 14015  7076  5474  7631 10648 12421 12946  7204  9971 14665 11619  8578 14022 12933  8502  8975 11495 10320 12447 11795 12716 10563 13028 14942  9769 10842  7468  6723 11809  8735 13664
ch   37:  12843 12515  6484  9989  9924  9936 11233 12290  8820 10806 11977 12005  8434 11286 10426  7560  8821  7490 11525  9368 14417 15289 13610  9413  8666  9501 16242 16042  8562 14239  7515  9008
ch   38:   7168  7184 11841 11208 10684  9063 10810 10175 11111  8618 11124 10304 12160 12182  6549 10515 11551  4701  8528  7741 17912 11219  8959 13207  5695  7433  6682  7224  9933  9963 10240 10557
ch   39:   8086  9379  9102 10261 11523  9655 11153 13510 12101 10884  8347  5059  7529 11055  9017  8338 10257  9622 10177 13563 11874 15336 10525 11216  2541  8307  7693  8442  5438 10414 10383 10795
ch   40:  12094  8001 10395 11178  8249  9015  8108  9240 14570  5921  5939  7913 11441  7749  8075 13883  6169  8822  9824  7974  7915 10512  8426  8416  6924 11981 12756  8263 16029  8397  6004  8488
ch   41:   8216  9902 10420  6119  6883 13142 10148  6942  9330 11869  8417 13572  9677 13410 14179  8548 14577 13090 10166  8087  8822 12870 10889 13416 12603  6351 10555  7965 11402 13468 13354  9131
ch   42:   9655 11766  9615  9279 10859 11499  8568  8604 13836 10226 12845  7990  6920 11588 13647 14185 10623 14307  7828 10196  5265 14093  9644  9673 11465  6782 10921 13439  9347  8646 11841 16642
ch   43:   9228 10166  8008  5403  8084  7422  7783  8834  7630 14382  7329 12901  9096  8640  9739  8132 13158  6351  5168  7370 12357 11362 14215  7149 11129  9693  9727  3999 14520 11559 13980 14790
ch   44:  14347  7425  6798  8487 15632  4539 13989  8152  7995 11115  8712 11678  9922  8241  7705 12779 10309  7195  8188 12939  6436 13358  7443 12253 12680 14270  7106 11649  8978 13265  9712 13447
ch   45:  13523 12048 15866 11557 12304 11603  5812 10613 10197  5886  8357 10172  5971 12803  8762 12731 11240  7501  7733  9409 12551 12253 10743  5822  6731  8400  8516 11133 14163 10976 12085 11478
ch   46:  11049  7953  8142  8800 12569  7459  9710 12385 10926 10278  7481 13930 10307  8865 14517  6900  5643  8443  7599 11007 11220  7785  5637  9326  6326  8064  9629  8471 11523 10373 11955  9556
ch   47:   8483  8786 12679 11551  5578 11776  6573 10662 10643  9616 13777  8680 12853  8092  9436 12322  8064  7344 11165  8185  9171  7347  9832  8024  4837  8770 12845  7498  9160 12718 13959 12305
ch   48:   9794 11248 11262  9465 12343 10798  9239  6353  6456  5921 11564  6850  5625  6573 12176 10273 10684  8225 16931 11607 10336 10890 10431  9902 12816 10794 10288 13225 10767 12840 11244  8284
ch   49:   8255  9061 14586  8141 13061  8120  9410  9480  9195 11476 14919  7680  9221  9779 10884  7999  9166  8552 14304 11549 11251 10891 11242  4359 10875 13309 10245 10479 10324  8271  7439  5581
ch   50:   9304 10362 14164  7695  7486 11069  9952  8873 11197  7376  8314  2688  8549  4715  7134 10644 12048 11028 14776 13393 10335  5701 11646 10597 10696 13029 10516 13703  7108  7588 10265  7815
ch   51:   8692 10339 12601 12523  6762 10454  5802  5451 10782 12892  9737  8453 10306 11736  8896 11144  6345  9696  9101 10144  8798 10315 11335  8039  9484 10019  9835  6462 13014 10803 11344 10139
ch   52:   8845  7306 15140  6917 10802  9335 10167 12284  7109 14817  9309 11736 10409  9899 13209  8179  9608 11523 12276 12861  7037  5029  8667 10698 14575 15830  3217  9423  9681 10621  7151 13775
ch   53:  10540  6405  5693 12087 10678  9496 12856 11329  5656  9953  5158 15354  8928 10621  9143 12550  6646  9743 13044 10755 12968 12442  9040  9304 11631  8238 10586 10216 15324  9415 12378 10742
ch   54:   5055  6624  3315 10399 14116 12501 11535  3316 11363 10044  9605  8820  8570  9143 10108  7627 12252  9043 11200  7718  9557 10588 12006  6841  6948  9552 11056  4741 11868 10812 13743  7998
ch   55:  11788 10912  7978  5856 13568  7071 13351  8526 12086 14612 14059  8088  6307 12884  9424  6837  9012 11322 16481  9711 10095 10174 10502 10905 13167  9269 10758  9375 10291  9619 10247  9902
ch   56:   8434  9502 14134 12611 16726 10336 12877 11965 11248 13877  6636 10552 16116 13143 14920  9766  4211  9211 13929  9399  5210 11592 14415 10447  7179 12894 15720  5969  7033 12440  7469 15092
ch   57:  10963  8569  9454  7622 10469  8120  8115  9489  5885 14146 10288 14604  7533 11233  8415  9563  9456 12876  7960 11407 11151 14544  9285  5746 11731  9466  9916 12359  9374  4513 13233 11273
ch   58:  12638 11769 10230 12246  8380 10379 14713  7899 12153  9756  8476 12648 10519 11474  9023  6768 12922 11049  8504 10810  7298  8684  6761 10197 14349  8268  7656 16406  8481 11669 11596 15521
ch   59:   8952  9161  7834  7040  9372 14923 12170  8467  7422 14619 13423  9355  7465  9162 12056  9844 10317 14739 12411  5289 14143  5468 11061  8989  8605  8561  5236  6872  6798  5246 12504 10159
ch   60:  11443 11684 14527 12840  9186  9741 14783  9577  7289  8561  6144  8041  8031  6901  7855 12536  8953  7638  8899 11336 12517  8498  8832  7822 11145 12675  6566 14657 15692 10307 12538  5118
ch   61:  13741  8227 11453 10629 11131 11210  9076  9257 11487 10262  8301  9229  9018 12725  7377 10462  9889  7841  5891 11979 14721  7501  9607 14280 13789 11605  7979 12612  9983 12200 10580 10941
ch   62:  14311 12026  7943 12642  8086  6770 13828  5785 11249  5826  6635  9249 13512 12634 10683 14099  8076 10300  8752  7187 13958  9051 11987 12137 14743 11896 12717  5312  9433 13882  9939  9118
ch   63:  15192 14598 11970 11347 11009 16125 11161  8120 10637 14639 14159  8487  6974  8938  8523  9426  4639  8542  9358  8234 10441  6865  9198 10218  6540 13095 11389 11536 11926  4389  8754  8861
ch   64:  14236  9945 10620  9276  7804 11027 10040 12194 14851  9266  5687  4964 12275  5068  7073 12906 11063  5070  7638  9794  8000  5962 10818 15884 12631 12382 11265  9622 11810 11839 13564  6947
ch   65:   4586 10234 11045 12871 10451 14326 10758  9588 11872  9727 13035 10731 11702 12037 12942  5704 13159 10291  8513 13513  8680 13478 14719 13338  9492 12604 10797 12970  3983 11755 11094  8041
ch   66:  11970 13219 14542  9883 11274  8518 12689 11366 10491 12465 11535 10598 13653  9368  8980  9235  5166  8131 13539 11478  7919  6476 13227 16101  8425  4627 13498 12462  6671  8863 11632 12229
ch   67:   5951 13681  8400  8389 10105 11028 11084 12179 10213 10687 15346 12307  8080 10423 15802  7120 11699 10042 11802  8460  8802 11099  8692  6398 13058  5237  9963 13404  9209  6432  8904 12016
ch   68:   7362 11445  5221  8090  7425 12437  9222  6819 11421 13530  8290 12345 10158 10671  5385  8936 10885 13438  8786 12552 12456 15318  7385  9024 12244 10959 11689  9933 15973 10046  8955 13577
ch   69:  13504 10570 12367 13525 14131  6346  8632  7940 10989  7607 11254  4504 11162 12172 15102  8463 13565  8619  9394  9616 10125 12682  6824 11390  6204 14151 11065 10717 11120 11957  5257  6278
ch   70:  11894  9253  8261  7543 10693  8359  7935 10185 11523  7988 12826  7367 12451 13518  9620  8778  8569 10936 10514  9398 10861 10137 17616  4643  7025 18362 11201 15431 10124  6476  8383 10681
ch   71:   6507 12671  8030 12106 10491 12322  7320  9828  6191  6858 11748 13973 11188  9481  9959 12513  8949 15050 12221  9562 13499  5413 10465 10369  9929  7830 12280  7871 10437 13266  9953  8440
ch   72:   8056 13348  7504  9404 11909 12648 11794 11672  7839 11569 10595 12980 11624  9184 13269 10117 13486  7104  5689  9370 10994  8202  9675 13556 14604 12762 13039 11865  9767 12868  8307 11291
ch   73:  14196 14033 11622 12018 11696 10895 13184 10358 14055  9475 13563  7557  9187  7052  7136  8431 10180  9004 10070 11271  9937  6694  9263 15845  9893  6985  8693  9707 11824  8571  9040 11624
ch   74:  11037 12950  8640 15071 11752  7868 11123  9243 13131 10042 10575  8276 12554 11082 11188  9761  9995  6471  9456 12508  9896  7556  9358  8794 11246 11647 11372 12451  8690  8857 13307 16333
ch   75:  10427 11474 12989 14068  6370 11046 15288 11223 10113  8265 10146  9026  9614  9839  8645  7371 10851  9920 10708  8713  6004  9076 11991 10378 11321 11493  5271 11391  4379 13120 11448  6911
ch   76:   8377  7463  9692 12060  9534 10237  8758 14880 12474  6775 12325  9111  9887 11099 12075 13984 10301 12325  8397  9589  9664  7074  6810 11273  9870 13608  5780  8126  9919 15557  5902 11212
ch   77:   7943 10203 12818  8069  4869  8794 13472  5376 12935 13889  9131 14340  5436  8016 16036  9388 14596  7162 15155 13873 11657 14179  6544 10477 10373  6727  8919  9682 12452  8177  5115  9323
ch   78:  14034  6653 12400 12388  9308 15313 11247 14512  7255  7950  6134 13026 12876 11763 11081 11051  9540  9665 11697  8644  7375 11584  6149  5980 17755  9717  9212 10210 12104 12741 12247  8645
ch   79:   4291 10522  6482  7140  9695 10180 10640  8366 14128  9065  8586  6706 10111  8503  8855  9299 12577 12306  6279 16882  9604  9301  9266 11328 13792  8578 10052  8258  7735  8204 11216 16410
ch   80:  10284  9632 11400  6681 10212 15019 10832  9321 11938 11981  4877 13343 15222 13472 13035  8588 11308 10173  8748  7915  7764  8378 11453 12059  8501 16013 11340  6332 11820 12443  7180  8001
ch   81:   8049  9823 11389 12694  9846 14275  7532  8733 12834 14255  8658  7040  9799 13752 10028  2796  2134  5893  8709 11322  2717  8784 10235 13088 12311 12237  7181  8233  9555  7973 10406  6547
ch   82:  11721  9733 12692  4898 10287 10615 13832 16372 11708  7641 10948 10586 13573 13369  9054  8189 12450  9860 11951 10346 13785 10967  8095 12455  8275  8104 10382 12788  8124 10264  9805 12748
ch   83:  11200  7435  8274 11325 11691 10939  3599  6064 13148 12454 16369 11532 15451 10024  5658  9939  4757 11193  6785 10857 14537 10463 14136  7395 10205  9640 11153 13976 11656 11468 11136  3544
ch   84:  13605 12098 11778 12516 10000 11091 10630  7550 11793  9071 12164 11685  8406  8166  9825  7593  7258  9497 11554  8381 11491 17049 15326  8156  8195  8140 15635  9796 12221 13592  8183 11495
ch   85:   7334 13421 12108  4011  9771 11384 11265  8856  5807 12469  8059 12682  8425 13104 11196 12156 10193 10850 13835  9931 11895  9672  8207 11073 10567 12825  7764  7748 10043 11928  7375 16161
ch   86:   6953 11130 11567 14490  7048  6873 11943 10226  9208  8751 10524 11813  5376  5903  5566  8698 10355 12338  8658  7780 10076 11674  6187 15501 12670  7261 12678  5824 10210 11904 11106 12241
ch   87:  13374 14617  5840  8677 10731 11021  7785 14031  5886 12118  5157 10688 12484  8796  9410 10268 13690  9904  8877 11833  8478  9633 13926 13078 13010  7088 12687  3118 14140  8142 11147 11900
ch   88:   9843 12526  7451 10333  5339  9494 10356 11057  6718 11170 11696 11732  9526  8693 14847  8932 10580  5726 13404 11689 11015  8736  8893 11554 12896  7975 10245 12274 13284  7834 13420  8796
ch   89:   9482 12031  8152  6486 10434 12719  7845 10569 11620  8038  8673  6097 12295 11579  9027  5008 11834  9136 13265  8020 15142 11010 13149 11475 11276  5718  9109 10401  9728 12129 11336  8710
ch   90:  11586  8102 11130  8895  6510 13227  5576  7708 10064  6301  7908 11305  5198 11787 13298  6334 11182 11427 13730 13031  8428 11281 13570 11360 11157 11661 11847  8388  3931  7727  5789 14352
ch   91:   6616  8195 13974  5633 11432 14523  8224  9644  4056 11536  6895 11586 10824  6410  9312 13644 12041  5059 10140  7656  7143 11121  4010 11228 13293  9644 13459 13934 12371 10394  8338 10996
ch   92:   7384  7735 10814 11253 12430 11072  7839 13420 12564  7085 10783  9173 10197 13058 10369 11264  6540 11236 12361  8585 15237 12063 12162  8778 12605 13771  9831 13785 13325 13166  6169 10821
ch   93:   6883  7850  9513 13981 13950  6093 10512 11877  4319 14587 12504 11972 14379 10767  7512  8028 13868  9449 10080  8844  8874  6060 11409  7620  9978  7671  9380  7335 11461  8816 11207  6566
ch   94:   8767  7603 12492  8614  6507  8856  9905 12292  8902 13192 10488  8603  3819  5538  9923 13390 13138 11407  4637 11524  6367  6850 15372  8510  9838 11701  6339 12836  9127 10846  8564  6915
ch   95:  11087 14397  9364  7311  9790 14005 13162 12964  9438  5511 12836 13133 10296 13189  7549  9715  6384  8830  8830 12255 10025 11072  6904  8949 10971 11076  7381  4715  9509 12984  6890  5700
ch   96:   7872  7528 12244 11208  6653 12206  8449  8340  8470  7387  9726  7131 10544 11015  9242  9653  7475  9756 11998  9975 14007  5086  8100 13324 16570  9395 14390  8358 11164  5595 10670 11460
ch   97:  11727 11957 14557  7756 10070  7678  7008  8857 10706 13954 12460 11010 12593 11294  8169 12643 10575 12323 12628 14702  6976  7326 16579 10310 11479  8190  9994  5843  9311  8979 10124  8056
ch   98:   9068 11402  5747 10278  9026  6710 11567  5093 11368 10932 11451 10823  8465  4877 10009 12415 12856  7017  5385 11868  8831 10747 13595 12938 13680 10909 15226 13910 11458 14063  9356 14089
ch   99:   8295  8891 13238 11355 10740  9599 10189  9348 10310  8469 12660 11778 12909  8773  9562  6682 10972 13373  9925  9738 14098 12666 10409 10652  9878 13253 11960 11553  7899  7660 12458  7828
ch  100:  11610  9986 12002  6339  9526  6998  9965 10125  8398  7545  9945  9377  2942  7893  8367 10072 12583 11588  6836  8735  8000 10317  6531  8603 10968 10280 11140  8538 14220  9788 11339 11279
ch  101:  12636 11113  6886 12768 12392 10348  9227 10424 11334  9268  9921 11267  9415 10425  9732 12121  9077 12017  7544 12530  3968  8087  7655 14416 12463  9083 11760  9630 10195 10537 10964 12744
ch  102:  10153 12843  9847 10734 13984  8333  9163 14103 11610 14406  6159 12147  8389  7756 12898  8318 11090 14893 12716 11809 10991  9549 11387  9075  9738  6640  8597 12800  8537 10154 10126 11688
ch  103:   9675 10956  9929  7196 13360  5906 11226  6106 10548 11752  9353 10366 10263 13556  4893  9542 14137  9928 14837 13007 16671  5894 11382  7710  8497 12827  7067 10959 12797  5063 10683  3717
ch  104:   8529  6410 10302  9192  7557  7318 12063 13696  9559 13243  7208 11615 16598  9321 12777  8591 12113  6646  7523 12132  7451  9368  7850  9185  6562 11679  7072  7437 11881  7670  5100  6684
ch  105:   8462  8597 10480  7866  6107 16050  9545 11016  8655 13511  8220 12251  7710 13824 11937  8351 12299  5857  6335 14230  9596  7852 12859 11134  7373  9130  7125  9848 10335 14715  7547 13435
ch  106:  11698 16000 10483  7157  8192  9972  8753  8457 14232 14464 10049 12010 12316 10103  9039  5962 10726 13546  9413  8713 11440 14507 10562 15101 12171  9110 11400 11973 12067 10715 13680 11548
ch  107:  10388  8551 11042  7645  9743  7060  5653  6516  9636  6147  6964 10008  7466 10366  8736  9894  9058 11058 13417  8822 14029 12499 10100  7825  3319  7826 13420 10212 12028 11649 13911  8223
ch  108:   6072  9172  9969 11770 12976  8859 14167 11923  8474 11094 12406  7771 10137  7859  7526 13470 13604  9147  7161 10870  7737 15012 13629  9119 10459  8606 12723 10170  8167  8500 11160 10945
ch  109:   5334 10976 12051 12736 11429  9210 13603 10776 11680 16218 12551  7307 11990 12405  9165 10695  9969 11960 11575  8161  9380 11118  7327  7543  6251 10661 10311  7869 10903 12508 14240  8746
ch  110:  11671  9227 13627 12077 11653 14410  8078  9305 12862 11763  8516 11922 10099  7860 13834  8839  7976 11184  9286  9550 10469 10896 11040  5664 10465  8292  8249 10445  6639 11030  8953  9682
ch  111:   7790  6587 10620 13470  9879  9891 10858  9384 14225 11258  9201 10022  7996  7637 10497 11120 11015 13680 16695  4513 13489  8810 14855 10787  6763 12005 10277  5294 12854 16191  7872 12661
ch  112:   9453  8016  9383 10396  9746  7355 11979 10173 13312  9133 12483  9359  8842  5493 11982 11431 10663 11233 13904 11082  7354 11980 12135 11576 14649 10188  7861  9927  8565 11609 11850 13586
ch  113:  11434  6773  5838  9494 11326 12764 11176  6882  9373 10567  9300  6396 15081 11386 15269  7420 10644  7410 11234  5990 12746 11221 12935 11379  9114 11178 16825 11282  5192  3786 11502 12279
ch  114:   8192  6767 10605 10399 13063  8997 11565 10698  8814 11040 15259  9888 10599 10336 11712  8660  6312  9049 12312  9921  7577 11075 15362  8330  9376  9317 10213 14631 11310  6698 14512 11734
ch  115:  11100  8065  9955  7784  9816  8925  8099 10919  8569 13867  8395 10314 13292  9528  5424  7303  8791  9243 11555  6228 12185 16565  9430  5884  6998 15663 12502 11159 12639  8761  9966  9015
ch  116:  12318  8690 13451 10945  6652  9664 11775 11887  6177 13383 11266  9517  8458 14188  7841  9145 10330 14205 10196 11474  3893 15466 15601  6487 10409  7096  8172  9371  8945  7102 10224 14577
ch  117:  13826 15044 14463  7752  7400 10656  7638 14745 11165  8555 11187  8021  9586  9542  5997 11246 12069  8453  6398 10495 12134 10041  8031 11522 10979  5837 12137 19435 12549 17569 11438 11828
ch  118:   6654 14446 14206  8656 10067 12782 13123 12276 11394 11868  8555 13903 10183 13464  6073 11866 11611  8410  8034  9910  6431  9569 10425  5984  6621 12380  5484  5626 10181 11832 11611  8755
ch  119:   9850  8925  6739  7649 11997 11922 11922 10337  8710 10870  6950  8278 11206 12001  7748 14573  5996  7849  6983  9012  7055 10609 10208  6842  8664 17001  4887 11244  9848 11380 14939 13261
ch  120:   5757  7117 11116 11131  6805  9606 11570  9097 12162  9176 10149 11308 10048 11051  9451  9903 11575  8745  9918  6462  9064  9641  5406  8323  9172 11863 13585  2936 12321  9012 13784 13031
ch  121:  12241 11586  6469  6740  8850 10151  9035 11879  9439 11882  8773  5948  8372  7678  8910 14279  7943  9525  9427  8736  7715 16318 10160 12295  9164 10666 10442 11732  8516 11869 13153 12118
ch  122:   9073 11468 12241 10972 10630  8950  7657 11920 11290  7553 10362  6669  9583  8467  5216 13626 10603 10533  5087 11005 15354 12962  2604 13959 10135  7002 11376 10224  7565 11977 10657  4615
ch  123:  10078 11167  9862 12706 14867 14584  7713 10710 12776  7145 13839 11468 11595 15304  6810 11811  4190  7507 11913  9068 12367 11968  8350  9942 11133  5711  7603 10995  9377 14058  6741 12245
ch  124:   7913 13637 12216  9276  9653  9757 13827 11505  7294 10197  7972 14177  5426 12578  9126 10902  8549  7378  8197 14577  4053 11979 14163 11636  7986  8688  8757 10752 12514 13919 10745  8136
ch  125:   9440 11469  8289  5436 11055 15495 10658  9822 11001 14521  9284 10817 10833 10729  5643  9376 10215 10781  9194 10415 12562  5835 12783  8837  7594  8911 14547  9440 12090  8048 10644 12587
ch  126:  10846 14795  9735 11123  5161 16155 14206  9536  7993 13241 10943 11970 11253 10624 16239  7908  8532 13096 11361 12458  8025  8000  9872  9475 11226 10958  8028 12999 13650 11196  9185 10001
ch  127:  10894  7446 14832 12110  9791  6976 12387 14461  8547 12043  7945  7777  8884 12243 11698 10524 12931 13156  8711 12463  9857 11315  6727  7156  8043  8739  9709  9080 10110  8943  9848  7693
