ch    0:    155   197   328   416   670   922  1290  1745  2596  3644  4935  6360  9200 12153 16263  4639  5824 12080 10311  9564  6629  9668 15102 13992  9913 11161 12126 13318 12510  9715  9873  9054
ch    1:    456   578   811  1197  1682  2275  3353  4989  6404  4625  6540 10544 10860  5298  7370 11293 11908  9542  5657  7623  6973 11914  7611  9898 14939  9883 13478  5678 12921  9347  7651 14985
ch    2:   1142  1501  2148  2821  4101  5609  5007  5914  4874  8831 10832 14078 10167 12488  8898 12207 11367  9604  6214 11026 10365 11281 12472  9762  7457 15344  7648 11085  8863 10107 10255  9440
ch    3:   1714  2131  2932  4145  5176  7579  6626  9700  9254 11862 11799  9695  9695 11813 14768 13756 13228  4871 11801 10812  6774 13078  9573 14124  7709 11328 14085  9437  7407 11889  9196  7585
ch    4:   2643  3340  4418  5995  7853  7369  9963 10098  7935  9690 14613  9454 10287  9907 10484 10426 10356 11912 13406  9696 10143  9273  9042 13469 10439  9152 10108  5037 11811 13565 10348  6572
ch    5:   2088  2665  3411  5418  6775  8871  8604 11891  6681  8749 12360 10264  4877 13026 10107 10110  9512 11788  8501  8329 11241  3548 10412 10470  6820  9170 14130 11428 13265  3238 13813 10576
ch    6:   3113  4167  5798  7890  6456 10201 12640  5742 10193  9795  9141 13173  7650 11880  9488 13888  4930  8823  7119  7375 10189 12390 13966  8262 11145 10349 11289 11254 11238  6514  8288  8780
ch    7:   2420  2996  4151  5789  7581  7589 10626  8406 12536 11851  9103  9943 12233  9161 10734 11532  6926 12001 11312 10288 12034  8374  9208 12972 13445  7323  8786 12066 12879 10518 10445  7738
ch    8:   3928  4968  7024  7797  7395 12331 11483 12229 10745  9288  8681 10080  9891  4847  8618 15014 11483 12247 12815  8478 12578  6262  9300 13187  8843 13570  8312 15978 12474  9770  9256 12204
ch    9:   2583  3725  2213  7010  9463  9907 13745  7576  9616 10550 11162  9132 14757  7530 11437  8548  8797  7019  8270  7869 11013 14389 15101  8615 12628  3909 10306  9339  9534  9808  6085  6790
ch   10:   4185  5821  7743 10816  9147 10426 14420 10680 12862  6162  9255 11245 11022  6517  8098  7431  8654 15373  9751  8219  4471 10658  9876  9174 10471 15177  9257  4354 10664  5755 11650 14748
ch   11:   3544  4856  6542  9101 11475  8885 10015  6899 13218 10059 13191  8118 10517 14013  5993 15250 10298  9346 11622  9198  7680  6755  7343 15117 15299  8756 15830 11848 12895  9638 15586 11665
ch   12:   5682  7196 10273 12823  7549 10229  7910 11642 10316 13686  9661 12176  5179 10223 13073 10329  5294 12808  9580 11102 11494 11231  9265 10947  7958 10047 11957 15634 11269 11011  9335  9949
ch   13:   3663  4584  6210  8579 12249  8922 13490  9718  8073  9856  5736  6398  9934  9579  5927  9619 11517 11483  7017 11865  7516  9423  7568  8021 10525 10973 11484 11120  9985  7149  9149 11457
ch   14:   5475  6958  9502 12747  8191 11565  9337 11738  8170 11599 13947  5104 13758  8831 11528 10474 11293 11789 10150 13973 11834  9868 15277  9061 13327 10476 11616  7671 10380  9520 12290  5485
ch   15:   4713  6323  8177 10706 10454  7664 11012 11409  6801  8146  7160 10528 12445 10631 12177 11505 12146 16088  8909  5361 11848  5993  7856  8591  9223  8816  9263  9504 11724  8859 12799  9935
ch   16:   5695  7713 10705 13454  6675 10069 12796  8517 10106 13540  7633  7773  7138  9434  7752  9167  9376 10508 10321  7440 10027 10891 11850 11908 12223 12209 13428  9761 15501  6013  9085  8955
ch   17:   5207  7090  9235 13564  9272  7558 16314  7724 10203  7787 11557 14708  8809 10527  9440  8842  9504  8966  8937  9964  5825 14558  7894  6462  9294  6216  7760 11800 16059 14176  5680  9339
ch   18:   8955 12236 10958 11163  7888 14926  8351 12508 13441 14281  9024 10440  7102  7711 12247  9035 10373 11367 16181  6818  7801 10902 12971 13028  9809 12867  6458  9644  9821 12899 12292 11262
ch   19:   6976  9191 12240 12209  5245 10971 13212  7595 11699  8648  8128  9883  9177 10956 12722  8169 11791 16072  6794 14346 10336  3718  7749 12880  9000 10675 13398 10867  9490 13613 13989  8848
ch   20:  12605 11646  8856  5020 12649  9248 12079  7579 14088 10618  5654  8239 10521  5924 14709 13121 10716 15521 10124 12224  9031  9583  9037 11955 11083  9493 14943 11555  9514  8042  9678 10783
ch   21:   9591 12098 15294 11439  4600 12459 10062 12032 12119 10326 11289 14326  7246  6182 10533  8366  3871 10805 11636 10398 12612  9721 12480 13484 10254  8131 11183 10800  6841  8433  9311 12877
ch   22:   6346 11209 11614  9248  9705  8357 10592  8804 12177  5979 12246 10219 12453  8244 12966  6206 13592 10288 11792 12657 15095 12058 12149 11470 12968  8409 11189  7613 13963 12303  8573  7835
ch   23:   9476  8826 13735 10519  9122 11052  7842 14375 10370  4138 13147 13199 10733  9850 12280 10310  7284 10448  6822  6098  7794  9901  8922  9244 12268  8482  5613  8731  9293 12255 11514 13526
ch   24:  11752 14406 10570 11230 10190 11862 16184  7722 11519  7642 11941  6339 10093  8426  9781 10427 13011 12245 12151 10149  8772  9631 11625  9769  8469 10207 10097 13699  8525  6174 10364 12454
ch   25:  11781  7539 12544 12492  7423  8465  5770 12749  6780  6379  7850 12677 13983 10242 15449 14130 16292  6775  7824 13460 13783 12532  6135 10144 12133 13033  9807 13664 11000 12801 12336  7321
ch   26:   9085 11779 11312  4468 10711  4231 15388  7622 12715 13824  9071 10352 12657  9830 14429 10352 10542 11364  6202 10980 12674 11241  5526 11366  7534 12840 11020 12231  8805  9808  8958 11960
ch   27:  13026 10586 12674  3546 10959 11061 12515  8872  9313 11949 11738 12876  8685 12395 13387  9455 13237 11413  8057 11970  8828 11331  6541 11176  9984  8761 10128 11243 10567  9190  9744  5559
ch   28:  11051 16142  9829  6596  9144 14425 10729  8083 12504 11833  5114 10588  8534  4049 14348  8072 11335 11561  6702 10598  8109 13003 12298  9336  9546 13299 10816 14617  6036  9256 14385 10329
ch   29:  12559 10278 16649  2826 13583  9294  9865 11073 11352 14157  9282  9926  5570 13183 10611 10472 12701 13006  8619  5265 13175  9889  8381 10593 12058 13209 11738 12583  6602  8286  8022 11913
ch   30:  10314 16259  9902  9730 10867 14121 12409 10968  5976  9932 10507 13581  5589 12181  8741 10070 11272 12382  9475 12242 15649 10459 12592  8805  9361  6553 13175 10312 14427 13406  9037 10018
ch   31:  10387 11497 12492  5059 11084 10188  9199  8195 10283 11938 10506 14917 11997 16651 10224 10434  6650 11575 10014  4644  6825 14800  9624 13012 14438 10605 10153 10632 12312 10638  6090  8748
ch   32:   9876 12214  9508  9604 11733  9185 10398 10348  9927  8187 11404 11374 10830 11231  9370  9855 12840  8881 12827  9169 13847  8694 11259  6219 11040  9900  7386 12377 12849 10598  9477  6466
ch   33:  10338 10685 12922  7458 12396  8377 11630  7746  6174 13412 11777 11537 11834 10997 11237 13751  9187  7775 10364 12324 12116 12593  9774  4922  8644 11319 12629  8154 15162  9151  9876 11077
ch   34:  10064 14921  6322 11690  6707 12106  6424  6984 13064 13162 12430 10932  9867 14901  8256 10036 11048  7865 10789  9748 13030  9332  8326  3926 10662 11900 13212  5327 11760  8196 10682  7864
ch   35:  13062  9005 12791  3202 13013  7694 12870 12216  8819  4203 13288 13014  5710 13641  8700 11696  7380 14749  9316  7017 11605  6238  9346 10111 12479  6674 10280 11743  8750 13056 11382  5055
ch   36:   9818 12525  2900 10015  8786 12707  9068 12258  8305  9312 11734  4547 10677  8373 10216  8928  6253 12555 14633  7172 12919 12124 12139 10691  9178 12249 11239 11421 10915 12315 14280  9832
ch   37:  10803 11609 12734  4356 13206  7453  8280  8631 10382  6064  9563  7931  7611  6937 10505 11218 11377 11745  6105  8494 16125  6670 10973 13659 10267 12826 12254  4108 13547  8954  8765 14271
ch   38:   9990 14959  3556 14345  5412 13968 12471 11658 12063 13690 10757 13550  9490 11345  8758 11415  5314 11425  4856 15481  7824 10674 12098 10731  8195 10144 14483  3561  7289 14124 13295  6039
ch   39:  13908 10743 13940  5675 12927  7538  9656 12145 11568 10598  5826 11387  5421  6207 11699 13225  9060 14678  5231  9018  7756 11990 13362 11504 16561 13067  8930  9357  8385 13819  8725 15082
ch   40:  10463 11668  5814 12810  7394 12741 10931 11045  8822  7491  4786 16132 17056 15650 12827 10135  6400 13181  7999 11100 10376 11917  7494 10637 11907  7899  9332  8299 10018 10776 14571 13596
ch   41:  10574 13349 11579  8319 11157 10826  6880 10305 10574  9385  8837 15038 10759  9599 13444  7222  9807 10410 11812  8130 10254  6398  9359 12248  9303  3702  2767  9583  8419 12025 10694 12455
ch   42:  14356  6065  8679 14887 14567  9158 10404  7096  5202 14476 13023 10691 11142  8211  9483 11006 13601 14005 12847  6715 15487  9435 10549  7854 10659  7535 15316 12402  9189  9878 10545 12272
ch   43:   9525 11399  5872  8840  8004  8458 11301  7984 10406  8051  3235  7688  8676 13649  8841 14942  6875  9101  7238  9897 10566  7022  3865 13520 10439 11328 11402  7824  9748  4896 10213 12286
ch   44:  12694 12915  7049 11136 13626  7411  6312  8818  7514 11555 15071 12809 11111  9639 11467  8978 10580  7210  9375 11196  7697  9153 16251 12905  6397 14831  7064 10121  6514  9057 12801  9870
ch   45:  11264 13578  4920 12465 10348 13993  9580  9858  8068 17550  6173  8896  7733 12064  8142 10582 12434  5672  4425 12463  8949  9906  3662 13188  8151  7367 11752 12949 14831 10322 15488  9974
ch   46:  13581  8677  8587 12578 12334  9455 12951  8354 11584 13820  9760  7634  9769 11539  7214  7461 18387  8614 15565 11955 11747 11194  8743 15892 10827 10259 11291  5862 13079 10332 12567 10864
ch   47:   7577 10966  4807 10641  8835  8871 14339 12958  7282  6996  9179 13231 16673 13682  8082 10986 12490  9529 11306 12971  5956  7196 12780 11719 10821 12900  7354 13990 12190  6563 17318 10808
ch   48:  11308  6002 12304 12016 13659 15119 13395 11259 15070 11013  7332  9783  9431  7851 11764  7986  7952 14142 11348 10513  7211  8796  7875 12628 11227 13290  6767 11201  8079  9366 14134  6136
ch   49:   8678 10966  8800 11046 13100  9232  9658 16315  8707  8757  8111  7331  8525 11351 13445 13255 11111 15797 10090  3557  7101 12728  9484 15077 10956 11957 12204  9585 10847 11080  6784  7725
ch   50:  11465  8651 14561 10956  4777 11128  8939  8757  8766  6573 10573 11695  8672  9193  7970  3358  8868  6644 10602  3664 11359  9745 13809 11783  5969  4083  6563 12232 11330 12957 15794 11044
ch   51:  10844  6877  8999 11628 12773 10236 11975 10182  7242  6438  8964 11707 11909  8235 13638  9992  5690  7522  9976 10767 11373 12564 10118 11260  9764 13787  7606 17701 14071  5284 11159 11605
ch   52:   6939 10243 15346  7518 13006 10103 10543 10899  8345  5788  5910 12632  9341 11112 11458  9655 12439  9438  9695 11875 13347  9572  9722 11213  9356 11345  7976  7860  9436  6970 13444  8501
ch   53:  11010 12498  8738 11217 12857 14074  8965 13401  9279 15377 11679  5474  8908 12609  6117 11251 13756 16093 14624 11462  8283 14163 11627 11846 12202  6868  7800  9723  7507 11878 13261 10868
ch   54:  13476  9042 12767  8233 12690 14225 10431  9218  9661  5379  9943 11678  8735 16273 10136 14265 12423  9673 11104  6150  8515 10003 12870 14038 10023 13795 14143 13709 16266 10126 11495  5816
ch   55:  13060  9858 13550  9262  7531  9279  9354  7825  9742  6052 12856  8195 11262 11505 11537  9999 15542  9884  7292  8858  8367  7733  7625 10100  6803  9681 10907  6539 11360 11274  7824  8614
ch   56:   6348 12012 15052  8299 13131 11993 12694 10836  8856 11522 11234  5838 10566 14638  5396  7244  4261 10905  9993  9549 14950 14616  6338  7377 10474 12350 11591  7933 11920 10624  9656 11738
ch   57:  11020  5704 13614 10774  9304  9194  5340 11475 10326 12786  8028  4384 10216 11738 11644  8577 11233 11071 12342 11283 12668  6278 11132  6890  9367  8642  4832 10295  4874  8220 13082 10506
ch   58:   4997 10634 12144 11277 10080 11484 15916  5722  9175 11660  9784  6042 12659 13787 13062 10804 13099 13591  9062 10275 13747 10280 12662 14271 10268  7524 10318 12601  9816 14221  7525 13095
ch   59:  10792  7786 13173  7625 13756 10941 14640  8647  6669 17060 11483  8511 10965  7961 12372 10197  9072  6606  6666 10977 10138  8554  5712 14394  8624 12218  9689 10539  9650 11875  9372 11711
ch   60:   4797  8038  7979  7068  6565 13163  5178 12900  7503  5960  6030 12320  6806  5573 10336 10055 12933 11662 10828 11191 10461 12688 11878 10518  8215 10678  9321  5819  9631 13763 11244 13153
ch   61:  15210  2822 11875  4233 11490 14491  8679  9849  9642  8994  9519  3933  9190 11732  9440  9253 10411  8803 12005  5104 10941 11162 12885  9941 12208  6533  9456  5441 10769 11417 11844 10177
ch   62:   6121 13251  7272 10730 11998 12697  6653 11091  9045 12103 10854  6255  9778  6350 10730  9227 12293 13170 14178 15353  7519  8664  5751  6924 14692 13978 14845  9810  6234 11728 13778  6983
ch   63:   4299  8445 10785 11079 11113 10104 12451  9323  8231  9997  9642  8443 13088 11794 15686 11116  6971  9361 11822 14386 11626 11003 13628  6693 12739  6623 10518  7535  6920 14301 10322 11653
ch   64:  10172 11013 11119 13704  5478 16195  8834 13173  9594 13475  9752  6182  8083 12839 12721  9459 10505 13098 12210 11290  5143  8451 14173  9849 11479 11868  9258 10983  6989 10051  6574 12178
ch   65:   9942  8944 14782 10726  7930  8503 12954 10695 12014  7731  6984  8875  7917  8781 13206 10195 11214  6416 12846 12509  8621 12004 13834 15391  6706  6365 10658 12073 13056 11447 16089 11972
ch   66:   8019 13308 11402  8647  9077 12545  9780 11283  5842  7553  8187  9091 10548  7613  5040  9372  8467 11361 12711 10520 11243  9061 10653 11134  7245  7948  8402 12415 10837 10446 14693 10589
ch   67:   9653  9105  7166 11858  7437 12490  5722 11627 12530 10581  9507  7248 11968 11035 10168  7093  8865  8220  7778  6413 12030 11023 14952 14141 12128  8117  8688 12420  8050  9181  4537  8485
ch   68:   7070 11518 11100 14801  7895 14759  5569 11482 13974  8883 11447 12997 10723 14607  9584 13970 14259  7547  8043 15153  7633 10285  7060 10562  9908 11804 12275  9200 13075  9727 11181 12132
ch   69:  14792  6830  8315 10008  7632  8870  9235 12221 11428 10070 15283 12982  4664 15855  9316 10890  9114 12567 14214  5621  8979 12550  8258 12077 11749  8766  9359 13765 10622  9875  8421 13902
ch   70:  11070 12123 10976  6061  8850 14379  8246  9054 11215  8000 11359 11383 13123  9751 11053  8931 10658 10377 11891 13191  8854  9571  7596 14267 10966  9338 10428 16360 10210 15769 12539  9853
ch   71:  12138  9633 13845 13494 11097  6711  6813 10138 14868 10177  9256 13215  9389  9000  8004 12234  8018  7025 10218  7970  6713 10712  7756  4268 10926  5728  9737 11518 10091  4466  9038 12921
ch   72:  11016 11296 10496  9146  9207  9689  9282  7413  9832  8754 10467  9554 10386 11827  6670 11821 12800 13579 13713 11566  6597 11843 11938  8542  6113 11520 11845 15770  5877  6407 12091  9479
ch   73:   8122  9122  9539 12162  6908  9784  9055  4296 10313 11039 11887 14354  7874  9022  7268 12721 11317  9884 11214 12281  4926 12568 11328  9266 13884 11948 12108 10200 10935 15308 16393 15717
ch   74:  11193 11287  9079 11229 12151  6577 10557  7605 10301  9136  7005 13844 13807 12681  6013  8601  8811  8819  5441 12997 11841 11328  7849  4992 10849  9340  8366  8239 11570  7906  8669 12261
ch   75:   4099 10069  8944 10826 11318  6860  9810  5741  9328  3048 12430 10466 11837  9104 13060  9507  3910 12978  9808  7964  9557  9696  6793 10066 14242 15475  7898  8636 11218  7974  7503  8324
ch   76:  10176 13993 12824  9642 13813  5074 10630  6649  9298 10154  7950  9912 15450 11333 14403  9004  7023 14678 10089 11608 11700 11329  4024  8350  2826 11965  6856  8485 10068 14042 16647 12595
ch   77:   4803  9898  5663 13903 16459  6958  9888 15078  9883 11877 12958  9525  7577 11598  5066  9435 12999  7105  7868  9965  9469 13513 10552 14365 12016 14300  8950 11326 11336  8479  7514  8487
ch   78:  10429 11433 13778 11301  6101 14639  9689  7785 14570  7977 11285 11460 13624 13770 12532 14995 14487  8182 12240  9172  8987  4999  6782 10947 11409 12934 12988  9727  9952 11929  7418 10082
ch   79:   6969 11874 10466 17703  8615  7081  3840  8326  9363 13546 11629 11204  8970  9094 11179  6096  9112  9283 12475 12470  5854 15051 11323 10438 11146 11471  9316  9823 10652  8779 10887  8777
ch   80:  11299  8751 15074 16423 11138 12700  8610 12926  7479 11830 10040  8599  9144 15943 10172 11986  8405 12334 10112  8045  4969 11397  6694  8131 11610  8480 10148 10726  7300 12822  8948  4584
ch   81:   6138 12999  9121 16075  5419 10438  7295  8771 15316 11992  8301 11798 12963  8676 11826 11662 11585  2957  6724  8484  8443 16415  9070  7775  8987  8127 12746 12848  7805 14114  7298  8800
ch   82:  11606  7457  8234  7635 10580  7667  9377 11559  8093 10922 10477 11450  6994 10791  7744  9777  7326  7567 10233  5959  9729 10573  7826  8292  6871  9217 12649 11250 11516 10216  7961 13093
ch   83:   6456 10636  9384 10108  9669 13635 10145  8847  7922  7595  7401  7469 13559 14821  6091 10397 11719 13292 10583 10530  9836 11206  7788  8435  8121  7986 12452  8903  8457  7078  9465  6118
ch   84:  14721  7775  8368  8667 10050 14392 11097 11533  7256 10072  7663  9165 10118  9330  6729  4332 14516 15046 10713 10092  8064 13274 14157  9793 11626 10801  7145  9788 13193 13472  5882 10305
ch   85:   8364  9838 10871 14010 13982 10796  5955 10953  5772  8786  4641  9120 11386 15680  9579 10900  8904 10745  8675  7941  9361 12514 15235  6813  9761 12019  6476  9494 12853  9216 14613 10788
ch   86:  14099  8239  8834 11673  9340  9637 14737  9027  8980 12563 11756 14852 14789 12099  9950  9226 13781  7903  3909  3827  7645 10961 10789 13998 10587 10280 11078 12921 11659 12263 11665 14395
ch   87:   8219 12547 11287  6571  9411 13045 12844 13651  7315  8368  9471 11915 10740 12606 13997  5703  3601 14376  9295 11755  6361 13360 10764  3213 10573  8131  8165  9129  9557  8783 11688 11252
ch   88:  14771  7960  8914 10487 12777  7650 11044  9985  9175 12714 10251  9942  7424 13063  7552 12919 10310 11436 10755  9944  6280 10991 12141 12171  7224  8280  9132  7629 11244 15883  8662 11437
ch   89:   4777 13848  8869 11654 10228  4043 13917  7339  7358  7067 12431 12890  7747 16521  8699 10242  9623  7487 11163  9843 12430 12651 12705 11148  9284 11551  7662  7613  9120  6644  9212  8023
ch   90:  12504  6026  9834 12264  9711 13108  8416 13130  8916 11019 13010  6640  4258  7488 10641 12182  9085 14364  9876 14549 10098  7026  9926  9573  4981  9239  6505  7543 13093 10303  8410 10578
ch   91:   7714 11793  9636  7454  9810 11765  7644 10723 11752  7032  8749 10809 12354  8216 11550  5541 13550 11708  6739  9959  9895 11365  8226  9424 13498 10020 11746 11744 16887  8719 10349 12220
ch   92:  13558  8883 12484  9769 11716 14895 11995 12078  8128 11507 11943 16354  7859  9424 12471 16301 10397 10910 10543 11264  9826 13196 12882  8388 10454  9339  5798  8792  8922 12135 11358 11785
ch   93:  10859 12607 13411  6859 11763  9867  6598 15221 12968 12444 13133 11170  7730  9819  9626 12867 12190 13655  7057 10481  4963 15588 10651 11701 13700  8407  9468  8207 10117 12286 12849 11805
ch   94:   7188 13209  8220  6651 12065  7971  7162  7141  9723 13287 14210  6705  8573  8108 15617 11013  9815 15196 12996 11408 12782  8733  9985  8914 12722 10452 10451  7476  8488  6052 15747 11977
ch   95:   7899  8408  8256 14970  4436  9576 10110  6340  8096 10567  8077 14057  8547  9883  8915  7957 12039  9638  8688 13938  8235 14741  6693  8349  7916 11472  6571 15064 12795 10502 15143  9431
ch   96:  10303  7967 11271  7953 10830  9049  9623  8567 13897 16878  8721  6327 15707  8566  9717 11847 15227 10633  6962  7172 14229  8964  7519  9161  7656  3434 13136 12199 11126 11300  8041  5256
ch   97:  10158  7094 11864 10837 12501  7401 12577 14462 10060  9581 10349  7975  6423  3528 13193  6716 13992  9841  7408  9790  6978  7982 10201  4172 13315  8870  2818 11285 10594 12599 15241  7132
ch   98:   8137 10331 10541 13396 10401  9348 15342  7466 11354 10388 11777  8869 11535  6444 14237 15950  3481 10756  6155 11565 11471 10463 12863 13306  8674  8299  9938 14034 11804 15451 12774  9568
ch   99:  13083  9736 12904 11144 13586 12325  7942  9003 12593  7800 13432  7993 13116 14394  8056 11132 11628 14402  9946 10401 12876  4956 11036 11464  8253  9044 13110 14546  6038 11689 13339  9114
ch  100:  10648 13926 13022  8946  7689  9680 13642  8989 15371  9710 11260 11835  9805 12361  8657 11855 12448 11778  7837 11190 14859 11888 12918 10252  9628  9113 11913  5794  7771  9562  5501  9451
ch  101:  11742  8452 10285 16003  9414 11216 10677 10583  8564  9960  4546  8763  7396 12170  8586 11125  9299 15260 10664 12566  9580 10196 11995 10104  8294 11476 14143 11903  8313  9116  8312  7377
ch  102:   9216  8702  6110 13665  8386  8670 10494  8424  7343  9083 11558 11275  8520  9302  8646  5276 11755  4978  4554 14168  9879 11764 13777  5231  6574 10701 12841  9933  7845  8644  6793 11128
ch  103:   5392 14884 12980 10567 12765 10920 11060  8419  5931  5831  8747 10826 12892  3303 13727  5247  6342 11578 10045 12251  5443  3442 15007 11507  8399  6672 10712  9126  9057  4507  6723 11970
ch  104:  10125  9772 10672  7676 10685 14869 12865 14607  8179 10081 10398  9040  9746  9901  7116 12953 16476 13381 10761 10095  9927  2650 17119 12748 12498 12632 10733  5546 10763 10510 11155 14348
ch  105:  15820 10063  8857  7880 11986  7748  6277 10457  9461  8555 11284 13795 14157 10557  9417 12444 15727  9037 10308  7262 16350 10025 10298  9654 16586 10197  9852 10403 12251  7234 12111 11570
ch  106:  12944  9545  8238 11150 10203  8589 12884 12922 12031  9470  7962 10266 10298 11958  5721 12592 11538 11789  9541  8735 11879 13623 12108 13155  9732  9310  6700  9855 10159  9280 11677 11245
ch  107:  11932  6948  8350  9847 13583  9020 10488 10483 12702  8802 17070 12541 10932  8216 13351  7059 11034  8933 14100 12831  6906 11004  3561 10406 11344 11352  9592 10317 14510  5181 12640  4355
ch  108:   9338 15920  8788  8460 14749 11882 15353 10200  7152  9720  4184 13264  9247  8089  6646  9796 10933 11307 10853 11354  6726 10697  9025 14917  9720 10723 10372 13163 12549  8748  9644  8582
ch  109:   6375  9492  9571  6640 12943  9311 13335  9748 13387 17209 13797 10268 12861  4715  9692 11580  9505 11631  9455  5260 14250 11755 13601  7099  9278  9142  8912  9562  9564  9675 12906  4778
ch  110:   8825 10929  6444  8276 10139  9586 10937  8565 11350 12834 14092 10600  8701 14437  8816 10665  8846  8959  6641 13316  8089  5019  8137  9423 11479 11652  9226 14903 12426 10860  7586 11452
ch  111:  11174  8309 11500  9113  9999 10040 11161 11743 10579 12927  9314 10375 13979 12062  8019 11544 11642  8033 10879  8297  7975  8617  7388  9907  9617 12977  5424 11346 11113 12305 15898 11518
ch  112:  12641  7325  7197  9202  9801  5403  6259  5957 12925 12168  7699  8831 14386 11416  9799 11808  8651 11993  8376 10474 10816  7371 11258 11436  6038 13242  8606 13467 11844 10941 10071  6976
ch  113:  12030  9750  5923 10707 11325 12522 12005 16196  8751  5414 10775 12517  3541  6877  7467  7772  8100  6528  5000  9376  4074 14340  4732  8934  6023  8871 11908 13484 10075  6296 12778  7419
ch  114:  13808 10353  9061  9320 11116 13183 15404 11665  5892  8220 13654  4525 15778 12156 12841  7995  7015  7815 10981  7442 13112 11866  8999 14819  9504 11368 12064 12131 15015 13830  9597  6758
ch  115:  10906  7837  9271 14569  9683 12302 10063 10021  9811  8563 11932 11678  9162  8278 13007 10786 10197 12146  6427  9594  6519  6117  9894 13478 10063 11062 12394  9804 10277 13039 11670 11767
ch  116:   9082 12050 10538 13204  9024 12527 11818 12320  7968 14073 14301 11522  7890  8747 13603 11421 12180  6784 11289 11155 10772  6646 11090  9650  9624 12724 12702 10633 11531  9420 12199 11511
ch  117:   7277  9954 12215  9261  9934 10224 11994  8729 12602 10167  8249  7360  8882 12574 13029  7645  4177 11771  5155 11804  6989 14006 16971  5660 11025  5349 14377 10739 11333  8453  7003 11328
ch  118:   7995  9276 12671 10418  8938  9475  8565  5501  7639  3930  8179  7496 11459  9934  9966 12695  6458 13859 13870  9687 12139  8799  8967  8087 11456 12267 14309  7259 13453 12379 13439 11713
ch  119:   6712  9459 12861  5053 10833  6596 12981 10319 17362 11331 11850  9293 12970  9852  8408 13616 10784 10498 12483 12058  6662 11469  8189 11354 12260  8596  7617  7897  9681  8867  5963 11003
ch  120:  10557 10448 12039 11384 12363 10234  8946 12276 10754  8940 12158 14568 11611 12992  6752  9807  8066 11312 13327 12379  8014 12564 11070 11033 11729 16135 11328 13054  9401  7992 10431  7475
ch  121:   9986 13375 11887  4669  4501 12535  6510 11080 14109  6978 12374 10840  9822 11067 11167 10204 10751  9492 10402 13315 10369  9325 11531  7746  9320  9897 12837  9283  9420 15499  9520 10265
ch  122:  10126  8690 12681 11677 13274  3451  8269  3795 11777 10543  7881 14711  4434  7923  9186  7052 11678 10806  9087 10135  6846  8806  9946 10707 13819 13937  4254  8095 16157 14601 11588 11599
ch  123:   8751  7943 10171 11188 14121 10067  8499  9803 14855  8480 11510 12297  6600  8247 13184 13512 10506  9562 10875  6881  5670  9299 10843 12873  8873 10176 13910 14483  8497 15054 12010  7984
ch  124:   8411 14034 10111 13968  7752  9572  7164 12024  9578  6803  8204 10874  8563  9115  9180  8366  9904 13291 11075  8646 10851  9631 10730 13783  8306  5402  5803 11841  6549  8322 10315 10743
ch  125:  12727  7660  6885 11190  7617 13188  8369  5896  5535 13977 11008 12503 11716 14857 12639 11790  7168 11902 14902 14781  7363 11069  6789 11184  8681  6791 14639 10739 10394  7113  8439  9510
ch  126:   8969  6308 10824  8146 16844 10526 13186  7891  7815 13437 10322 12983 14443  7362  9302 10662 10180  9320 11995  5464  9460  8742  9445 10820 13270  9388  7459 14355 10624  5481 10992  7359
ch  127:  12877 10528 11556 12922  5327  9039 11666  6869 12579 10334  9808  8843 10865  7222 12401  7365 10009 10439  7223 14778 10420  8767  8512 11642  7036  5409 11778 12417  9338 11645 10419 15673
