ch    0:      0     0     0     0     0     0     0     0     0     0     0     0     0     0     0     0     0     0     0     0     0     0     2    11   255  3439 12905  9197  4703  9193  8735  8395
ch    1:      0     0     0     0     0     0     0     0     0     0     0     0     0     0     0     0     0     0     0     0     0     0     0    22   259  3012  4120 10616  3243 12289  6853 14052
ch    2:      0     0     0     0     0     0     0     0     0     0     0     0     0     0     0     0     0     0     0     0     0     0     1    16   292  3481  9822  8126 11248 14625  9682  9837
ch    3:      0     0     0     0     0     0     0     0     0     0     0     0     0     0     0     0     0     0     0     0     0     0     1    34   497  5917 13488 13810  5968 12458 13393  8421
ch    4:      0     0     0     0     0     0     0     0     0     0     0     0     0     0     0     0     0     0     0     0     0     0     0    13   328  4587 13305 13576 13688  9548 11573  7262
ch    5:      0     0     0     0     0     0     0     0     0     0     0     0     0     0     0     0     0     0     0     0     0     0     0    37   475  5844 12066 11521 11238  7575  7698 11351
ch    6:      0     0     0     0     0     0     0     0     0     0     0     0     0     0     0     0     0     0     0     0     0     0     1    23   403  3561 10575 11766  8988 10187 11265 13519
ch    7:      0     0     0     0     0     0     0     0     0     0     0     0     0     0     0     0     0     0     0     0     0     1     4    35   767  8273 15695  6633 10077 13215  8468  5546
ch    8:      0     0     0     0     0     0     0     0     0     0     0     0     0     0     0     0     0     0     0     0     0     0     1    13   394  4193 12332  8608  9999 10736 15373  5387
ch    9:      0     0     0     0     0     0     0     0     0     0     0     0     0     0     0     0     0     0     0     0     0     0     2    55  1454 14084 13539 12530 12832 10995 10402 12740
ch   10:      0     0     0     0     0     0     0     0     0     0     0     0     0     0     0     0     0     0     0     0     0     0     2    19   778  7799 11772  9751 11279  9037 10270  6808
ch   11:      0     0     0     0     0     0     0     0     0     0     0     0     0     0     0     0     0     0     0     0     0     0     2    69   785 13386  7772  9087 13503 10309 10266  9723
ch   12:      0     0     0     0     0     0     0     0     0     0     0     0     0     0     0     0     0     0     0     0     0     0     0    53  1034  9543  6430 10639 12742 10996 13653 11510
ch   13:      0     0     0     0     0     0     0     0     0     0     0     0     0     0     0     0     0     0     0     0     0     0     5    81  1182  5715  8066 12363  6345  7584 12536 10477
ch   14:      0     0     0     0     0     0     0     0     0     0     0     0     0     0     0     0     0     0     0     0     0     0     1    31   846 10209  8856 10547  7175 12027  8397  9677
ch   15:      0     0     0     0     0     0     0     0     0     0     0     0     0     0     0     0     0     0     0     0     0     0     5    73  1145 13652 12613  5716  4120 14658 12418  6313
ch   16:      0     0     0     0     0     0     0     0     0     0     0     0     0     0     0     0     0     0     0     0     0     0     1    88  1348 16224 11900 13866  8448 10452 10795 14384
ch   17:      0     0     0     0     0     0     0     0     0     0     0     0     0     0     0     0     0     0     0     0     0     1     3   123  2661  6191 10737  7881  5322 11817  9903  7715
ch   18:      0     0     0     0     0     0     0     0     0     0     0     0     0     0     0     0     0     0     0     0     0     0     0    63  1305 14058  8697  6867 10409 14964  5749  8957
ch   19:      0     0     0     0     0     0     0     0     0     0     0     0     0     0     0     0     0     0     0     0     0     1     3    96  2254 18763  9449  8314  8752 11830  7499  5608
ch   20:      0     0     0     0     0     0     0     0     0     0     0     0     0     0     0     0     0     0     0     0     0     0     3    96  1388 15516  7940  8495  8347 10992  9489 13322
ch   21:      0     0     0     0     0     0     0     0     0     0     0     0     0     0     0     0     0     0     0     0     0     0     2    68  2020 18458 10677 11332  6546  9571 12995 14934
ch   22:      0     0     0     0     0     0     0     0     0     0     0     0     0     0     0     0     0     0     0     0     0     0     0    54  1487 11418  7062  7699  7664 11874  9804 11548
ch   23:      0     0     0     0     0     0     0     0     0     0     0     0     0     0     0     0     0     0     0     0     0     0     1   127  1757  4426 11908 12797  6744 14761 13373  5653
ch   24:      0     0     0     0     0     0     0     0     0     0     0     0     0     0     0     0     0     0     0     0     0     0     2    94  1744 15998 13566  9571 13876  5608  7173  6955
ch   25:      0     0     0     0     0     0     0     0     0     0     0     0     0     0     0     0     0     0     0     0     0     0     5   179  1982  8668 14251 12303 11443 10298  8665 10192
ch   26:      0     0     0     0     0     0     0     0     0     0     0     0     0     0     0     0     0     0     0     0     0     0     6    73  1617  5551 10596  9000  2600  9613 14702 13071
ch   27:      0     0     0     0     0     0     0     0     0     0     0     0     0     0     0     0     0     0     0     0     0     1     9   158  2637  8862  9117  6857 12376  7814  9776  9959
ch   28:      0     0     0     0     0     0     0     0     0     0     0     0     0     0     0     0     0     0     0     0     0     0     6    73  1461  8848 13046  9566 11722 12349 13349 11074
ch   29:      0     0     0     0     0     0     0     0     0     0     0     0     0     0     0     0     0     0     0     0     0     0     2   217  3052 14993 16662 11690 11807  7456  4898 11326
ch   30:      0     0     0     0     0     0     0     0     0     0     0     0     0     0     0     0     0     0     0     0     0     0     4    98  2681 18817  3198  7997 10811 11561 11940  6360
ch   31:      0     0     0     0     0     0     0     0     0     0     0     0     0     0     0     0     0     0     0     0     0     2    10   172  2431 15230  6780 10476 10849 11916 11232 11120
ch   32:      0     0     0     0     0     0     0     0     0     0     0     0     0     0     0     0     0     0     0     0     0     0     4    69  2161  4930  7789 13597  5777 10559 14994  7831
ch   33:      0     0     0     0     0     0     0     0     0     0     0     0     0     0     0     0     0     0     0     0     0     0    10   270  4802 14269  7180  8953 12349 14908 10594 10522
ch   34:      0     0     0     0     0     0     0     0     0     0     0     0     0     0     0     0     0     0     0     0     0     0     2   112  1248  6386  5813 11402  9486 10547  6090 14038
ch   35:      0     0     0     0     0     0     0     0     0     0     0     0     0     0     0     0     0     0     0     0     0     0     8   181  3573  8877  7190  7530 16483  9442 12324 12623
ch   36:      0     0     0     0     0     0     0     0     0     0     0     0     0     0     0     0     0     0     0     0     0     0     1    90  2284 13147 13874  8642  7077 13906 12774 11057
ch   37:      0     0     0     0     0     0     0     0     0     0     0     0     0     0     0     0     0     0     0     0     0     2     6   369  5733  9086 10014  9996 14933  6801  8021 12163
ch   38:      0     0     0     0     0     0     0     0     0     0     0     0     0     0     0     0     0     0     0     0     0     0     5   133  2640 14089  9428 13835 13932  8156 10910 10647
ch   39:      0     0     0     0     0     0     0     0     0     0     0     0     0     0     0     0     0     0     0     0     0     0    12   249  5250  9207 12597 13198  5238 13725  7459  2412
ch   40:      0     0     0     0     0     0     0     0     0     0     0     0     0     0     0     0     0     0     0     0     0     0     3   109  1909  5125 10282  8264  8513 16148 10550  7837
ch   41:      0     0     0     0     0     0     0     0     0     0     0     0     0     0     0     0     0     0     0     0     0     0     3   231  4253 13276  6146 11240 10322 13790  5404  9982
ch   42:      0     0     0     0     0     0     0     0     0     0     0     0     0     0     0     0     0     0     0     0     0     1     4   189  3983 14845 12394  8573 10999 11429 14292 10796
ch   43:      0     0     0     0     0     0     0     0     0     0     0     0     0     0     0     0     0     0     0     0     0     0    26   379  4408 11275  8645  7324 16534  4352 12152  8231
ch   44:      0     0     0     0     0     0     0     0     0     0     0     0     0     0     0     0     0     0     0     0     0     1     4   143  4335 14808  9665  7800  8591  8874 11344 12659
ch   45:      0     0     0     0     0     0     0     0     0     0     0     0     0     0     0     0     0     0     0     0     0     1     9   440  4480  7043 11879  7965  4881 12867  8776 13846
ch   46:      0     0     0     0     0     0     0     0     0     0     0     0     0     0     0     0     0     0     0     0     0     0     9   147  3012  7707 13897 10292  7695 16482  4622 10855
ch   47:      0     0     0     0     0     0     0     0     0     0     0     0     0     0     0     0     0     0     0     0     0     0    20   201  5398 12159 11593  7826 10750 10391  7119  9205
ch   48:      0     0     0     0     0     0     0     0     0     0     0     0     0     0     0     0     0     0     0     0     0     0     6   165  4358 11589  8909  8057 14213  4472 13743 10309
ch   49:      0     0     0     0     0     0     0     0     0     0     0     0     0     0     0     0     0     0     0     0     0     0    20   566  7646 14612  9588  9479  7801 12781 11762  9039
ch   50:      0     0     0     0     0     0     0     0     0     0     0     0     0     0     0     0     0     0     0     0     0     0     2   333  5505  3661 12706 12451  5031  8234  9924 11494
ch   51:      0     0     0     0     0     0     0     0     0     0     0     0     0     0     0     0     0     0     0     0     0     2    22   248  6113 12458  4921  8166  9432 14628 12220 13535
ch   52:      0     0     0     0     0     0     0     0     0     0     0     0     0     0     0     0     0     0     0     0     0     0     5   255  4465 10410 11721  5957 11433  8398  9795  9608
ch   53:      0     0     0     0     0     0     0     0     0     0     0     0     0     0     0     0     0     0     0     0     0     0    13   322  5492  5059 11884 12313 10299  6859 13742 12245
ch   54:      0     0     0     0     0     0     0     0     0     0     0     0     0     0     0     0     0     0     0     0     0     0     8   193  3137 11725  4706 14336  8308 13472 15853  9346
ch   55:      0     0     0     0     0     0     0     0     0     0     0     0     0     0     0     0     0     0     0     0     0     1    23   263  6103 15520 12526  8628  9735 10521  9909 14502
ch   56:      0     0     0     0     0     0     0     0     0     0     0     0     0     0     0     0     0     0     0     0     0     0    10   278  4487 14252  4367  9552 11121 11318  7407 11453
ch   57:      0     0     0     0     0     0     0     0     0     0     0     0     0     0     0     0     0     0     0     0     0     1    29   548 12315  5564 12574 12687  8438 11081  8655  9748
ch   58:      0     0     0     0     0     0     0     0     0     0     0     0     0     0     0     0     0     0     0     0     0     0    10   313  3833  4877  8111 10627 11599 12632 10115 10702
ch   59:      0     0     0     0     0     0     0     0     0     0     0     0     0     0     0     0     0     0     0     0     0     0    25   407  9064  9720  6138 13848 11489  8320 11106  4340
ch   60:      0     0     0     0     0     0     0     0     0     0     0     0     0     0     0     0     0     0     0     0     0     0     8   137  3266  6981 12752 13833  7058 12869 10632 10348
ch   61:      0     0     0     0     0     0     0     0     0     0     0     0     0     0     0     0     0     0     0     0     0     0    15   422  7844 14511 10027 13895 10285  8726 14191 14326
ch   62:      0     0     0     0     0     0     0     0     0     0     0     0     0     0     0     0     0     0     0     0     0     0     6   286  4546 13916 16776  9203  5621  9482  8480 11355
ch   63:      0     0     0     0     0     0     0     0     0     0     0     0     0     0     0     0     0     0     0     0     0     4    23   412  9570 12782 11848  8798 12157 10163  8426  8844
ch   64:      0     0     0     0     0     0     0     0     0     0     0     0     0     0     0     0     0     0     0     0     0     0    25   376  8830 13346  8964  6656  8289 11049 10954 12412
ch   65:      0     0     0     0     0     0     0     0     0     0     0     0     0     0     0     0     0     0     0     0     0     1    13   426  8445  8614 13938 12096 13464  9910 13160 11230
ch   66:      0     0     0     0     0     0     0     0     0     0     0     0     0     0     0     0     0     0     0     0     0     0    10   466  5163 10271  6352  9036 12010  8135 15446  8773
ch   67:      0     0     0     0     0     0     0     0     0     0     0     0     0     0     0     0     0     0     0     0     0     0    25   358  6522  8478 10690 12800 11299  9044 11504  7996
ch   68:      0     0     0     0     0     0     0     0     0     0     0     0     0     0     0     0     0     0     0     0     0     0    19   463  6747  6714  6943 10199 13098  9771 11525  9689
ch   69:      0     0     0     0     0     0     0     0     0     0     0     0     0     0     0     0     0     0     0     0     0     0    24   541 10103  9910 11162  6461  8145  9766 12894  7377
ch   70:      0     0     0     0     0     0     0     0     0     0     0     0     0     0     0     0     0     0     0     0     0     1    23   491  5325  9997 13832  5942  9073 13915  9889  6725
ch   71:      0     0     0     0     0     0     0     0     0     0     0     0     0     0     0     0     0     0     0     0     0     2    41   618 15265 10789  9371  7643  9621  8264 10119  5749
ch   72:      0     0     0     0     0     0     0     0     0     0     0     0     0     0     0     0     0     0     0     0     0     1    29   445  8119 12830 12963  7549 10534 12735 13255 10784
ch   73:      0     0     0     0     0     0     0     0     0     0     0     0     0     0     0     0     0     0     0     0     0     1    32   946  6979 13414 10955  8556 16100 10458  7369  5525
ch   74:      0     0     0     0     0     0     0     0     0     0     0     0     0     0     0     0     0     0     0     0     0     0    28   400  9240 12428  9050  5751 12238  7847 14973 14561
ch   75:      0     0     0     0     0     0     0     0     0     0     0     0     0     0     0     0     0     0     0     0     0     4    43   782 12800  8814  9696  9277 14504  8971 13633  9473
ch   76:      0     0     0     0     0     0     0     0     0     0     0     0     0     0     0     0     0     0     0     0     0     1    16   302  6110  9989 10436  9196 15621  8793  9621 12463
ch   77:      0     0     0     0     0     0     0     0     0     0     0     0     0     0     0     0     0     0     0     0     0     1    33   687 12886 13085 10600  8719 12036 10655 15026  8715
ch   78:      0     0     0     0     0     0     0     0     0     0     0     0     0     0     0     0     0     0     0     0     0     2    31   457  8009  4678 12501 12674  8418  5895  7833  9885
ch   79:      0     0     0     0     0     0     0     0     0     0     0     0     0     0     0     0     0     0     0     0     0     1    44   781 11000  7955 10105  6623 10529  7813  8730 13145
ch   80:      0     0     0     0     0     0     0     0     0     0     0     0     0     0     0     0     0     0     0     0     0     0    34   537 11807 12158  6853 13250 11411  7300 15851 11057
ch   81:      0     0     0     0     0     0     0     0     0     0     0     0     0     0     0     0     0     0     0     0     0     1    23   724 12226  9731  9822 12547 12157  7557 10712 15435
ch   82:      0     0     0     0     0     0     0     0     0     0     0     0     0     0     0     0     0     0     0     0     0     1    28   495  6580 13922  9200 10663  9082  9942 13242 11360
ch   83:      0     0     0     0     0     0     0     0     0     0     0     0     0     0     0     0     0     0     0     0     0     1    59   912  5986 12749  4928  8126  8180  5234 13559 12050
ch   84:      0     0     0     0     0     0     0     0     0     0     0     0     0     0     0     0     0     0     0     0     0     0    42   829 11887 11466 10575  8632  8100  3770  9574 11859
ch   85:      0     0     0     0     0     0     0     0     0     0     0     0     0     0     0     0     0     0     0     0     0     2    48  1058 14018  9561  9809 12932 10336 11973  7602  6235
ch   86:      0     0     0     0     0     0     0     0     0     0     0     0     0     0     0     0     0     0     0     0     0     3    18   505  6941 12314  6077  5720 11416 12282 13016 13492
ch   87:      0     0     0     0     0     0     0     0     0     0     0     0     0     0     0     0     0     0     0     0     0     0    39   908 16017 13739  6591 12162 13703  8531  4536 11203
ch   88:      0     0     0     0     0     0     0     0     0     0     0     0     0     0     0     0     0     0     0     0     0     1    31   600  7652 10401  8333  9519  8130  9340  9429 13279
ch   89:      0     0     0     0     0     0     0     0     0     0     0     0     0     0     0     0     0     0     0     0     0     1    30   656 14963  4217  7361 11869 12087  9270 11246  6867
ch   90:      0     0     0     0     0     0     0     0     0     0     0     0     0     0     0     0     0     0     0     0     0     0    25   472  7373 16027 13869  5244  8672  8972  8127 11353
ch   91:      0     0     0     0     0     0     0     0     0     0     0     0     0     0     0     0     0     0     0     0     0     5    59  1085 13794  8106  9590 12504 17953 14232  9233  8039
ch   92:      0     0     0     0     0     0     0     0     0     0     0     0     0     0     0     0     0     0     0     0     0     0    28   448  6700 17112  9796  8678 13667  8223  6457 13603
ch   93:      0     0     0     0     0     0     0     0     0     0     0     0     0     0     0     0     0     0     0     0     0     0    46   788 12394  3541  8810 11212 11572 11660  8283  5013
ch   94:      0     0     0     0     0     1     1    32    52   524  4137 13038  6000  8006  8730 12438 14516  9193 13828 10034 10167  6075 13052  7189 10560 14963  9800 11983 10211  7673 15235 12661
ch   95:      0     0     0     0     0     0     0     0     0     0     0     0     0     0     0     0     0     0     0     0     0     1    44   669 14808  5086 12161  9232  7323 11303 10452 10245
ch   96:      0     0     0     0     0     0     0     0     0     0     0     0     0     0     0     0     0     0     0     0     0     2    14   623 10134 13031 11277  9841 10381 11715  3272  7614
ch   97:      0     0     0     0     0     0     0     0     0     0     0     0     0     0     0     0     0     0     0     0     1     2    41  1249 15899 12940  9577 13382  8938  5131  9742 12323
ch   98:      0     0     0     0     0     0     0     0     0     0     0     0     0     0     0     0     0     0     0     0     0     1    20   766 14880  4394  5478  9667 13006 10318 11060 14699
ch   99:      0     0     0     0     0     0     0     0     0     0     0     0     0     0     0     0     0     0     0     0     0     2    82  1164 16890  4789 13117 10546 12998 12461  9645 14059
ch  100:      0     0     0     0     0     0     0     0     0     0     0     0     0     0     0     0     0     0     0     0     0     2    45   489 12507  4520  9065  8168 10133  6795 15219 11412
ch  101:      0     0     0     0     0     0     0     0     0     0     0     0     0     0     0     0     0     0     0     0     0     2    68  1154 16479 15223  6437 10640  6981 16944  6585 10219
ch  102:      0     0     0     0     0     0     0     0     0     0     0     0     0     0     0     0     0     0     0     0     0     1    18   716  9392  5085 10420  7317 12691  9459  7081 12184
ch  103:      0     0     0     0     0     0     0     0     0     0     0     0     0     0     0     0     0     0     0     0     0     2    47   907  4639 12159 11951  9245 10742 12507 13759 10625
ch  104:      0     0     0     0     0     0     0     0     0     0     0     0     0     0     0     0     0     0     0     0     0     4    34   568 15040 11178 10421  7333  8043  8881  7282  9101
ch  105:      0     0     0     0     0     0     0     0     0     0     0     0     0     0     0     0     0     0     0     0     0     3    76  1450 16181  8164 10729  8473 12187  5069 10367 11604
ch  106:      0     0     0     0     0     0     0     0     0     0     0     0     0     0     0     0     0     0     0     0     0     1    24   817 10566  8277 10564 15373 13388  4849  5195  8121
ch  107:      0     0     0     0     0     0     0     0     0     0     0     0     0     0     0     0     0     0     0     0     0     6    40   965 18256 12057 11221  8905 13027 10630 14543  9405
ch  108:      0     0     0     0     0     0     0     0     0     0     0     0     0     0     0     0     0     0     0     0     0     1    62   890 14622 11659 10974  8545  8434 11807 11350 10421
ch  109:      0     0     0     0     0     0     0     0     0     0     0     0     0     0     0     0     0     0     0     0     0     2    65  1735  2760  7554  9498  9583 15145  8770 15825  8590
ch  110:      0     0     0     0     0     0     0     0     0     0     0     0     0     0     0     0     0     0     0     0     0     1    27   597  8468 13191 12447  7456 12842  9179  9230 12778
ch  111:      0     0     0     0     0     0     0     0     0     0     0     0     0     0     0     0     0     0     0     0     0     6    69  1535 17475 13577  9274 13620 10500  9860 11769 11732
ch  112:      0     0     0     0     0     0     0     0     0     0     0     0     0     0     0     0     0     0     0     0     0     0    65   920 14502 13399  7826  9985  8404  8598  9203 12516
ch  113:      0     0     0     0     0     0     0     0     0     0     0     0     0     0     0     0     0     0     0     0     0     2    87  1086 15613 12084  6976 10112 10585 10725 14285 14070
ch  114:      0     0     0     0     0     0     0     0     0     0     0     0     0     0     0     0     0     0     0     0     0     1    47   826 18148  6533  8821  7399  8105  7227  9736 11246
ch  115:      0     0     0     0     0     0     0     0     0     0     0     0     0     0     0     0     0     0     0     0     0     1   155  1226  4813  8723 11168  7638 13269  9217  9347  8880
ch  116:      0     0     0     0     0     0     0     0     0     0     0     0     0     0     0     0     0     0     0     0     0     2    58   780 14694 10498 10850 16054 12179 11480 10420 10486
ch  117:      0     0     0     0     0     0     0     0     0     0     0     0     0     0     0     0     0     0     0     0     0     6   120  1653  3575  9928 15069 11346  8544 11315  6823  6944
ch  118:      0     0     0     0     0     0     0     0     0     0     0     0     0     0     0     0     0     0     0     0     0     0    39  1033 11872 10123 12095 10974  6584 11256  6668 12048
ch  119:      0     0     0     0     0     0     0     0     0     0     0     0     0     0     0     0     0     0     0     0     0     2    82  1409  5046 12112 13743  9570  9414 10778  9794 12027
ch  120:      0     0     0     0     0     0     0     0     0     0     0     0     0     0     0     0     0     0     0     0     0     2    84   823 12828 14684 13339 11507  7692  7666  9182 12290
ch  121:      0     0     0     0     0     0     0     0     0     0     0     0     0     0     0     0     0     0     0     0     0     4    89  2024  8233 12947  8174  8351  6661  9537 14568 10642
ch  122:      0     0     0     0     0     0     0     0     0     0     0     0     0     0     0     0     0     0     0     0     0     4    62  1198  3292 11071 10839  7519 12356 14065 12924 13807
ch  123:      0     0     0     0     0     0     0     0     0     0     0     0     0     0     0     0     0     0     0     0     0     4   190  1624  6712 10668 13932  8161  8253  5344 10505 11324
ch  124:      0     0     0     0     0     0     0     0     0     0     0     0     0     0     0     0     0     0     0     0     0     7   128  2283  1509  5197  7937 10575 11876 12048 10734 10395
ch  125:      0     0     0     0     0     0     0     0     0     0     0     0     0     0     0     0     0     0     0     0     0    22   245  4785 11735 11439 10555 12900  9833 11825  8782  7998
ch  126:      0     0     0     0     0     0     0     0     0     0     0     0     0     0     0     0     0     0     0     0     1    11   225  2691 13563 11992  7707 10116 10562  5223  9152  7006
ch  127:      0     0     0     0     0     0     0     0     0     0     0     0     0     0     0     0     0     0     0     0     0     7   480  4572 13555  9168  9334 13607 14565 12354  7808 14954
