ch    0:    716   824  1080  1229  1574  1714  2212  2667  3176  3972  4465  5713  7273  8747 12383 12679 10215  7149 12406 11513  9454  8632  9952 11247 13479 12752 11717 13621 10216 11864  8840 10989
ch    1:   2695  3016  3430  3918  4181  4764  5618  6119  6968  8309 10791 11899  7368  8895 11701  9189  9292 10245 12207  7528  8759 12647 10786 11698 10356 11782 13065 10931  9407  9670  7413  5714
ch    2:   3945  4639  1161  1533  2134  3111  3879  4945  6811  9009 10885 13361 14649 11196  9893  9862 11185 13149  7933 13951 12149  7183  7301  7861  7199 15994  9580 12216 10135 10027  7255 10618
ch    3:   2317  3059  3680  4473  5165  6212  7279  8199 10444 12700 11446 10576 10305  9652 15103 10284 10862 10463 10544  4264 10472  6630  8486 10448  7566 11277 12985 10302 15317 13413  7167  7547
ch    4:   3460  4483  4933  2276  3273  4155  5846  7393  9911 12934 11989  9410  9071 11021 10945  6753  9534 13094  8306  8691 13177 12593  4703  9470  9591  9928  4431 14544 13499  8596 10070 12276
ch    5:   2528  3910  4767  5893  7439  9382 11050 13455 11664  7465  7761 10668  8172  4300 16429 10676  6178 11521 11091  8577 14227  9562 10537 10481 11412  6723  9647 10004  4908  8187 12282  8547
ch    6:   2204  3856  4368  6351  7570  9503 11789 13321 12712 10212 10861 13187 11837  8605 11481 14898  9748  9143 10813  5896 14056 16270 13088  9431  6564  5507  8511 15372 13889  6222  9769  9691
ch    7:   3772  4935  6505  8946  7293  9078 12198 10085 14974  9087 10684 10590  3397  9840 13505 11432 12761  5095  9431 11767 10610 14994  8458 11742  9575 12020 10407 10099 10808 12835  7450  8257
ch    8:   2538  2931  5292  6732  8827  6620 10547 10727 13758  6714 10626  5197 15534 13003 10497  8498 10322  4831 13550  6557 16048 12759 10526 12477  9635 11687 12561  8147 10450 12608 11127 10701
ch    9:   4969  6487  7271  8680  7479 12157 10314 11993  7049  9839  9872 11435 10514 10429  5463 11417 10067 11936  8782 15289  9815  4617  8442  8780 11824  2643  3965 10750  9402  6377 11454 14718
ch   10:   4120  5838  8168 10041  8354 11762 12396  8693  7140 16534  7945  8026  4755  7986  7697 11082  7413  7675  5492  7512 13497  8656  7665 11761 10059 12857 10068  8137 12394 12515 16246 10341
ch   11:   8743 10314  9621 11060  8769 12297  4331 10641 16943  7679  3628 15548  5686 10078 13718 11422  7535  7350 10538  8172  9187 13950 12500  8240  8770  9965 15280  7845 12337  7293  7207  9713
ch   12:   7307  7891 11317 10166 14619 16446  7926  8622 11633  8014 13049  9452 13541 13174 11243  8482 13010 11320  8883 11791 13235 12079  9173  8226  7563  7177 11048  7494  9258 14122 11750  9833
ch   13:   9139 11079 13131 11299 12424  9597  8035  9984 10235  7294  5457  9372 16423 10284 10052 10024 12163  8060  9368  8630  7938 11751 10964 12683  8283 13911 14609 14290  9728 10894  5054 11029
ch   14:   6381  9046 12604 11171 14168  6181 12082  9604 13141  9486  6783  6756 14874 10998  8136  9830  9285 11741  7381 13608 13441  7763  6972  7447 10814  8746 11242  9466  9449 16586 14253 10298
ch   15:   8608 10427 14320 13473  9604  9381  7143 13042  9617 10521  5569  7156 13682  7481 10606 13878  8895 11727  9846  8897 10373 11239 13928 10746  7351 12749  8038  6578  8255  9374  6744 14107
ch   16:  10091  8834 11773  9618 15194 10905  9681 17060  4987 14468 14522 12856  9581 10066  8401 12107 13150  8293 10061  9632 11585 11652 11333  7712  9804  9203 13525  5736 14276 10190  7999 13234
ch   17:  10683 10235 14136  8227  6935 10686 12884  7892 13409 11609 15024 10785 10845 10827 10506  7576  6753  7585  6774  9979 12086  8727  8524 10626 13683 11838  7306 12741  8157 12177 11821 12783
ch   18:   7003  8473 12740 12910  9227  8019  8109  9280  6590  6402 14392 10431 11902 11251 11781  9977 10964 10546  5864 11624  9926 12730 11010 10719 13803  9793  9075  7445 13871  5183 10893  9955
ch   19:   9365 11967 11150  8918 10239  5478 14912  4575 14558 11550  8999  8048 11467 13029  9702 11171 11024 13638 11895 10392  9032  9735 14636  9904 11190 14532 13253  7159  8704 10241  8186 11280
ch   20:   6914 10326 15884  4511  7903  9596 13826  8300 14667 15597 16444  8376 13722  9884  6853  7074  9360  5189  8500 10938 12498 13454 10188  6290 13705 10732  6903 14925  7094 13188 10125 10612
ch   21:  10304 15613 15300  7579  9137  9239 12972 10442 10610 12109  6502  6633  8934  9027 11009 13926 10714 11329 13513 10787  7050  8470 10856 16165 13052 10892  8472  8789  9837  7881 11733 13815
ch   22:   8192 12793 12157  5724  8540  9919 13011 10857  7393  9166 11700 13631  8533  8071  6408  8309  8063 12789  7845 10456  7501  7762 13375  8662 14965 11777 14725 14400  9894 13293  7327 10560
ch   23:  15901 14855  7824  9866 12820 11245  9066 10239 13845  8680  9236  5016 12217 10780 10249  8895 10611 12662  7346 12093  4252  8332 13277  3672 11473  9911 10529  9817 14791  9386  6919 10422
ch   24:  13655 16121  9776 10903  7622 11629  9045 16396  7487  9675  8737 13152  7896  9090 10818  6723 10326 13896 13419 11408  5729  9040 12202 10110 11029 11115  9434 14508 13846 12146 13457 11135
ch   25:  17043 10242 10584  7588 13942 10970 14194  8265 11103 10963  8641 11113 12163 11248  7477  8615 13315 10666  8466  8906  8401 11551  8944  9902 11413 12170  9052 11807  8437  9229  9919  8915
ch   26:  11974 16806 10189 11180  8818 14769  7891 18377  6813 10736  7560 11763 10365 12035  8086  5446  9663  7389 11904 13986 10056  8858  9965 10918 12623  8021 10966 13753  9243 12151  9511 12995
ch   27:  16986  9180  7447  8411 15131 12343  8834  6405 11426  7342  9267 12625  9824  9522  8779  9717 13720 14333 13023 12029 10273  9240  5411  6391 11172 13290 11061 11911  8251  8325 10678  8825
ch   28:   8164  9688 11702  8382 12115  7612 13192  7260  7046 11327  9223 14077 11921  5348  8783 11486  9138 10681 12178 11045 10311 10605  7853  8071 13533 10965 10587  9780 11107  6091 10487  7832
ch   29:  13344  8684  9294 11304 11554  7289  9597  7698  9791 12370  8396  9845 10573  9751 12405  7618 12137 10629  8127 13668  9458 11950 11278  8692 12437  9327  7633  7836 10486  6349 11528 12104
ch   30:   7810  7384 11953  7250 14626 13499 13321 11722 11061  7505 12435 11330 10314 12242 13255 13105 13835  9476 10805 11377 10706  9736 10959  7267 10587 11131  3565  6499  9318 11297  5774 11017
ch   31:   9428  7302 13882 11260  9378  9083  7945  8278 12144  9582  8493  9703  6511  9636  9986  5881 10627 10165 12052  7294 10648  8684 12518  8412  8925 16429  9077 17116  5018 11365 10913 15705
ch   32:   4887  8286  8079  9645  9603 12419  5606  6435  8310  9493 12997  8628  8261  9388  7903 12330  9733  8993 12895 14651  9527  8727  9421 11250  9261 11197  6747 10487  6909 13794 13582  9984
ch   33:   7207 15583  8596  6080 11790  9715  9104 11460 13714 12237  7974  8011 12189 14432 12686  8067  6594  6554 15093  8935  7319 11500 10383  8989 10027  5702 14341 12936  8032  9991 11790 10555
ch   34:   5560 11037  8121 13078  9198 10963  7723  7008  7977 12548  8454 14218  8521 10163 11367 13779 13824  6551 10964 10751 11824  9202  4312 11631  9359 13427 13425 14235  9036 14647 13612  7759
ch   35:  11252 13628  5366 13239 10292  7906  8733 10716 11969  8519  9794 13010 11108 11542 10461 10704  9802 11135  7973  8666 12846  8133  8397 14732  8261  8506  8983 13828  7503 11494  9796  7786
ch   36:   6754 11129 10135 12337 15687  9049  8699  6711 15281 13268 12867  6542 15200  9703  9885  6924 12946  8657 10068 11672  9867 11986  7455 11335  5616 11405  9810 13955  9302  9327 11479  6496
ch   37:   9467  8674  7342 13962 11138 13549 12063 16588 17511  5768  3633  8239 10691  4826  6415 12144  8757 12046  8834  7847 12653 13121  8833 12603  8153  8719 14742  7524 13445 11251  6577  6541
ch   38:   9777 11633  7185  6793 11014 10714  9229  6601  3525  6062  6771 12053 10506 11030  5506 12400 11075 13046  8727 10188 12395  9180 11045  7812 13345 11957 10340 14223 14043 11574  9170 12534
ch   39:  12133  6695 12887 12480 13504  8406  9939 14912 12432  3732  8632 12125 13140  4877  5892  9680 10552  8218  9638 12257  9091  9938 13069  8167  6734  7548  9404  9741  9604  8713  8351  5499
ch   40:  11021 11722 10694 11395 11268  8072  5975 14803 13617 12406  9248  9890 10362 15346 10496  9406 10903 16960 12999 11304 13857 11194 12813  9240  3135 11265  8419 10247 11113 15558  6150 12159
ch   41:  11580 10749 10429 13177 13699 13583 11444 15077 11216 11708 14219 13225  7025  8878 11844  8572 10533 12197  8532  9922  4995 10096 11903  9958 12599  8697 10330 16875 14462  8621  6958  9127
ch   42:   8498 10904  5925  8628 11138 11836  5561 17616  7224 11421 14845 12982  9408  6238 12022 10604 12883 11422 11141  8715  6759 12620  6403 10449 13157 10741 10313 10460 13323 13672 12381  8610
ch   43:  11924  6138 11861 10254 13486  9425  4360 13030 10809 14425 10876  6392 10215 10985 13753 14915  6204 12379  8632  6605 10040 10627 12389  8912  5731 10919 12460  5846 11498  4246  9953 10994
ch   44:  12528  9517 12145  7966 12173 10601  4175  8457 14428  8969 13808  8240 10717  9430 10135 11549 10181 10381 11592  6002 14265 12072 10551 11883 12210 15793  7408  8023  9820 12016  7775 10094
ch   45:  13701  7878 11342 10660 12250 10302 13584  7536 13144  8092 10499  9359 13233 11809  6935 10362 10820 12604 14151 14285 14624 14154  8956  8283 12034 10973  7928 11308  9265 10442 10623 12949
ch   46:  10137  9508 11516 10969  5857  9085  9340 14015 12406  5633  9043 13439 10819 10961 13157 11260  9851 10637 10118 11349  4932  8937 10133 10707  9398 11327  6781 12545 10677 15499 11552 12166
ch   47:   6993  8296  5189  9051 11749 15588 11154  6809  5507  8723 12100 10548 16349  4334 11350 12521 12124 15268  8874 11648 13813 10922 10004 10100 11732  7430  9097  7903 14602  6648  8410 10676
ch   48:  13276  8889  7397 10638 13266  7659 14351  7808 12233 12443  9005 11771  8646  7687  7953 10677 11343  9520  7917  7826 14418  8687 11213 12274 12034  9664 11057  7480 11200  5578 15761 13249
ch   49:  11957 11360  6901  9907 16078 15979  8165  9184 11728 11773  8247  5941  6660 15510  9664 10849  6227  8269  9613  8544 12931  8293  8741 12740 12027  6972 11724 10486  9325 10602  8752 13115
ch   50:  10392 13648 10759  9443  6863  9766 10777 14979 15287  7107 10887 10016  8776  8532 12996  9311  6400 11076 10628  8129  9761  9909 13582 12317 11843 12259  6770 12086 11056  9636  6148 12162
ch   51:  13836  8645  9071  4620 11956 12013  8697 11928  5769 11775 14336 16044 12597 11219  8171 10726 12652  6387 12000  6716  9394  8932  6000  9616  6752  8204  7612 10257  9112 11925  9058 12163
ch   52:  12659  7721 11585 10214  4251  5662 14055 12725  9085 11842 12157  3841  9137 11411  8503  7747 12723 10533 12720 10711 11969 12066  8718  6607 11761  7142  9917  5933  7617  6820 10731 12622
ch   53:   7964 13683  8721  9511 11984  7893  6757 10824 11136 13995 11084 10201 13443 10435 12139  8587 10896 10910  3350  5687  7817  7325 12428  9641 10742  4931 10636 15080 13736 12883 14011 13053
ch   54:  12943 13612 13592 13780 12131  9508  7595  5890  6345 11872  9699  7947 12373 14707 11387  5012  7757 12058 13676  7765 11660 13104  6537  8028 15633  8430 12764  7433  9768 11989  5513  4566
ch   55:   5960  9657  8675 10721  5403  8534  6575 15147 13907 13647  8746 12472 15886 10028 12207 10078 15564 12008 12529  6048 10854  7266 12481 12966 13642  4965 11186 14952  6815 10138  7746  6389
ch   56:  12949  7050 10336  8660  6066  8184  9546 11699 10667  9777  5675 10978  8696  7747 12295 11293  8467  7159  9763  8902 13051 13136  9928  8216  7781 10959 10099 11525  8945 14587 13235 10055
ch   57:  10100 14455 10192 12595 12995 10493 14734 10865  8346 11721 11016  9295 12878 12364 13840 12180 11298  8570 10600 10046  9259 11061 13905 10745 10333  3315 10485 12173  5559  9919  8766 13855
ch   58:  10096 12724  9552 13748  4649  9406  6184  9689 13225 16720 13127 11558  6303  8520 11075 12100  7619 16027  9114 11332 15414  7136  7716 12861  9778  6167  9719  9097  7769 10296  9587  8888
ch   59:  10384 12715  7449  5068 11979  6773  9850 12886 15422  1915 14810  9982  4230  9596  9211 10259 10138 13604  9656 12341 10827 11820  8147 12355 11112 11241  7602 13072 16101  4947 13921  8152
ch   60:   8056  7934 10607 14622 12390  4363 13740 10024  7239  8899 11927 11162 10666  7099 14339 15619 12078 10392 13567  8816 13232  8872  9906  4308  9248 10759 13586  7332 14334 11612 10520 10284
ch   61:  13954  6450 11318 11788 10160  6545 11992 13865 10273 11092 11783 10186 12454  5061 12475 10884 12452  5716 14390 14538  8763 12993 11683  9236  9067 10727  9883 13548 17761 15512 10310  6867
ch   62:  12460  9088 13147 11067 11092  4910  8469 10150  4368  8023 11218 11995  8367  9924 11707 16925 14068  8292  9015 11612 15030  6946  7548  6688 11998  3809 11916  9421 10622 10089 12240  9465
ch   63:  11135  7412 11835  7060  8872 11621 10685 10946 12454  5613 11796  8773 13106 13330 10494 12899  8205 11046 11549 14699 16391  6544 13839  8655 14895 10087 10206  7711  8384  7546 10425  5748
ch   64:  13739 10162  8329  9217 12560 10772 11421  9685 10317  9309  8600 10394 11978  6412 11060  8331  7890  6657  6180  7962 10059 11292 14618 12940 12942  6650  6206  8000  9351  6297  7565  7241
ch   65:  12036  8848  5248 12440  9543 13224  5372  5207 11853 11789 14563  9123  9963 11254  9474  7385 12875  9216 11433 13695 11573  5835 11213  9683  8996 12242 13737 11703 11887 11997  5792  9487
ch   66:   8393 10042 13140  7767  9834 10985  5190 10316  9906 11503  9429  6892  7619 12216  9669  9323  7006  9960 10183  7364 11678  8745 10299 11378 13457  4985  9653 13539 10000  6086 14063 16592
ch   67:   7129 11315 10596  7923 11508 14050 11903  6713  6771 11135  7045 10075 10150  7421 12129  6827 11081 13517 12348  9702 10455 14224 12868  8907 11192 10330 10416  6287 11047 12326 12519 10735
ch   68:   7574 11295 11952 12416 10996 10362 11048  9988 12752 10202  9547 12552  7401  9105  9676  6748 10408  7270 11693 14624  7268  8190 10240 12639 11422 10361  9346 14182  9561 10215  9875 12409
ch   69:  11372 10323  8297 15522  8747  9793 14019 12411 12637  3745 13168  8437 10510  8826 12386 11595 10602 11386  9530 10933 10412  9758 16004  7751  8124  7858  8443  8739  8333  9889  9527  7897
ch   70:  15042 12015  9927  9566  9446  8817  8197  7149  6545  9434  9389  8602 14191 10802 12743 10541 11983  9061  8975 13520 12085  7398 11355  7623 15576  8205 11926  6864 10481  9135  7683 11270
ch   71:   8417 13255 10409 11527 13627  9836 12157 11388 10275  5989  9546 12983  8377 12781  8789 14707 10971 11875 10297  4222  7152 10049 12096  7908 13414 12885 10816 10991 11636 10448 11754  7810
ch   72:  13842  8620  6719 12585  6875  7449 16198  8861 14871 11934 12453 10945  8438  9481 10308 11997  7857 10899 15051  9946 11459  8165 12384 10700  5877 10001  9024  4434  4668  9805 10464 10113
ch   73:  11792  9319 10185 13606 11686  7769  9621  7610 10437 11167 12944  7802  7050  8438 11613  5796  6336 12107  7800 12569 13119  7992 12002 11770 10273  9032  7793 10918  5912 12523  9392 12596
ch   74:  10811  9920  9608 13593 10217  8340  9025 13831 10328 11759 15081 11082 14136 14263 12705 13080 11007 15471 11991 11859 13991  5972 11197  8446 11455  8603  7315 14236  8240 10531 13875 12389
ch   75:   7804 10080 10201  8798  9324 12367 10873 11683  9013 10039 10385  7319  8449 12228 10101 10203  7950 12880  8066 10741  9983 10902  6886 12446  6094  8249 11078 10123 11409  5944 13865  7343
ch   76:  11119  5759  8264  9021  9659 13820 11661 10539  8405  7993  9813  8275 10148  9477 11014 11016  6590  9498 11910  9156  9361 12979  9981  7222 12254  8708 10003 12629 10674  9028  6267  8625
ch   77:  11972  8443 11827  7635  9832 12075  9440 10160 14395  9528 10168  6515  7802 12481 13092  6238  6572 13518 13168 12128 11206  9721  5379 12036  9521 12331 12859 12226 10530  9425 13067 12349
ch   78:   9771 11324  8348 12655 13804 10451  9292 12478 10708 10841  6335 10781 14583  7653  7941  7683  9642  8451  4682  8388  8504 12052 13392 11265 10905  6077  7886  8371 11258 14648  6938  9622
ch   79:   8543  8218  9005 11607 14162  9723  7884  6843 11878  9806 10387  4456 11969 10051 14252  8118 10554  8882  7381 16782 10012  5914  6881 10293 11585 10552 12259 10408 13237 12600  7403 12139
ch   80:   4445  7007  8566  9796  5878 14327  9306  4295 15684  9722  6139  8694  7914 10211  8428  8361 11810  9520  6196 11158  7589  6257  5941 11368 11907 14200  9503  7878 11251  9694 12436 10217
ch   81:  10714 11965  6835  7915  5780  8342  6731 13641 14067 15515 13993 16925 12979 14451  8757 11521 12186  4268  8052 12451  8926 11644 14118  5525  7293 12914 10572 12900  9447 12430  6881  8243
ch   82:  13305 11705  8802 10287  8562 12638  8708 13633 10893 14424 11553 13854  9741 11528  4589  8905 10222 15924  7183  7232 13574  9706 16240  8127 10624  8489 13109 13264  8853 10237 13196  9605
ch   83:   4329 14228 15635 10807  8360 12854  5711  6352 12020 10451 10159 14487 13417 11372  8425 12026  8076 11487  9118 11357  9083 12985 10447 13313  7518 10550  7448 14274  4118 11324  9717 11475
ch   84:   6865 13006  5760  7967 11012  8626 11020  9061 13163 10940 14972 15797 11135 11129  8369  9596 10900  6713 11832  9062  7596 11337  8469  9676 15242  8311 10110  6605 10700  7437  9015 12880
ch   85:  13611 13110 14927 10607  7804 10326  9269  9308 13894 12318  8737 14012 12287 13387 11615  9232 10740  8526 12499  5883 10464 11823 12902 13210 13012 18247  9891  9512  7916 10531 11888 10511
ch   86:  14314 12393 13306  8547  7144 16499  9468  4527  7812 14281  7786  9805  8477  8711  6841  4507  9590 13398 14709  6074 10712 10762 12214 11702 11007 16519 12818  8814 13770  8291  8486 15918
ch   87:  14525  5813 10387 15636 10147 11870  8890 14038  7733  7562 10791  9630  9263 11672  6361 12943 13372  7757  8260 11238  9632  8800 10469 11093  8443  8848  8050  7955 10228  9653  8283  7341
ch   88:   4901 12031 10883 11837 10372 13436 11062  8272 12398 11338  4378 11410  9636  6642  5486 12089  9167 10720 10950  8908 10287 10837 13559  7576 13993  9846 12575 10051 10973 10819  9902 11822
ch   89:  10277 11829 10588 12509  6470  4430  9674  6392 12996  9501 14980 12706 10734 11146 12167  8951 12551  8632 12518 14907  7611  8124 10975 11136  4269 13272 14277  7102 11493 10921 11001  9780
ch   90:  14402  9861 10364 11959  6132 13280 11808 10900  9439  7369 11377  8831  9009  5856  5377  9190  9333 10376 10249 11768 13316 10244 10497 10472  9064 16028  9873  7685 13094  8861  7660  6632
ch   91:   7809  9760 14968  6734 12433 10861  9217  6898  7046  5151 11789 11094 12518 12180 12738 10110  9039 10914 12258 11237 11449 11443  8190  7608  7417  7138  6072  7306 12605  6721  8223  8371
ch   92:   7666  9799  9629 10787  8165  5949  9912 12935  7999 11673 12522 12693 14448 13858 12360 14114 12109  7124 10406  9580  8455 12068  4448  7067 13267 15973 10458 10496  5921 15036  7673  7783
ch   93:  12581 15069  6085  4557 14495 13222  8783 12029  7366  7485  6202 11012  9466 16370 10111  9987  8985 10758 13338 10632  1869 11155  6879  9647  7385 10075 11839 10038 11892  9148 16634  7013
ch   94:  13318  9364 13532 11856  8042 10585 11728 10002 10570 11236  9348 11634  6099  8918 10753 13966 12411  4849  7512 12383 11188  9503 12868  9607  8191  8926 15357  6304 13206 10286 11167  8776
ch   95:   9894  9847 11113 10482  8956  8303 11387  6828  9905  3785  8819 12797 11458  6854 10662  9697 12943  9042 10646  5422  9212  8635  5591  7892  8073  4839 13623 10845 13781  8736  6680  6815
ch   96:  11110 13399 14234 10330 12669 11838  9213  7090  9029  5089  4815  9463 11247 11784 12227 12147  8591  9195 10399 10160  8672  8450 13299  9231 10681  9789 13917  8845 10560 11295 11614  9794
ch   97:  11139  8455 10014  8621  7949 11115  7303 10116 11275  7069 12119 13083 12395  9467 11428 10324 13807  7452 10611 13722 12828  8732 11555 13471 12756 10481  9907 12312  6454  9796  9488 11092
ch   98:  10335 10290  9821 13037  8917  4935  7413  5447  8442  8614  9322  6375  6864  7522  8200  6554 15411  9456 11340 16244 10678  8073 10060 10919  9033 12109  9296 10284 10936  7112 12787 10215
ch   99:  10765 10537 10037 11683 12231  8664 11585 10425 10329 12419  9220 12036 10238  6392 12041  6325 12065 13616  9347 10551 11837  9968 15567 10121 13966 10696 10171 10243 11942  7946 10470  7814
ch  100:   7941 12712  8473  9066  4987  9746  8580 13703  8982 14175  7663  8181 13511 13068 11162  9600 10519  9615  4193  8252  7207  6464 11419  7660  7648 11549 10024  9571 10332  4787 10991 14165
ch  101:   7749 11348 11002  8570 10182  8108  9658  9509  3208 13075 10826  9222 12524 14587 10383  5981 10217  8172  8582  6295  9780  7388 10975  6471  8957 11011 12797 13014  9736 10269 12609  7224
ch  102:   9975  7193  6156 14562  8037 12229 12859 13546  7417 16612 14859 10321  9181 12505  6637  6315 11026  6670 10725  9558 11175 11725 10265 15998 15498  5679 12820  8689 13582 12339 11097 11830
ch  103:   8843  9504 11427 12856  9135 13410 12676 13327 11175  6170 11947 12681 10578 10457 10481  5949 13102 10969  9678 12476 11967 13520 14210  8959 10885 14742  8948  5974 13839  3464 12583 10303
ch  104:   9869 12843  9715  9270 14192 11883 10017 11033 15039 15899  6559 10114 14268  9897  9750  6957  5552  8344 11263 11335 12162  8814  3973 12435 10024 11066  9212 12674 11563  9316 10186  7554
ch  105:   7812  6676 12431  9241 11016 12409 11011 10238  8815  8134 12648  4551  9798  8488 10166  6509 15240 10969 15648  7495 10704  7259  5638 11245 13705  9206 10770 10589 11279  9692  9663  7480
ch  106:   7374 12042 13744  9761 12256  8334 12237  9820 15474 10700  7970 11634 11868  8055  8822 11927 13543  9434 10624 11666  9634  9437 10381 10306 12563  6383 10991 12426 16037 13293 11941 11879
ch  107:   8269 10807 12622  9369  9949  9125 11370 12134 10314  7898  7154  6246 15759 13413 12394 11572 10074  7211 11289 11953  9968  7466  8387 11359  9684  6561  8892 12109 13531  9389 11505 13355
ch  108:   4687 12386 12020  8453 10532 11165 15787  8143 10836 15409 10257  8564 11731 10184 15211  8974 14261  9548  9486 13823  9768  8015  5471 11113 10270  7488  9687 11360 11027  8319 14629 12947
ch  109:   5330 12533  8120 10502 13252  8881  7011  9999  7558 10501 11563 10893  8205  9071  8498 12296  6940 10199  7913 10707 11154 17950  8819 11655  8987  9862 12462  8403 10971  5741 12875 14391
ch  110:   8878 10872 11171  8156  8119 10020  7766  9589  9285 12033  9755 11617  9097  7854  8264  8110  7190 12062  7638 10445  9925  9286  4771  9722  8398 13432 11003 11255  9206  9343 10108  9813
ch  111:  10841  9765 15316 10300 10063 11427  6691 12510  8402  6204 15909 11322  8256  8828  3997 10074  9199  8441  8770 10940 12904  8406 10100 10197  9424 10909 12297  9125 12574  4896 15195  9800
ch  112:  14506 10934 10810 13333  5727  9986 11020 10434 13419  7383  8743  9996 11420 13817 15513  7791  4217  7825 10140  5112  4011 12928 12375  8860  4747  8502 12658  9222  9912 11842  5135  7852
ch  113:  10620  9328  7757 11469 14739  8544 13019  7806 10759 12219  4924  7833 12154 11516 11084 10860 14828 11127 13181 15550 11958 10165  7843 12505  4669 11705 10127  3777 11416  4847  7917  6451
ch  114:   8313 11857 13618  7320  7405  9624 10265 13370 11578  8770  6109 12402  6108  8861 10929  7827  7628 11154  8082 11659  8830  9507 12633 10751  7288 13199  6412 10621  8845  9534  5159  5139
ch  115:   7390 13897  6689  5727  9750 11283 12206 13824  9132  6728 11929  7069  8987  5451  8401  8298 12000 14039  7833 13082  6936 12857  2625 10959 10648  7306 10867 11565  7976 15248 11943 12394
ch  116:  11935  8928 13389 10464 10002  8410 11469 10308 10133 13649 10395 11585 10737 10030 10893  4405 11104 13650  7166 14252 15230 16027 15202 11045  6372  6947  8888  3156  7692 13017 12268  7485
ch  117:  13603 13791  7462 11436  6629  6697 17887 16300 10355 14161  9482  8470  6236 10494 11177  9390  8940 16041  6043 10639 16549  6043 12273  7379  7566  2542  9530  9356  5807  9213 10037  7719
ch  118:  13021  8464  7508  6825 10892  8567  5868 12639  7045 12903  6346  9353  8851 14077 10393 11208 10801 13928 12378  4224  7216  7022 11809 10521  9383  7687 12451 10928  8587 13244 12825  7646
ch  119:  12378 11297 11858 12602 12652 11659 14766  9867  9854 10510 12577 11412 15659 13126 10842  6826 12551 12617 13566  9652 13534  7809 12500 11774 14407 11102 12985 10023 10443 13665 14297 12963
ch  120:  11683  6328 10617  7808  6522 13408 14525  6569 14086 13474 11290  8776 11427 11304 10101 11202 15090  9768  9859  8616 10646 10469  8523 11273 10339  8243  8345 14211  6913  5460  9901 10095
ch  121:  10682 12732 11419  8481 12436 12131  7764  8668 11024 10267  7400  8971 11991  9574 12480 13464 11130 12951 10959  9794  9136 10219  8243  9981  8256 12675  9423 11198 11211  9228  8083  7550
ch  122:  11879 13561 14167  6549 13721 10952 14118 11564  8304 11160 13392 12730 10933 10070 10094 10728  7764 10782  9406  8629 11317  8535  7666 10498 13144 11565 12612 11233 11648  9103 12215  8651
ch  123:  15024 12823 15338 11320 10285 13339  9492  7410  8302 13278  6908  5923 10244 10908  9516 13916 14259  9126 10954 13982  7066  8907  7166  9359  7945  9728  9463  5909 10441  9727  9273  9389
ch  124:   5947 11232 11900  6388  4860 11955  8654  6976 10847  4847 13265  8804 16558 10968  6991 11255 11327 14155  6902 15595  7693 15449 12069  9745 12102 11835  8795 15132 12016  7306 12859  4985
ch  125:  10884  5077 13083  8547  6503 10643  9799  9696  8580  7007 10873 12704 12673 11996  6504 13069 15094  9460  8730 11706 14362  4220  6297 13299 15893  8605 10491 11686 13130 15363 10900  7788
ch  126:      0     0     0     0     0     0     0     0     0     0     0     0     0     0     0     0     0     0     3    12    26    91   265  1040  7261  9090 11669  7383 10538  5858 14500 10656
ch  127:   7960 10297 10964 11235 10187  8813  9153 10290 11293  8980  8113 12016 13415 12923  9416  7839  5713 14506  9272  6346 12464 10524  8849 11095 12442 14228  5181  7927  6845  6439  9348  6505
