ch    0:    613   779  1127  2074  1846  2660  3137  3494  4020  5408  6790  8881 10463 12611  9778 10379 12683  6714  9567 10579  5924 15186 11015 11495  9083 10377 12981 12837 10358  9658  7675  9926
ch    1:   1646  2161  2667  3385  4082  5293  5579  2721  3842  5616  8463 10696 15677  7142  9524 13441  8098 10036  7331  6193 14819  8659 12177 11045 11720 12433  9311  9673 10708  9483  9559 11505
ch    2:   2063  2856  3327  3817  4709  6698  3355  4521  6882  9774 12541 12995  4477 12321  7926 11409 14087  9223  9858 10928 10082  9897  6322  6495  8097  8519 13653 15493  6220  4674  8335  9155
ch    3:   3299  4241  4911  5841  6831  7917  6166  8920 10806 13891  3800 14087 10079  8127 13163  9394  5910 16000  9347 16380 14607  6871  5902 12181  9792 11027 10163  5181 16343  9034  4914  9812
ch    4:   2774  3278  4236  6083  6564  5282  6524  8689 13254 15142  5526 13562  7050 15164 13986 11514 11186 11751  8655  7136  7621  4338 12130 16052  8815  8215  6235  9673  7872  9401  7311 10565
ch    5:   4299  4595  5968  7837  8869  7970 10823 14377 17858  5459 10127  5135 12130 12595 11795  9586 11181  7198  9173  9695  7422  7831  8975  4849  9491 12534 10519  7637  6785  9270 11234  8716
ch    6:   4075  5387  6242  8746  9681  8962 12112 12833  6817  7434 11476 12652 10160 13417 14205  9656 10465  7824 10051 10186 10561 11222 10219 10963 14007  8690  9034  6491  7790 10328 15326  6871
ch    7:   6064  7244  8936 11826 10051  8508 12590  9515  8176 10112 12054 10942 12290 15125  7553 10237 12644  9228 11188  6222 12037 10096 10418  7132 12474 10126  8746  8956  5600 10408  7744 14170
ch    8:   5142  5850  7161 10401 11800 13266 12113 16431 10133 12522  8162 10498  9525  7955 13595  8908 11567  7872  7744  8499 10720  8821  5930 10487  6277 11603  6156 10562 14112 11266 11794 10060
ch    9:   8449  9789 12431 10728 15833 10004  7423  7676 14653 12843  7524  4483 12902  5460 10902 15322  8308 11564  9387 10412  7154 13709 11372 10440  6358 15772 11992  8532  9260  6648 13747 11608
ch   10:   8209  9917  9117 10294 10228 11692 10051  6418 11096  9548  6977  9154 11146  8425 12346 12520 10090 16530  9911 11320  7795 10911  9081  9789 10110 10158  7425 12959  6895 11300  9046  4647
ch   11:  11390  9191  8068 11842 13081 11568  6326 15882  7002 12041 14318  6157  8260 11576  9856 11949 13819  9827 10190  8818  9839  5145  8237  9181  6641 11428 13924 10274  9479  8288  9977  7226
ch   12:  12389  6756 10143 14024 13810  7593 13549  8900  7803  9380  9657  5535  5669 11615 10836 13766  9879  8502 10434  6546 10607  9394 12719 10482  6764  6826 11953  9416  9510  7041  9182  8555
ch   13:   7814 10081 13555 11790  9024 11251  9076 11302  9594 15071 11716  9444  7671  9561  9982  8709 13471  6941  3699  7810  7080 14103  7549 12399 10340  6789 17344 13199  9571 10779 12750  8973
ch   14:   9599  9395 10324 12883 10658  9382 11750  5957 13877  9866  7527  7885 12247 10146  9874 12161  9228  8477 13424 11767 12568  6801 13209  8623 11511  6074  8142 10755  9833 10531  9483  6386
ch   15:   9342 13057 13701 11972 10326 12582  6293 14638 16465 13286 11357  9974  9516 11619  7212 14896  7890  7486 11347 11659  7472  8555 11403  7323  8500 13159  9591  8972 11301  9938  5831 10921
ch   16:  11293 12809  7395  8406 10110 15070  8467 15513 14674 15075  6930  8033  6004 10702  6145 12930  6210 12818  6182 12145  7169  7443  4843  9129  6662  9891 13485 14195 12228  9481  5949  7663
ch   17:  14488 13301  5640 11527 11978 10608 14377  9419 10834  9713  9486 13248  9893 11852  9809  9796  9220  8255  8151 11014  9159  5132  9040 11936  7472  7922 12574 15810 11768 11067 11537 12023
ch   18:   7970 11290 16018  8898 10381  6040 13654 10369 10292 11070 12395 11506 10557  6734  7559  6542 12678 11433 12245 13744 12892 11044  8521  8154  7806 13150 12924  8505 11653  8990 10384  8126
ch   19:   9868 15725 11759  6574 14341  9748 11535  9826 10460  8959 10934 11536  9251 10937  8767  9858 10534 10608 11729  8567  5507  5173  9339 10524  8296 11361  3014 11282  9918  7760 11919 12836
ch   20:  14252 17823  7244 12779  9089  8827 10478 12173 10055 11440 13986  7880 10002  5904  9799 13610  8440 14865  6179  5221 12109  9614  9710  8841  9177 11616 11558 10359 12516  8327 10894  9847
ch   21:  10245  6244  4291 16217 10906 12281 11054 12910 11961 10763 14286  7482 10085 10597 11650  9148  6452 10425 10689  8987  4782  9657 10557 10560  6143  8996  9776 11607 13294  5411  9027 14311
ch   22:  12789  6248 13119  7907  5307  6508 12449  9656  6122  9312 10710 12100  6467  9727  8576  9532 10497 11547  7351 13039  9049  8637 11157 11200  7707 11397 11662  3526 10507  6444  8458 10766
ch   23:  10024  8600  9072 12514  9078 12263 12843  8539  8681 12195  7461 12271  9702 13163 14129  7678  5927 12726  8525  8378  8863 10737 11736  7768 15015 13833 12339 10702  9942 11329 14146 13860
ch   24:  11428  7293  7034  5803 10503  5831 14319  5239 11315 11220 11857  6954  9858 10672  9386  8622 12777  8415  8602 13145 14493  7329  7868 10947 15169  8429 10263  7321  7964  6610  5809 13865
ch   25:  11075 13313  7380  8922  9385  9949 13532 13080 11680  7480 11471  9724 11414 11002 12228  6788  7283 12422 10371  7871  9678  8046 10611 12554 12669  5179 12008  9078  9889  6242 10887 12308
ch   26:  10012 11764 11571  8149 10867  9443 10512  9190  8140  9407  8272  9803 12867  9673 11811  9381 11325 10937 12127  7560 13323  8823 11790 11420 12613 16065 11401 11871  8676 11630  6328  7255
ch   27:   7959 12225 15240  7938 13433  9963 12837  5623  8726 10122  6109  9173  9370  8573  6114 11863 10244  7549 11361  6353  8807  8207  8587 11330 11545  9393  8896 12335  9229 12050 10291  8291
ch   28:   5047  6786  9376  6177 13800  6850 10161  9013  8667 11317 11766 12373 12285  2329  7625 11973  9623  8476  4700 15803 10146 15698  6098 11063  3974 13510 11055  3555  8722 10405  7103 11299
ch   29:   8323 13891  8563  9340  6874 12029  7776 13549 10017 11657 11521  8672  9792 14089  7017 10048  8959  8295  8504 12721 11212 12578  8646  9652  8202 10869  8975 12765 14334 11586 15178  7904
ch   30:  11255 11198  6884  8558  8074 11424  6770 11301  9160 12120  8419 11547  7831  9709  9443  8236  3133 11212 10490 10687  7650  9634 12554 10544  6857  7659 10865 12005 14358 11761  8572 11673
ch   31:   9151  9986 11356  9379 13920 10485  8176  8736 12640  8866  7126  9510  7752 13475 10465 13941 14845 12156  9768  8322  5260 12493 10852  7955 10657  9211  8203 11218  7549 11550  4948 10125
ch   32:  10021 14627  8188  7126  9800  9455  9313  6344 10649 14690 11217  9384 10950  7425 11010  9246  9798 11787  5913 14838 11879  7971 12078 11059 13008 12149  6092  9405  8750  9757  9930 10013
ch   33:  13830  9100  5382 13209 10093  7737 13354 12831  8208 10369  7233  9597  7310 12204  7915  8228  9864  8902 12428  8347  9810 11342 13579  6535  8651 10203 11468  9076  9318  8029 10238 10826
ch   34:  11165 14482  6842 11683  5880 12833 10372 11474  8909  9090  6094 11364  8590  4978  5578 12003 13520 12918 12992  9877 15374 10306 12669 11732 10400 12137  6959  9583 15066 11072  9116 13803
ch   35:   8011  9177 13130  9218  6721  7184  8519  7450 10551  8351 13973 13351  5746 11677  9777 14356  8142 15063  5543 11726  9510  9508  9709  7532 11511 13474  8376  8441 11466  9791 12912  6897
ch   36:  11138 13573 12374 12511  9426 12410 13158 13702  8706  9908  5745  8964 10635 13616  5756  8781 15361 10645  5744 17967 12065 10854  9068 10798 14308  5416 10669 10868 17310 13807 10752  5596
ch   37:   8939  5987 14334  8082  9884 13775 10967 12608  8878  9826  3833  8601 11456  9286  4384  7270 13832 10887 11106  8788 11467 12950  5887 12534  5744 11579 10880 11832  8865  8888  9748  9815
ch   38:  14021  9480 12951 16398  8319 10065 10422  7089  7221 14181  7211 12019  6620 10003  8779  8003  9649 12057 10648  6793 10232 10904  9721 12411 10315 13234  8323 12638  6258 10482 10743 14353
ch   39:   7503  9658 14150 13218  9804 10148 14463  9470 10339  9382  9351  9274 14377 11902 16084 11995  9620 13844 13260  9253 13518  9156  9453 12221 10131  8135 12366 11020 12402 10177 13416 12182
ch   40:   8188 11583 10147 15439  9848  8190  7588 10784 11205 10907  7939  6545  6759 12859  9663 10396  8950  4512  8017 10888 14672 11034  9807 11564 10087 13959  8648  9851 11985 12307  9778 13493
ch   41:   5376 11143 11833 10783 10359 11964 10656 11213 14981 13720 13238 12444  7176  8880  9694 11767  6457 11055 10752  4358 11309 10339 12425 10743 10433 10070 11977 10119  8559  8505 14539  9345
ch   42:   9902 11105  8543 10127 14526  5408  8958 10392  9469  9084  8115 11776  5526  9831  3802 10588 10602  7286 12518 14052 13741 11869 10394 10522 10349  8726 12430 13877 12438  8023  4949 14450
ch   43:   8271 11621 11364 10503 12733  9102 11184 10821  9569 10806 11287 10062  8491  6135  8682 10426  7761 12907  8650 14260 11764 12509  5464 13484 16152 12026  8753 11429 11629 13415 13434  9666
ch   44:   9446 10630  9907  6110 11196 11534  6486 13860  9855 11897  6395 13314  8187  7752  8265 11387 10787 11027 14808  8929 10028 11244 10366 10624 13615 11081 10693 10326 11377  7955  5848  7916
ch   45:  11251  8191  9314 11139  8301 11328  8050 12453 12970 12928  8796 12501  6764 11308 13009 11015  5436  6349  7605  9914 12363 10451  8085  8546  7746  7881 11677  5053 15027  8749  8866 12138
ch   46:   6694 13169 11131  8324  5192  7714  4892  9076  8915  9772  9484 11555  8621 10350  9079 10143  8871  9273  3142 10176 10709 10974 16120 12765  8323  6095  8375  7289  9395  8897 11336 10718
ch   47:   6936 10481 11849 16585  8552  7299  7719 14431  7728  9948 12436  9081 10906  8187  8733 11304 11643 15060 13252  6984 13170 12758 12616 14832 14849 12263 13094  7511 11170 11901  7278 12046
ch   48:   6150 11762  9917 15393 15741  8887 11983 11913  7172 12025  9661  5462 13324  8406  8521 11661 11211 13654  4643 12408 11140 11014 10185 12636 10654  8710  9449 12378  8249  9496  3087 10685
ch   49:  11137  6798 10611 11627 10343  7261 14839 10512  8427 15852  9547 11902  7917 10350 13338  9721  9165 11348  8222  8677 12912 13536 15129  8250 13028  9306  8392 10723  9017 10887  9719 13935
ch   50:  12446 13215 13322 12687 10578 10201  7765 10409  6919  6368  6269  9961  9267  8023 11318  8136 10500 12398 10540 11968  8545 12159  8974 13204  7059  5313 10773  7482  9912  4934 12233 12692
ch   51:  15720  4599 12956 10959  8650 13505 10358 10648 10688  8826 13978 12503 10646 15167 10128 13701 11435  4521 14190 11144 13265  9864 15151 14490 14842 10683 16574  8481 11073  7351 12554  4720
ch   52:  14313 12650  4319  9503 11670 12302 13062 11452 11256  8341 11296 10015 11739 10806 10099 12690 11836  9092  5009  9828  8436  6407  9108  7558 11207  9383  5477 12664 10590 12607 12505  9229
ch   53:   9333  9427 15595  7278  9719 14767 15778  9231 14529 12924  8167 10842 14400 12763  8591  8787 13934 12215 10999  9344 12285 12740  9975 10790  6116 11193  8424 12483 11506 12843 10342  9403
ch   54:  11945 10124  9818  7244 11172  8385  8735 12902 11517 12326  5359  9552  9321 11634 11684  9236  8576 11060 13654  8080  8663 10318  8341 14631 13410 12566 14663 10354 11664 10740 12043 13358
ch   55:  15255  7971  7966  9668 11933  9240 10800  7910  7553  6047 11341  6097 13265  9379 12344  6916 12601  7751  8713 14324  8676 10571 14949  9715  8218  8540  7378  8584 10751  7474 11503  6191
ch   56:   5504 11684  6864 11967  9861 10970 10139 12005 15149  9882  9073 10969 11160 10561 11391  8839 11106 13931 14513  7336 10008  7898 14462  6337  6868  7072  9003  7952  9057  6392  8674 12071
ch   57:   9980 10460  8049 15337 13619 12037  6183  9141 10379  7527  6960  9762 10595  7162  9932 12549 11958  6422  6201  7875  8978  8998  7052  7582 14765 12556  7805  8833  8358  7746  8786  6431
ch   58:   8911 12020 12893 10509  8813  8931  8090 11274 10443  5778 11928  4894  7598  8548 10529  6108  8069 10709 12543  9035  9465  7812 10978 11786 11778  6198  6214  8104 13594 11027  9878  9875
ch   59:   9751  7535 10103  8787  8017 10839 12370 10491 10050 14612  8805  7484  8736 10500  8594  6989 13700  6592  9642 10496  7668 12689 12456 10549 12445 11491  8282 11966 11956  9027 11741 11419
ch   60:   6823  9787 12457 10778  6409 13837 12858  5979 13409 11775 13219 15406  4773  8573  9044  6305 11802  9764 12781  9050  9322 10511 11030  9337 11272  9695  8337 11666  8691 10506 11120 11231
ch   61:   9356 10542 11904 10995  9152  7923  8926 12895 12395 12635  7957  8214  8625 15676 12585  6828 11040  4874 11228  8988 11468  9798  7385 10388 11452 14789  8862  7753  9923 10712  8026  8488
ch   62:  11369 11115  9785 11770  8294 10472  8878  9001 10276  7876 13982 12926  7396 17498 10708 12084  5874  9962 13890 10360 12067 11563 11827 11879 10083 11623 11968 10191  7470  9111  7684  9550
ch   63:  11385  8411  5944 10634 11957  8583  5311  8641 10891  6330  8156  9163 11335  8538  6027 12682 11512  8478 10856 13278  7556  9745 12070 12370  8827 10141 11217 15772 10461  7957 11415 10274
ch   64:   7670  9950  6631 11885 10074 11744 10022  8314 12378  9414  9321  7101 10074 15060  8580  8019 12204 14284 13725 14586 11831 15246 12587 11559 12927 10004  6779 10538 11633 15770  7541  8031
ch   65:   9840  8633  6670 11498 14327  8120  6239  9396 10049 14230  8531 11243 14962 10012 13487  8317 15519  9795  9142 11079 10041 10176 12961 12134 13721 11784 13575 13538  5666  9694  8140 13469
ch   66:  11663 11627 12111  7412 10305  6307 11768  8574 11757  6888 10007  8936  4522 14405  8113  5958 12010  6948  8262  5716 11616  7436 11517  6394 10675 12344  9219  8321 10809 10800 10331  6053
ch   67:  11375  8487  9963  9493  7763  9531 11538 10126 10563  7114 14392  6024  7518 11727  7568 11758 12124 11508 15150 15854  6601  8854 12452  9715 16040 13107 15496  7105 13249 11791 14515  8240
ch   68:  10360  7605  9071 12197  9122  7612 14432 11996 11342 15182  9857 12207  5244 10971  7354  6114  9205  8584 10476 12773 13246  6945 12640 11423  8979 10954  1297 12445 11557  9063  9406  7962
ch   69:   9397 10422 10421 13982 10569  8519 12829 12119  9739 11148  7944 12752  5952  9331  7303  8471 11263 11830  9790  5972  7136 13179 10612 10051  7189 13230 14309  4454 11742  8910 12680  8021
ch   70:   9583  7946 12148  7735  9945  7233  8800  4084  9994 10950  8381  7364  9464 12686 11985 14678 11539 12120  9068 10783  9631  9527  9921  5048 11076 12447 10424 10842 13877  8317  6256 11955
ch   71:  12840  8608 11215 13629  7923  9652  5528 10434  8815 12513 10394  8641  8682 13496  8495  9326 10435  7972  8800 17902  9944 10944  7770 11857  9927 13113 10643  7171 10444  4670  9565  8763
ch   72:   9055  7120  6401 11299  8285 12679 15850 11291 12398 12159 12005 13746 12261 13973  6590 10350  9121 10110  5669  5116  8638 11350  9124  6813  8570  6407  8108  6400  9225 14123  9881 12748
ch   73:   7292 10908 10060  9954  6433 12722 11411 13289 10103 10939 10838 11001  6689  8418 12951  9193 10768 12650  8193 15555 15267  8974  9121  9577  9708 13514  8450  9751  8867  9309 12219 14450
ch   74:   6622 13484 13585 11945 11553  5042  7621 14995 10662  8325  6043 10404  9664 11525  7204 13023 11355 13256  9198 11617 12375 12303  8995 12110 10931 11933 10487  7057  7520 10277 10936 13698
ch   75:  16194  9207  8099  6997 13344 13408  7709  5329 10024 10154  7322  9040  9862 10353 10354 10984 10329 11993  6980 12964  9191  7020 12914 12365 11537 12577 11263  6118  4925  9023  9252 12491
ch   76:  13419 10733 14667 10356 15744  8394  9640  9455 10421 11791 11464 11601 13772  5727  9398 15741 13400  8676  8421  5865 10609 10283 10129 12502 13419 16238 11678  7155  9672 10692  8407  8142
ch   77:   7258 10756 12012 11545  7611  9555  9905 13232 12256  8384 11900  8411 12060  9729  5665  5544  4442 11981 12306  9993  7639 10439 12430  5333  9739 15369 15431  9665 11713  8722  6778 11583
ch   78:  10453  6464 11354  9337 10928  9635 11195 13535  6085 12920  9463 13230  8979  6487  5124  7970  8089  7723  6249 12492  9771 10956  8318 10692  4852 13801 10148  9603 11237 11512 11323 10843
ch   79:   9326  5859 11732 13411 12698  9901  5255  9030 12493  7989 10562  8311 12769 12307 10369  8043 14395 11631 11905 10116  4141  9739  7565  9089  9991  9707 13092 12549 14970  9775 11798  7099
ch   80:  12360  9681  7607  7298 14260 13597 11059 11220 11424 15168  7863 12553 11272  8495 10638  7467  6517 10449 11584 10806 10804  9859 12961 15823  5407  5356  7875 11298  8224  9952  6958 11432
ch   81:  10722 14723  8567  7470  7181 12409 11940  8919  9032 14499 11254 12171  3571 10353  9812 10183  5793  6258  8082 10607 11281  9857 10867 11111  6833  6494 13318 10839 13167 11181  9918 13252
ch   82:  11866  8246 15171 11113 14576 11864  3954 10588  6196  9136 12753 13560 14730  8755  6889  9190 12936 11503  8706  9236 10330  9828  2807 10817 10658 12879  9355  5660 10690  9897  9340 12999
ch   83:   9173 13795  6622  9273 10529  9414 10550 11902 10454 13403  9373  3876  8430  7684 11451  8067  9937 13739  9969 12402  8231 11485 11209 10961  9264 12255  9217  7596  7238  8955 13347  8828
ch   84:   6455 10450 14440 14294 11537  9957  9938  8309 11067  8540 10190 13293 13922 13915  8467  7121  9463 12805  8913 11010  9514  9725  7873 14173 14054  9334 11413 15496  8728  8673 12037 13904
ch   85:  12682 14852 10434 13638 12434  7892 12014 10247 11196 10829 13440  9627  1750  9678 12357 11715 14512 11899 12964 10522  7046 11584  8931  8089 12854  7952  6701 10114  9727  6817  6569  6629
ch   86:  12589 12963 10528 11930 16613 13193 13252  9321 11031  8706  6258 11903  6729 12052 14301 10357  7167 13086 12862  7563  3871 12931 13363 14215 12335  5619 10707  6546 12469  6004  8927  6797
ch   87:  11572  5575 14355  5916 12422 11601  9437  8704 13183 10106 11288 10321  9931  7212  8253  9135 10743  6519  9249 14621 11898 11191  8660  7354 11274 12879 10554  7442 10659 10117  7157 11259
ch   88:  11249  9351  9457 11422 13919  8974  9459 13416  7191 12721 13378 11332  9869 12171 11574  8781 10052 11334  9338  9313 16541 12529  6059 11343  5508 11031 11527  6538 11389  7214 13896  9046
ch   89:   5248 10991 12926  8460  6834 14753  8540  9396  8983  5362  4848  9049 12317  5616  9593  8607 12170 10646 10535 14373 13779  7278  4777  6668 10524  9256 13428  5448 12593 12589 11679  3075
ch   90:  11968 12219  9700 12028  5167  8589 10513 11397  7143  6769 12445 11955  8488  8621 10631 13827 12610  6757  9582 10311  9012  9889 16677  9740  9791 11827  9681  7248  5267 10554  9111 11954
ch   91:  12340 10948  7967 13766 10959 12930  9037  9452  6244  9374  9861 13795  7818  8850  8701  9343  9521 11433  8613 12900 10573  7995 13153 10283 10517  7696 10754 10473  4381 10391 11389 13653
ch   92:  11482  6760 14636  5100  7629 11002 15260 13081  9605 13105 13055 14383 10834 14033 10588  9449  8585  7483  6321 10345  8299 10957 10993 10191  9197  5352  7169 13561 11017 13541 14368 10068
ch   93:  13575 11085  6721 13551 11712 11706 13049  9779 12025  7567  7384  7784  7479  8823 13998  9447  9184 11067 12194  6781 17215 11888 10482  9994 11506 12034 10710  7265 12381  8176  4953  7452
ch   94:   9967 10436 13907 11985  7337 10630  8095 12418  8275 10120 12991 11564  7196  8233  9171  7560  8217  7548  9045 11131 10244 10259 14401 10426 14363  8696  9755  4774  8140  8209  9756 13194
ch   95:   8311 11727  8577  9348 10542  5959 10830  8090  6603  9093  6197  9507 10925 10938 10758 11643  4716  7527  5939 11427  8989  6017 11486 11595 11260 12687  9489 13462  6748  8206 10959  7427
ch   96:   8594  8778 14619  6085 10971 15984  8025 13615  7955  8934  9683  8138 11870  8119  6374 11013 11043 10675 10729  9534  9610  7580 11732 10417 15015  8262 12383  9158  8471 10855  9502 11919
ch   97:  10509  7382  5329 10793 13788  9442  8102  6850 10034 13324 12443 10479 11282  7260  7943  6733 11817 11267 11302  6895 12492 10530 11420  3733  8599  6947  9284 12392  7539 11216 10283 14224
ch   98:  10813  5355  7102  8842  8680  9952 11838 11391 12280 15727 15618  7710 10073 14882  7934  7251  6891  8473  9247 10281  7844 15009  8899 12436 13858 13042  9465 12791 13565 10332  8359 10956
ch   99:   7288 11708 11451  8394  8673  9661  8744 11285 15179  5693  9135 10437 12482 14081 10909 11773  9483 10030 12763  9133 10186 12376  6644 13211 12316 13105 13398 10225  8794  4168  9995  9750
ch  100:   7087 13927  9170  8543 11136 11090 12738  8660  9120 10810  9017  9662  7358  8478 10468  9780 15652 11319  9944 11239 11340 13251 11690 13603 13918 11757 10119  7396  2280  8368  9130  9233
ch  101:   8815  9609  9651  7528  9844 14156 10568  8699 11721  7173 10187 12471 12765 15660 12293 10222 14103  8414 11772 10945 10495  9544 10020 12900 12272 12440 12182  7219 10642 14615  9751  7447
ch  102:  10628  8524 17116  8701 10676 10245  8565  7488 11476  5687 17217 11686  8125 14159 11093 10462 10294 10790 11340  9284  7721 12099 11296 10567  6426  9846 11067  9732 11421  5418  8992 14112
ch  103:  11013 14164 12058  6778 10292  7380 12659  5917  7646  8435 11791  8616 12167 11569 13165 10565  8254  7631 11345  9264 12670 12948  5934  8111  8414  6028 14397 12040 10014 15251  9074 14694
ch  104:   6425  7704 12141 11958 11348 14294 11285  9490 13548  5960  9149 11007 12314 13736 13298  9965  8124  6086  9245 12561  9272  8470 12749  9575  7231  8953 11164 10317  8643  9565 12305 17461
ch  105:  11288  6782  9942 13447 12862 10112  5081  8451 15513 13633  8198 11659 12009 14185  9536 13062  8982 15337 12155 13767  3479 10707 12779 14376 12848  9567  8077  8174  8527  5910  8325  6392
ch  106:   8558 15236  9985 14418 11660 16039  8630  9054  2854 11449 10131  7685 13972 12967 12031  9909 10035 13828  9622 13049 11174 15668  5182  7017 10154  9911 13620  8747  7109  9492  6109  4436
ch  107:   9253 11546  9705 13367 12259  7260 14184 11498 11194 11123 10912  9571 12052 14698 12253 12366  8956  8733 13299 12774  8023 11136 10951 11765  7203  8465 13310  4254 11304 10668 13179 14102
ch  108:   9549  4877  6824 12387  9496  5611  7701 12038 11183  8714  8931 14023  6594  9154 14838  8424 11087 10755 11821  9601 12831 10976 16846  7027  8624  7591 12024 11245 10608  7023  8589 12675
ch  109:   5816 11933  9778  7296  9795  3911  8584 13003  9659 12828 10695 12351 12288 12268 10454 11281 13676 12001 16155  6948  9944 11249  9394  5242  7276 13792  7904 13042  7444 11481  5355  7685
ch  110:   7683 10948 12030 12167  8250 11658 12859  6900  5480  9532 11859  8459 11723  6393  9133  9140  9254  9733 10305 12614 11907  9541 11929  9856 14749 12477 12093 13957 16932  6060 14480 13675
ch  111:  11094  9994 11386 10595 10401 12623  7765 10878 10884  9599  9497  8195 15413  9369 12705 10296  9385  9723 10180  8200  7592  8015 11724 11593  8712  8539 10201 10047  9561 11262 14976 11227
ch  112:   7289  8504  9670  9024  6345 14199  8365 10697  9505 11323 10922  3445 15881 10993 11167 11578 10941 10616  8075  7941 12932 10578 10983  8430  6649  8565 13575  9091 10282 13038 11520 15714
ch  113:   7878  8013  8762 11038  9392 16348 10696  8361  7571 12567 11795 12799 15674 11186 10665 10887  9086  7556  5071  7292  6912 10933 11523  7538  8111  7444  9465  7820  7645 10830  6867  9224
ch  114:   9558  9217 11398 12871 11696 11487  7922 12089  9040 16016 13136  8945  9923  8653 11117  7845  7876 11675 13351 11389  8932  8480 15518  9673  9456  7499  7692 11615 10842 10736 11448  8163
ch  115:   7988 10380 10135  9498 12774 11901 10770  7988 10543 10365 10674 11761  9707 13697 10838  8876 10343 14379 17088 10624 13483  4322 10226 11947  8611  9554  6943  8011 14255  8890  5246  9184
ch  116:   8738  8195  9165 12168 12340 11806  8896 13720  9633  5695 12922 11825  6184  8006  7420  8547 12753 12851 12401  5378  9134  7120  7701 14820  9715  9429 12810 11573  7916 11653  8657 11026
ch  117:  11865  9189 10170 12540 10924  8825 12295 10467  9255 10405  6336  8114 12658  7545 15527  6860 10897  9288  8599 10121  8705 12405  8794  4360 14211 10371  8387 14993 10231  8956  7794 12279
ch  118:   7554 11279 11651 13436 12404 12359 13445  8432 13312  8646  9984 13059 12129 14769 12344  7836 14346  4893  7184  8994  7917  8723  9614  9436  6587  8195  6815 10365 10338 12205  8450  8124
ch  119:  12061 12583  9396  7008 11700  9171  2842 13774 10142  9196  8779  8452  8691 13334 13641  9672 13055  7782  9198 13742 13097 11824 11909  4359  8811 12108  7279  9987 13727  7614 10121 12698
ch  120:   9003  8812  8397 12440 11857 10386 12591 10437 11231  8903  9121  5620  9022 13614  7805  4944 10705 10343 13112  7334 14273  3835 15179  5584 14127 15120 10826 13504 13382  9913  6774 13165
ch  121:   5952  7107 11628 10403  6649 12223  8206  9859  9271  8254 11075  8618 15807  2910 11610 11333  8970  7636 13806  8245 11211  6554 10234  9502  9387 13375 10421 11951  8093  5540  8015  5211
ch  122:   7957  8234 13128  9841  6219 12721 11852 13764 10474  8256  7096 11216 13263  6662 13352 12360 10623 13753  9548  8598  6728 15107  9731 12280  9925 10759  9623 11523 12497  8348  9395 12540
ch  123:   7131  9574 11536 11556  8219  7778 12769  9984  6540  7564 13071 10660 12553  6760 14222  9455 10980 13649  8594 11772 12650  7196  6674 10397 10004  9850 13357 13248  8331  7604 11000  9228
ch  124:   6355  8791 11443 11459 10866  9208  4214 11118 11388 12819 10403 13861 13295  5654 10075 13381  6806  6051  8675 13736 12308 11857  9008  7418 14188  3919  9903  5895 12941  8903 10354 11790
ch  125:   9591 10939 14235 13617  9523 10618  7515  8474 11635 10299 13576 11059 15096  7483 10968  6143  9229  6075  8804 11128  7264 13223 13405 11690 10438 11277 11713 14441 12781  6134  6346 11452
ch  126:  12717 11738 10342  9222  9679  8779 13042 10025 10992 13563 12436  9878  7282 10546 15678 10918  6555 12017 10580 14679 12529 10090  6275  9275  7439 13441  8553 11399  4471  4699  8487  9802
ch  127:  11357 12036  7601 11712 10086  9637 10552  7615 11381 12869 12852  6440 13042  8395 12825  8313 11955  9544 10765  8112 10899 12438 11830 11012  8992  7603  4628 14295  8518 12362 12786 12869
