ch    0:    476   670   793  1096  1275  1577  1823  2317  2750  3682  4806  5773  7967 10095 14254 15341  3405  9871 10128  6785  9156  8694  8713  9613 10343  8346  9806  5370  3511  3448 12618 10495
ch    1:    391   529   823  1053  1433  1873  2364  3068  3889  5097  7020  9234 11787 14062 12077  8342  7591 12330  6616 10635 10258 11315  6237 12944 16306 12810  5561  9140 12651 11334  9526  9469
ch    2:    945  1309  1788  2230  2940  3609  4317  5866  7900 10448 13226  7810  8853 13651  9229 11212  8990 10529 12953 13065 13454  5842 12258  2937 16346 11632  5171 10692  8416  9273 11109 11215
ch    3:    639   920  1253  1547  2426  2977  4345  5447  6989  9938 14313 10892  8477  9414  8908 11008  8927 13065  9154 11077 10741  5894  9845 10104 11943 10642  5009  9445 11647 18506  7059  8408
ch    4:   1418  1870  2314  3612  4824  6120  7267  9337 11556 15864  4739 10398  6760 16816 10236  8728  9617 11217  6912 13094  6925  4714 12036 12834 10538 13599 14537  7011 16624 11285 12244  8716
ch    5:   1584  2196  2895  4057  5089  6859  8847  6973  9417 13245  6596 13650  8759 13642  6050  7151 13052  5009 11847  8775 11719  8819 11050 14463  6729  9208 13284  6397 11331 12075  8358 11449
ch    6:   2799  3434  4955  6394  8447  5521  8007 10924 14560 10796  9421 11068  8285  7931  9577  8461  7555 14245  9393 11084 15704 12493  5802  9530  8978  9491  9169  9665 11257 12347  8484 10748
ch    7:   1546  2451  3438  4413  5997  7738  5750  8866 11415 13190  7073 11073  5690 11780 13024  7659  8495  7494  8305  8900  8818  9941  8370 10094 15838  7080 11707 11138  5377  8102 11222  7057
ch    8:   2899  4127  5464  7475  5492  7738 10772 13902 14940  9583 11224  8045 12957  8301 10337  9762 10063  4050 12454 10713 12644 11759 12291 14913  3733 11298 10447  9517  7968 12695 11147  8471
ch    9:   1813  2680  3537  4904  6494  8339  7341 11640 15642  4871 12359  9928 12027 14335  6272 13119 11205  8996  6961  9869  9557 16184  3827 12627  8481 12239 12515 10729  8870 10596  5766  6091
ch   10:   3081  4347  6126  7432  9214  7626 10906 15471  8739 10341 12607 10599 12365  7209 13084  8922  8359  4936  8333 10623 15851 14437 10446 10896  7017  9668 12885 10481  5923 10939 10586 14768
ch   11:   1841  2459  3777  4895  6935  9494  7918 12338  9624  6814 10231  8432 11969 15354 12719 13406 10722 14362  8074 10732 11716 10536  7907 12867 10701 11752 11507  5498 12625  8817 17161 13609
ch   12:   3639  4748  6237  8997  7796 12082 15359 11828  7726 11593  8114 13489 14768  4967 11047  5102  7624 10726  9773  3683  9088  8734 10594 11338  9238  9802 10690 10217  8928 12624  4932 10571
ch   13:   2430  3402  4335  6098  8327  7508 11702 12474 10308 10299  9950 11558  7866  9816 14871 16267  9701 10705  9027  9551 13101  9585 11476 10638 11295 10311 11207  9330 10489 10725 11485  7588
ch   14:   3885  4808  7180  8441 10737 10205 14898  9214  6415 13760  6155  7418  7211  6062 11241  9367  9728 11482  7130  6570 11149 14086  7529  9370 11617  9229  9465  6754 10457  4834  8307  9320
ch   15:   2313  3358  4465  6260  9469  7810 12406 15860  4617 11662  8506  9662  5925  7975 11034 10005 12816 13394  9223 12409 11983  6799 12619  9880  4106 13249 16123 12663  8118 11283 11509 14810
ch   16:   4028  5248  7321 10177  9350 12540 17307  5916 13958  9295 12409  8406 15542  6841  9333  3538 14495  8914  9727  8470  8186 10758 13541  8103 14326 16036 10153 10120  9820  9838 11538  9325
ch   17:   2511  3154  4891  7045  9238 12888 13817 14583  9228  9862  7220 15030  5295 11262  9542 10925 13443 13949  5446  9675 12332 16560  8232 14536 11416 13559  6142  8569  8520 10025  9248  7405
ch   18:   5226  6665  9343 12035 11299 11990 10060  7256 13358  8225 10116  5926  9819 13524  9160  7346 11106  8725 12023  7875 12877 11828  7576  6534 10767  9463 14615  8927 12697 11321  9900 12886
ch   19:   2556  4068  5679  6950 10368 10530 11545  9053  6526 13373 14276 10168 12732 11107  9970 11234  8765 10101 15693  8356 11849 12964 12758  8682 12295  5980  9098 13303  6041 10190 11722  6697
ch   20:   4893  7073  8439 13106 10870 15968  7974 13107 13631 13215 12172 11556 12803  6587 10103  3732 13634 15943  4649 10450 10210  5750  8450 10373  8476  8939  7705 14401  7782  8474 12420 12219
ch   21:   3751  4706  7087 10372 13309 10139 13136  5028 12150  8761 10124 10775  7592  9250  4359 13405  6476  9940  9218  9559 10274 10578 10761 14611  9317  9893 10732  5104 10258 13858 10782  7048
ch   22:   6276  9093 13384  8350 14478 11032  6045 13030  7756  8224  6090  9594 10307 13822  4844 10412 10132 10530  7905 12234  7729  7176  8583 11383 12059 10945 10658 10540  9473  8316  7796  4183
ch   23:   4282  6304  8008 11283  8406 13585 12553 11985 14652 10140 12423  8550  6768  6537  8003  6601  9721  9538 12879  6674 10603  6572 13204 14269 10020  9279 11744  8217 11493  8810  8187  8022
ch   24:   7941 10406 10094 11338 13660  8143 14574  7314 15252 10280  8364  9238 12241 11757  7256 11194  9882 12186 11814 10089  4495 12785 11254  8276  8262 13969  9041  6629  5859 10089 12414 10439
ch   25:   5193  7565  9916 13498 10972 12435  7554 13863  8691  8099 10213  9823  8655 10457  8248  7993 11311 10234 10536 11459 11511 10461  5721  9713 13036 14821 13539 14558  8355  5889 13622  8865
ch   26:   6587  8761 12166  8859 11151  8339  8593 10970 11754  9974 10873 10603  6912 14999 12324 13761  7635  7034 10159 10724  2957  9609 10347  8794 10873  6489 12998  6957  7933  9985 11961 10455
ch   27:   4421  6152  9236 11739  8411 14313  7961 14777  8055  7456  9406 10715  9358  5540  6423  9000 10293 14369  7678 11659  8336  8953 12296  8457 13720 10259 10574 13127  7009 14853  7514  8219
ch   28:   6419  8568 11370  8462 13969  5057  8004  9547 12143 15253 15775 12954 12123  7282  9055 10136  7383  6879 12829 10061 13633 10141  8858  9705 10854 10848 11676  8767  9224 16626  9872 11017
ch   29:   4401  6391  9446 13250 11059 12837  8486 16422  9608  8316 11125 13049 11460  7383 11620 14796 12887  6761 14037  4322 11365 12495  9518 12295  9405 10838  7739 14070  4564 10015  9552  8949
ch   30:   6313  8794 13399  9850 13768  6963 12591 10795 10442 11639  7196  4399 13764 14282 10900  7333 13501 10364  7937 15838  4827  6971 13657 10156 11275 11129  9721  9606  7020  8184  4724  7882
ch   31:   4888  7371  9447 12730 11161 12677  5513 12842 13072 13708 12077 14009 10400 10707  9840  7318  9650  8146  8304  9551 11758  8655  8595  7669 11371  6504 10095  9399 11595  6971  5205  8516
ch   32:   7208  9952 13975 11053 10401  4879 15661 13001  6710 11719 10094 10196 12062 17433 10000 16845 10688 15109 14238  9055 11602 12499 14955  8771  9599  9425 13194  8548 10171  8469 10698  8074
ch   33:   5987  8394 12432 12131  6453  9213 10898  4323  4160  8163 10240  6427  8526 10964 13329  4352  7396  9325  8376  5633  7071  7355 12142 11783 10526  9131 12129 10736 14020 15621 14937  9528
ch   34:   9269 12474 13592 11289  9378 12911 12117  8333 13373  9883 11607  9759  8178 12684 13380  8975  7446  8236 13815 11376 13167  9807 11906  9467  9841  7630  9921 12523 12813 14080  7398  8837
ch   35:   8838  7125 11037 11302  7796 10625 11420  6964  8180  8742  8939 10477 10388 10387  8366 10940 10604 11949 11489 11983  8384  9778  9056 10144 13761 10110 10330 10119 11847 13459 11189  8577
ch   36:   7189 10734 13940 11049 10456 12636 11467 14500 12433 10330  9778  8409  5999 11129 10342 11040  9581  8316 15112 11948  8509  6941 11243  6586 11754 10646  9889  8875 12650 14573 12569 10307
ch   37:   7191  9941 13592 11448 12445  9450 13615 15104 13344 13538  4691  6758 11023 10880  9332 12840  8606  5925 13945  9540  8075 11489  6640 10823  9395 15816 13281 12321 12337  3693 11427  8678
ch   38:  11244 13752 11017  9434 11267  7530 12279  7930  8874 12463  9807 12282 10677  9716 13199 14555  8890  7316  9252 12323  4583 12378  8850 13776 10280  5725  5264  9316 11799  7303 11478 10558
ch   39:   7894 11148 12242 11412  7092 10908 13255 14652 11065 10834  8558 10859  7589  9663  6574  7652  7700  8155  3492  7543  9050 10873 13632 11395 13598  7793  8518  8668 14778 10002  8464  7953
ch   40:  10528 14312  7241  8947 11368  8702 10397 11374 11333  9695  9420 10535  9435 11783 11905  8980 12859 12606 10151  9853  5262 14835  9315 10914  7368  7245 10362  9115 15880 10209 12558 12844
ch   41:  10287 11281 13313  5453  9303  6113 14377 10803  7567 13139 13279  8181 12602 10749 14307  6606 10708  9928  5847  6679  9949 14171 11078 13622  9755  6605  6157 11814  9904  9918  8085 10188
ch   42:   9104 14680  5464  7133 11838  8503 10254 10311  9843 10342  6549  8363 10012  8107  9470  7131 12543 11047 13682 13580  6791 12135 10011 15087 15482  6384 12090  8638  5203 10828  6188  8037
ch   43:   6075 10750 16179  6264 10190  8484  9754 12114  4339 10496  9190 12337 12702  7079  6715 12349  6117 14844 12332  8269  9959  7146 10009  7605  7328  8268 10701  8219  7078 11385 11143  3293
ch   44:  10834 15329  4966 11241  9689 10927  9785 11359  7916 14976 10448  8870  8717 12928  8105  9713 11364  7017  8298 11536  9024  9328 11258 18312  3723 11532 11528  8411 10453  6241 10085  4475
ch   45:   7312 10511 16686  4614 14317  8802 11259  5576  4900 12641  4516 14046  7901 12872  6685  8925  8429  8380  7568  9791 12369 10282  8459 12688  9989 10386 11939 15153 13773 12023  6846 10076
ch   46:  11104 14925  6072 12010  7054 13420 14600 13980  4621  3227  4818 10317  7400  3201  9668 11220  6865 11613 11683 11104 11149  6473  9507  9734  8535  7554 11261 11638 11981 12044 12342  7976
ch   47:   6371  9281 15631  9201 11862 13934 12924  9496  8484  6385  6040 12348  6172  8593  7679 12378  8872  5600 10469  9096 13947  7604 15467  7415 10306  6714  5640  9811  9058  5000  6537 10225
ch   48:  12036 16112  5630 13628 12104  8385 11566  4701  8401  7311 12981  6580  8641  6817 11432  9276 10887  9677 13210 12562  8469  8745  5636 10631  8147  5767  9066  9574  9352  6329 13397 11206
ch   49:   7210 10812 15420  8194 12288 12461 11196  9083  8189  8697  6772  6395 10407  8320 10526  4973  6243 12865 11395  7167 13785 13283  8914 10295  8930  5593 14768 11524 11778  9622 12151 13483
ch   50:  11657 10753  6154 11063  9596 13833 13060  8374  7129 10210 11637 11334 12424 11129 13034 10805 10396 15456 10402 10599  9148  9789 12642 10461  6643  8023 10455 14715  8911  7413 16714 11261
ch   51:   9851 10987 12900  7884 11319  7914 10001 14581 10784  8701 14740 15123  8804  7524 11951  8304 14680 11913  5157 13013  9877  7918  8114 11255  8591  7984  6838 14321 10119  8783  6908 12406
ch   52:  12786 16211  3490 13873  7196 11462 13921  7187  9422 13512 13561  7303 11896 16718 12266 10950 13061  8225 10893  8073 13703 11650 13235  7238 11292  7651 11963 11209  8572 16423  5148 13261
ch   53:   8320 12159 14771  4554 11102  7104  4546  7271 10723  6668  6774  7168  9914 13600 12872  5940 11548  2567 13896 10672 12209  9652 10013 13428  5881  9709 13249  8166  4397 10832 11030 12665
ch   54:  12405 16188  2704 11265 13709 14947  8396 12564 10523 11033 11620  8065 11147 12965  9190  6590  8159  6979  9351 11468  8457 10796 10275 11841  9106 14404  7640  6332  5899  7888  7121  6057
ch   55:   8397 12462 14587  8146 12116  6352 10766 12007 12542  6345  8639 11076 10708  9422  8092  8245 12717 11542 10377 11390 12249  8439 10490 12263  9315  9633 11568 10438  8069  9903 10056 12430
ch   56:  12047 11591  6241 13509 11534  5104 10343 10214 14308  5857 12385 12849 11339  9310  5737 14786 13805 10573 10815 10210 11123  5017  9340 12423  7498 12597 12293  7702 14711 12612 12134 14216
ch   57:   8133 14416 11837  8303 13199 11546 10858 10777  2892 15547 10967  9859  8900  9227  8470  7680 11430 10347  7793  8656  9764 11280  7621 11965  8738  7885  8004 10177  9538 10624  6577  6622
ch   58:  13565 15852  4872 10815  7437 13048 12363 10640 11955  7317 13535  9756 13924  7517 10588 16638 11954  8228 10641 13062 11524 10215  6045 10593 13940 10055 10303 12361  8573 17429 11642 11068
ch   59:   9450 13332  8597  7247  5530  9142  7447  3863 14322  8276 13774 10041 13886 11828 10187  4544  8971  9265 11653 10108 11341 10351  8415 13016 10509  8818  8357 13039  8387  7833  6716 11040
ch   60:  15073  8166  6153  7907  9507  9155 11634  9425  8201 11570  8999  8612 10271 12227 11177 10266 10911 13009  7866 11002 13495  9414  9517 15759 13300  4563  8687  9730 11728 11277 16216 12658
ch   61:  11196 15725  6715 12717  7307 10074  7222  9809 11067  6311 11674 11910 14055 11786  8381  8253  9926 10756 16739 13943 11176  7555  8839 11847  4943 12805  8000 13425  9800  8486  8972  4814
ch   62:  14936  8716  9036 11217 10434  6633 11479  6526 11146  9218 10605 13431 16378  7599  8868  7345 11130  9257 12508  9600  7909 12362  8119 12244 11240 10728  9802  5202  6663 10253 10039 10155
ch   63:   9471 15051  5207 13266  9494  9700 11596  8676 10539 10094 10614 13593  5264 11375 10677 14577 13100  8879 10180  6919  9667  3591 13034 11992  6086 12181 11918 10625 13017 13269 13824 15195
ch   64:  15577 12451  9194  9297  8627  8421  9877 13749  7209  8611  9338  8684 10853 14323  9237  4353 13511  8119  7318  7741  8090 10393 10864 13392  6204  8480  8490 13698  7505 12609 12264  7810
ch   65:   9188 14664  9065 11696  6920  9322  8452  7592 11586  9534  8548  8693 13912  8922 11586 12343 10253  8300 13336  8518 11700 13612 11375 11884  8533  9276 10332 10126  6743  9319 13415  9685
ch   66:  14673  7613 12461  7963  9263 14245  8861 14605 11693  9456  9113 11446  9235 11333 16234 14244  7880 11055 12782  8314  9596 11874  6701  7983 10060  7354  8437 14459  8901 10022  9300 12894
ch   67:  11704 16392  3760 12584 10946 13383 15091 10071  9782  9965 11090  9756  9752 11829 10849 12330  9086 10226 12324  8754  6470  8091 11642  6328  8302 14010  6840  9075 15901 14795  9930  7354
ch   68:  11856 12270 11303  9786  7380 10793  9704 11704 10327 13795 11870 14475  8622  7467  9629  9439 11788 10135 14335  9742  9168  8860  7974  8562  6408  7075 11358 10317  7627 13347  5444  6590
ch   69:  12748 11125  8004 12500 10716  9153  7205 12094  7463 10201 10750 13962 10810 10807 12510  8371 10093  7579 11583 10917  9490 14578 10860 10040 16209  8461 16206 10673  7243 12455 14534  8123
ch   70:  11690 10235 12077 11842  9750 11084 13014  9077  9152  9834  9733  7276  9616  9254  9440  9895  9508  6365  8101  7825  8475  7493  9736  5594 12590 11122 10929 17316 11466  8657 10330  6882
ch   71:  12474 13481  6590 11572  7612  9415 15212  8611 11323 10940 12992  9817 11794  8950  5552 10632  9572  5309  7515 10728  8154 14286  7019  9066  8115  5032 11796  6802 10098 11822  5174 10324
ch   72:   7302  8463 11497  8817 13229 11140 11499  9252  8208 10437 12529  4320 12896 14534  6068 14060 13129 14130 10413  9291 12232  4766 10128 12135 11995  8962 12711 10099  7711  5682  6868 10227
ch   73:  12650 11537  8136  9450  8748  8688  9276 13548 12342  5236 13528 12452 12322  9187  5667  8427 13513 12442  8676  5644 14779  9264  7152  6723 12049 10912  8465 14194 14074  9554  9593 15299
ch   74:  13008  8657  9949 10047 14715  9862  7772 10987  9648 12828  4330  7318 10998  7224 11858  9730 13095  8976  8025 10623  7642 12787 11281  7257 10154 12108 11746  8255 10898 11205 11758  8298
ch   75:  12628  4035 11687  6587  7857  6928 12721 12462 11674  7094  8970  5939  6304 10372  6834 10023 13593  9350  9276 11836  8863  7473  9081  9001  7675 11690  8675 13925  6790  6272  8167 13532
ch   76:  15232 10977  7138 12628 11619  9294  6175 12725 10860 12737  9161 11077  8714 15589  2722  6387 12863 10264 13699 15570 16342 11954 10712  9769 12320 13138 14245  8611 11231 12554  9437  9093
ch   77:  15612  6715 11424  6693  9729  6512  9852  9109 10680  8946 14483  9306  7608 13967  6640 12485 10738  6021 11746 10194 15702  8183 11461  3489  5363 10779 10862  7775  7021 12157  7197 11685
ch   78:  13364  9285 13430 11496  8938 15116 17432  7766 14164  9970  9579  8525  8153 10667  7918  8627 16057  9017 11463 16825  8429  2988 10580  2162  6418  7718  9846 12243  9173 10405  6411  9899
ch   79:   9902  7951 11781  7795 11395  9997 10897 12941 12337 10595 15189 11623  7335  8198 11976 11389  7303 11838 10728  9867 12445 12586 10649  8961 11158 11932  7654 10287  8503  6786 11604  7722
ch   80:   9237 12487  7156  5697  8986 10888 11196 11128  8142 14605  9217 10356  7536 10355  9752 10867  9061  4192  7389 12249 10115  9452  7871 10261 14140  9325  6518  8080 10455  7108  7480 14428
ch   81:  14265  6904 11835  5256  8778  7279 13439 11462  8176  8892  6705  9680  7349 11212  9122  8525 10417  7761 15321 11912  9773 13179  8080 12370 14413  8798 11165 10559 10760 10252  8083  8389
ch   82:   7461  8422  8089 12748 14351  4546 12480  8380 11800 13135 10843  9995 12552  6427 14917  9379 11058 14927 13257  8269  7414  3718  6812  4663  6195  9172 12910 11851 10088  8711 11599  9569
ch   83:  11118  8760  8259 11539 12680 11995 16248 12484  9290 10275  3104 10874 14053 10208 12092 12438  7993  9776 12539 10179  7024 10457 10875 10230  9750 12664 17460 12348 10526  7492 10677 13488
ch   84:  11099  6803 12023 10982 11244  7551 10123  8728  9125 13496  3623  7374  9571 11863  9747  5961  6428 13171 13747 13813 13818 13554  5376  7841  8742 13433  8257 11620  6245 13648  8403  7891
ch   85:  14190  9736 14262 10978 11367 10252 10720 10018  8325  9310  8599  9362 11271  9092  6116 10251 12001  8969 14230 11381  7111 12587  7567 15882  9650 10775 10679 10096 12370  9767  7682 11878
ch   86:   8717  9325  4152 11688  9508 15034 12864 11923 10759  7938  9473  7495  6181 10087  8760  4921 10442 14584 11766  9314  7310  7571 13315  8787 11058 14409 10245 13705 11916 14033  7396  8569
ch   87:  14170  8296 12977  9431 10515  5672 10493  9068 11905  9041 10503 12397  6637  9911 11184  9097  8567 11451 13736 11649  9839  5474  8688  7630 14490  8922  8004  8501 10337  8929  8554  6356
ch   88:  13727 12167 11522  9378  9841  5847 10957  7160 10960  7436  8415 12766 12529  9400 10439  8005  4915 13117 10325  7723 10946  7126  9305  9547  8107 10470 10261 14207  7974 12013 11192 10394
ch   89:   5565 10803  9455  9784 14800  8080 12013  7081  7256 10041  6921  7793  8371  8267 11823  9235  8723 14262 10521  8357 12741 12219 11676 12750  7456  5787 12175 15754  9843  8019 10111 12272
ch   90:  10685  8562 11579 11204  6848 10052 14491 14501  8907 11910  9810  7543 12232  9285 11738 15204  9003 14356 10098  9958  9504  9913 11513  7157 10694 10057  5951  8147 14352  9496 11256 12403
ch   91:  10296 12136  6071  8791  6621  8326  9191  8199  9389  5884 13996  6747  9954  6366 17202  8970 14023 14660  7861  9640 12011 14400  8214  9192 12995 13066 12362  7968 12211  6065 12051 15051
ch   92:   9712  8508  8168  7925  9681  7219  9036 10663  8152  9423  8348 11398 13387 12184  7164  9009 11762  9577  7772 11078 10049 11042 11693  8788  8360 10902 13617 11313  5571 10187 11486 10604
ch   93:  12962 11128  9943 11846 11906  8227  5855 10689 13366 11269  9698 12000  8127 11238  5452 13225  9422  9463 10570  8909 10662 15748  9249 12390 14460 10925  8552 14337 17055 13673 14451  4516
ch   94:  10901 12602 10352 11358 10004  7118  8470  9043  9540  9644 10754 12723  5619  7359  9869 13369  8758  7491 12256 13742  4355 11473  5473 12834 12184  7680  7610  9091  9626 12288  5376 12572
ch   95:  12393 12399 13099 11851 14231  9852  9488  8505 14137  7775 14294 12530  8601 10859  9251  9611 12357  8437  9818 10439  8355  6349  9754 11626  9568 14077 10248 12311 11715 11233  8172  7016
ch   96:  13360  8071 10542  7218 12749  9889 15136  5241 15443 14595 12030 10471 11530  8135  8311  8482  5841  9793  5479  7374 11784  5128 11074 12351  8838 11866  8446 14517  6229 13720 12475 10101
ch   97:  12468 10715  9465 14032  8232  8437  6820  9794 12488  9356  8106 13994  9320 10616  9397 13202 11433  7891 11013 13261  7850 11282  7687  8953  7641  8426 11629  9406 11370  6359 10616 12946
ch   98:  11198 10880  9446 11500 14962  9684 11081 11593  8365  4661 11336  7451  8835  7722  9863 13939  8762 10745  6720 14013  4928  9756  7325 13713 11274 10948 10595 12706  8695 10110 10028 13340
ch   99:  10301 11269  9704  9536  9516 11014 10384 10348  6735 10618  6964 10574 14269 11755  7085  8627  9208 11160  8159 11231 11878 14412  8107 10498 11382 11828  8282 11090 15148 10750  8890 10488
ch  100:  13147 11864  8147  7024  6550 11304 11974 10908 11350 12286 13020 10888 10801 13166  5517  8462 10769  8103  7641  7211  5540  8935 13257  7503 10039  6843 10869 10981 13557 10678 10786 13974
ch  101:  13043 11369 10049 12664 12966  4597 11496  8058 12943 11836 11965 10685  8705 12418 11450 12793  8779  8590 10161  8277  9115  8451  6464 10832  9157  5835 10040 14786 11890  6753 10211  8421
ch  102:   9703  7190 10507  8275 11230  8617  8803 10481 12522 11391  9090  7218  7862 10495 11375 10540  6247  8447 11427  8574 10377 13187 12005  8419 12277  9262 15209  8239 15137 14174 10082 11186
ch  103:  13006  9126 11655  8266 11422 11368  8431 14102 15338  9245 13954  9534 10203 14435  8758 11784 12448 10118 13636 14856 12981  9124  8102 14810  8947 16843  9160  8195  8132 11812  9661 11816
ch  104:   9396 12614  6587 12980  6097 13086 16816  6699  5067  8674  6556 12197 11879  7474 15869  9266 10040 11030  8488 10426 10899 15256 16035 10023  9658 14053  7088 11166 10089 10800 12175  4504
ch  105:   8629 12528 10862  9380 10311 10627 13482  7763  7421  9770  3555  8611  8080  9983  6650 10725  8402 11333 10708  8593 11418  7732 13316  9365  9167 10582  9975 11052  8052 11471  8696 10168
ch  106:  10629 11691  9000 12532  6361 13412  9254  7196  9109 13926  5697  6370 12962 12156 10389 11251  4448 12538  7433 11439  8090  9585 10484  8120  9243 10778  9536  1438 13787  7814  4355 11792
ch  107:  10163 14560 12909 11398 12188 11453 13320  5508  8482  8141 11520  9722 10448 10193  6508 13620 11613  9802 12851  9720 10852  9407  4122 10578  7140 12391  9917  8015  9417  7475 13656  9426
ch  108:   7695 10947  8487  3839 12108 10454  6509  9974 10590  8567 10457 14805  9546  6690  6860  7294  8063  9132 10322  8376  8546 12166 13037 11143  6238 11086  7447  6597  8343 10945  9894 11125
ch  109:  12774  9003 11464  9069  9908 12008  5223 13341 10504  6906 12762  8865 11906  9037  9104 10291 10636  6102 14291 11071  9981  6345  5281 10813 11284  5229 14429 14165 13718 10376  4324 15636
ch  110:  11577 10542  8919 11036  8747  7483 13126 14194  8780 14628 12592 14601 11388 12922  6443 12149 12227 11313 10442 15769 11417 10356 12397 11326 10433 12731 11249 11499 11186 12429  5320  8551
ch  111:  13625 11615 10602 11921  4464  9845 11510  7176  9912  7910  7294  8612 13770 10286  7407 10841  9146  5785  9008 13254 12317 12793 11816 10386  9862  7586 13090 13965 13191  8757 15478  6772
ch  112:  15817  7136  8618  7076 11471 12237 13252  6677 11754 11925 10052  7508  5325 11174 10769  5237  8877  8052  8967  9592  5120  9029  9786 10494  8746 13409  9468  6593 11689 14958  7153 11365
ch  113:   8261  8225  7170  8730  9171 11000  9882  8301 10394 12355  8830 12747 14896  9296 12638 12106 15414  9487  9279 10420  9196 13302  9849 12731  8195 12105  9830 11421 13865  8885  5410 10343
ch  114:   6328  8436  7573  8884 10660 12592 11553  6919 12092  7453  8052 11150 11271 13001 13077  9952 10891 14440 10717 11610 13193  7738 14210  7409  5755  6986 10641 11796 11938 13666 10575  8369
ch  115:   6555 14021  8700  8556 13628 11651  7763 10166  8789 12550  9343 13522 12787 11154  9228 16797  9715  7305 12241 14831  7662 11835 10912 10417 10467 13078 11947 14033  8626 10550  9436 12099
ch  116:  10289 10986  9073 12930  8718 12990  9862  8668 12014 10995  8218 10249 10423  2469  8954 10792 13673 10820 12388 10191 13188 10605 14041  5860 13128  7051 14051 14665  8142 12732  8291 10738
ch  117:   6581  8948  7386  6340  3917 12995 13025 10083 10541 10851 11348 12449 12705  9215  9454 14071  8253  9715  9309 10871  8089 11843  9643 10846 13610  8732 12402  9364 10340  7487 13142  9982
ch  118:   9303  9592  9002 15421 11594  8033 11673 10737 11290  9422 13195  4623 10303  7344  9433  9864 10045  8706 10544  9121 11225 13729  5779  6470 10811 13648  6293  8538 10312 10945 10533  8818
ch  119:   9487  6417  9862  6421 16476  7627 13494  4969  8228  8415 10342  9882 12814  8794 11515  9774 10743  9402 10030  8223 13714  5610  6850  8418 11418 10205 10209  9423 10591 12441  8661 11164
ch  120:  14531  8163 10477  6180 11721  8311 12919 12831  9309 14270  9062  7364 10890  8639 12019 13252 10899 12477  9324 11199  8690 12993  4681 14173 14390  7892  7489 14010 10707  9770 12626  7160
ch  121:  10115 12461 10881 15151 15011  7263  9337  8875  6942 13640 10780  6101 10710 10428 10263 10564  4172  9536  9728 16165 10024 10783 10216 10418  8828 11938  7476  7051 11661  6736  8566  9154
ch  122:  12261 11072 11228 12326  7806 12193  6749  9180 10467 11570  8425 11915 11097  6655  6799 10242  9996 12936  8532 16154 11957 10051 12198 12881  5526  8264  7103  9862  9213 11027  6921 10278
ch  123:  11181  8522 11695  8357 11923  5494  9591  9530 11698 11060  7736  8313 13027 10665 10287  7193  6316  9532 10760  3962  6989 16223 10718  8022 11425  8649 11436 10878 12370 11608 13874  9441
ch  124:  10713 11426  5751 12473 12377 13637  7352  7757 11984  8997 11320 12818  9237 11243  9800  9815  6475 10444 10043 16185  7902  9627 11945 13791  8612 11322 10552 12689  6955 10140  7060 10944
ch  125:   9452 12900  7609 16955 10843  4980  4734  9516 14106  6337 11121 11053  8728  9934  8582 10610  9938  8231 11327  9074  9028 10822 11848  6120  9128  9629 11787 14457 12897  7700  6453  9085
ch  126:   6708  8951  4704 10135  7525  9093 10874 10166 12815  6271 11010  9464 10826  7945  8394  3513  6897  9929  9405 14074  9959 11618  9158  8341  6935 14292  8632  9336 10825 16683 10055 10291
ch  127:   9791  6969 12068 10887 13159  8421 10841  8631  9665  7639  6768 12955  7665  4695  8262  8747  6642 10369  7501  9374 11587  6452 12189  9489 12558 16673  9049  8599  9429  7455 12876  7052
