ch    0:      0     0     0     0     0     0     0     0     0     0     0     0     0     0     0     0     0     0     0     0     0     0     0     4   111  1707 13750 12663  7836  7449  8971  8948
ch    1:      0     0     0     0     0     0     0     0     0     0     0     0     0     0     0     0     0     0     0     0     0     0     1    16   303  2469  5698  5981 11216  9453  8543  5964
ch    2:      0     0     0     0     0     0     0     0     0     0     0     0     0     0     0     0     0     0     0     0     0     0     1     6   306  3581  7148  8280 12392 12688  8737   827
ch    3:      0     0     0     0     0     0     0     0     0     0     0     0     0     0     0     0     0     0     0     0     0     0     0    23   499  4219  8244  7458  5850 11402 12305 16016
ch    4:      0     0     0     0     0     0     0     0     0     0     0     0     0     0     0     0     0     0     0     0     0     0     0    16   192  3320 10672 12661  7628  8742 11290  1122
ch    5:      0     0     0     0     0     0     0     0     0     0     0     0     0     0     0     0     0     0     0     0     0     0     0    30   342  4407  9539 12691 14065 10642 10438 11398
ch    6:      0     0     0     0     0     0     0     0     0     0     0     0     0     0     0     0     0     0     0     0     0     1     0     6   393  3543 15485 12160 13159  9228  6019  1445
ch    7:      0     0     0     0     0     0     0     0     0     0     0     0     0     0     0     0     0     0     0     0     0     0     0    42   554  9292 12428  4541 11069 11854  8191 10261
ch    8:      0     0     0     0     0     0     0     0     0     0     0     0     0     0     0     0     0     0     0     0     0     0     0     8   420  6722  6745 10296  7194  8137 12333  1986
ch    9:      0     0     0     0     0     0     0     0     0     0     0     0     0     0     0     0     0     0     0     0     0     0     2    68   935 11239 11836 12756 12283 13542  6812  4453
ch   10:      0     0     0     0     0     0     0     0     0     0     0     0     0     0     0     0     0     0     0     0     0     0     1    10   340  5800 12364 11636  8096  5129 11805  2201
ch   11:      0     0     0     0     0     0     0     0     0     0     0     0     0     0     0     0     0     0     0     0     0     0     2    40  1101 14843 10264 12585  8184  9347  5883  8764
ch   12:      0     0     0     0     0     0     0     0     0     0     0     0     0     0     0     0     0     0     0     0     0     0     2    12   772 10165  6564 13088 11650  9876 10680  3107
ch   13:      0     0     0     0     0     0     0     0     0     0     0     0     0     0     0     0     0     0     0     0     0     0     2    46  1378 17360 13668 10820 12830 12588  7700 13188
ch   14:      0     0     0     0     0     0     0     0     0     0     0     0     0     0     0     0     0     0     0     0     0     0     0    21   588  7446 12812 14331  8825  7891 10077  3480
ch   15:      0     0     0     0     0     0     0     0     0     0     0     0     0     0     0     0     0     0     0     0     0     0     6    44  1381  4572  9544 12170  7270 12953  8600  9924
ch   16:      0     0     0     0     0     0     0     0     0     0     0     0     0     0     0     0     0     0     0     0     0     0     0    35   963 11154  7703  6518  8414 10567 14831  2092
ch   17:      0     0     0     0     0     0     0     0     0     0     0     0     0     0     0     0     0     0     0     0     0     0     7    74  1216  8463  5150  6600  7400 10156 12271  5337
ch   18:      0     0     0     0     0     0     0     0     0     0     0     0     0     0     0     0     0     0     0     0     0     0     1    28   940  9568  9245  8075  8413  8451 10097  2117
ch   19:      0     0     0     0     0     0     0     0     0     0     0     0     0     0     0     0     0     0     0     0     0     0     3   115  1732 11274 15022  9276  8111 16282 11344 10891
ch   20:      0     0     0     0     0     0     0     0     0     0     0     0     0     0     0     0     0     0     0     0     0     0     2    77  1046 11712  9199 11101  5379  9000  6359  2339
ch   21:      0     0     0     0     0     0     0     0     0     0     0     0     0     0     0     0     0     0     0     0     0     0     5    62  1596 14140 12639  7465  5593 10558  6858 12158
ch   22:      0     0     0     0     0     0     0     0     0     0     0     0     0     0     0     0     0     0     0     0     0     0     1    33   949 12540 10661  9297  9440  8694 12619  1383
ch   23:      0     0     0     0     0     0     0     0     0     0     0     0     0     0     0     0     0     0     0     0     0     1     3    67  1410 12189 11688 11283  9472 16431 11977 11146
ch   24:      0     0     0     0     0     0     0     0     0     0     0     0     0     0     0     0     0     0     0     0     0     0     4    75  2105 13369 10897  9160 13123  5780 10545  1330
ch   25:      0     0     0     0     0     0     0     0     0     0     0     0     0     0     0     0     0     0     0     0     0     0     7    84  1636 11921 11025 11547  8327 11968  9648 13060
ch   26:      0     0     0     0     0     0     0     0     0     0     0     0     0     0     0     0     0     0     0     0     0     0     1    74  1303  8403 12787  8611  6862 11056 14093  1178
ch   27:      0     0     0     0     0     0     0     0     0     0     0     0     0     0     0     0     0     0     0     0     0     1     8   130  2931  8693 11024  9428  4180 11445  7332 12594
ch   28:      0     0     0     0     0     0     0     0     0     0     0     0     0     0     0     0     0     0     0     0     0     0     3    57  1174 12148  8737 12629 10232  8608 10170  1528
ch   29:      0     0     0     0     0     0     0     0     0     0     0     0     0     0     0     0     0     0     0     0     0     0     2    85  2454  9305  6484  9548 14530 11302 15554 15898
ch   30:      0     0     0     0     0     0     0     0     0     0     0     0     0     0     0     0     0     0     0     0     0     0     2    37  1412  9427 11903 12373  9658 12685 15012  1467
ch   31:      0     0     0     0     0     0     0     0     0     0     0     0     0     0     0     0     0     0     0     0     0     0     7    89  3108 10006  9287 11388 10513 10685 12826 10014
ch   32:      0     0     0     0     0     0     0     0     0     0     0     0     0     0     0     0     0     0     0     0     0     0     0    49  1452 15067  6973  5391  9145 11458  7560  1287
ch   33:      0     0     0     0     0     0     0     0     0     0     0     0     0     0     0     0     0     0     0     0     0     0     6   236  2650 10799  4916 12227 11768 11364  6135  9627
ch   34:      0     0     0     0     0     0     0     0     0     0     0     0     0     0     0     0     0     0     0     0     0     0     3   135  2269 10235  6269 11899 12649  9686  9199  1357
ch   35:      0     0     0     0     0     0     0     0     0     0     0     0     0     0     0     0     0     0     0     0     0     0     9   239  2851 12185 10019  8712  9014  9850 11339 12456
ch   36:      0     0     0     0     0     0     0     0     0     0     0     0     0     0     0     0     0     0     0     0     0     1     4    80  1299  7245  8543 10832  9924 12877  4280  1731
ch   37:      0     0     0     0     0     0     0     0     0     0     0     0     0     0     0     0     0     0     0     0     0     0     9   192  3137 13232  8932  4419 10566  4803  7532  9769
ch   38:      0     0     0     0     0     0     0     0     0     0     0     0     0     0     0     0     0     0     0     0     0     0     0   109  2215 11628 10802  6956 15200 13420  5678  1895
ch   39:      0     0     0     0     0     0     0     0     0     0     0     0     0     0     0     0     0     0     0     0     0     0     8   264  2772 11478 15310 10551  6709 18027  9490  5587
ch   40:      0     0     0     0     0     0     0     0     0     0     0     0     0     0     0     0     0     0     0     0     0     0    11    97  2351  9096 13767 11417 11210 10515 11041  1891
ch   41:      0     0     0     0     0     0     0     0     0     0     0     0     0     0     0     0     0     0     0     0     0     1    11   259  3498 10739  7322 10644  4212  6389 10441  9779
ch   42:      0     0     0     0     0     0     0     0     0     0     0     0     0     0     0     0     0     0     0     0     0     2     7   143  3341  9047 12237  8395 12325 12966 12102  1683
ch   43:      0     0     0     0     0     0     0     0     0     0     0     0     0     0     0     0     0     0     0     0     0     1    15   265  3765  5978  9353  7348  9182  8915  9079  8735
ch   44:      0     0     0     0     0     0     0     0     0     0     0     0     0     0     0     0     0     0     0     0     0     1     6   115  3371 10315 13679  6842  9895 10155 11302  2375
ch   45:      0     0     0     0     0     0     0     0     0     0     0     0     0     0     0     0     0     0     0     0     0     1    20   374  4434  6954  5440  6599 11327 13187 10909  8898
ch   46:      0     0     0     0     0     0     0     0     0     0     0     0     0     0     0     0     0     0     0     0     0     0     6   103  3880  9153 11992 10039 16934  9919 12633  1613
ch   47:      0     0     0     0     0     0     0     0     0     0     0     0     0     0     0     0     0     0     0     0     0     0     7   251  4643 11182  6398 14346 10844 12663 10528 10739
ch   48:      0     0     0     0     0     0     0     0     0     0     0     0     0     0     0     0     0     0     0     0     0     0    16   139  5732  8821 11281 10961  9492  8452 14492  2189
ch   49:      0     0     0     0     0     0     0     0     0     0     0     0     0     0     0     0     0     0     0     0     0     0     7   305  6536 12164  7649  9877 14843 11970 13880 10792
ch   50:      0     0     0     0     0     0     0     0     0     0     0     0     0     0     0     0     0     0     0     0     0     0     4   171  3504 11826  9460 15812  7034 11955  9217  2801
ch   51:      0     0     0     0     0     0     0     0     0     0     0     0     0     0     0     0     0     0     0     0     0     1    20   352  5600  9505  9747  6248 11525  8112  7734  8136
ch   52:      0     0     0     0     0     0     0     0     0     0     0     0     0     0     0     0     0     0     0     0     0     0     9   364  5106 12714 13633  6931  8476 10896  5968  2508
ch   53:      0     0     0     0     0     0     0     0     0     0     0     0     0     0     0     0     0     0     0     0     0     2    12   198  4911 12979  8014 10151 13712  9036 10323  8827
ch   54:      0     0     0     0     0     0     0     0     0     0     0     0     0     0     0     0     0     0     0     0     0     0    24   290  4735 11651  9833  8181 12130  8431 13696  2641
ch   55:      0     0     0     0     0     0     0     0     0     0     0     0     0     0     0     0     0     0     0     0     0     0    27   505  6540  9612 10064 10653 12085  8392 10089 11493
ch   56:      0     0     0     0     0     0     0     0     0     0     0     0     0     0     0     0     0     0     0     0     0     0    12   412  4991  6157 11652  7583 12242 10602 10859  2404
ch   57:      0     0     0     0     0     0     0     0     0     0     0     0     0     0     0     0     0     0     0     0     0     0    31   603  7792 12481 12758  8626 15539 10641 10758  8526
ch   58:      0     0     0     0     0     0     0     0     0     0     0     0     0     0     0     0     0     0     0     0     0     3    17   452  6030  6190 18168 11000  6229 15227  8004  2382
ch   59:      0     0     0     0     0     0     0     0     0     0     0     0     0     0     0     0     0     0     0     0     0     4    33   956  9474  9675 10816 12094  6205 11272 11493  9997
ch   60:      0     0     0     0     0     0     0     0     0     0     0     0     0     0     0     0     0     0     0     0     0     0    24   392  5141 11358 12935  9066 10517  7791 12625  3186
ch   61:      0     0     0     0     0     0     0     0     0     0     0     0     0     0     0     0     0     0     0     0     0     1    39   474  7701 10399 16187 10052  6125  3898 10049  8094
ch   62:      0     0     0     0     0     0     0     0     0     0     0     0     0     0     0     0     0     0     0     0     1     2    23   313  5142  9646  7676 14134  8694  6579 17146  2565
ch   63:      0     0     0     0     0     0     0     0     0     0     0     0     0     0     0     0     0     0     0     0     0     1    43   798  9396  6437 11057 10553 10808  3592 11277 11537
ch   64:      0     0     0     0     0     0     0     0     0     0     0     0     0     0     0     0     0     0     0     0     0     0    31   362  6520  8820 11520  4551 15244 11701  7829  2707
ch   65:      0     0     0     0     0     0     0     0     0     0     0     0     0     0     0     0     0     0     0     0     0     0    38   485  8183 11058  8451  9359 13378 10471 10805 12903
ch   66:      0     0     0     0     0     0     0     0     0     0     0     0     0     0     0     0     0     0     0     0     0     2    36   432  5559 11056  9325 12887 11346  8889 13730  3312
ch   67:      0     0     0     0     0     0     0     0     0     0     0     0     0     0     0     0     0     0     0     0     0     1    48   717 10029 10880 11323 14447 11321  7652  8796  5961
ch   68:      0     0     0     0     0     0     0     0     0     0     0     0     0     0     0     0     0     0     0     0     0     6    24   589  9305 16945 11060  7317  9374 10252  5232  3471
ch   69:      0     0     0     0     0     0     0     0     0     0     0     0     0     0     0     0     0     0     0     0     0     2    22   782  9363 10300 12475  6629  5525 13583 12197 12290
ch   70:      0     0     0     0     0     0     0     0     0     0     0     0     0     0     0     0     0     0     0     0     0     1    31   394 10946 10427 13039 10641 11393 13294 11830  5724
ch   71:      0     0     0     0     0     0     0     0     0     0     0     0     0     0     0     0     0     0     0     0     1     4    30   988  9709 12796 10563  6209  9276  7984  9339 10284
ch   72:      0     0     0     0     0     0     0     0     0     0     0     0     0     0     0     0     0     0     0     0     0     1    51   727 11304  9361 10485 13305 10907  5800  9305  3048
ch   73:      0     0     0     0     0     0     0     0     0     0     0     0     0     0     0     0     0     0     0     0     0     4    37   601 10029 12211  8583 10878  7898 10919  9358 14659
ch   74:      0     0     0     0     0     0     0     0     0     0     0     0     0     0     0     0     0     0     0     0     0     1    23   470  6188  9130  9148  6815  5864  8504  9488  4515
ch   75:      0     0     0     0     0     0     0     0     0     0     0     0     0     0     0     0     0     0     0     0     0     2    53   848  8235  9493  8020 12768  8958  7162  8418  8959
ch   76:      0     0     0     0     0     0     0     0     0     0     0     0     0     0     0     0     0     0     0     0     0     1    43   589  6072  7495 12033  8269 13330 14055 12154  4836
ch   77:      0     0     0     0     0     0     0     0     0     0     0     0     0     0     0     0     0     0     0     0     0     0    42   685  9093 10808  9882 11729 13245  9727  7957 10640
ch   78:      0     0     0     0     0     0     0     0     0     0     0     0     0     0     0     0     0     0     0     0     0     1    33   737  8307 10175  6585  6618 11006  8867 16373  3876
ch   79:      0     0     0     0     0     0     0     0     0     0     0     0     0     0     0     0     0     0     0     0     0     4    58   735 11832 13869  8377  7892 11225  9859  4772  9777
ch   80:      0     0     0     0     0     0     0     0     0     0     0     0     0     0     0     0     0     0     0     0     0     1    49   651  7472  9750  7377 10646  9161 11321 12245  7605
ch   81:      0     0     0     0     0     0     0     0     0     0     0     0     0     0     0     0     0     0     0     0     0     3    32   727 11333 10745  7255  8997 12598 11411 13345 13409
ch   82:      0     0     0     0     0     0     0     0     0     0     0     0     0     0     0     0     0     0     0     0     0     0    25   651  6609  7724  7124 13338 14681 10730  8305  5588
ch   83:      0     0     0     0     0     0     0     0     0     0     0     0     0     0     0     0     0     0     0     0     0     4    37  1370 12000 11090  6611 13094  8217 11619  9007 10730
ch   84:      0     0     0     0     0     0     0     0     0     0     0     0     0     0     0     0     0     0     0     0     0     3    44   718 11639 13210 10571 12921 11022  9917  9328  5980
ch   85:      0     0     0     0     0     0     0     0     0     0     0     0     0     0     0     0     0     0     0     0     0     2    40  1042 12144 11156 12623 14361 11695  8878  8366 15086
ch   86:      0     0     0     0     0     0     0     0     0     0     0     0     0     0     0     0     0     0     0     0     0     0    18   336  7165  8083  9286  5758 11507  7383  7301  6089
ch   87:      0     0     0     0     0     0     0     0     0     0     0     0     0     0     0     0     0     0     0     0     0     0    45   884 14364 10742 13001 12649 11372  8552 13119  7980
ch   88:      0     0     0     0     0     0     0     0     0     0     0     0     0     0     0     0     0     0     0     0     0     2    36   655  7826  9168 10092 12420 12564  6689  8574  8317
ch   89:      0     0     0     0     0     0     0     0     0     0     0     0     0     0     0     0     0     0     0     0     0     1    30   959 13586 12093 16224  8776  6705  8557 10242  6819
ch   90:      0     0     0     0     0     0     0     0     0     0     0     0     0     0     0     0     0     0     0     0     0     3    48   761 10869 11183  9143 11558 10240 11086 10597  7215
ch   91:      0     0     0     0     0     0     0     0     0     0     0     0     0     0     0     0     0     0     0     0     0     0    61  1039 13010 12135  9131 10450  8486  5671  8401  8872
ch   92:      0     0     0     0     0     0     0     0     0     0     0     0     0     0     0     0     0     0     0     0     0     2    16   623  5970  9405  8112 13474  9922 11286  7581  7437
ch   93:      0     0     0     0     0     0     0     0     0     0     0     0     0     0     0     0     0     0     0     0     0     0    33   756 11104  7639  9327  7353  4086  9738 11478  6569
ch   94:      0     0     0     0     0     4    19    74   134  1197  8559  6776 16233  6975  9691 12490 11236 14247  7518  7879  9113  9781 17772  7149 12680 10408 12207  7645 11542  7229 12580 10893
ch   95:      0     0     0     0     0     0     0     0     0     0     0     0     0     0     0     0     0     0     0     0     0     6    50  1028 14305  5851 10998 13074  8829  9151 12685  6160
ch   96:      0     0     0     0     0     0     0     0     0     0     0     0     0     0     0     0     0     0     0     0     0     2    31   681 10114  8630  7777  9074  9132  8926  6997  8993
ch   97:      0     0     0     0     0     0     0     0     0     0     0     0     0     0     0     0     0     0     0     0     0     5    84  1461 13787  8374 11177  9066 12452  8330  4376  8824
ch   98:      0     0     0     0     0     0     0     0     0     0     0     0     0     0     0     0     0     0     0     0     0     1    44   495  9963 10538 12527  6616 11532 10466  9456 10882
ch   99:      0     0     0     0     0     0     0     0     0     0     0     0     0     0     0     0     0     0     0     0     1     1    53  1156 10444  7579 10573  8517 11294 12842  9766 12555
ch  100:      0     0     0     0     0     0     0     0     0     0     0     0     0     0     0     0     0     0     0     0     0     1    51   775  7393  9834  9734  9619  9888  8789 15388 17271
ch  101:      0     0     0     0     0     0     0     0     0     0     0     0     0     0     0     0     0     0     0     0     0     3    38  1279 15199 10584  6218 11214  9976  7895 11558  9056
ch  102:      0     0     0     0     0     0     0     0     0     0     0     0     0     0     0     0     0     0     0     0     0     2    19   482  9685  9279 13032  7779 14143 11680  8243 10990
ch  103:      0     0     0     0     0     0     0     0     0     0     0     0     0     0     0     0     0     0     0     0     0     1    59   954 11193 13812  6293 11945 12729  7606 15759 12184
ch  104:      0     0     0     0     0     0     0     0     0     0     0     0     0     0     0     0     0     0     0     0     0     2    44   963 10092 12455 10980  8172  7728  8283 15453 13756
ch  105:      0     0     0     0     0     0     0     0     0     0     0     0     0     0     0     0     0     0     0     0     0     0    60  1056 14531 13108  8551 13205 10009 10429 13447  8919
ch  106:      0     0     0     0     0     0     0     0     0     0     0     0     0     0     0     0     0     0     0     0     1     2    53   560 12623 11133  6555  4495  9305 11404 11040  9130
ch  107:      0     0     0     0     0     0     0     0     0     0     0     0     0     0     0     0     0     0     0     0     0     2   106  1591  4476  7162 11579 11280 11866 10453  6138 11154
ch  108:      0     0     0     0     0     0     0     0     0     0     0     0     0     0     0     0     0     0     0     0     0     2    44   634  8303  8984 10659 12610 11782 11550 10652 15054
ch  109:      0     0     0     0     0     0     0     0     0     0     0     0     0     0     0     0     0     0     0     0     0     3    82  1795  9559  9941  9825  9155  9373  8263 10100 12637
ch  110:      0     0     0     0     0     0     0     0     0     0     0     0     0     0     0     0     0     0     0     0     0     1    25   705 12296  8319 15661 11029 12387  6907  7417 10848
ch  111:      0     0     0     0     0     0     0     0     0     0     0     0     0     0     0     0     0     0     0     0     0     4    46  1128 12769  9463 10133 12031 11825  7785 12486 10362
ch  112:      0     0     0     0     0     0     0     0     0     0     0     0     0     0     0     0     0     0     0     0     0     0    46   876 14030 14573  7242 14149  9143  9173  6573 11942
ch  113:      0     0     0     0     0     0     0     0     0     0     0     0     0     0     0     0     0     0     0     0     1     6    81  1863 10835 11791  8149  9496  8731  7520  7054  9744
ch  114:      0     0     0     0     0     0     0     0     0     0     0     0     0     0     0     0     0     0     0     0     0     1    51   999 12551  6390  9504  6266 12632 12640  8826 11202
ch  115:      0     0     0     0     0     0     0     0     0     0     0     0     0     0     0     0     0     0     0     0     0     3   134  2041  7584 10327 10455  6551  8298  5277 14716 11761
ch  116:      0     0     0     0     0     0     0     0     0     0     0     0     0     0     0     0     0     0     0     0     1     6    55  1482 14008 11070 14602  9503 14708 12280  9859  8405
ch  117:      0     0     0     0     0     0     0     0     0     0     0     0     0     0     0     0     0     0     0     0     0     5   126  1813  3910 10749 12271 15124 13212 10970 10580  5924
ch  118:      0     0     0     0     0     0     0     0     0     0     0     0     0     0     0     0     0     0     0     0     0     9    53  1083 12438  9422 11262  9703 11338  6051 13446  9880
ch  119:      0     0     0     0     0     0     0     0     0     0     0     0     0     0     0     0     0     0     0     0     0     6   143  1674 10261 10009 12522  8799  8612 11367 10667  7535
ch  120:      0     0     0     0     0     0     0     0     0     0     0     0     0     0     0     0     0     0     0     0     1     4    38  1378 11109  9067 16189 10273  8588 10389 11849 13040
ch  121:      0     0     0     0     0     0     0     0     0     0     0     0     0     0     0     0     0     0     0     0     0     7   150  2181 12070  9797  9501  9235  9476 17968 14385 12506
ch  122:      0     0     0     0     0     0     0     0     0     0     0     0     0     0     0     0     0     0     0     0     0     9    58   979 16370  9397 12213  6400  9178 13601 13054 18971
ch  123:      0     0     0     0     0     0     0     0     0     0     0     0     0     0     0     0     0     0     0     0     0     9   157  1469  7821  8405 12688  5530 10182  8466  9714 10168
ch  124:      0     0     0     0     0     0     0     0     0     0     0     0     0     0     0     0     0     0     0     0     2     9   188  1717 12795 12819  8407  8766 13786 12427 12903  9541
ch  125:      0     0     0     0     0     0     0     0     0     0     0     0     0     0     0     0     0     0     0     0     0     9   244  4155 10366  7629 13034 15512 12359 16104  6067 11316
ch  126:      0     0     0     0     0     0     0     0     0     0     0     0     0     0     0     0     0     0     0     0     1     9   190  3050  8864  9533 12295 16172 10659  4678 10517  8797
ch  127:      0     0     0     0     0     0     0     0     0     0     0     0     0     0     0     0     0     0     0     0     1    25   415  5248  8688 13324  5146  9489 10360 15635  6240 11651
