ch    0:   1537  2011  2391  3080  3688  4745  5517  6394  8302 10676 13803 17000  4730  6121 10703 14907 10209  7173 12584  9320  9288 11435  5973 13289 12028  5893 12551  6969  7783  8160  9893  9628
ch    1:   2166  2667  3451  4782  5992  7633  8956 11867 13797 14198  6116  9295 13147 11212 10167  7747  5689 15560 11806 11047  6385 12691  8782 12467  7416 10728  9407 15321  9881 11007 10745 15452
ch    2:   5447  6984  9225 10743  9312 12456 11664 11867  8614  8868  5917 12503  5331 10650 10681 14043 13234  5847 11536  9074 11534 13121  7616 11069  9950  7862  6333 13223  8323 11703  6260 10513
ch    3:   4360  5612  7649  9565 11618 12072 11938 11218  7682 11520 12319  9358 13398 15377  9223 11384  8944 12970  9159 14804 14677 11565 10168  7768  9516 13894 14195  8632  7057  8929 11393 10006
ch    4:   8293 10855 12199 12300 15649 12713  4301  8655  9879 11888 10133 11323 12007  8899  9809  7395 10625 14427 10708  9382  7241 13265  9791  7091  6300  9473  6674  4611 10993  9411 11536  5194
ch    5:   7781 10468 12959  8403  8675 12982  7449  7475 11063  8508  6800  9917 13185  6721 12571 10880 10874 13530  9831 11899 11035 11802 10759  5930 11036 10566  8968 10244  7510  7120 14766 10581
ch    6:  11957 14151 11014 10478 10851  9092  7448 12848  8916  7287 14688  4292 12911 13671  8618 11937 11967  7863 12403  9105  7280 13709 11907 11903 10986  7274 10490 13385  6570 12412  6714  6973
ch    7:  12096 15603 11267  8170 13354 14668  7236 13664  9273 10185 12331  8357 15449  9535  8875  8294  5764 13040 12853 10957 14594 11907  8706  7232 12494 10679  9267  8168  9743  5443  5794  8780
ch    8:  13908 10002  5371 12179 15575  6007 13349  7156 12307 13454 14169 13102 15982  9928 13965 13796  9137  9969 15246 13863  8692  7230 10528 10405 11644  8521  9692 10170  8466 10820 12150 10491
ch    9:  12818 12314 12167  9730 10407  9217 11600  2319 11511 11786 11633 10301 10969  8659 10832  5972  6949  6660 16987  8685  7061  7902  9763 10873  8385  6767  7725  8120 10331 14060  6091  6171
ch   10:  11237  7196  8393 13056  7878 15156  7344 13884 11934 13089 14848  9470 11511  9963  8526 10200  8471  7602  6342 13722 11779  8008 10124 12892 14125  7411 14743  6244 10962 12406  8106 10146
ch   11:  14703 10672  8636  8983  8047  8342 12980 13415  8512  8615  8640  9502 11379  7581 10917 15143  8090  8726  7065 11268 14818  8166 12135  7915 13197 14471  5204 14905  9791 10737 11709 10917
ch   12:   9803  8408  8779 12655  7842 16679  9111  7868 10900  9090  6045  8938 13815 10717  6533  8038 10198  8043 12845 14489 11261  8672  7607 10681 10700 10689 12525  5835 13429  9050  9282  6442
ch   13:  11821 11315  5165 12711  8288  7953  3435  7168 11119  5361  9572  6006 12160  8421 11836 11112 10069 16284 10625  8622 10026 10106 13285 11635  9955 12779  9659  8705  9816  8050  9182  7263
ch   14:   8960  8074  6995  5685 12141 12586  9781 13865 11845 11549 12588 14866 12943  8651 11392  8854 12126  8263  6899 11354  8588 13280  8583 13015  9328 11018 12084  9282  9964 10997  9882 14653
ch   15:  12394 11011  9440 13964  8216 11898 10096 10274  9487 10062  7217 11405 14444 12820 10837  8778 13445 10988 11397  8157 15012 13807  8283  8900  7838  9020  8176  8346 14674 11419  8260 14571
ch   16:  12031  7793  7923  8497 10605  9290 13107  8365  7665 12765 10052 10372 11113 12099 11870 12484  7397  6326  7486 12059 11521  8342 11436  9499  6740  9022 14467 11311 10808  8306  7495  7050
ch   17:   9005  9238 10635  4310 12077  9783  8566  9624  5953 12040  4872 10557 15222  6912  6694  9217  8612 12763  9847 12296  8552 11216 11183  8856  9596 13820  7191  9820 10886 11246 14891  5630
ch   18:  10655  8645 11835  8735  8961 10946 15873 10293  9099 11006 11168  9756 10046  7551 10180 11509 11725 11707 10225 10425  9663 11952  8271 10352  6442  8833  8552 12713  6363 10741 11501  7380
ch   19:  10346  9776 15890 11512 10382 11855  8942 10824 13473  9585 12649  7163 13545  8384 11997 11682 16886  8621 10617 12316 10219  9226 10594  6368 15030 12024  7599  7156 13176  9509 13913  8241
ch   20:  10311  9595 11611  8656  9889  9002  5274 10496  9155 16354 11961 11599  6142  8262  9070 10726  7633 11852 12815 10229  9573 12096  9666  9396  7628  4041  9641 10771 12992 14699 11584 13506
ch   21:   9402  8593 11495 10273 10573 10855 11490  7221  8790  7486 10153  2677  9487  8583 12318  9299 13683  8035  6388  8955 10363  5983 11676 10976  8809 10097 11588 10531 12825 13662 16195  7264
ch   22:   9095  7118 11458  9071 13380 11531 11162 10862 10300 14316 10945  7052  8056 11781 11567 10046 11535 10568  5959  8598 11839 10304 14437  6700  8121  8456 12939  8459  9932  7296 15610  6201
ch   23:  12883  7868 10368  8088 10566 11333 11462 11129 12013  3990 10991  6442 14111 13998 11195  9216  8856 11313 13367  9334  7316  7640  7285 12674  5901 13849 12125 11404 12221  6936  8645 14210
ch   24:   9375 11482 12042  3968  9763  8823  9158 13746 10144 10534 13045  7389 14125  6194  9355 11139 13699 14012 10908 10685 14986  7656  7839 14412 10192  9319 11038 11310  6260 10214 15268 11642
ch   25:  11195  5677 11667  8347 14562 10900  8378 13176 10914  9373 14103  5119  6445 11794  7556  9463  8873 14413 10038 14155 12796 15942  7767 12330  9347  9043 12190  9307  9062 11284  7615  8613
ch   26:   9485 10397 10233  8261 11537 12886 12280 13822  6697  7508  6703 10251 12455 13124  7375 12034 11170 13074 10251 14650 10871 13936 10173  8531  7316  9615 11381 12311 11225 15031 16699 10818
ch   27:   7586 10283  8444  8767 12964  5910  8620 11398 10101  9478  6262 10663  7837  9772  8636 12190  9394 10510 10932 12707 11558 10187 11177 11129 10389 14988 11041 12159  9909  9931  4627 11091
ch   28:  10439 11454 13784  8513  7315 10179 10785 12336  8724 14059 11223 10835  6929 10257  7572  6972 13211 11919  7286 12122 12870  8341 11160  9706  9328 12040 12285 10907 12354 11268 12748 10011
ch   29:   7624 14342  7974  5750 11252 11962 11241  9431 13865 10150 13776  9444  8474 10180  8886  9968 13129  8934  7419  6900 15660  8558 11795 11514 10892  8576  9552 12485 12117  9857 12417  7757
ch   30:  11383 11459 10686  7825  9081 12772 10773  9765  9722  9106 10954 12279  9887 10006  9075  6224 13396 15716  6514 13647  9372  9997 11612  9975 10444  8022  6325 11303 11268  5267  9198 12323
ch   31:   4506 11019 10194  9320 12076 11834 10058 12858  5794 13560  6161 12730 13223 11284 15726  7759 11421 10644  9462  8698  8871 12626  6898  6513 10851  5004 13275  7665 12156  7868  8029  6010
ch   32:  15067  5825  9952 12033  9117  7846 13738  7460 11880 11086 11468 11388 15484 15522  6795  6163  6328  8866  6645 12611  8528  5931  8957 12115  9097 14986  8961  9361 14041 10777  6113 12343
ch   33:   4367 14227  8341  5490 16039  9054 13933 13988  6990 10000 12441 12640 12013  7951 13599 13340 14990 11729 11700 11175  9306  9997  8221  7943  6032 10684  7858  9149  7738 11734 12670 10492
ch   34:  13750  9314 12112 11776  9713  7387  7921  7491  7979  9087 11696 13817 10813 11252  6060 12316 13747 10491 13807 13391 14920  5435  9648 12523  6688  8076  8689  8483 15405 13719 10111  9689
ch   35:  12344  6746 13326 12755 10675 10778 12521  9010  8850 11058  9522 13380 11294 11548  6319  6180 10955 13397 11254 10922  8493 11818  8756  9436 10937 10331 15740  9018 11730 12181 15037 10884
ch   36:  14051 11799  8780  6791 11472 10262 10271  9581 11281 11610 13784 13607  9872 10475 13090  6522 11054  8721  9543 12260 11151  8500 14487  4683  6788  6693 10565 17477  6551 10647  7545 10699
ch   37:  14132  7216  8685  6675  8966  8260  8152  8772  7953 13509 11073  7010  5335  7588 13904  7406  7458  9763 11369 12245  8277 15439  9959 14088  9932 12323  8668 12180  9653  9474 13163 10615
ch   38:   4538  7127 12172 12924 16064  9711 13308 11172 12256 12851 15137  5855  9305  7575  5109 10940 13117 11611 11950 12173  9450  6370  7085  5871  8992  7420 10125  6867  9836 12024  6891 16911
ch   39:  13096 13199 12384  9799  6960 11344 10776 10681 10030 11973  5435 12375 15600 13035  9386 10551  9747 10769  7753  6792  6444 12301  9913 13341  8729  8871  8850  6151  7758  8263 11661 12174
ch   40:   9932  6708  7285 15791  8885 15368  9986 11912  9045 13917  8582  5482  8824 12879 10726  9972  9629  7567 10173  9387  8836  8059 12296 11184 12036  9698  6527 11747 14312 16991  9094  8065
ch   41:  10154 12112 10099  8899 10576 13969 14457  9613 11305 11760 11259 12770  4397 11809  9628  9990 13492  8910 11608  4085  9168 11185 11924 10912  9490 12577 14839 14076  9238  7343 11736 11119
ch   42:   7900 11311 12089 11088 13730  3587 15016 11026  9504  9494  7547  8332  7435  8164  6749  8863 10826 11385  6424  9789  9959 11829  8536  6972 13487  8388 12430 11537 10203 10015  8558  9500
ch   43:  12272  8573 11999 12934 10830  7532 13396 13337  7991  6852 14089 13939  9971  8186  7309 11284  8586  9061 12754 10633 13472 11741  9114 12597  9832  6846  9766 11091  9663  8336 11097  8390
ch   44:   9021 12665 11963 13977  6616 12887 13151 12524 11442 10814 12128 12140  8323  9046 11507  9589  8905 10647  8002  7834 10476 10385  8647 13280 11398  9483 11540 13291  9833  8676 11142  9860
ch   45:  11631 13458 13753 10899  9142 14772 11518  9906 11918 11303 10979  8915  9237 11082 10933  7347  6834  8132 12652 10422  8689 10369 14483  9490 14881 10500  9329 16041 10991 11961 15603  9425
ch   46:  10320 10443 13246 15592 15564 13430  9901  9080 12058 12572  9157 14151  4382  7509  6347  6933  9772  9441 13149 10413 10082 12335  8731  9696  7443 10693 11201  9472  5782 10450  9657  8683
ch   47:  10208 10627 12508  7468  8471  9436 11220 10326  9461  5663 10677 11399  9717 13160  9887  6626 10340  7934  7827  3901 10069  8148  8264 12768 13040  8555 13115  9009 10067 15914  9506 14340
ch   48:  10665 12701  8261  5316  9380 12565  6977  8876  4626 11228  5146  9891 11060 12714 10276 14924  9258 10910 11084 11860 10677  8914  9821 11258 11178 11966 13227 11115  6391 10596  5447 10566
ch   49:  11630  9476 10123 10813  9667  8983  6701 10738  8695 12479 12045  6509 12323 12019  7163 11143  8714  6352  7063 10853  6261  8562 12106 10070 15315  6370 14929 12195 14448 13328 10475  9751
ch   50:  12631 11593  8205 10335  8568 11307  7806  9657  8453  8136  5271  9177  9560  8816  7813  6295  9096  9142 10593 10692 10229 12356  8554  8476  8332 15579  9882 14525 10059 10301  8181  9475
ch   51:  15459  7810 11254  8577 13039  8037 12794  7368  7463 13203  4639 14229  7454 13871  8108  9684  9101  8968  9357 12776 12044  7521  2575  8073 12630 12789 11283  9058  7989  9031 10600 14335
ch   52:   5852 11271  9733 11591  7573 10590  7678  9318 12167  7922 12192  9512 13695  9028  8365 10320  8286  9286  7555  5386  7335 12575  9872 14312 10986 14803 10698 13524  9223 14459 11092  8776
ch   53:  10062 11661 10995 12990 15374  9337  9627 13425  8838  4228 14673 14046 11316 10142 13393 12231  9986  7545  7901 12794 11506 12108 10279 11197  4255  9455 11428  9173 12575 12759  9242  5631
ch   54:   8842  6660 15237  8642 10228 10464  6971  8623 12303 11327 14542 12259 12029  8566 11379  7198 11854 10687  9308  8199  9129 13881  8043  5982 10384 10348 12744 10384 13262 14481  8573  7333
ch   55:   7007 10178 11084 16199 11168 12569  9904 10348 13879  7970 11868 13492  8224  8480  9569  7956 14681  7592  9472 11261  9839  9006 13253  9907  8768 11370  6717 12033 16181 12061 11747 16374
ch   56:  12030  8839 15032 11682 11905 12869 12031 12580 13063 13626  6196  8222 10702 12794 13348 12887  6189 11036 11612 13428 10090 11005 10330 12873  9878 11597 11384 11837  5703 14260 16507 10421
ch   57:   7128  7880 10382 10761 11051  7620 10311 10638 11685 10814 12834  9951 14237  5675 10499 13813 13246  9656  9724  8863 10963 10114 12696  9593  9649 12950 11372 11812 11750  5948 13994  7237
ch   58:  13888  7652 14149  7028  6733  9166  4871  9563 10233 13167  7225  6435 13941  9581 11693  2884  7973 10152  9557 10036  7132 10462  8938  8891 11618 10962 11305 11977 10730 12745  6689 13262
ch   59:   9032 14397  9346  4252 12363  9768  6925 11159 12112  7786 11592 13129  4542 13924 10338  9706 12474 12292 13646 11620  7349  7230  6287  7905  4081 11223 10417  9236 13144  8672  9744  9237
ch   60:  11556 10980  7811  8684  7976 11290 10161 12868  7757 10109 10589 10141  9411 16577 10656 10426 15620 14065 13350  9161  7969  9478 11224 11645  5519  8132 12075  7661 10659 10857  9976 11364
ch   61:  10110  9146  4223 10818 14290  4461  8178 14527 12029 10143 10271 10645  7274  6811 12982  7704 10050  8524 11319  3063 13605  7895 12639 16600  6366 11918  9606  9042  8572  9992 10603 12666
ch   62:  12323 12283  4085 12951 10196 12398 13964 12653 11110  8379  5865 11162  4035 11720  9576 12169 14517 10344  4591 10483 12100 10363  7999  9913 10836 11139 11002 17083 12180  6354  9641 11043
ch   63:  11289  6725 11412  9716 13390  6458  6302 11758 12077 14044 10024  7353 10163  8877 13970 10084  4651 12708 10066 15450 12991 11753  5079 10351  7963 10991  4301 10817 10699  4931  8174  9557
ch   64:  12945  5977 11736  9876 12264  9744  7224  8534 10353 13291  9699 10922  7179 15112 10420 10575 10146 10539 12643  8298  8168  8045  9952 12284 12337 12644 12296 10592  9379 13910 11364  9216
ch   65:   9964  5991 11969 13700 10133 10460 14074  8190 11517 10520  5560 13514 11423 11241  6544  9818  8398 12875  8943 10301  9484  9247 10769 12486  6265  7841 15340 13489 13959 12109 11452 11447
ch   66:   7923  9176 12412  7019  9813 14968 15976 13935  9764  8070  8358  7022  6301 10886 10723  6545  9917  9903 10849 10908  9398 11085  8171 10616 12371 13651 10407 15761  8263 11088 11112 11300
ch   67:  11250  7953  9240 12751 10863 10916 14372 11287  8925  5860  9482 13230  9297 15313 12797  8873  9728  9702 10588  7162  9083  8291  7314 12754  6978  5770 13260 11430 12095 12410 12318 12355
ch   68:   8610  7394 11951  8045 12842  7606 10515 12732  5644 11033  9601  8222 12587  8633  6090  7460  9944  8756  7102  9398  7007  8556 12748  6455  9961 15520 14682 14382 11311 11432 12318 12056
ch   69:  10353 10543 12392  7701  9648  9690  4402  9404  5320 12329  9823 16666  9585 11074  7227  9853  5502 14740  8375 14161 12776  7020 10755 12060  8427  8039 11521 11211  9888 13832  8587 13080
ch   70:  12028 12333 10914  9463  6854 11290 11555 10154 11018 10761 13034  8352  9937  8225  9353  9732  9016 11320 13909  6334 10740 11554 15965 11674  8285  9223 10790 13749  8578  4972 14558 10368
ch   71:  11016  9935 10627 13858 17003 10313  6876 12222  8359 10570  8117  7191 10686 10641  9253 12332 14484  8507 13859 12345 12262 12687 11836  9357 12978 13336 10408  8903  9302 11549  9274  8457
ch   72:   8743  9452  7862 16739  5116  9063 14989 11590 10355  9177 17146  8507 11823 15379  7502 15536 10380  7612  5703  8938  9422 15839 15598 10162  8342  9765  9749 12460  4849 14095  9954  8445
ch   73:   4328  7148 14791 10151  7356 12099 12882 12414  9461 12670  8039 13566  8768 12139 14559  9175  9717 12996 10783  7911 10198  5997  9316  9840  5744 12328 10849 13969 11216 11027  7932 11134
ch   74:  10391 11838 10456 11560  7728 12982  7885 13614  6988  7431 10443  7213  7026  7955  5957  6595  8060 14388  8678 12538 13980 11906 11357 10587  7970 10521 14940  8591 14734 12951  9872 14302
ch   75:   9367 10186 10280 10090 10116 13710 12086 12818  8845 10351  5896  8300  8145 13082 12836 11372 13972  9677  9366 11730  8657 12347 13087 11681  7199  5330 11634  9616  8148 15799  7620  6744
ch   76:  14011 12701  6687 15410  7823  5735 13399  6174  7657 14054 10241  6364  6712 14039  7693  8363  8752 17018  8123  9737 11410 10221 11727 10237  4818  8245 12043  3370  9345 12757  8897 12600
ch   77:   5964 15282 10021 12230  8199 18619 11199 12116 11772  7778  9928 16505 11548 11123 13264  9335  9728  7286 13429 13901 10753  9529 12208 10475 12490 12868  6802  6896 12270  9408  6535 13131
ch   78:  12723  8831  9924 14543 10895 15201 11441 12335 11201  3246  9580  8375  8556 11054  9628 10233  6136  7757  9969 12513 13082  7894  7084 10372  7671  6296 11022  8742  8607  8860 13404 12133
ch   79:   8071  8677 14892  8483  8837 12014  5408 14816 11594 10799 11224  8658 10233 13237 14551  9824 13768 10860  7931 11175  7724 13368  6010 11819 10868 10389 12686 12730 11399  8607  8235  9269
ch   80:   5850  7356 13833  8923  5678  4944  7059  8816 13951 10891 11242 13795  4033  5605 12295 13923 15596 12047 12887  8958 11848 11171 12322 13745 11038 10320 12355  8270 12341 10107 10520  9402
ch   81:  13337  8609 12040 11931  7767 11023  8230 10367  8104 12121  6294  6313 14408 12959 13464  7165  8882  8081 11656 11990  9709  8137 10022 12798 12191  5657  8778 12525  8574  8554  9619  9952
ch   82:   7890  6962 11781  9154  7893 10936 10634  8192 11027  8189 13695  3837 10330 12568 11720 10326  9583  8385  4850  8853 13501  7918  2197  4252  5926  6369  8871 10842 13980  7513 13791 16869
ch   83:  11212 13371  6903  8908  8338 10376  9863  8672 11197 14214  8606 13358 11106  9679  9267 15203 12162  8526 11016  4260 10781 11463  8320 11926 13332 11181  4690 14321 10118 13242  9933  5687
ch   84:  14111  8209 12091 12526 11175 12997  9722  9202  8362  8647 11231  8761 10322 10381 11069  4879  9558 14328 11122  9253  7192  7324 15111  7271 10067  7899 10250 12468 11339  8591  8935  7118
ch   85:  10407  9279 10078  9428  7373 10664  8247 10531  9544  9845 13913  7032  6649 11475 14558 12773  9664 10775 15892 14342 11510  4625 12778 10007 14230 13254  9716  6938 11932  7845  8915 14178
ch   86:   9490  6001 11958  4500  9612 11838  9771  9618 10590  8895  9349 11592  4942  8852 16019  8139 11302 11577  8636  3041  5501  6076  6744 12761 14985 10669 11367  9785 14943 13621 15285 11555
ch   87:  10129  8126  6209  9054  8560 11165  9799  3267  8916 10176 10585  7687  8949  6875 10614  9794 14864  9399 10171  9892 12463  6054  9250 13248 15744  8111 11838  9856  5875 11360 10042 11896
ch   88:  13367  8985 14324 10716  9448 11788  9692  7351 13222  6410 11968  8459 13400  7429  9617  9846  6692 11247  9173  9369  9335 10396  9331 13713  9575  6465 11141  9504  9522 10085  9781  8604
ch   89:  11171 11766  4816  2651 11561 13062  6873  9774  9771  8271  8153 10103 10043  9599 14060 15813  9561  7259  7951 10723 13763 12668 11981  9884  8501  5841  8860  4245  8536 11584 16028  8897
ch   90:   9725 10406 11465  8977 14041  9538  9632 10466 10753 11707 11678 10755  8368 11770 10762  7969 12309 10501 14702  9643 12078 12113  5441  7320 14322  7622  6602  4467 11817 11537  7168 11173
ch   91:  11256 10085  8741  8732 13825 15824 11225  7191  7312  9769  9875  7136  5671 11314  6476 11036 13863  9152 12224 10528  9891 10375 14084 11089 10284 10472  9709 15967  9654  7882  8764 12349
ch   92:  12437  3602  7162 10180 10315 10901  7426 12024  6998 12534 15036 13204 10671  5817 14292 12118  9043  9822 11885  7206 14054  6032 11173  6286  8532 11488  8918 10931 11133 14010  8764 10563
ch   93:   8162  6582 13368  9851 10317 15287  5556  8195  6203 11863 10360  4919 10891 12983 16549  8609  8252 12540 10959 10409 10834 14067 10249 11949 11559  6626 11462 10928  9953  9738 10144 11170
ch   94:  11440  7506 11553  7628  6884  9875 11253  9452  6528  8786 10817 13889 12542 10792  7293  6709 11019  9763 11124 13022 13633  9716  9899  9935  8980  8724  9103 12777  7215 11013 10199  8181
ch   95:   7770  4055  9863  9035 12608  8007 14651  9904 16585 11151  8838  8505 10410 17531  8526  8060  7408 11809  9154  7613 10862  9438  9502 10321 12300 11116  9778 11203 12067 13299  9973  4550
ch   96:  16527 13112  6602  8872  9564  9716  7449  4291  6940 13193 11867  6955 12224 11493  8293  6129 11636  7793 12570 12112  9858  9591  6782 11735 11949 11007  7708 13016  9848  8839 13294  9741
ch   97:  11575 13930  9479 10851 13736  6873 11444 11524 12776  5772 10896  5536  7676 11533  8835  9326 10446  7568 16746 13320 10701 10460  5915  7910 10410 10156  7097  9398 15206  8661  8123  7491
ch   98:      0     0     0     0     0     0     0     0     0     0     0     0     0     0     0     0     0     0     0     0     0     0     0     0     0     0     0     0     0     0     0 10212
ch   99:   7916 13965  9638 10237 14142  4421  3778  8143 11921 11807 10842 11101 12605  6858  7914  7755  8034  9474 13751 11616 11211 10978  9788 10339  5774 13363 11405  9088  6865  9918  8808 12892
ch  100:  12575  5399 10248 13816  9068  8969 13663 15148 10868  7918  5697 12415 13139  7022 14054 14585  7264 10699 13258 10289  8024 12767  8687 13264  9278 11218 15084 10670  6744  9196  7659  9354
ch  101:  12062 17368  9182  8720  5818 13676  9975  6616  9830  7471 14933  9901 10530  9858  9201 10535  5737 13319  7356  9972 10249 10172 14931  8804  7930  6792 12952 11713 12408 15990  9114 12184
ch  102:  16785  6698  9922 10208 14634 13413 10376 11132  7587 10433 13756  9643 10905 15063  5193  7829 13897 12593  7933  4924 12530 13558  4434  9073 10833  9910  9557  7421 13939 11583 10276 15689
ch  103:  14906 13850 10157 14443  9187  9633  9161  9755 15775  7017 13630 14750 14692  6360  6899  7457 11690  6715  6068 13188 10321  8330 12483  6944  9708  9190  7564 11388 11284 13447 13899 10478
ch  104:  15599 14979 11505 14298  7907  9654 11627 11123  7928  6912 11238 12835 12397 13001  9572 12619  6066  8606  8969 10734  8963 11702 13513  6190  9773 11861  8562 10153  4515 13149 11095 10734
ch  105:   3355 11057 14618 10987 14017 11857  9836  8558 12374  9804  9350 10562  8774  4168  7811 14147  6473  4173 11606 12314 10239 13961 14088 11810  5712  9993  8990 11754 10488 11640  9950 10035
ch  106:   6644 10783 12150  7079 14714  5800  5632 10480  4082  9419 10865  7522  8437  7420  8046 12053 15463 10789 10249 12087  9364  7349  9524 10774  7895 12610  9219 12799  9938  8229  8727  5645
ch  107:  13679 12411  7071 13144  9918  7821 10052  6377 10607  9574 16438 10497 10698  7899 11024 10983  9705  9327  3248 12859 15147  5611  8690  9256  9499 10270  9309 11073 10165 12984  8837 10905
ch  108:   3545  6124 11651 11195 10218  5500  7724  6731 11701 11713 14242 12629 10367  4751 15578  5513 12722 11208  9833 12024 14537  9150  7517  5135 10542  7211 10258  6692  9883 11284  4995  9962
ch  109:  11601 13713  7087  9726  7960 12998  6465  8566 10240 12479 11279  9510 13457 11479  7955  6462 12879 10881 15604  3117  7326  7326  9010 10868 13426  8130 11164  7558  9791  9954 10757 13147
ch  110:   9951 12300 13943 13188  7210  8601  9671 14099 14206 11709 12288 10393 14007  6613 15317  6971 10132 11127  8669  7058 15724  9926 11694  8192  9692 11587  6922 12897 14932 13024  5067 11736
ch  111:  11426 11766 11740  9530 12722 13038  6806 12554  6894 11607  8825  8379  7526  8839  8955 11303  5582 11219  7992  9629 11397 13451 13352 12101  7007 10360 10291 11777 13586  8026  9332 11095
ch  112:   6299  7222  8095  8070  5265 11797  7303 14815  8490 11581 12048 10589 12724  8725 13398 15388  7815  9881 10545  9122  5578 12928 14751  9066 12690 11620  9303 11556  5862 12484 10413  6031
ch  113:   9958 14330 13405 12827  7946  8822  8586  7269 15342  8795  9501 11469 12985 11281  8718 11822 11279 14981  9072  4053  9950  7739 11873  9276  5388  8512  9730 11505 10482  6505 12132  9129
ch  114:   8587 14259  9066  7914  8637 10832  8051 12906 10308 12235  9535 11162  7754 11119 10294 10438  9756  9813  6029  8017  7267  7650 10574 11699  7070 14587  7719 12436  9903 14761  7583 10500
ch  115:  13870 10106 14248 11603  8707  9820  9113 11713 10486 11448  6328  6587 15284  4967  9907 11520  7735 15668  9925  8637  9043  6456 12937 14624  7302  7316  7340  8828 10674 11463  8510 11863
ch  116:  10574 12504  5812 11039  8153 11086 13476  8718 13412  8008 13447 12002  8803  9125  9235 12810  8760 10528 15330  6331  8505  9567 13705 10667 13643 15049  8891 11389 12246 12269 11571  7491
ch  117:  11377 10117 11756 12870  6337 12600 12713 11613  7799 12595 11353 11150  4009  8107  5613 14659 15193  9967  9795 12184  8236  9920 11259  9595 11898  8005  8755 12735  9795  7014 11399 12047
ch  118:   7189  8313 10510 14211  9412 12793 12055  7869 10113 11665  9735  7072 11932 14516  7075  9762  4418 14649 11532 13073  8600 13072  6935 11066 10211 10109 12141  8917  8268  9346 15206  9055
ch  119:  11496 12517  7379 11847  5921 11797 14086  6049 14477 12625 11512  8841 13090  9338  8495  5011 10866  3342  7345 10213  8007 10691 10020  9143  5806  7391  9301  9194 10911  9493  6625 12657
ch  120:   7636  7945  8837  9142  9436  9265 11634 11598 14982 13190  5570 13156 13026  9109  9071  7156  8927 11872  9730  9470 11264 10979  7160  6905  9157 10057 11554  8166 12039 11047  9790  6696
ch  121:  10878 12498  9764 11574 15619  7134  5498 13254 10723  9785 10375  6521 10627  9255  6648 11924 10260 13131 13184 11970  4981  8792  9487 10979 11431  6706 11207 10790 17264 11814 14557  9767
ch  122:  13965 12529  9109 14087 14498 13314 13569 10453  9049  8838  7880 12040 10454 14762  9811 10186  6989  7287 10595 13700  7660 15964  9443 14206  7406 11361  9296  8384  6516 12691  9162  8744
ch  123:  12281 14326 12247 15286  3880 15410 14169  6504  8664  8171 13589 12334 10898 10795  9531  4278  7625 12148 12310 12038  9522  8009 11135  8559 10630  9335 10810 11859  7645  9232  5735 12681
ch  124:   7629 11423  9727 15432  4178 10177 15661  7442  8844  7953  9699  7154 12134 10046 14847 12392 11950  6120  9255  9675  7804 12220 13627  9377  8105  8839 12776  8038  5431 15500 10502 12448
ch  125:  10127  4518  9250 12666 14746  7015 11976 10008  9775 12881 10261  7167 13392  7121  7029 10320 10422  6702 10448 12898  8712  7575 10680  9511 13878  9164  7670 10976 13251  9827  9848 10602
ch  126:   7621 10914  9596 12234  8939 10426  9214 11815 12081 14189  6937 11218 11901 11286 15054 11847  7906  9503 12364 12039  9100 10414 13892  6419 11084  8322 10833 11347  8593 11429 10711 10257
ch  127:   7463 11773  9007  7425 11613  7680 13145  9713 10502 11546 12995 10300  7668 13426  5729  8299  7248 12352  8775  9441 13924 12172  9662 11787 10023  9402 11871  8524 12616 13535  9809 14427
