ch    0:      0     0     0     0     0     0     0     0     0     0     0     0     0     0     0     0     0     0     0     0     4    44   175    78  1028   175   233    31   873   199   165  4935
ch    1:      0     0     0     0     0     0     0     0     0     0     0     0     0     0     0     0     0     0     0     0     4    59   442  2334 17382 11055 10901  8637 12237 11719  6561  9210
ch    2:      0     0     0     0     0     0     0     0     0     0     0     0     0     0     0     0     0     0     0     1    27    90   107   375  5299  4100  2238  1734  4669 12638 12253  5307
ch    3:      0     0     0     0     0     0     0     0     0     0     0     0     0     0     0     0     0     0     0     1    12   104   657  4661  3180  9967  3837  9619 16144 13426  5286  9335
ch    4:      0     0     0     0     0     0     0     0     0     0     0     0     0     0     0     0     0     0     0     1    21    71   536  4124 16742 18219 12117 10057  9525 11616 11199  9417
ch    5:      0     0     0     0     0     0     0     0     0     0     0     0     0     0     0     0     0     0     0     1    12    92   729  5429  8983  7034 12409  9060  6102  9919 10065 13985
ch    6:      0     0     0     0     0     0     0     0     0     0     0     0     0     0     0     0     0     0     1     3    32   240   766  5804 11366  3605  3839 15326  8994 11694  5125 13528
ch    7:      0     0     0     0     0     0     0     0     0     0     0     0     0     0     0     0     0     0     1     2    13   281  1410 10139  6955 12964 10760  8466 12137 10858  8358 14793
ch    8:      0     0     0     0     0     0     0     0     0     0     0     0     0     0     0     0     0     0     1     7    37   147   946  9124 13982 12087  6658 11301 12344  4761 14589 11078
ch    9:      0     0     0     0     0     0     0     0     0     0     0     0     0     0     0     0     0     0     0     3    17   148   671  7766  9881 11867  7020 13165  8304  7264  8800 10908
ch   10:      0     0     0     0     0     0     0     0     0     0     0     0     0     0     0     0     0     0     0     5    28   149   908  4610  3866  3890 12019  9258  6598  8035 10260  8357
ch   11:      0     0     0     0     0     0     0     0     0     0     0     0     0     0     0     0     0     0     0     4    29   267  1997 15056  7452 11749  8517 14285  9804  7572  8491  8109
ch   12:      0     0     0     0     0     0     0     0     0     0     0     0     0     0     0     0     0     0     2     6    77   420  2627  5581 14014 13044  6626  9705 14417  8826  9145 13115
ch   13:      0     0     0     0     0     0     0     0     0     0     0     0     0     0     0     0     0     0     0     3    35   369  2095 13993  8558  9035 13840  8042 12387  8562  7783 13032
ch   14:      0     0     0     0     0     0     0     0     0     0     0     0     0     0     0     0     0     0     0     0    91   475   769  8552  8784 10437 12248  8865  8730  7161  9168 12338
ch   15:      0     0     0     0     0     0     0     0     0     0     0     0     0     0     0     0     0     0     0     5    45   618  2659 12865 12419 13199 14884  9375 11745 11959 12922 12940
ch   16:      0     0     0     0     0     0     0     0     0     0     0     0     0     0     0     0     0     0     0     6   155   636  3301 17274  8349 14682 10560  9542 11350  9291  7868  8200
ch   17:      0     0     0     0     0     0     0     0     0     0     0     0     0     0     0     0     0     0     1     4    62   846  3935  9438 14044 12589 11306  9389  7617  9329  9824  9579
ch   18:      0     0     0     0     0     0     0     0     0     0     0     0     0     0     0     0     0     0     1     3    62   279  2953  8786  9497 12165  7550 11287  7306  8469 12773 11294
ch   19:      0     0     0     0     0     0     0     0     0     0     0     0     0     0     0     0     0     1     1     2    45   634  4040 11424 13629  8120 17059 13858  8541  7061  9228 12012
ch   20:      0     0     0     0     0     0     0     0     0     0     0     0     0     0     0     0     0     0     0    18    94   709  3200  8873 12026 12723  8829  9482  8793  9983 13803  7519
ch   21:      0     0     0     0     0     0     0     0     0     0     0     0     0     0     0     0     0     0     0     0    13   697  3497 14514  9367 13278  7817 10205  7714 13687 11492 10801
ch   22:      0     0     0     0     0     0     0     0     0     0     0     0     0     0     0     0     0     0     0     7    54   390  1602 15644 12343 10848 10737 11204 11616  3928 10768  6003
ch   23:      0     0     0     0     0     0     0     0     0     0     0     0     0     0     0     0     0     0     0     5    62   691  2227  6254 15527 13431 10983 10166  7897  8512  5281 10663
ch   24:      0     0     0     0     0     0     0     0     0     0     0     0     0     0     0     0     0     0     1     4   112   881  5244  6150 13655 14578  7091  9688  9827  9972 11661 11057
ch   25:      0     0     0     0     0     0     0     0     0     0     0     0     0     0     0     0     0     0     1     5    35   652  5240 10855 11923  5530  9613 13091 16976 10092  6782  8254
ch   26:      0     0     0     0     0     0     0     0     0     0     0     0     0     0     0     0     0     0     0    26   220   839  2684  6835 13507  8105 13430  6576 11057  9515  5616 14889
ch   27:      0     0     0     0     0     0     0     0     0     0     0     0     0     0     0     0     0     0     1    14    91   827  5538 10175 11966 14959 13602 10791  6946  9588 11349  8254
ch   28:      0     0     0     0     0     0     0     0     0     0     0     0     0     0     0     0     0     0     0     6   126   896  3870 13155  6072  9389  8752 11587  8416  4712 11103 11258
ch   29:      0     0     0     0     0     0     0     0     0     0     0     0     0     0     0     0     0     0     0     4    87   799  3061  9291 12197 11934  8621 11633 12752  7414  9648 11716
ch   30:      0     0     0     0     0     0     0     0     0     0     0     0     0     0     0     0     0     0     2     0   208   507  5526  1535  9710 13415  9548 10729 10944  6411 15207  9168
ch   31:      0     0     0     0     0     0     0     0     0     0     0     0     0     0     0     0     0     0     1     6   102   808  4878 15089  8204 10178  3744 11346  7273  8474 13788  6590
ch   32:      0     0     0     0     0     0     0     0     0     0     0     0     0     0     0     0     0     0     0     7   221  1046  5979  6757 10475 12103 13314 11925  9980 11264  7759  3565
ch   33:      0     0     0     0     0     0     0     0     0     0     0     0     0     0     0     0     0     0     1     6   114   846  5467 13649 12371  6984 10198  6596  6686 10490 13415  4879
ch   34:      0     0     0     0     0     0     0     0     0     0     0     0     0     0     0     0     0     0     0     0   267   986  3693 15526  9866 13311 11931 13983 12806 10736  5249  9349
ch   35:      0     0     0     0     0     0     0     0     0     0     0     0     0     0     0     0     0     0     2    15   196  1381  9241  5522 12189 13154  6450 11166  6251 11206  6065  8759
ch   36:      0     0     0     0     0     0     0     0     0     0     0     0     0     0     0     0     0     0     1    28   299  1697  6740  4687  8150  7120 10689 12380  6952 11893 11313  9978
ch   37:      0     0     0     0     0     0     0     0     0     0     0     0     0     0     0     0     0     0     3    19    67     0 10443  6509 11797 10282  2153 10558 12450  6757 11863 14284
ch   38:      0     0     0     0     0     0     0     0     0     0     0     0     0     0     0     0     0     0     0    26   289  1577  8437  3645  9837  8528  5334  6291 10246 11179 11345 13395
ch   39:      0     0     0     0     0     0     0     0     0     0     0     0     0     0     0     0     0     0     0    13   131  1162  6733 15132 15636 14643  9351  9204 13999 10884  7510  9305
ch   40:      0     0     0     0     0     0     0     0     0     0     0     0     0     0     0     0     0     0     5    47   561  1498  9517  7632 10829  8228  7379 11598 11443  8061  6921 10196
ch   41:      0     0     0     0     0     0     0     0     0     0     0     0     0     0     0     0     0     0     1    14   100  1382 11996 13340 14523  7019 12143  3152 10042  9805 10084 10396
ch   42:      0     0     0     0     0     0     0     0     0     0     0     0     0     0     0     0     0     0     5    22   490  1491  4748 13402 15104  7970 14300 11574  7258 10192 10065 10362
ch   43:      0     0     0     0     0     0     0     0     0     0     0     0     0     0     0     0     0     0     1    23   222  1094 11603  8761 10918 11731 12990 10738 14820 10524  6422  9231
ch   44:      0     0     0     0     0     0     0     0     0     0     0     0     0     0     0     0     0     0     5    52   602  2153  9854 14299  8973 10671  4920 11823 12109 12883 10191 10149
ch   45:      0     0     0     0     0     0     0     0     0     0     0     0     0     0     0     0     0     0     3    23    71   947 10429 14187 10199 13206 11129 13586 11616  5695 14083  7418
ch   46:      0     0     0     0     0     0     0     0     0     0     0     0     0     0     0     0     0     0     2    23   420  1895  5699  3437 13400 14454  8550 12211 11762 13495  8289 12049
ch   47:      0     0     0     0     0     0     0     0     0     0     0     0     0     0     0     0     0     0     3    41   405  2827 13253  8484  9973 10955 10977 11271  8034 13434 11034  7084
ch   48:      0     0     0     0     0     0     0     0     0     0     0     0     0     0     0     0     0     0     0    23   717  2526 13174 11646 10780 10674  6523 11457  9234  9567  9497 13675
ch   49:      0     0     0     0     0     0     0     0     0     0     0     0     0     0     0     0     0     1     5    31   271  2057 14576  6749 10891  8318  6386 11625  7775 11212 14625  7242
ch   50:      0     0     0     0     0     0     0     0     0     0     0     0     0     0     0     0     0     0     3    78   589  1958  7869 14939  9869 12785  7110 11465  5042 13655  7708  8535
ch   51:      0     0     0     0     0     0     0     0     0     0     0     0     0     0     0     0     0     0     6    64   400  2920  8410  7235 13732 13741  6420 11202  5915 12770  9696  8128
ch   52:      0     0     0     0     0     0     0     0     0     0     0     0     0     0     0     0     0     0     5    32   515  4402 15460  4429 10847  5381  7354  9524 11841  8859 14166 15260
ch   53:      0     0     0     0     0     0     0     0     0     0     0     0     0     0     0     0     0     2     5    64   461  2944 16809  6930 11474  7335 13643 10221 10511 10267 13369  6685
ch   54:      0     0     0     0     0     0     0     0     0     0     0     0     0     0     0     0     0     0     2     0   647  3230  9361 14454 13656 13151 11065  9912  7057 13766 13616 12476
ch   55:      0     0     0     0     0     0     0     0     0     0     0     0     0     0     0     0     0     1    10    67   794  2520 15489  6327  7117  9885  6707 10300  9005  8793 11474  9624
ch   56:      0     0     0     0     0     0     0     0     0     0     0     0     0     0     0     0     0     0     0     0     0     0     0     0     0     0     0     0     0     0     0     0
ch   57:      0     0     0     0     0     0     0     0     0     0     0     0     0     0     0     0     0     0    20   100   861  6767  6681 13405 12062  7599  6954 10052 12023  9441  8575  5577
ch   58:      0     0     0     0     0     0     0     0     0     0     0     0     0     0     0     0     0     1     8    94   750  5157 13513  6249  9175 10486  6802 14022 10189 14636 11325 16058
ch   59:      0     0     0     0     0     0     0     0     0     0     0     0     0     0     0     0     0     1    11    89   702  3197  5781  8079  6221  9439  9555 10237 10046  8674 13430  7150
ch   60:      0     0     0     0     0     0     0     0     0     0     0     0     0     0     0     0     0     0     6    70  1572  3554  5020 10426 16361 10906  9743 10350 12265  6857 14058 12497
ch   61:      0     0     0     0     0     0     0     0     0     0     0     0     0     0     0     0     0     0     2    46   495  2620 15866 14080 11980  8431  8644 15313 12273  6113  8793 12215
ch   62:      0     0     0     0     0     0     0     0     0     0     0     0     0     0     0     0     0     0     2    77  1086  4155  9499 14819 14198 10457 11684 14475  8599 12110 12128 13126
ch   63:      0     0     0     0     0     0     0     0     0     0     0     0     0     0     0     0     0     0     5    51   560  3874  3534 14374  8653 12153  8937 11309 10317 10559  7673 10642
ch   64:      0     0     0     0     0     0     0     0     0     0     0     0     0     0     0     0     0     0     4    46   991  3926 16827 11375  9097  9670  9445 10756  7228 14388 12915 11111
ch   65:      0     0     0     0     0     0     0     0     0     0     0     0     0     0     0     0     0     1     4    43   669  2897  6538  8008 13956 10381 12567 15126 15652 10279 14123  9411
ch   66:      0     0     0     0     0     0     0     0     0     0     0     0     0     0     0     0     0     1     7   130   599  2201 17136 13981 14804  7745 12984  6514 10123  7675 12929  8414
ch   67:      0     0     0     0     0     0     0     0     0     0     0     0     0     0     0     0     0     0     7    55   712  4180  4837 14832  3794 13461 11176  7726 11221 11616  6777  9955
ch   68:      0     0     0     0     0     0     0     0     0     0     0     0     0     0     0     0     0     0     5    44   783  4873  2046 11705 11920 14231 12999  9635 13355  7773 13796 10790
ch   69:      0     0     0     0     0     0     0     0     0     0     0     0     0     0     0     0     0     1    10    80   510  3613 14285  6798  9520  9686 13566  8577  8280 11823  8683  8457
ch   70:      0     0     0     0     0     0     0     0     0     0     0     0     0     0     0     0     1     4    15   174  1304  3661 10294  4294 10424  9198  9197 11341 11486  2829 11111  6454
ch   71:      0     0     0     0     0     0     0     0     0     0     0     0     0     0     0     0     0     0     8    96   615  5546 18258 11707 10821  8422 12706  5936  9959 10616  9467  8677
ch   72:      0     0     0     0     0     0     0     0     0     0     0     0     0     0     0     0     0     0    12   147  1384  8375 15278 10175  9155 12192  6591 15099 12258  6784 11996  9236
ch   73:      0     0     0     0     0     0     0     0     0     0     0     0     0     0     0     0     0     0     8    82   509  3458  3522  8771 13467  9346 15915 11212  4531 12304  7113 13436
ch   74:      0     0     0     0     0     0     0     0     0     0     0     0     0     0     0     0     0     1     5   133  1238  4168 10637 13211 12282  7936 10424  9689  9691 13502  8709 10503
ch   75:      0     0     0     0     0     0     0     0     0     0     0     0     0     0     0     0     0     0     5    67   695  2777 10679  5265 12238  9924  9475 10252 10259  7631 10718 10316
ch   76:      0     0     0     0     0     0     0     0     0     0     0     0     0     0     0     0     0     0    14    96  2552  7584 12379 12360 11343 12152  8831  8518  9646  9197 11320 12246
ch   77:      0     0     0     0     0     0     0     0     0     0     0     0     0     0     0     0     0     1     8    71   818  2862  3449  4189 11966  4111  8616  6395  9291 13281 11345 12106
ch   78:      0     0     0     0     0     0     0     0     0     0     0     0     0     0     0     0     0     1    12   112  1095  5085 16119  5292 10498  9563  7134  7676  9263  8684  7728 10974
ch   79:      0     0     0     0     0     0     0     0     0     0     0     0     0     0     0     0     0     0    14    74   975  5674  6686  9673 10809 10606  8974 13490 10088  9444 13711 13828
ch   80:      0     0     0     0     0     0     0     0     0     0     0     0     0     0     0     0     0     2    14   141  1122  9557  7362  9749 15306  9373 12960  8763  8698  6228  7821  5187
ch   81:      0     0     0     0     0     0     0     0     0     0     0     0     0     0     0     0     0     1     8   175  1173  5861  9791  9335 13012 10480 11479 16638  9690  5941  8139  8330
ch   82:      0     0     0     0     0     0     0     0     0     0     0     0     0     0     0     0     0     0     8    91   517  4669 16398  8043  3495  8780 10526  2708  5685  7021 12008  9423
ch   83:      0     0     0     0     0     0     0     0     0     0     0     0     0     0     0     0     0     0    13    74   929  8407  3793 13381 12974  7851 10705 13179 11119  6786  8110  7707
ch   84:      0     0     0     0     0     0     0     0     0     0     0     0     0     0     0     0     0     1    11    99  1184  6631 16602  8622  8020 10868 16273 10406 12316  5829 10594  5720
ch   85:      0     0     0     0     0     0     0     0     0     0     0     0     0     0     0     0     0     2     9    45   889  4422 11018 13929  9529  7895  9541 14789  8587 15251  9610  9584
ch   86:      0     0     0     0     0     0     0     0     0     0     0     0     0     0     0     0     0     0     8   132  1261  6222 17466  9006  7525  8464 12563 11620  9785 11093 11833 13529
ch   87:      0     0     0     0     0     0     0     0     0     0     0     0     0     0     0     0     0     0     7    74   678  2733  6035 11842  9569 10023 13748 14299  8720  9800 10541  8567
ch   88:      0     0     0     0     0     0     0     0     0     0     0     0     0     0     0     0     0     1     9   112  1371  7790  8665 10565 12238 13348 10643 11891 15837 10720  9733  7721
ch   89:      0     0     0     0     0     0     0     0     0     0     0     0     0     0     0     0     0     0    14    82   965  5548  7866  9275 12092  8620 11910  9339  6496  8897 14526  8946
ch   90:      0     0     0     0     0     0     0     0     0     0     0     0     0     0     0     0     0     0     3   149   680  6061 12774  5112 10377  8063  9294  9725  9889  7345 10629  8041
ch   91:      0     0     0     0     0     0     0     0     0     0     0     0     0     0     0     0     0     0     8   115  1053  6826  3598  9593 12512 16222  6194  9978  9072  4812  9198 11302
ch   92:      0     0     0     0     0     0     0     0     0     0     0     0     0     0     0     0     0     0     5    47  1115  6953  5928 14696 13029  6493  4825 13272  7693 11220 12877  7990
ch   93:      0     0     0     0     0     0     0     0     0     0     0     0     0     0     0     0     0     0     3    73   888  8801  3691  3919 10589  6285  7998 10789 12828 10718 11788 12432
ch   94:      0     0     0     0     0     0     0     0     0     0     0     0     0     0     0     0     0     0     2   115   365  4083  9616 16396  8975 11980 12236  9678 11606  5348 11682  6411
ch   95:      0     0     0     0     0     0     0     0     0     0     0     0     0     0     0     0     0     0    10   166  1278  3594 12740  8313  4934 12844 10924 10401 11519 15107 11659 11282
ch   96:      0     0     0     0     0     0     0     0     0     0     0     0     0     0     0     0     0     0     5   101  1101  6372 15682 11358 14473  3881  8565 13100  6506  7789 11931 10166
ch   97:      0     0     0     0     0     0     0     0     0     0     0     0     0     0     0     0     0     0     5    85  1101  6732 10544 16281 11761  8597  4107 13180  8081  6674 15367  7427
ch   98:      0     0     0     0     0     0     0     0     0     0     0     0     0     0     0     0     0     1     7    96   766  3908  6642 10803 11108  7307 12255  9784 11606 10724 13692  6582
ch   99:      0     0     0     0     0     0     0     0     0     0     0     0     0     0     0     0     0     0     1    38   699  2964  6690 12351 12113 14675 12487 11636  7878 15592  8763  6797
ch  100:      0     0     0     0     0     0     0     0     0     0     0     0     0     0     0     0     1     3    11    90  1665  6119     9  6639 10603 12606 13353  9567 13057  9188  8230 10135
ch  101:      0     0     0     0     0     0     0     0     0     0     0     0     0     0     0     0     0     0     1    86   718  5935  6725 13713  7636  6485  6047 10241 12168  8974 10903  6268
ch  102:      0     0     0     0     0     0     0     0     0     0     0     0     0     0     0     0     0     0     3    89   555  3941  8783 13044 12057  7501 12307  6020 11443  9738 10892 11185
ch  103:      0     0     0     0     0     0     0     0     0     0     0     0     0     0     0     0     0     1     4    48   840  3583 13452  9162 10583  3974  9347 12066 12754 10770 10578 11080
ch  104:      0     0     0     0     0     0     0     0     0     0     0     0     0     0     0     0     0     0     5    80  1086  5125 15667  2564  8127  8750  7652  8803 16513  6183  7767 15326
ch  105:      0     0     0     0     0     0     0     0     0     0     0     0     0     0     0     0     0     0     5    29   632  5867 15752 14777  9627 10254 10079  9548 12322 17552 11937 11882
ch  106:      0     0     0     0     0     0     0     0     0     0     0     0     0     0     0     0     0     1    20   158  1333  4423 17776  5113 11588 10640 11308  9231  8420 13045  7868 10753
ch  107:      0     0     0     0     0     0     0     0     0     0     0     0     0     0     0     0     0     0    11    59   509  3351 15547 13378  7825 12792  8266  8193 11578  6393  9511  7329
ch  108:      0     0     0     0     0     0     0     0     0     0     0     0     0     0     0     0     0     0     4    56  1059  5220  6422 11972 11697  5361  6703 11796 10195  9282  8873  8705
ch  109:      0     0     0     0     0     0     0     0     0     0     0     0     0     0     0     0     0     1     6    67   214  3068 11548  4348 12951 10638 12784 10483 11391  9126  9724 13081
ch  110:      0     0     0     0     0     0     0     0     0     0     0     0     0     0     0     0     0     1     8    88   661  4399  8904 11924 13450 12814  8504  4111 10957  4554  9065  7391
ch  111:      0     0     0     0     0     0     0     0     0     0     0     0     0     0     0     0     0     0     4    74   501  4884  5408  4983 11065 13605  7080 11496  9433  9575  9594 10565
ch  112:      0     0     0     0     0     0     0     0     0     0     0     0     0     0     0     0     0     0     3    36   828  3385 16199  9535 11032 13196  6630 13021 10664  7446  3369  7672
ch  113:      0     0     0     0     0     0     0     0     0     0     0     0     0     0     0     0     0     0     5    67   669  5255  7532 12155 10714 12883  9477 10766 10482 13880 10354 13296
ch  114:      0     0     0     0     0     0     0     0     0     0     0     0     0     0     0     0     0     0    11    69   781  5336  7072 10696 14044 14174 10959  8277  4357  7123 12358  8493
ch  115:      0     0     0     0     0     0     0     0     0     0     0     0     0     0     0     0     0     0     6    89   710  4027  7766 13246 13861  8446  7312 11817 10100  5969 13184 14785
ch  116:      0     0     0     0     0     0     0     0     0     0     0     0     0     0     0     0     0     3    14   104  2204  5840 12465 10144  8587  7294  6512 10126  9503  6468 10024  8892
ch  117:      0     0     0     0     0     0     0     0     0     0     0     0     0     0     0     0     0     0     8    38   880  9521 15115  6988 12956 10257 11690  8454 11412  9173  7062 10803
ch  118:      0     0     0     0     0     0     0     0     0     0     0     0     0     0     0     0     0     0     1    26   305  2994  7892 14365  7472 10766 13527  9651  8261 11685  7859 12863
ch  119:      0     0     0     0     0     0     0     0     0     0     0     0     0     0     0     0     0     0     3    72   493  2741  5362 10676  9704 12948 13402  7813  7090  6338 10469 10903
ch  120:      0     0     0     0     0     0     0     0     0     0     0     0     0     0     0     0     0     0     6    68   974  3412 18263  5892 14099 11167 12323 10412  8698 15484  7957 11683
ch  121:      0     0     0     0     0     0     0     0     0     0     0     0     0     0     0     0     0     2     7    38   945  6861  1222 15058  7705 10284 10912  3942  9928  8420  9730 10388
ch  122:      0     0     0     0     0     0     0     0     0     0     0     0     0     0     0     0     0     1    11     0  1357  7358  1923 18965  9850 10697 10831 15473 10297  7102  9191 11524
ch  123:      0     0     0     0     0     0     0     0     0     0     0     0     0     0     0     0     0     0     8    25   672  4398  1291  4280  8001 13403  8113 12172  8928  7051  8791 12300
ch  124:      0     0     0     0     0     0     0     0     0     0     0     0     0     0     0     0     0     1     6    33   155   265   924  1564  1638   720   778   256   639  3292   575  9284
ch  125:      0     0     0     0     0     0     0     0     0     0     0     0     0     0     0     0     0     0    13   171   546  5567 15773 12401 14005  9076 11324 12026 11266 11935 11289  8226
ch  126:      0     0     0     0     0     0     0     0     0     0     0     0     0     0     0     0     0     0     0     7     3     3     0     0    16     7     5     8    11    12    14 14257
ch  127:      0     0     0     0     0     0     0     0     0     0     0     0     0     0     0     0     0     1    15   153  1588 13969  9522  6810  7504 11847 10046 10773 13381 11382 11961 11177
