ch    0:      0     0     0     0     0     0     0     0     0     0     0     0     0     0     0     0     0     0     0     0     0     0     0    31   405  3424 10923  6996  9751  9712 10041   728
ch    1:      0     0     0     0     0     0     0     0     0     0     0     0     0     0     0     0     0     0     0     0     0     0     3    24   250  3063  7007  7275 11161  7211  7336 16593
ch    2:      0     0     0     0     0     0     0     0     0     0     0     0     0     0     0     0     0     0     0     0     0     0     3    27   591  5169  4771 14628  8272  8996 13436   915
ch    3:      0     0     0     0     0     0     0     0     0     0     0     0     0     0     0     0     0     0     0     0     0     1     1    28   582  4169  9719  4161 11734  5529 10746 11364
ch    4:      0     0     0     0     0     0     0     0     0     0     0     0     0     0     0     0     0     0     0     0     0     0     3    45   570  8471  6498 13087 13172  7575  8592  2035
ch    5:      0     0     0     0     0     0     0     0     0     0     0     0     0     0     0     0     0     0     0     0     0     0     2    31   689  7666  6893 16521  7292  6454  8918  9768
ch    6:      0     0     0     0     0     0     0     0     0     0     0     0     0     0     0     0     0     0     0     0     0     0     3    41   685  7449  9139 10817  6593  9371 11873  4456
ch    7:      0     0     0     0     0     0     0     0     0     0     0     0     0     0     0     0     0     0     0     0     0     1     4    48   944  9658 10101 13352 10401 14274 10820  8826
ch    8:      0     0     0     0     0     0     0     0     0     0     0     0     0     0     0     0     0     0     0     0     0     0     3    38  1030  7596  8633 10795 11661 13925 10250  5831
ch    9:      0     0     0     0     0     0     0     0     0     0     0     0     0     0     0     0     0     0     0     0     0     0     4    69  1072 11368 13468  7310  6459  8800 13999  9788
ch   10:      0     0     0     0     0     0     0     0     0     0     0     0     0     0     0     0     0     0     0     0     0     0     1    81  1405 12341  9637  6364  7958 10513 10193  9907
ch   11:      0     0     0     0     0     0     0     0     0     0     0     0     0     0     0     0     0     0     0     0     0     0     5    83  1719 16523 10971  7475 11238 14828  5807 11775
ch   12:      0     0     0     0     0     0     0     0     0     0     0     0     0     0     0     0     0     0     0     0     0     0     5   104  1458 11213 10968 12054 14056 11758  8027  8502
ch   13:      0     0     0     0     0     0     0     0     0     0     0     0     0     0     0     0     0     0     0     0     0     0     4   133  2467 11849  9370 11038  6860 11170 15465  7444
ch   14:      0     0     0     0     0     0     0     0     0     0     0     0     0     0     0     0     0     0     0     0     0     0     6   109  1694 14479 11422  5114  6893  9924  8904  8573
ch   15:      0     0     0     0     0     0     0     0     0     0     0     0     0     0     0     0     0     0     0     0     0     0     7    85  2762  6149 10605 11529  8385  9201  6261 12620
ch   16:      0     0     0     0     0     0     0     0     0     0     0     0     0     0     0     0     0     0     0     0     0     0     7   109  1467 14232  9570  9447 11003  9721  9109  6019
ch   17:      0     0     0     0     0     0     0     0     0     0     0     0     0     0     0     0     0     0     0     0     0     0     6    94  1603 16076 10038 13723 15041 10649  9715  6204
ch   18:      0     0     0     0     0     0     0     0     0     0     0     0     0     0     0     0     0     0     0     0     0     0     4    79  1047 12981 11729 12452  7910 13022  9587  7411
ch   19:      0     0     0     0     0     0     0     0     0     0     0     0     0     0     0     0     0     0     0     0     0     2     6   156  2030 14923 15140 13853 12985  8411  6882  8361
ch   20:      0     0     0     0     0     0     0     0     0     0     0     0     0     0     0     0     0     0     0     0     0     0     6    92   963  4747  8308 10150 11745 12771  9067  8955
ch   21:      0     0     0     0     0     0     0     0     0     0     0     0     0     0     0     0     0     0     0     0     0     0     6    95  2234  9879 12245  6950  4612 14601 14421  7564
ch   22:      0     0     0     0     0     0     0     0     0     0     0     0     0     0     0     0     0     0     0     0     0     0     6   162  2295  5628  7525  9755  6897  9527 13173  8817
ch   23:      0     0     0     0     0     0     0     0     0     0     0     0     0     0     0     0     0     0     0     0     0     0     6   167  2394  4345  9029  9753  6225 11399  7413 12243
ch   24:      0     0     0     0     0     0     0     0     0     0     0     0     0     0     0     0     0     0     0     0     0     1     3   141  7648 10801  4471 12877 13655 13520  8782  7462
ch   25:      0     0     0     0     0     0     0     0     0     0     0     0     0     0     0     0     0     0     0     0     0     0    11   218  3735 15957  9351  9388  6336  9967  8419  9972
ch   26:      0     0     0     0     0     0     0     0     0     0     0     0     0     0     0     0     0     0     0     0     0     0     9   260  3127 11302 13354  9880 10077 15275 13146  8749
ch   27:      0     0     0     0     0     0     0     0     0     0     0     0     0     0     0     0     0     0     0     0     0     0    10   126  2678 12949 11914 12957  8555 13188 14771  5209
ch   28:      0     0     0     0     0     0     0     0     0     0     0     0     0     0     0     0     0     0     0     0     0     1    14   276  2775 13455  9957 14625 11857 10357  8477 11057
ch   29:      0     0     0     0     0     0     0     0     0     0     0     0     0     0     0     0     0     0     0     0     0     0     9   240  3397 14210  8153 11083 12178 17665 14370 11206
ch   30:      0     0     0     0     0     0     0     0     0     0     0     0     0     0     0     0     0     0     0     0     0     1    11   259  2697 13145 10521  9516  8230 12331  8734  8275
ch   31:      0     0     0     0     0     0     0     0     0     0     0     0     0     0     0     0     0     0     0     0     0     1    13   275  3583 10198  9725  4728 10137 11725  8223  9836
ch   32:      0     0     0     0     0     0     0     0     0     0     0     0     0     0     0     0     0     0     0     0     0     0     4   245  4714  9043  9232  8749  4695  9323 13145 10291
ch   33:      0     0     0     0     0     0     0     0     0     0     0     0     0     0     0     0     0     0     0     0     0     1    10   182  3880 12106  4977  8322  6086 11153 13777  3964
ch   34:      0     0     0     0     0     0     0     0     0     0     0     0     0     0     0     0     0     0     0     0     0     1     5   191  2614  6920 11531  7109 10488  3713 12216  6461
ch   35:      0     0     0     0     0     0     0     0     0     0     0     0     0     0     0     0     0     0     0     0     0     0    10   316  4707 12439  2891  9020 13017  9496  3084 13182
ch   36:      0     0     0     0     0     0     0     0     0     0     0     0     0     0     0     0     0     0     0     0     0     0    19   245  5223  6749 15640  9774 11137 11678 13133  8579
ch   37:      0     0     0     0     0     0     0     0     0     0     0     0     0     0     0     0     0     0     0     0     0     0    11   332  3919  3581  8251 14769  7742 10789  9351  7965
ch   38:      0     0     0     0     0     0     0     0     0     0     0     0     0     0     0     0     0     0     0     0     0     0    19   382  5503 14066 12545  9321  5666  7805 12188  8804
ch   39:      0     0     0     0     0     0     0     0     0     0     0     0     0     0     0     0     0     0     0     0     0     1    13   330  3255  6595 10413 11813 10493  8521 10609 12005
ch   40:      0     0     0     0     0     0     0     0     0     0     0     0     0     0     0     0     0     0     0     0     0     0    12   275  6297 13723 12659 14926 11594 11811 12681  8847
ch   41:      0     0     0     0     0     0     0     0     0     0     0     0     0     0     0     0     0     0     0     0     0     1     9   226  4990  6192 10508  6275 13392 14299 15137 10495
ch   42:      0     0     0     0     0     0     0     0     0     0     0     0     0     0     0     0     0     0     0     0     0     2    22   385  9874  5899  9246  7384 11960  6009 12796  5880
ch   43:      0     0     0     0     0     0     0     0     0     0     0     0     0     0     0     0     0     0     0     0     0     0    24   347  6084  9874  9852  9792 11459 11980  9660 11644
ch   44:      0     0     0     0     0     0     0     0     0     0     0     0     0     0     0     0     0     0     0     0     0     0    16   379  5511  8370 11291  9290  4893  7390  3370  5387
ch   45:      0     0     0     0     0     0     0     0     0     0     0     0     0     0     0     0     0     0     0     0     0     1    20   507  7047 11665 12834 11351 14762 11042  8501  5968
ch   46:      0     0     0     0     0     0     0     0     0     0     0     0     0     0     0     0     0     0     0     0     0     1    26   360  5576  9722  9751  7743  8991  9525 10559  6977
ch   47:      0     0     0     0     0     0     0     0     0     0     0     0     0     0     0     0     0     0     0     0     0     0     9   338  6252  9773  9910 13058  9067  9738  7523 13140
ch   48:      0     0     0     0     0     0     0     0     0     0     0     0     0     0     0     0     0     0     0     0     0     2    42   384  9609  7663 10942 10180  6526 12462  5061  5044
ch   49:      0     0     0     0     0     0     0     0     0     0     0     0     0     0     0     0     0     0     0     0     0     0    31   655 10029 14423 13568 11442 14152  7785  7283 12862
ch   50:      0     0     0     0     0     0     0     0     0     0     0     0     0     0     0     0     0     0     0     0     0     1    33   541  9696 13583  7727  6742 10564 10469 11904  4565
ch   51:      0     0     0     0     0     0     0     0     0     0     0     0     0     0     0     0     0     0     0     0     1     1    22   401  6144 15532 12408 11178 13195  5642  9702 12463
ch   52:      0     0     0     0     0     0     0     0     0     0     0     0     0     0     0     0     0     0     0     0     0     1    43   733  6886 10364  8369 12076  7601  8510 15785  3276
ch   53:      0     0     0     0     0     0     0     0     0     0     0     0     0     0     0     0     0     0     0     0     0     0    13   436  6048 11805 15565 12024 11240  7114 11544  9632
ch   54:      0     0     0     0     0     0     0     0     0     0     0     0     0     0     0     0     0     0     0     0     0     1    33   559 13644 12286  9993 12437 10845 15270 12088  3226
ch   55:      0     0     0     0     0     0     0     0     0     0     0     0     0     0     0     0     0     0     0     0     0     0    25   511 10974 11767  8259  9635 10490  6615  7771  9750
ch   56:      0     0     0     0     0     0     0     0     0     0     0     0     0     0     0     0     0     0     0     0     0     1    24   638  5138 13961 15622 13047  7540 11457  7335  2549
ch   57:      0     0     0     0     0     0     0     0     0     0     0     0     0     0     0     0     0     0     0     0     0     0    22   467  7594  8578  8790  6060 10475  7735 12238 11527
ch   58:      0     0     0     0     0     0     0     0     0     0     0     0     0     0     0     0     0     0     0     0     0     1    31   868 11567 12047  7643  5917 10622  7667 11481  4621
ch   59:      0     0     0     0     0     0     0     0     0     0     0     0     0     0     0     0     0     0     0     0     0     1    43   600 10079  9179  9124  4605  9972  7335  6512  6770
ch   60:      0     0     0     0     0     0     0     0     0     0     0     0     0     0     0     0     0     0     0     0     0     1    33   390  5383  8726 10186  9907  6883 12206  9543  3315
ch   61:      0     0     0     0     0     0     0     0     0     0     0     0     0     0     0     0     0     0     0     0     0     1    48   814 11852 12113  5966 13412  8533  8877 13401 10078
ch   62:      0     0     0     0     0     0     0     0     0     0     0     0     0     0     0     0     0     0     0     0     0     0    38   783 11817 12162 14569  7820  9910 11247 11354  1613
ch   63:      0     0     0     0     0     0     0     0     0     0     0     0     0     0     0     0     0     0     0     0     0     0    37   416  8074  7432 10695 12462 10526 11290  6648 12561
ch   64:      0     0     0     0     0     0     0     0     0     0     0     0     0     0     0     0     0     0     0     0     0     2    42  1079 14625 10679 14459 14022 11685  6614  9269  2000
ch   65:      0     0     0     0     0     0     0     0     0     0     0     0     0     0     0     0     0     0     0     0     0     2    39   565 10850 10911  8321 14224  6087  9602  7541 11030
ch   66:      0     0     0     0     0     0     0     0     0     0     0     0     0     0     0     0     0     0     0     0     0     5    40   796 13352 11561 12461  7538  3773 12361 14181  2787
ch   67:      0     0     0     0     0     0     0     0     0     0     0     0     0     0     0     0     0     0     0     0     0     2    58   752 10444  8147 10744  7535  9161 13499 11935  8970
ch   68:      0     0     0     0     0     0     0     0     0     0     0     0     0     0     0     0     0     0     0     0     0     2    87  1195 16717  9066  6628 17270 12026  9641 15487  2535
ch   69:      0     0     0     0     0     0     0     0     0     0     0     0     0     0     0     0     0     0     0     0     0     2    62  1335 15723  8053 10293  9727  8821 12321 14522 14545
ch   70:      0     0     0     0     0     0     0     0     0     0     0     0     0     0     0     0     0     0     0     0     0     1    56   740 13972 12798 10541  8357 12810 10987 10593  2505
ch   71:      0     0     0     0     0     0     0     0     0     0     0     0     0     0     0     0     0     0     0     0     0     2    33   571  9927  8257 13041  7137 12149  9369 14815 10355
ch   72:      0     0     0     0     0     0     0     0     0     0     0     0     0     0     0     0     0     0     0     0     0     3    97  1071 15504 11459 11138 12651  7064 10384  5658  2830
ch   73:      0     0     0     0     0     0     0     0     0     0     0     0     0     0     0     0     0     0     0     0     0     2    85  1166 14981 10646  4782 12558  9345 10105  2525  8963
ch   74:      0     0     0     0     0     0     0     0     0     0     0     0     0     0     0     0     0     0     0     0     0     2    57  1117 14842  4904  8915  9280 11910  6533 10606  2673
ch   75:      0     0     0     0     0     0     0     0     0     0     0     0     0     0     0     0     0     0     0     0     0     2    43  1236 17251 12085 11731 10346 11805 13440 13203 13545
ch   76:      0     0     0     0     0     0     0     0     0     0     0     0     0     0     0     0     0     0     0     0     0     1    45  1328 12644 11877 11405  9006 15162 14202 12035  4363
ch   77:      0     0     0     0     0     0     0     0     0     0     0     0     0     0     0     0     0     0     0     0     0     5    47   853 12588  7546 10116 11026 13233 13883  8463 10653
ch   78:      0     0     0     0     0     0     0     0     0     0     0     0     0     0     0     0     0     0     0     0     0     4    78  1864  2355 11700  7234  9844 12070  9840  9775  2463
ch   79:      0     0     0     0     0     0     0     0     0     0     0     0     0     0     0     0     0     0     0     0     0     2    31   869  4859 11256 11079 10560  8490 15076  7164 13606
ch   80:      0     0     0     0     0     0     0     0     0     0     0     0     0     0     0     0     0     0     0     0     0     2    44   950 15493 10337  8481  9374  7085  9365 17171  5001
ch   81:      0     0     0     0     0     0     0     0     0     0     0     0     0     0     0     0     0     0     0     0     0     4    81  1184 13015 10500  9257 11354 12062  9193 10268 10394
ch   82:      0     0     0     0     0     0     0     0     0     0     0     0     0     0     0     0     0     0     0     0     0     6    80  1949 14979 14497 14927  7816 17898  9378  7930  5114
ch   83:      0     0     0     0     0     0     0     0     0     0     0     0     0     0     0     0     0     0     0     0     0     2    44  1286 16371  8164  9436 14397  8118 10793  9493  8785
ch   84:      0     0     0     0     0     0     0     0     0     0     0     0     0     0     0     0     0     0     0     0     0     2    83   969 15817 13396  9904 11779 10646  6168 10493  5120
ch   85:      0     0     0     0     0     0     0     0     0     0     0     0     0     0     0     0     0     0     0     0     1     3    50   884 14345 12754  7918  9722 10466 10351  7033  5527
ch   86:      0     0     0     0     0     0     0     0     0     0     0     0     0     0     0     0     0     0     0     0     0     2    83  1310 18625  8410  9648 11742  9239  8089 10697  5215
ch   87:      0     0     0     0     0     0     0     0     0     0     0     0     0     0     0     0     0     0     0     0     0     5    54  1143 14603  9955  6989 11379  8189  6720 10075 10961
ch   88:      0     0     0     0     0     0     0     0     0     0     0     0     0     0     0     0     0     0     0     0     1     3    65  1377 16347 10363 13774 10568 11074  7993  7439  7711
ch   89:      0     0     0     0     0     0     0     0     0     0     0     0     0     0     0     0     0     0     0     0     0     1    54  1198  2405 12841  3280  6776 12985 10549  9008  7637
ch   90:      0     0     0     0     0     0     0     0     0     0     0     0     0     0     0     0     0     0     0     0     0     5    64  1232 12127 10788  8119 15554 10975 11413 11526  8421
ch   91:      0     0     0     0     0     0     0     0     0     0     0     0     0     0     0     0     0     0     0     0     0     2    70  1478  4661 12356  6465  7956  9005 10166 14794  8429
ch   92:      0     0     0     0     0     0     0     0     0     0     0     0     0     0     0     0     0     0     0     0     0     8   101  1474 16073 11565 10838 13134 12560  8506  7970  6061
ch   93:      0     0     0     0     0     0     0     0     0     0     0     0     0     0     0     0     0     0     0     0     0     7    94  1724 17274  6362 13551 11325  9357  6240  7363 12602
ch   94:      0     0     0     0     0     0     0     0     0     0     0     0     0     0     0     0     0     0     0     0     0     2    67   875  6400 11882  9126 12456 11094  9646 10631 12193
ch   95:      0     0     0     0     0     0     0     0     0     0     0     0     0     0     0     0     0     0     0     0     0     3    74  1063  4737 14461 11092  7728 11492 13643 12891  8719
ch   96:      0     0     0     0     0     0     0     0     0     0     0     0     0     0     0     0     0     0     0     0     0     2    83  1445 14561  7540  9492  8805  9612 11989  7213 12300
ch   97:      0     0     0     0     0     0     0     0     0     0     0     0     0     0     0     0     0     0     0     0     0     2    65  1108 15288  6432 11595  8823 13893  6078  9287 10130
ch   98:      0     0     0     0     0     0     0     0     0     0     0     0     0     0     0     0     0     0     0     0     0     1    76  1942 13461 11803 10917  9316 11008  6965  7314  2046
ch   99:      0     0     0     0     0     0     0     0     0     0     0     0     0     0     0     0     0     0     0     0     0     1    47  1600  2675 10360  4830  8916  9514  7460  9255 13343
ch  100:      0     0     0     0     0     0     0     0     0     0     0     0     0     0     0     0     0     0     0     0     0     1    53  1148 16673  9164 12371 11943  6405  7636  4223  2521
ch  101:      0     0     0     0     0     0     0     0     0     0     0     0     0     0     0     0     0     0     0     0     0     3    74  1395 12950 10737  9885 10890 12398  8304 10072  8829
ch  102:      0     0     0     0     0     0     0     0     0     0     0     0     0     0     0     0     0     0     0     0     0     2    69  1711 14403 10375  9840 11274 10741 10589 10010 10883
ch  103:      0     0     0     0     0     0     0     0     0     0     0     0     0     0     0     0     0     0     0     0     0     2    88  2291 15046 13147  5316 11154 17112 10378 10763  6566
ch  104:      0     0     0     0     0     0     0     0     0     0     0     0     0     0     0     0     0     0     0     0     0     3   127  1316 14621  7669 11996  7669 10328  9552  3308 16813
ch  105:      0     0     0     0     0     0     0     0     0     0     0     0     0     0     0     0     0     0     0     0     0     3    67  1654 18447 12113 10570  9107  8661  8193 11794 11949
ch  106:      0     0     0     0     0     0     0     0     0     0     0     0     0     0     0     0     0     0     0     0     0     2    63  1878  8144 13356 14786 14762  9441  8769 10105  5222
ch  107:      0     0     0     0     0     0     0     0     0     0     0     0     0     0     0     0     0     0     0     0     0     4    45  1324  6169 10512 12137  8660 14973 11528  3095 12503
ch  108:      0     0     0     0     0     0     0     0     0     0     0     0     0     0     0     0     0     0     0     0     0     7    56  1694  8163 11618 10403  5963 11357  8818  8635 11056
ch  109:      0     0     0     0     0     0     0     0     0     0     0     0     0     0     0     0     0     0     0     0     0     1    54  1375  7252 11615 12953 11562  8385  8206  9595 13247
ch  110:      0     0     0     0     0     0     0     0     0     0     0     0     0     0     0     0     0     0     0     0     0     4   100  2021  9402 12219  8409 10839  6732  8981 11968 15602
ch  111:      0     0     0     0     0     0     0     0     0     0     0     0     0     0     0     0     0     0     0     0     0     2    61  1199  2234 13455 10746 13572  7141 10251 10502  8067
ch  112:      0     0     0     0     0     0     0     0     0     0     0     0     0     0     0     0     0     0     0     0     0     2    69  1112  8525  8994 10572 14228 12513  6932 12306 10515
ch  113:      0     0     0     0     0     0     0     0     0     0     0     0     0     0     0     0     0     0     0     0     0     7    65  1305  2516  6192 11911  5735  9366  8564 12662 10909
ch  114:      0     0     0     0     0     0     0     0     0     0     0     0     0     0     0     0     0     0     0     0     0    11    72  1006  6338  5767  4398  8523 11287  8165  8127 12075
ch  115:      0     0     0     0     0     0     0     0     0     0     0     0     0     0     0     0     0     0     0     0     0     4   169  1904  6625  8023 12473  8090  9969 10387  9185 13304
ch  116:      0     0     0     0     0     0     0     0     0     0     0     0     0     0     0     0     0     0     0     0     0     1   101  1398 15701 13087 14979  7206 12446  6670 10813 12453
ch  117:      0     0     0     0     0     0     0     0     0     0     0     0     0     0     0     0     0     0     0     0     0     3   102  2589  2940 10460  8204  6711 11446  9484  8456 11374
ch  118:      0     0     0     0     0     0     0     0     0     0     0     0     0     0     0     0     0     0     0     0     0     2    84  1469  5594 11158 11441  8159 12465  9797 14862  9250
ch  119:      0     0     0     0     0     0     0     0     0     0     0     0     0     0     0     0     0     0     0     0     0     7   144  1861  5775 11202  7953  8719 10382 11046 12624  8052
ch  120:      0     0     0     0     0     0     0     0     0     0     0     0     0     0     0     0     0     0     0     0     0     8   168  1590 17734  8166 10087  9188  8892 10385 12891 12112
ch  121:      0     0     0     0     0     0     0     0     0     0     0     0     0     0     0     0     0     0     0     0     0     3   138  2024  4855 12997 12435  3621  7552 10304 11970 12520
ch  122:      0     0     0     0     0     0     0     0     0     0     0     0     0     0     0     0     0     0     0     0     0     1    93  2732  4228  8050  9803 10834  9828  7561  7954  9946
ch  123:      0     0     0     0     0     0     0     0     0     0     0     0     0     0     0     0     0     0     0     0     0     6   137  2615 15543  7734  9994 13026 10444 10353 11493 12423
ch  124:      0     0     0     0     0     0     0     0     0     0     0     0     0     0     0     0     0     0     0     0     1    14   236  3684  4581  9876 11015  8290 12363  9735 16128 13579
ch  125:      0     0     0     0     0     0     0     0     0     0     0     0     0     0     0     0     0     0     0     0     0    17   361  5060  4923  9324 10078  8848 12008 15141 11020  7075
ch  126:      0     0     0     0     0     0     0     0     0     0     0     0     0     0     0     0     0     0     0     0     2    20   288  2937 17511 12615 11266  8181 10225  9928 12235 15839
ch  127:      0     0     0     0     0     0     0     0     0     0     0     0     0     0     0     0     0     0     0     0     2    70   832  9034 13214  9156  9526  7509  8809 15408  6029  8055
