ch    0:    881  1087  1649  2396  3102  3802  4294  5225  6294  7136  8813 10428  8470 15466 10386  8753 12221 10368 12228 14167  9693  8454  9200 12927 11827 13339 14895 11305 11858 11191  8664  7276
ch    1:   2642  3873  5074  5896  7673  9331  7094  8899 10827  4571  6816  9998  8406 15623 10028  9377  7414 10714 13790 15262 15630  8599 12944  9209  7960  8156 12262 10138  7679 10507 14156  9478
ch    2:   6037  7197  5161  7102  9290 11311  5340  8361 10527 13626  5671 10860 15440  5423  9690  8575  2803 10802  8032  8561  8441 11633 10823 11473 13905  9602 13455 13401 11231 17461  9991  5147
ch    3:   5498  3024  4872  7607  9927  8789 10910  6004  9772 13672  9716 12627  2434  9965 11825  9993 12448 10663  7897 11403 13731  7348  9064  8155 11305 10114  8284  5910  8023 10461  7760  8390
ch    4:   3782  6080  7416  7534  9077 12001  6777  5992 11073  9853 11680 14122 12253 10582  9154  6091  8617  8437  9726  8416 13272 10830 13376  6294  8066 10300  6858 12018  8662  8244  8856  7778
ch    5:   1989  3953  5868  7375  7110  9860  9893  5958  9110 13575 12250 11726  9812  9146  8002 12048  8764 15338 12160  8840 10206 12880  5373  9640 13076  6898 12391  5851  6284  6664 11921  9927
ch    6:   4833  7209  5959  8879  8711  7235  7747 11093  9274 11550  5818 12892  8765  6753 10161 11907  9872  6194  8384  7068  8570  8774 15101  7838  9860 10286 11203 12169  3693 10715 15423 12156
ch    7:   2210  3446  6690  5086  7959 12306  8264  9186 10473 12982 10119 14094 11235 12186 13710 11403 12207  8862  5930  7070 10982 12277  7671 14333  4313  7960 12645 12343 13348 12447 11444 12163
ch    8:   4326  6968  5659  9013 12869  5564  7688 11079 12679 13560 10487  5850  7988  7954 10104  6721 12899 12970 10204  7140  6882  6816 14120  9176 11318 12938 10892  9746 11447 12026 10127  7202
ch    9:   6115  3992  6108  5814 10256  6396  7088 12260  9498 13258  9838 11961  9262  8346 14611 10924 12080 11357  6561 10478 15338  9637 12841  5285 12679 10651 13381 15847  8773 11274  8403 10544
ch   10:   5460  8720  7893 11470  7483  8628 13454  7839 14592  2500 11964 10155  9016 12229 12803  9977  3387 12654 11406  8719  5042  9652 13317  9895 11688 11269 13688  8937 11356 14371  9086 11429
ch   11:   2999  5364  7675  8308 11685  6164  7369 14627 13648  8996 10886  8504 11677  7846 14386  4425  6541 14507 11043 11770 13225  9273 10338  8751 15285 11284  9598 14547 14701 10763 11707  9314
ch   12:   6451  8964  8992  7880  5863 10330 14120  8477 10382 13151  7741 13870  8692  3750 11014  9277 13516 12126  8413  8087 11995 11072  9189 10969 13451 13386  9205 10264  8464 10862 10196  9352
ch   13:   6446  4800  7523  8146 11743  6467  8685 15613  6777 11081  9356 12108 13908  6578  5624 10442 11247  5950  9470 11814 10145 10545 10846  8408  8830  8977 12260 15827  8487  7555  4030  7372
ch   14:   5910  8946  8044 13876 13496  9311 14885  8141 14220 11358  6123  7767  3867  3384  8005  6547 10822 10090  9337  5814  8719  2716 10783  9391  5152 10868  6461 10504 12041 11743 11578 12253
ch   15:   3576  5799 10371 10105 13898 10594 10697 12150 11606  9164 11614  6060  6963 11914  7711  9656 11014 10542 16341 12233  9675 10187  7492  7795 10507 15535 11728 13957 11591 13886 13958 11253
ch   16:   5973  9349  7817 11321  4612 12462 11680  4455  7875 10071 12111 10619  4171 13484 10733 14541  8432 10693 10050  8899 15145  8539 10665  7930 10697 10368 12478 11117 10401 11858  9419 14244
ch   17:   4342  6760 10610  7212 14202  3590 10657 12131 10249 10987 12067 12070 11768 11714 13009  6906 11213  9056  6936  9462 10274  9626 10074 12650 10617  8844 13389  6517  8212  9123  8446  6613
ch   18:   6861  7968  7437 11686  4780 10969 10547 10299  8345 10690 11712  7503  5443  5420  9830 14811  6867  8908  5819 13415  7885  8221 10886  9955  7868  7153 13562  9142  4973  9056  9718  8696
ch   19:   8397  7820  8903  9039 13051  8776 15831  5798  3562 14263 14847  8384 13071  8249  9482 12806 13132 12564 12852  9799 12381  7920  7148  4011 12439  7541 11476  8310  9808  7294 12079 12221
ch   20:   9840  8007  8985  6862  7939  7461  8185  7700 13104  9994 10480  7784 11296  8975 15475 10467 10052 10440  6126 10458  5533 13871  9228  7573  9265  8889 14246  5441 12064  9246 12243 12778
ch   21:   6541  9943  6112 11829 10440 10409 14597  6855  9251  6236  8896  8092  8136 14007  9143  9740 12083 10937  7958 10212  9788  4136  8310 13839 10052  8224  9276 11140  9810  4925  6383  9409
ch   22:  10411  7011 12013 11234  9532 16650  7244  7896  7446 14303  9158 10459 11035 14392  5880 12820  8054  9174 10581 11928  4853 11498 11347  8247 15056  5615 10816  4656 13326  8912  6765 11563
ch   23:   8046 10825  7145 13582  5726 10957 14574 11700 13078  9628  9616 11922 13400 14598 12413 10565 14838 12175  7275 12547 11988 11134 11916  7451  9449 14089  6600  7771 11557  8294  6432  8207
ch   24:  11756  7157 10444  5596 12514 15332 13074  8703  8844  5882 11771 10608  4904  8911 16483 11156 10028 11431  9833  5821 11260 15068 13202 12596 11881  7674 11656  8277  9517 10987  8120 10119
ch   25:   8473 11297 10287 14314  6144 12664  2572 13369 14348 13534  9763  6711  6451 10336 11713  6615  8879 12082 13347  9105 14512  8089  6949 11383  9392  8647  9470  4315 10408 11510  7055  8845
ch   26:   5522 10101  8671  7304 14276 11501  7675 10448 10938  9638  6996  9222 13689  5563 11859 13193 13005 11689  9059  8590  9645  9024 11747  5344  7884 10808  8612  8157 13046 12175  9836 11789
ch   27:   9940  6909  7130 10924 11724 11175  9313 12357 12539 10114  7794  8760 15372  9694  8556 11497 10715  9486  7857  8481 11883  7327 14531 13437  7273  9836  9929  8509 16763 11484  5603 11328
ch   28:  12516  8348 10525  9084  9301 14676  7368 10651  7529  9323 11326  9160  7376 11361 17459  4333 14069 16200  9590  7903 11529 11139  6709  6686  8010 10419  9333 11337  8791 14013 11363 15811
ch   29:   8301 10314  7761 11812  9694  8908  7742  8449 13609  7255  4848 11210 14041 11344 13042  9761 14181  7050 13573  3627  9802  5670  7962  8537 13741  9005 14135 10968  7404 10408  9777  8155
ch   30:   9656  5869 12465  9048  9211 11653 12781 13612 10027 15982  8637  4989  9391  7461  9544 10151  8576  9240 12989  9608 14206  7142  5817  9540 10659  9787  7575  9434  7847  8169 15019  9760
ch   31:  11013  3699  8990 12543  7230 12674  8248  8882 11765 11647  9998  9660  8888  4918 11909 10304  8643 12025  9881 11790  6812 10633 14398 11970  7494 14573  8471  7450  7361  9149 13892  7372
ch   32:  10467  5708 13414  9238 10435  5487 12891 10626 10761  9947 12594  8950 10487  8214 11115  8007 11852 11369 10390 11928 14555 13502  9600 16139 13559 11951  8949 10249 10481  9211  8801  8869
ch   33:  11369  7238  9126 12900 11035 14046 10801  9379 10274  6609  8356  7415  8936 11710 12731  8073 16030  9666  7867  4962 11317  7066 11030 14231 13021  9197 11407  8739  6862 11736 16487  9693
ch   34:   9890  7577 14629 11673 14040  8519 12577 10495 11717 10395  9587 11005  7740  4598 11024  8777  8234  6941 12056  5836 10447  9144  8667 10339 12220  8243 11677 10927 11163  8690  9413 10809
ch   35:   9318 10014  9161 16247  8646 10850  9914  8580 10619 10462 13826 12847 10712 12899 11273 12386 15669 13574 12895  9424  7829 15040 11858 11626 12824 11653 13839 13497  9693  8457 11466  9760
ch   36:  10874  7940 15924 12367  8699 10505  7002 10793 10216  8620  9509 12593 14119  8558 12029  8985  4568 10252  9729  8442  9287 10608  8765  9673 12213 11183  6380 11466  9837 11807  7330  6456
ch   37:  10718 13684  7718 16762 10195 12777  9553  8306 10180 10529 13206  8809  8765  9062 12786 12173  9139  6029  8868 10045  7579  6925  8732 11574 13134 10090  7317  5637  7771 10410 10160 12190
ch   38:  11049  7580 14306 10338  8988  9774  5858 11290  8623 11146 14248 10562  9567  8193  7738  5891  8868  5425 11627 10622 11165 10363 13704  9604 14557  4444 13852  6547 11007  8871  8496 12422
ch   39:  10656 11209  8493 15351 11024  8700 10983 12375 13307 13963 12043 10951  7203  9582  9256  6783 11535 10954 12442 11487  9517 12544 11222  8420  8976 12539 12388  8256 11722  9677 12417  9076
ch   40:   8369  9563  9688 12047 10166 11960 10740  8319  6180 11277  9668 14049 10714 13117  8588  7185 11165  3899  9262  9487 10063  4643 15301  7119 11474 10040 11529 15038 12277  9245 12868 12258
ch   41:  10095 11167  9263 10799 12669 10822 13066 13441  9977 12917  7349 13628  7395  8523 10672  7524 13665 10838 11755  9330  5227 14070 12420 14329  6932  7199 13743 11851 16033 12558 12428 10515
ch   42:   5820 10778  8143  7714  9485 10131 14043  8341  6089 15801 10439 10628 10127  8967 10610 10527 10037 11872  8513 10030  6541  7752 12866 12555  9948  7469 10248  7788  8681  7549  7555 12438
ch   43:  13361  6605 14613 11075 14520 11504  7448 10014 13232 10824  8009 14287 10779  9859  9872  9173  9993  8309  6837 10343 10475 11749 12029  7446 10525 14524 10588 10865 13508 15415  8152  5817
ch   44:   8449 11375  9764  7988  7452 10331  8746 12400  8174 12855 12419  7962 10223  8963  7461 12366 12552  8891  6570  8986  8168  7736  8355  7533  7750  8361 10053 13130  7357 12110 10539  8641
ch   45:  12490  5000 11812  6352  9054  7554  6407  8677  4126 10389 11949  7607 12321  6984  6237  6486 12490 11834 10462  7122  7364 10900  7984 10427  8997 13555 12031  6167  5140 10949  8961  9962
ch   46:   8883 13714  9285  8982  6445 13362 10899 12312  7121 15212 15110  7813 13055  9318 10686  9187 14166 12996 11595  8157 11234 11641 15362  8571  9693  8810 12819 13818  7795  8922  5522  7452
ch   47:  12580  8466 13591  8253 14274  9392  8840 11682 10117 12698  8392 10532 10009  8655  7685 11733 10599  7529 12507 10740 12724 13868 12525  5016 11412  8616  9972 12506  6050  6749  8030 14794
ch   48:   7088 11501  8769 10254  6301  9273 13418  7946 12539 12827  5555  8772 14477 11918  5824  5825  7743 11115  8784  9488 10257  7151  8486 10120 12203 12064 11576 12059 11245  8066 12688 13236
ch   49:  13834  7570 13272  9373 11843  8011 11216  7455 14337  8030 10094  9754  8722 11112  6854 11070  8357  4910  4209  9607 14715  9062 13595 14122 14738  6784  8865  9610  9290  6685 10790  8751
ch   50:   7598 14959  9006 12394  9096  8197 11244 10136 14470  9600 12140 10912  7889  6388 15741 16258 14402  5288  7877 13040  6413 11166 15218  9860  6600 11150 10925 11844 11201  9393 10271  6933
ch   51:  13162  7435 14200  9641 14240  8596  7198 15098 14414  9315 10717  9678 10275  9948 10385 15981 12715 13514 10775  9282  5913  8095  8518 11183 16031  7491 12436 11388 10935 12509  9730  8224
ch   52:   7637 15901  7882 12851 10081 10361 11608 10150 14263  9119 11450 12360  8139 13045 10100  8668  8942 12196 14219  8900 11851 10100  9834 10994  9811  9678  5651  6100  9327 13951 10278  9997
ch   53:  12482  7295 14084  8527 14229  9272  9898  5454 11280  7579 12667 14404 13106 10088  7860 11570  9061  4640 10403 11657 11098 10969  9517  7926 11043  9951 11778  8596 11130  9080  6952 14624
ch   54:   9236 14858  9515 13384  9712  7856  5705  8275  8576 11380  7640  8306  9843  7647 12389 11044  5876 12620  8324 12354 11169 13984  7807 14323 11373  8828  9003  8215  8971 13787  9669 13169
ch   55:  11842 11331 11258  7006  9747 10086  9120 13745  8160 12986  7376  9448 11037 15142  5589 13178  9175  7890  8452 13182 13213 10033  6481  7943  8518 11580  7122  9875  6636 15047  8401 13702
ch   56:   8671 14511  8403 13878  7205  8746 11937  9326 10800 13340  8600  7673 13096 13565 10793 15241 12962 10801 13985 10999 12826 11456 11016  7991 10160  9595  7987 10261  6621  7514  9863 15072
ch   57:   6166 12325 12349  6835 10205  9858 11802  6011  9713  8556  4907 11313 10310 11516  7479 10741  6170 12376 10658  3901 13530  9460 10447  9466 12093  8607 11240 10793  9207  8840 11862 10179
ch   58:   8840 10834 10737  9999 12549 11097 10890 14508 11631 11632  9442 12203 16050 10130  5384 12226  6773  9278 10539 11598 12520 10520  8029  9033 12459 12875 10345 10808 10535  8293 11249 12157
ch   59:  13199 10868 12551  8247  8882 11790 13504 10819 11211  9943  9191  4808 10513  8889  6608  9911 10481 11602  4687 12255  9289  6161  9197  8180  7595  9449  9701  8694  8979 14634  5410  9146
ch   60:   9433  9407  7734  8701  7785 11722  9482 14441 11155  4243 13761  9468  9198 11016 12199  4981  8700 11346 13785 12890  3954 12589  7437  6918  5860  6503  8673 11696 10576  8658 14505 10681
ch   61:  16317 10786  8166  9780 13810 11637 11217 12351  7559  9489  7884  9427 11320 13094  5843 11785 10044  8736 14398  7201  8147 15371  9894 10251 12878 12373  6782  9998 14123  9930  8647  7913
ch   62:  10367  8288  8279  9167  4987 10439  9344  9931  6060 11348 11961 13738  9067 12133 13610 13406  8658 10875  9031  9653  8504 11462 16030 13422 11185 14594  6159 11477 11730 11391 10761  8354
ch   63:   6838 10848  8736  9954 13606 12292 12293 10971 10080 12213 12834 10271 11574 13034  9115 13774  8561  6588  8622 13380 10712  7061  6664 12077 10504  4919 10563  8177 13851 10340  8354  9111
ch   64:  13720  7617 10740 13270 12166 12496 11781 10246 11762  9126  8957 13401 10797  8391 13947  7251  2562 11236  7519 11319 12076  6894  9500 10640  7725  9284 10274 11024  7368 15745  4858  7866
ch   65:  12911 10078 11217 10405 12735 10157 13626  7780 11680  9669 14729  7097  8605 10485  7274  8395 14297  9641 11951 12282 12961 10092  5533  8670  9862  8656  8525  9281 12916  8393 10883 10474
ch   66:  13588 10790 10841 10207 12821 11774 13019  8652  7502  9276  8309  9843 10108 12077  6811 10484  8315  7252  9767  8041 10701 12363 13687  3398  9872  5844 12442 15041  8250  6874 15175 13036
ch   67:   6899 10887 10246 11081  8639  8298  5977 10053 10681 10272 10816 11885  4257  9250 15229 11471 10341 12709 12339 16611  9729 14452 13100  8302  8034 10175 11148 11071  7642 10026 10524  6244
ch   68:  12046 10981  8699  7219  8777 10683 11917 11903  7280 11286 10994 11829  8327 13997 13585  8902  9770  4953  5739 12627 14480  5813 10366  7057 11028  9674 11058 10052  9057 14189 11253  7642
ch   69:  10169 12295  8180  8171 13728  7840 14641  8199  8410 13242 13854 13573 11363 10507 12647 10860 12139 14723  8926  8778  4951  7267 12314 10736 12736  7013 12830 15055  7906  7955  7111  8282
ch   70:  11439 10181 12963 12330  7304  7773  5814 11724  5169  3371 10870 11172  9000 10680 14544 10158 12062 13458  8930  9055 12055 12475  7296  6770  8823  5671 11204  8677 13412  8605 12971 15025
ch   71:   7642 15230  9067  7181 12654 13061  8048 15395  9132  8504  8560  7659 16291 12281  9009  6465 11921  9750 12895  9980  6306 10512 16283 12678  8974 12092 10203 11716 11724  7806  4540  5415
ch   72:   9053 10386 13821 13827 13214 12296 12897 11584 10094 10723  8280  9177  7051 11063  9692 11311  5233  6016 12106  9253  7988  9478 12411 10494 10520 12331  9022 13042  8430  8297  9527  6756
ch   73:   9109 11150 10386  9524 16208  8918  6766 10719  9088 11268 15225  6861  8105  8200  7878  7590  9710 11667 12302  9686  9191 10104  5367 12819 12896 11936 12599  7382  8725  9233  9775 11252
ch   74:  10681 12781 12038 10458  7419 11999  8492  6372 15313  8367  8157  8111 11440 10964  8061 14514  9358 12578  6189 10049  8976  8448  7752  8670 11923 12499  8080 11624  9749 14503 10328 12058
ch   75:  10410  5089 11366 10271  7883  9548 12189 12534  5774  7114 10585 15624  7056 10913  8435  7987 12189  7952  8614 11234  7971  8641 14679 14659  9464  7922  7777  9293 10588  9880 16874 11109
ch   76:   7595 11242 10515 14222 11266  8363  5326  8466 10851 12050 12821 10158 10933  6162 10740 13649 10431 14969 14945  7056  7555  5443 12819 12910  4979  9698 12318  9059 13696 13237  8266 11690
ch   77:  10555  8844 10327  8407  8085 12645 12373 11625 12246 14617 10992 11592 12385 12132  9322 14493  6728 12538  9786  5831 12938  6753 10112 10516  9252  9522  8079  6229 13830 12490  4749  6767
ch   78:  10713 11351 11501 14976 11139  8523  8459 10257 11945 14726  8771  7191  9813 10970  8138 10967 10423 13554 10564  8046 10960 11104 12804 14862 13621 14512 11520 11253 10422  7851  8075 10099
ch   79:  11209  9677  9180  9683 10233  8132 11098  7878 13409  8343  6784  8238 12190 11658  9066 10858 11046 10006 11684  9564 10519 13215 11649 11692  7776  9441 13204  7134  7396 10033 11544 10532
ch   80:   9506  8828 11714  6768  8051  9426 10062 11031  8356  8471 10443  8213  7098 11403 12616  9379  3606  8438  9619  9236 15850  8112 12077 11530  6665  9159  7603 12517  9290  5279  4746 13259
ch   81:  12968  7678  9780  8114  6418  6911 13841 11592 12869  5470 15208  6545  7682 14236  8689 11088  9938 10073 11606 16898  7863 11168 11968  9080  6875  8827  8734 12378 12306 10279 10009  7263
ch   82:   7771  8144  8800  8936  6300  5669  8803 12286 13151 13760  9031 10145 13536 14756 13665 10543 13002 13116 14433  8041 11239  8775 10230  9766  5567  8258  9467  7965 11995 14989  9619 14255
ch   83:   9975 10750 13178 12759  9993 15287  5716  8025  8886  8974 13674 10681 12958 11459  3515  7423 12386  8106 12946 14506  9436 14572  8709  9119  5149 12102 10348 10381  8306  7301 12650  8043
ch   84:   8115 10406  7235  9163  6567 14696 11507  7463 10694 11279  9273 10284 11635 15024 11440 12213  9730 15252 12677 10196 10963 12396 13161 11306 10389  9871  9956 13263 12661  5697 10902 11298
ch   85:   9633 11081 11432 11011 11806  9833 11070  8114  8217  9874  5673  2838 13388 11290 10638  5952 10893 15280  8300  5526 12168  8876 12455 14135 11866  7813 12334 11930 12729  8236  9933  8211
ch   86:  10611  9518  8916 13524 15461  6500  5484  8073  7991 10960 11273 12756  1814 10992  6810 10015  8100 14987 14751  5289  6483 11318  7690  6198 13492  9318  9925 13802 13580 11094  9030  7667
ch   87:  11922 11210 12505 13215 13114 11701 10291 11332 10623 10212  9069  8263  9471 10084 10014  3355 15138  8565  8074 10968 11818  9619 14605  9711 10926  8532  9999 11956  7881  9139  8897  5354
ch   88:  10302 12873 10982 12239  7795  4576 10993 12365 10488 11716  6594  7043  8244 16832 12364 13756 13441 14429  9258 13152  9093 12060  9759 11298  6708 13928 12522 14711  5187 11681 11038 10442
ch   89:  12618 11615 13652 11413  9887 15692  9662 11418 11837 13635 11812 11514 11749  7771  3582 11332  9967  9999  9237  8462  7762 12741 11862  7537 11346  8986  8247  8359 12905 11231 10178  9240
ch   90:   5855 10918  9610  9171  9594 13363 10361 13012  6079 10096 12345 14704 11867  9498 11282 13500 10725 14518  9685  7152 15206 10288 12982  8904  9316  9133 12157  4419 11570  8707 10330  9602
ch   91:  11129  9631  8610  9036  7877  9274 14746 11446  8930  4914 10239 15023  9358  8959 14547 13991  9342 14145 10008 11472 11108  8240 13292 13874 12141 13306 10425 11088 11414 13196 13214 10968
ch   92:  12206 11102 10474 11630  9157  7644  6823 14356 12549 12229 10999  9676 10059  6380  2683  9864 14765  6182 12066 17113  6525 12306 10662 14695  9334  8553  6264 10462  7140 11397 11478 11289
ch   93:  12198 10780  9049  8766 11055 16225  7084  5275  8771 10583 11907 10924 10510 12333  8928  7762 11483  6981 14989 17254  7543  8616 11769  5563 10672 11184  9580 14549 16634 13269  7691  7184
ch   94:   7279  6717  5031  8004  5130  8573  8071  5546  6368  7048 14602  8639 15002 14560 13466  5664 13532 13869 10864 14791  9979  8921  7814 12587 16878  8448 12082 13978 10770  8905  5708  6852
ch   95:   8686 10913 14372 13865 12307  5379 14543  8762  7349 12707 14038 14625  6412 14580  7733  4017  9116 12745 15257 13577  6589  7339 12769  7544  8886 11303 10299 12315 10197  7642 10302  7135
ch   96:   8565 13176  7692  8607  9094 10298 14137 11164 12434  6932 10297  6048 12697 10353 12006  8897  8083 10909 10999  8511 11950  9967  9571 13591  8312 11714 13351  7554 12988 11259  6297  8283
ch   97:  10462  7606  9297 15639 12048  8191  5536  8602  9696 11436  8369  7301 14924  9862 10982  8170  9254 13759 11064 10096 12584 11105 13409  9739  8963  7620  8118  8624  7380 11462 11434  8265
ch   98:   6445 13867 13964 15343 12468 10384  5422 11679 11460  6209  8657 10209 11124  9017  5838 14367 10711  9008  9595 10260  9476  9585 14486 12599 14280  8962  7794 12558 12886  6529  7779 12504
ch   99:   9512 12970  5761 13927  5117 11037  7131 12052  9309 11331 11808  7245 10249  9609  6047  7477 11597 12470 12097 14735 13542  9411 10883  7473 11893  8092  6172 10269 11962 15144 13295  7420
ch  100:  11564 16556 10708 10867 10386 12874  9959  9107 12711 10714  8521  9012 11978 10564 11800  9512 10899 13832  4093 14657  9939  7382  9763 10136 10622 12074  6581  9625  7542 11799  6953 14430
ch  101:  11098  8797  7129 10251  7770 11169 11722 11426 11239  7655 12039  8355 16111 10240 12032 12262 14397 11451  8970 15517 13936  6101  5478 14833  9942 11735 11260 12409 13891  6153 14167 10437
ch  102:   9806  6273  3840 10723 11484  9237  9765 11176  7868 13413  9871 13017  6330  7638 10312 11670  9830 12304 13371 10097  8472  8900 11780 13126 10928 11128 12099  8208  7889 11935 12556 13528
ch  103:   8646 13395 13547 12360 10214  8726  9316  8385  8721 10353 10750 10404  9381  9185 14683  9638  9520 11524 13368 10758  7475 12410 14915 13514 11725  4460 11391  9591  7663 10327 13044 11401
ch  104:  14108  7535 10020  9238 15214 12471  9946 10785  6748 11262  6417 11859 11572 10685 12614 11250  5639 10497 14740  7374  8341 16096  8653 13533  8588  8653 14023 12759 10371 13207 13441 11330
ch  105:  11574 13171 11166  7946  8429 12312 10075 13091 10368  8508  7575 14861 10905 14224  7397 12700  8289 10659 13173  9242  7725 11045 12972 11665 16159 10555  8354  8403 16993  9856  9606  7939
ch  106:  12794  8253 11710 10044  9402  7554 15552 10851  7779  8521 14379  7711 11054 12097 10790 11770  5748  6642  7472 13279 12992 14176 12157  8619  8913  6918 12919 12290 10213  4972 10399 14452
ch  107:   7114 14690 13148 11443 13365  5514 13115 11855 12720  8945 10818 10404 11723  9076  8190  7550 10091 16226 10252 10235 11837  9525  8637 11290 12124 10887  7501 12178  7362  7635  9971  5280
ch  108:  13061  7974 12189  9093 14490 10856  8719  6793 10029 14767 10270  9884 10405  5820  9752  8879  7688  7282 10975  9740 11256  8850 10558 11533 10555  3395 11255  9493  6691  6122  9363  8112
ch  109:   5421 11919  9565  6895 16201 12160 10167  7554 11916  7279 15040  8455  8592 15087 11545 10503 13603 12904 13685 13796  6701  6010 11841 13629 11953 12994 12550 12656  5544 14645 11712  9081
ch  110:  11087 12219  6624  6327  9216 12589  8198  4684 10807 10863 10885  7904  6009  8904  6672  9722 12666 10665  9885  5604 12127 10161 11324  9557 14979 12720  8372 12520 10385 12819 12950 10660
ch  111:  11724  7122 12284 11186  9961 15062 12475 13549 10258  9298  9802 12078 12086 13904 15435 10106 11594  8609  9561  9169 10765 10605  9166  9211  6360 11321  8244  9546  9202  8824  9368 11984
ch  112:   7000 10866 13098 10756 11623 10050 10002  8036  8473  7932  5757 11985 11491 14198  8495 12555 13042  8045 11426 13270 10684 13475 10066 11998  9507  4615  4850  8504 15804  9567 13941  8999
ch  113:  11279  9726 11039 15146 11186  4484  8680  6797  8343 12649  5060  9744  8750  8214 10276 10976 11773  8173 14056  9991 10515 12822 14807  9105  8148  9866  7276  8065 12961 11261 11660  9238
ch  114:   7783 11945  9096 12670 11380  9724  7223  9445  7266 11962  9698 13666 10555  7252 14439 16665 12005 10282  6748  9095 16982  8880  5539  9548 13497  8875  9176 12456 10516  9215  9264 10743
ch  115:  13123 13270  7054  8418  8845  6831  9692  7917 12307 13533 10596 10051 13378 10056  7787  8093  8832  7203  7396 14501 13084 12920  8354 10128 11552  8381  9354 10288 10813 11647 12569 12552
ch  116:  13863  9627 11399  8458 10616 15418 15127  7875 10465  9940 11097  4018 12167 11821 12215  9598 11527 10416  6299 11963  6964 13777 13536 15321 13284 10328 11588  8262  9112 12920 10849  4609
ch  117:   6694  8715 15306  8057  8129  6708  8824  9057 10431 10369 12420 10932  9666 17594 11422 12056  7278 10089  5300  8927 10808  9139 10207  8077  9360 12282  8323 12343 14773  8718  8864 10909
ch  118:   7790  7262  8252  5103 11650 10428 14983  7191 10763 12155 10238 13641  7248 12709 11174 14111  8850 10307 11674 11750 13863 11313  6836 14288 15704 11937 11137 10504  7234  9043 13769  9149
ch  119:   9201 13366  9474  4469  7761 14366 12302  8697  8850  8129 12673 12592  9322 10301  8202 12106 12830  5971 13524  5938 10802  8644  8497 12262  8331 12767 10384 10224 11347  5631 14267 13491
ch  120:  11823 13995 12355  5769 11290 10586  9498 12418  9379  7656  4687 14389 14431  9076 10953 13720  8450  9349 11783 10432 13214 13065 14136 10405 14186 10993 10166  5944  9771  6717  9028 11780
ch  121:   9441 11049  5438 10411  5772  5304 11653  8988 11550 10964 11206  9984  5760 10900 11207 11666  8364 11691  8377  9766  9491  9040  8830  8933 14310  9429 14112 12608 18262 11883 10316  9589
ch  122:  10550  7308  9908  7990  7527 12140 12215 12765 10453 14906 10773 10471 11064 14241 11461  9743  8907  9227  7941 13657  9220 10618 12988 10752 10988 14190  7769  7375  9026  8040 10932 15129
ch  123:   8937  9125  9397  3605  7917 11526  9166 15746 10088  9797 10671  8712 15185  4709  7169  9056 10382  9151  5227 10712  8857 15924 15111 12297 12617  8429 10818 13203  7354 11472  8969  6180
ch  124:  13662  6415  6569 10018  9257 12120 10501 15006 14484 13826 11387 16050 12949  7963  8115 13240  9674  4991  9387 11637  9536 10728  9745  8053  7847  7980 12957  7344 13783  8293  9698 10924
ch  125:   5727 12315  7441 11970 10530  9612  9972  9969 15282  4417  8195 12122 12837  4371  3135 14661 10274  9581 10320 12136 13161 10037  6053 10028 12651 13449 11560 11869 12306 13531  8218  5699
ch  126:  13584 11453 10248 15693 10530  5588 13637  4648 11485 12613 11005 12804  9651 16252 11599 14012 12047 10692  9709 10196  8850  9056 14622 11961  6599  8616  9173  9813  8769 15003  9430  4407
ch  127:  10068 11840 12355 11775 13125 11359 10079  6723  8562  6803 14498 11817 10480  9682 10807 10343  9564 13698  9148  7849  9784  8492 10600  9474  7900  2798 11106 13485  6651 13969  6546  8157
