ch    0:    175   236   303   479   662  1006  1272  1576  2349  2856  3942  5475  7227  9129 12014 10778 11580  8780 11506 12667 11760 11494  7980  8179 11381 10669 10154 13200 10508 13874  6063  4821
ch    1:    213   252   325   502   612   924  1335  1913  2637  4087  5352  7051  9463  9425 13843  7908 11761  7859  8887 11233 11256 12263 10080 10999  5523  9311 10147  9890 11493 12599  8329  8676
ch    2:    547   708   913  1322  1937  2529  3018  3830  6218  7864 10358 13137  9727  8476 11416 10159 12168 12916 12476  8937 10033 10513  9412  9236 10572  7950 10303 14088 13080  4054  6692 12023
ch    3:    306   485   640   827  1088   608  2057  3132  4208  6242  7655 11418  9399  6251 13808 11494 12700 11310  8598 11530 13349  6459  7394 14695 14862 12023  7600 13255  6361  8758  9439 13243
ch    4:    687   917  1180  1690  2469  3052  4379  5631  8917 10104 13666 10612 10315 12590  6222 14465 15352 12637 13602 10966  8958  9759 10664 13253 10976  8594 10947 10678 11852  8579  9277  9955
ch    5:    611   764  1163  1512  2128  2877  3929  6080  8478 12431 15728  9351  7040 12469  6647  9024  7516  4807 13446 12565 12837  8502 11914  6744  5771 14816  9312 12358  8438  4395  8825 12252
ch    6:   1375  1833  2621  3442  2755  6265  7910  9593 14056  8824 10507  8479  8350  8132 13067 11182 11202  6946  3700 12045  7727 11329 15132 15174  6789 14721  8062 10565 11479 10112 13839 14351
ch    7:   1281  1876  2475  3233  4240  5645  8854 11507 10590 11531 15392  6059 11596  7492 12306 11857  6175 11909  9370 15771 11399 11105 12200  7138 11047 13925  7877 11785 14256 10032  9040  7046
ch    8:   3584  4175  5293  8832 10053  3315  7689 10386 11315 11095 12571  9635  9584  9141 14625 10390  7047 10245  8170 10926 13884  8232 11709  9471 11533 15146  8090  9329 10843  6733 13072 13203
ch    9:   3094  3915  5181  6749  5532  7777  6622  6158 10174 16526  6889 12902  4714 14756 11854 15543  9495 11239  4457  7652  8971  8579 11535 10737  8341  5836 12356  7054 13919 10220 10142  8478
ch   10:   6225  3631  6093  8669 10357  5620  9093 11746 14824  7591  9134  5614 12316 12231 11392  7778 15897  8580 11760 11669 11190  7484  7227 11332  7653  5123  8144 14653  6605  4665 10978 12142
ch   11:   4898  6317  4518  7557  6059  6490 10152 11133 11804  5606 11971  9406 12891 11943 11997  8507 11152  7692 10678 11583 15261 13204  7773 10532  7579 13018 11256  9521 14393  8593  6913  9378
ch   12:   3865  7059  7273  7692  8512  9115 11018  9740 12170  7121 11519  9474  7762 10805  8691  6030 13289  7530 10583 11164  8064  8457 12708  7887 12440  8876  8854 14286 14356 15113  8530 12375
ch   13:   5121  5849  4204  6980  9800 10390  8442  9534 13201 11277  6739  9797 12458  7635  7775  8104 10280 13867 14237 13167 16304 12755 12943 11766  5245 11635 11836  6395  8118  4284 10509  9181
ch   14:   3691  5111  8850  8500 11729  8215  9826 10743 13274 14973 10160 13426  6983  9437 11314 14610 13774 13352  6272 14142  7130  7936  9628  9759 14674  8985 13811  5736 11132  8888  3438 10020
ch   15:   4671  6824  5920  8000  7810 10598  8201 11358 13805 10460  9476  7309  9627 10962 11542 10688  9110  8620 10456  5220 13206 13270 11819  9362  9070 12299 12535 14224 13811 10384 13578  6747
ch   16:   4576  8261  6416 10800  6310  9594 11139 14790  4163 14856  4956  6215  6204  6622 11514  8715  8351 10887 10393  2926  9558  9849  6110  7609  8421  6284 10361 13910 11141  9303 14255 10850
ch   17:   5408  6212  4227  8422  7128 11821  7997 10425 11686 11578 13543 10937 12812 13113  8975 11314 10568 10494  9882  5525 15750 12019  9620 16582 14179  9419 10252  8904 14200 11702  9938  9289
ch   18:   7699  5950  8883 10697 11732 11964 11310 11832  7420 13196 10133 15991 10937  9099 10977 11571 11250  6408 10773  8331 11797 13185 11037  8062  3975 15732 13681  7147 13727 15110 12923  8320
ch   19:   5870  4152  6910 10163 10307 11588  5981 14610 13977  9620  9181 12888 10330 14362 10292  7842  9980 10410  5325 17896 14296 12861 11525  5206 12407 10450  5183  9259  7171  7651  6158  7263
ch   20:   4843  8049 11632 11472  9642 10410 12754 11193  9559  6623 12239  5527  8534  9110  9146 11168 14549  9048 12644  8424  8942  8425 10674  8365 12133 10598  8591  6315  4590  8839  6257 12912
ch   21:   6355  7783  7146 11278 10845 14503  7109 12205  8367 11192  8549  8550  9465  9929 13516 14346 13140  9065  9994  8998 11131 11121 13710 14527 11844 12922  6896 13741 13624 12017 11644 10474
ch   22:   6543  9826 11427 12642 10890  8489 13608 13807 10803  7602 12239 10338 12267 12237 10821 10289  8029 12121 12514  7257 12384 13393  8932 13425  8769  3642 10937 16838 11712 16035 11687  9530
ch   23:   7972  7294 10248 10707 12277  5640 14104  4366 12546  6202 12357 11720  9584 13213 11992 13771 10077 13211 10625  6626  5833  9705 15037  8452  5646  6972  6248  9487 10389 12453 11340 11322
ch   24:   7087  8118  8977 14108  8825  8195  7341  8207 10472  7162 14272 14186 13427 10720  3442  9925 11997 10519  5416 12710 12980  7902  7928 10898 11563  8150 11434 13367 11213  8213  8731  9462
ch   25:  11412 13119  7947  9826 13942  5949  8807  9150 13183  5612  5141 12707 14209 12682  6421  7961  9846 11151 13924 10952 11744  9528 15255  7554 14203 14525  8586 11495 11491  9767  8381 11806
ch   26:  10653 12931 11400  8850  9781 10569  9574 11544  6144 11516 14225  9275 12470  8447  9207 13505  9922 10827 13633 13590  8213  7671 10036 12081  6412  7793  8613 12870  7308 11091  9919  4774
ch   27:  12463 11955 13402 16309  5042  9782  7748 16541 10021 17402  7167  8505  9941 11312 13011 11356 13224  7955 12099 12362 10563 11393 11190  8152 11782  9966 10433  7064 12704  9224  8053  8022
ch   28:      0     0     0     0     0     0     0     0     0     0     0     0     0     0     0     0     0     0     0     0     0     0     0     5    32   171  1034 12077  9255  9222  7561     0
ch   29:   6847  9393  9937 10283 11047 13052  6830  9549  4198 11856 12354  7967 10313 11583 10248 10238 10365  7575  5542 14555 12070 12345 10727  7365 10471 13279  5578 11268 11434  9456 13001 12145
ch   30:  10163  9928 12130  9332 13411 11342  8267 14800 10839 13486  9497 10940  4714 11895 12369 11596  8521 11175 11557  4371 14256  9332 10562  7396  9126 14830  7484  8710 11657  8777  5944 10038
ch   31:   7929  6355 10206 11166 13266 11774 11763 10267 15309  9745  9557  6239 12120 14937 10400  9544  5439 13780 10807  9459  8008  9454  9296  9195 15287  5777 13432 10692 10154 10420 11369  7635
ch   32:   7698  8984 11047 10542  7958 13468  7521 11573  9981 11106 10825 13190 12552 14768 14129  6888  8290 13058  5826 12081 11412  9040  9939  4855 11056  7640 10699 12653  9568  8533  7327  7403
ch   33:   6860  4385  8117  8336 11233  9177  8307  7579 10182  4931 10680 10342  9719 10261  7773 12086 11788 13283  9394  5581  6483  9965  7656 10832  7021  7631  8358 13448  9194  6052 10688  9066
ch   34:   8817 10316 11791  8542 10838 12739  8280  7542  4326 12587 10007 12029 10268  9442  8670  7869  9889 11993  9448 10496  8660 13276  7832 13488 14291 10509 12066 11065  9567 10392 13254  8884
ch   35:   3607  5870 10477  9564 11975 11295 12698  8075  9453  6860 13526  8386 12192  5765 15236  8722  8567 10185 13461  8039 11187  8827 10228  3794  8648  9758 10271 12650  7972  9706  5164 13731
ch   36:   7408  7054 11014  8345  9097 11049  7725 12191  8700  9928 15630  8854 10269 10736 10209 11993 11968 11768  8952 13477  9681 11669  6521  8910  6618  4243 14666  4072  9239 14270 11659 11111
ch   37:   7057  4099  7560 11624 12250 11319  7970 14822 12409 12060  9154  6796 11151 10991 13742  8825 12774 14567 11664 10688  8422  4133 11887 10933 16314  8435 13627 10682 13780 16006  8700  8173
ch   38:   6093  7970 11660 15205 10796  7008  8931  8503 10578 11411 12626  8580  8101 10041 12225 11811  8312 13117 12202  9986 11148  6027  9640 10826 13461 10602  9446  8835  5456  7045 10654  7915
ch   39:   6910  5888 10539  7917 14420 10655  7978  7023 13891 10923  9199 15177  9254 11077  3592 10950 14391 11505 13947 11085 12356 10168  8531 12959  8724 11600 10912 13438  8169 11810  6061 14555
ch   40:   7800  9332 10356 16777  9465 11970  8299 11307 10501  9934  9195  9115  7779  8542  9784  8627 10578 10522  6800 10792 10951 11372 12618 10979  9854  9545  4784 11553  9714 11053  6563 13164
ch   41:   3920  5351  8467 10941 13035  9839  9667  9078  7253 11717 10946 14112 11231 11030 15436  8561 10598  7142  6845  6534  9664  9352  7183 11871 12401  9410 10421  9275  8136 15156  5717  7979
ch   42:   8424  8938 11975  9504  7310  9679  3424 10443 11495 10041  8640 13085 11388  9089  4800 12904  9998 13473  8987 10445  5315  7948 11567  7799  8535  8647 12401  7299  7215 13579  6216 11513
ch   43:   7430  5725 10163 11276 15189  6925 13488  5806 14139 12534 10059  9639  8913  8376 13445  9229  9009 15441  9186  8205  7579 11978 11947 10851 14401  8415  9364 13173  5910 11062  6679 11255
ch   44:   7622  8453  9957 12897  9716 10566  9212 16268 12789 10488 11913  6990 12331  7610 13790 10230 11985  9300  8181  7039  6616 14879 13960 10252  8568  8705  5313  6897  8311 10251  8870  7094
ch   45:   4600  6983 10768 11648 14726 10706 10363  7439  7439  4902  8847 11220  9626  9728  8185 11190  7833  6164  7940 11406  9644 12349  5808 10869  9190 11538 10966 11474 11333 15211  9482  8010
ch   46:   6387  9007  9656 12726  8369  8499  4769 12706 11872  7930  5193 10907  8785 12291  8792 13380 12908  7558 14297 10813 12864  8507  8042 10337 17160  9675 12712 12147  8137 11331 12041  6518
ch   47:   7928  6732 11076 11344 15569  8127 14178  9880  6788 10300 13090  9581 10617 10138 10915 11629 13995 10519  5564  5750 10205 10899 12327 13809 11867 13756  8502 11183 11049 10919 13838 15528
ch   48:   7853 12469 13869  8776  8507 15047 12310  8215  8508  8874 10572 14004  8428 12065  7769 11588 11512  8270  7129  8273  9486 12739 13628 11546  9956 11169 10261  8221  7892 10763  7465 13416
ch   49:   4621  6026 10331  9807 13469  6271 12549  9485  5465  9579  6317 15580 10068 12102 11096 10590 11380 12915  8166 13346  9107  9081 13203  9352  5526  9699 10393  8191 11261  9975 11328  5099
ch   50:   9136 10382 12650  6498  5481 13764  7948  8847  8683  7881  9779  8096  7873 12605  8700 10055  9557  8257 10191  9626  9809  7598 10399 14564  9394  9843 13219 10941  4062  9182  8316  9301
ch   51:   4645  6564 11571 11564  8726  9207 15427 12347  7949  7584 12237  5872 11510  7863  9406  8865  9233  8986  5269  9265  9018 12877 10595 11817  7985 11462  9618 15093 13554 12414  5808  8358
ch   52:   8928 13051 11243  7555  8768 15353  7769  8340  8515  8390  7215  6327 14133 12310 12138  7196 11705  9797  9401  7120  7471 15048  5304 14264  6359  4557 11681 10562 11680  8842  7240 11972
ch   53:   8119  5387  8697 14020 15073  5406 12286  6856  9600 10354  9976  9006 13446  3077  9094  5403 11488  9409 14516  5069 10311 10858 10299  8265  9421 13061 11642 11836 14647  9107  6568 12100
ch   54:   7984 12329 14308 15821  7433 14189  9016 14038 11147  8502 10645  7703 13312  3159 12286  8787 11670  4587 11629  8115  5028  9252  8194  7708  7137  7424 13250 12108  9802  7935 12026  9190
ch   55:   8509  6627 11929 12221 11913  5679 15390 10611  5620  9076  9206 12530  6332 15040 12949 13684 12405 11347 10715  7437  8468 10816 10621  7104  7004  8054  8081  9716 12683  8699  8218 11405
ch   56:   7713 13570 12853 15089  8831 14639 12221 13481 10181 10101 10039  8965 18031 12629 10830  9671  7804 11555  8659  8044 15095 10801  7028  5660 12466  9916  9001  9064 14847  9725  8678  8155
ch   57:   8280  6194  9486 13086 12968  7109 15055  8060  9084  8764  9573  9782  6349  7302 11957 10866  8133 12434  8483  9837 11406 10626 13010  4548  7287  8686 15026 12516 10154 13536  8610  6494
ch   58:   9890 12692 13856 12293  6159 12094 11206  2847 13623  7668 11977 11500 10644  7202 14627 11687 11232 11290 10685 10048  8592  8045  9729  8192 11560 14332 12547  8501 13907 12139 10596 11928
ch   59:   8488  6827 12010 12311 13092  7415 10990 10229 11305  9285  8931  6927  7732  7085 11047 12591 11332 11172 12887  8278 11359 14921  4911 12340  9754 10849 10479 11070 10918  9973  9644 11725
ch   60:   9596 12458 16106  5735 12920  7871 12143 12765 14256  8541  9949  6508  9906 11370  7393 11677 12854  9363 12996 11336 10042 12315 14163 13421 10630 13763  9203 10500  6870  9421  9283 16921
ch   61:   5429  8065 11417 13318  8794 13876  8337 11223 12070 13043  7967 12532 10621 10059  9537  8819  9354 12653 11494 11316 10051 13141 11672 11563 10665 10789 12189  9362  9177 13417  6807  6499
ch   62:   8773 12810 12734 10568 10952  9499 12806  6852 14352 10521  9948  7853  6642 11055  9572  8977 12166 14547 10464 13655  9797  9526 11278 10486 10649  9227  9496  8051  6177 10486 12429 11454
ch   63:   6673  9218 13935 11645  5151 10177  7413 11261 11664 13468 12952 12429  8261  9200 11697 10370 13159 11323  8674  7735 11576 11155 11912 13704 13064 12040 16941 10208  5688 11095  9986  9433
ch   64:  11942  9708 13819  4680 15149  9527 13666 14479  8699 13053 10138  9699  7255  6557 14366  8897 14299 12884 14039 14395 10978 13800  7683 10194  8383 12400  8168 14648  5902  5610 12965  8216
ch   65:   6993 10626 11737 13531  7142 12508  8753  7235  9195 10997  6884  9469  9173 11704 11330 10332  8882 15277 10102 15265 12829 11832  7625 18445  6466  8382  7516 11368  8990  6580 13602 11743
ch   66:   8679 10240 15760  7209 13940  4549  9453 11663  9808 12279 12982  6959  9071 13373 12168  9144  6857  8156 10865 10623 14599  9023 10527  7915 12521 10500 13408 10838 10967 10756 11606 10400
ch   67:   8493  7565 14502  9543  7697 15482  9758  4784  8320  8572 11573 10105 13512 11435  9550 12949 12712 10972 10753 15158  9940 12218 11704  8448  7174 14733 11135 13828 12447 11994  8473 16595
ch   68:  10198 13632 16477  8939 14707 11041  6748 11451  6838 11111 11740  9610 12429 10788  7746  9391 13714  7826 10776  8519  9784 14956  9295 11065  6522 10445 10861  8981  6928 11840  9171 10713
ch   69:   8361  8225 11504 11498  5545 14761  8494  7302  7084 11687  8075 11094  8993  8953 11610 11125 12932  9920 13755  8987  8415  5827 10268  9888 11655 12330 14133  6472  8406  7942  8774 10764
ch   70:  11642 10558 17552  8243 11267  5913  9986  8343  4191  9244  5775 14099  6594  9291  9949 11429 11715  8025  8210 11871 10590 12747 10974 14529 11138 11652 10346  6748  3293  9634 12662  9040
ch   71:  10108  9350 13664 11498 11598  9081 11199 11041 10523 11217  8737 12210  9750 10661  6958  8208 10468 11149 10900 12886  7925 13193  8933 11942 15245 14445  8841  6561  8881 10258  7291  7074
ch   72:   9338 11975 13837 10685 12930  7605 10755 11065 12362 10377 10945 13037 12302 11297 14468  6491  7540 11285  7467  9482 10174  9083 13170  8675 10740  6614 10574 10565  9463  9383 14794 14254
ch   73:   8721 11508 11770  6886  7783 13505 10156 10887  5822 11614  8400  7076 10742 13085  9663  8533 10911 11588 12027  5870 10953  5270  8500 12987  7657  7817  7113  6366  8415  7218  7985 12015
ch   74:   9151 11353  7926 13798 10877 10964 12500  9169 11923  8110 10701  7966 14844 11754  9771  9850  6720 11960 10550 14076  9350  5698  7949 14490 12521 11252 10880 16878  9083 15931 13558  5991
ch   75:   8009  9183 14322 11121 10007 15035 14424  8618 14027  7160  7668 12240 12368 12163 11370  6061  7950 10579  8528 10711 11671 12158 12891  9945  7018  6814  8592 10576  5184  8674 10624 12646
ch   76:  11564 12780  7685  9371  8356 12235 10708 11627  7456  9141 10961 11684  9271  9903 10545 14426 11509 11384  6869 12169  7115 15100 11523  6928  9968  7757 10529 12199 13954 10024  9650  9173
ch   77:   8529 11532 13580  9038  5460 10990 10357 10042 11426 10276  7968  6132  9942  5918 14664  9561  9007  7293 12109 13783  8216  8745 10397 11351  6928 11232 11542 11841  9154 10186  8021  5974
ch   78:  12055 11524 10019 12899  7447 11175 13120 12277 12022  8792  5281 12729  9491  8224 11891  9018  9216 13824 12051  9611 10763  7732  7354 14978 12082  7997  6725  8915  5306 10503 13496 10478
ch   79:   9809 10863 11384 11727 12338 10877 13346  7113  9391 11512  9859  6231  9266 12703 12040  8650  5473 13978  9768 13640 11356 12083 14945  7595 12626 10150  8058  8092  9358 12654 13044 10218
ch   80:  11785  7569  6554  8878  7954  9914  7390 10214 10694  9606  9784 14616  9584 10280 14202 10503 11692  8335  9028 11321  8050  8469  9815  4892 10611  5977 10024 10862 12476 11543 13058  6354
ch   81:  10764  9332 14038  3707 13610 14692  7966 13044  9727 11256  9582  9538 10792  9805  6509  6732 12596 10726 10396  9311 13271 11522  7978  9927 13863 10096 15249  6903  8644 14237 14457  7517
ch   82:  10423 14368  6492 11182 13245 14913 12285  6979  8530  7434 15126 10310 13378 12671  4485 11291 14228 10000  6930  7216  8989 11495  8294 10475  9556  9666  9712 11219 10770 12387 12715 10365
ch   83:  11045 13573  9681  5282 12427  7971 11983  9450  8873 13156  7610  8377  9170 12983  8192 10550 12248 11825 10513  5536  8896 10124  6941  8771  9974 12736 14630 11228  7007 10358 11209  9347
ch   84:  12775 13358  6394 11969  9382 14751 12659  7737  9398 12036  6624 10717  7823  9678 15697 12231 11712 14035 11669 14949 12591 12173 14436  8716 12490  8754 13697  8317 12015  8797  8511 13591
ch   85:   8116 10991 13989 10141 10129 12513  9710  7407  9350 11015 11190 10892  9965 11221  9464  8612  8590  9152  7482 10623 13536  9096  8207 15630 11430 14533 10739 11704 10185  8488  8208  7351
ch   86:  13298  8647 10284  8966 11250  7057 10211 10171  8262  8048 14778 11547 11085 13690 10096 14303  9130  8723 12128  9338 10676  6353  9835 13562 12968 10607 10145 11297  9662 13258 11674 12737
ch   87:   7804 14571  7615  8578 11240 14256 12464  7593  8830 14636  9027 13196 10299  5732  9538  9097  8010  8740 12035  8043 13775  7393 11680 14532  7539 10143 11915  8161 12478 15031 12574  7523
ch   88:  12523  9431 12036 11549  4417  8408 12615  9597  7002  8282 12741  9597 10429 10939  6469 12617  7514 11900 12824 11777 11186 10521  5228 16133 10794 10300  7872 13370  9475 14218  5780 12539
ch   89:  11430 12511  9025 10116  9781 10864 10271 11078  8816 13645  6605 10901 10788 13533 11040  7841 12256 12517 10870  8438  8727  7461 13109  9890 15315  8574  7029 11246 12642 12676  9064 10052
ch   90:  10997 10653 11800 10535 11135 11552 14393  7147  9272  9761 10666 10586 10109  6728 10177  8164 11871 10926  8491  6703 10201  6170 12172  5358 12120  9452 12807 17329 10783 10982 14219  7194
ch   91:   9262 15735  8266 11451 11629  8138  9343  7247  9430 15317  5296 12917 12507 10396 12728 15054 11452 12162  7629 11271 11889 10383  7273 12911 11263 10252 13366  5951 12268 11223 12242  8498
ch   92:  12081  6697 13994 10249  7710 13739  9727 12263 12447  7726  7378 13037 11611  9563 10101 11911 10632 10735  9942 11568  7737 10582  7783 12203  8136  8114 14108  9216 11780  6916 12808 11265
ch   93:   9791 13572 12258  9953  9357  7647 11972  9797  9413 12194  9539  9667 12268 11234 14115 15057  6632  8082 11927  7819  5248 10490 11833  8456 12409  9338  7030  5853  8915 15394 13492  5600
ch   94:  10779 13542 10437  6791  9941  7960  6174  9872  8120 13692 12769 11679  9639 12919 10009  6925  5696  4864 18435  5535 14648  8616  6012 11992 11349  7886 10783  6787 10241 11126  8326  7262
ch   95:  12166 10466  8636 13047  7960  9253 15603  7595  8688  9892  3544 12107  6927 12982  8905 14477  7314  8345  7410  6325 13664  9570  7605 10322  7873  9479 14140  3943  7629  6828  9711 11665
ch   96:   9994  6295 10091 12280 13499  9861 10691  9727  2869  9966 11792  8928  7520 12266  9180 10334  7963  9636  9691 13376  8948 13886  8887  6569  6367 12057 11385  7371 13004 12786 12258  4998
ch   97:  10594 15066  9728 13508  9312  8877  6136  9185  8063 15585  3177  8651  9532 13415  6647 14582  7467 13371  8282  9434 10157 11493  7885  8402 11618  9676  6264  8400 10462 10903 13872 15258
ch   98:   8872 11017 10087 10904  8754  7444 12164 10891  7978  9386 10616  7223  9381  5688 10409  9397 11977 10181  5539 13249  8062  9192  9463 12621  8621  9128 10111 13311 10608 13900 12344 10823
ch   99:  13198  9404  9019 10619 11016 12803 12748 12048 11883  8684 11830  5359 10814 15661 11258 16548  9995 12408  5876  9117  9381 11506  8473  7327  5268  7742 12057  8898 11222  6179  9301 12425
ch  100:  12957  5722  8987  8967  8057 15557 15569 11052  4275 11502 10343  6133 11795 10686 12924 16121  8782 14637 12289 14831  9823 11030 10988 11085  8776 13768  8691 13997  9961  8256  8474  5568
ch  101:  14547 12538  8045  7289  9871 11045  9968 12703 10458 13102 10202 11267 12013  6211  9517  8110 10397  9718  7767 14035  8942 11821 12471 11219 11347 11092  2988  9852  6310  9190  6595 12759
ch  102:  10758  7714 10129  7791 10327 11378  4590 10053 12311 12786 12622  8086 11019 13977 10953  8454  9164  9213 12474  5716  5619 10251  8828 14807 12817  7380  7742 13246 12315 15622 11355 11742
ch  103:   8773  9349 12855 11157 11557  9218 11184 11047 11117 12764  8643 13251 10676  9404 10551  7090  8069  7557 14137 11252 11328  8728 11144  9364 12822 11196 12242 13001 14006 10383 11145 15625
ch  104:  11673 13776  9840  8538 10342 10371  8324 11346 10511 11729 10249 10850 13684  9506 10710  6829  8032 10601 10625  9219 10248 11331 11087  3063  9487 10113  9557  6152 12732  7335 10650  8893
ch  105:   9887  9473  8112 11045 10950  9271  6144 11061 13032  8536 12599  9124 13453 11209  9247 11550 15850  5127  8992 10586  9105  7489  6324  9710 11573 10019  8835 13551  9105  7562 13678  9940
ch  106:  11621  6202 10504  8275 12204 11088  9802 14033  3930  8820  6776 12609  9650 11717 12433  8506 11904  8400 10192 10552  9651  9818 11449 11315 13092  7596 12371  9970  8965  9122 12095 14357
ch  107:  13071 11696 12274 11225  8450 11803 10892 12413  9970 13664 14400  8827 11131  4647  7944  8549  8554  3829 10888 12570 14977  6433 10689 13035 15604 10525  9784  7418  7313  9600  9630 11527
ch  108:   9344 12662  8915 10027  9711 10907 15272 10679 10915  7994  4332 14015 11057  8941 17200 10388 10828  8763 11367 11314 12175  6246 11239  9327  8132 12766 11630  8001 14382  5791 12951  9803
ch  109:   8998  9883 10415 11871  8308 10444 10152  9003  8490  9896 11013  8654 12520 13471 12726 13416 11445 10781 12466  9691  8293 11932 12292  8692 11636  8034 14047 10619 12436 10392  7569 16720
ch  110:  11988 11824 13297  9345 12169 10538  9182  5402  7352  9213  6354 13606  7427 11989  6742  9923 10756 12493  8328 11664 10653  9145 11036 12039  7683  8625 11300 11127 12752 10113  9981 11152
ch  111:  15167 10454 10168  7620 10585  5151 11029 13070  8037 15260  9923  7955 14788 14579  7623 13280 11713 11765  8316  5302 12363 11771  7034  8845 11896 13928 10390 13462  8824 12962 13266  7060
ch  112:   5364 12259  8628  7766  8589 14298  8282 10234 12729  8853 15205  5934  9499 10554 13178 16089  8145  9847  6539 11250 12284 13760 11380 11327  7762 11547 12179 10036 14058  7894 13535  9441
ch  113:   8065 11017  9418  8713  8776  9183 10324 12805  8313 13305 10819  7934 12445 10237  7841 13581  8993  6805  8456  9992  8564 10124 12695 11766  8464  9497 10139 10332 12830  9703 10120  9353
ch  114:   5594 10516 15256  7574  7921 11197 13896 12108 10339 12008 16305  8401 10713 10431  9161  5636 10706  5024 13391 15578  6767 11338 11287 10853  9805 11801 11713  9969  9684  9047 12855 10869
ch  115:  14170 14232  9972  9134  7580 15510 11003  9790  8917 13110  7597 10624 13534 10372 10018 13961  8733 11447  6975  5450  8422 11920 10223  9672  8689 13040  7268 12911 13442 13663  9461 11268
ch  116:   6384  9275  6549  7105  8320  7625 10511 13021 13099 11648  9676 11673  7034  6723 11281  7975  7409  8186  7979 12650 12124 13309 11989  9764 12858  8826 13770 10551 10577 10073  7580  8528
ch  117:  10654 11729  7501  6051  9734  9345 11674  9587  9808 10169  9465  7903  9840 10587  7415 14593 15051 16550 13587  8606  8022 13463  8142  5213  6964  9339 19390 14191  6350 14025 10473  9497
ch  118:   9910  5469  7175  9327 12855 10151  6776  7434  8915  9107 13535  8936 13898  8753 11312  9316  8948 10797  9124  8586  6037  9928 11809 12176  5591 10889 12966  6821  8305 13847  8425  7935
ch  119:   8517 10724 12837 13557 12419 14686 12313  5642 12695 10829  8093 16007  9625 11363  6023  4455  7088  6007  7358  9545 12947  9608  5943 10704  9982 10971  7563 11872 11789  9754 14826  7713
ch  120:   6773 13146  6943 10837  8500 10810  8855 11032  9240 11809  7781 11330 15718  7675 12776  7782  7456  7904 10724 11543 14735 10530  6831  9006  6751  6889 12590  9895  8681  8733  7342 10321
ch  121:  10398  8973 15336 13177 12585  9097 13263 12607 11201  8452  5009  3161 10540 11527 11345 12470  8209 11180 10266 11236 10682 12530 14359 11438 12669 10458 11596  8876 10944  7667  8777 12441
ch  122:   9913  7679 11734 10051  6915  6882  7838 15713  7795  6088  9188 11245  7089  8452 12052 13447 14891 10052  9405 12693  8611 13103  5863  8444 14717 11236 12007  9491  9613 10541  9815 10768
ch  123:   9447  8676  8314  8729 13192 13356  6218 13264  9269 10979 13008  8873 10800 12466 11256  6530  6650 13621 10021  7226 11569 12402 10941 10676 11824  9977 11444  9196 12169 13923  7552 11847
ch  124:   7315  8887  9468  9532  8063 10858 10321 10263 11731 10312  7438  9273 17335  9811  7231 14788 12865 11911  9518 13427  7091 11589 13388  7258 12819  9183 13216 12141 10993  9392 14095 12497
ch  125:   9944  9277  8603  7137  7217 11552  7960  8768  9820 11365 10219  9603 10755  9423  7755  8650 11835 12860 11800  9051 11237 11263 14037 10624  8685 15328  9485  6007 11137  5061  8273  7477
ch  126:  10234 14337 13139  8424 11906 10955  6556  9654  7678 12562 11519  7650 11535  9023  8401  9712 10442 13148  7931  6220  5670 14221  4950 13506  6033  4210  5961 11667  7699  4455  6112 11235
ch  127:  10823 10896 11543  6514 11566  5331  9436  8655  6080 10470 10149 13069 11959 11346 10779  9936 14322 10579  8919  8921 13166 10373  4310 10895  8577  6949 11596  6939 10520 12152 10120 10164
