ch    0:      0     0     0     0     0     0     0     0     0     0     0     0     0     0     0     0     0     0     0     0     0     1    48   280  2211  3729  2432  8598  8666  3028  6314 11427
ch    1:      0     0     0     0     0     0     0     0     0     0     0     0     0     0     0     0     0     0     0     0     0     4    55   276  3367 13143 10887  9656  8686  8919 10273  8558
ch    2:      0     0     0     0     0     0     0     0     0     0     0     0     0     0     0     0     0     0     0     0     1     5   123   243  6277 12623  9763 12480 15124 10679 13138 15135
ch    3:      0     0     0     0     0     0     0     0     0     0     0     0     0     0     0     0     0     0     0     0     0    13    90   865  4590  1715  6765 15215  6309  9811  6802  9563
ch    4:      0     0     0     0     0     0     0     0     0     0     0     0     0     0     0     0     0     0     0     0     3    11   185  1367  6937 10319  9451 10089 10361 13000 11112 11274
ch    5:      0     0     0     0     0     0     0     0     0     0     0     0     0     0     0     0     0     0     0     0     2     9   127  1336 10786  1598  7209 11176  8354  8333 11426 10129
ch    6:      0     0     0     0     0     0     0     0     0     0     0     0     0     0     0     0     0     0     0     0     1    27   262  1503 12691  2875  9942  9509  9122 11525 11541  6333
ch    7:      0     0     0     0     0     0     0     0     0     0     0     0     0     0     0     0     0     0     0     0     2    41   186  1898  9553 15683  9036 13093 13274  4654  9654  9957
ch    8:      0     0     0     0     0     0     0     0     0     0     0     0     0     0     0     0     0     0     0     0     2    24   509  1631 18490 12782  7952 12776 10555 10097 13986 10974
ch    9:      0     0     0     0     0     0     0     0     0     0     0     0     0     0     0     0     0     0     0     0     2    12   202  2388 15448  7464 10065 11257  9174 15695  7567 10862
ch   10:      0     0     0     0     0     0     0     0     0     0     0     0     0     0     0     0     0     0     0     0     3    42   389  1273 16697 12481 13690  7434  6407  7621  3464 17518
ch   11:      0     0     0     0     0     0     0     0     0     0     0     0     0     0     0     0     0     0     0     0     0    51   313  3396  8587 12311  8722 15178  4604 10947 11367 10191
ch   12:      0     0     0     0     0     0     0     0     0     0     0     0     0     0     0     0     0     0     0     0     6    47   737  3132 17532 17104 11155 10534 11740  9103 11779 11242
ch   13:      0     0     0     0     0     0     0     0     0     0     0     0     0     0     0     0     0     0     0     0     2    39   264  2854 14815 14470 10520 16096 11385  7869 12271  8309
ch   14:      0     0     0     0     0     0     0     0     0     0     0     0     0     0     0     0     0     0     0     0     9    47   647  2346 14345  6159  8523  9905  7871  8219 16678 13654
ch   15:      0     0     0     0     0     0     0     0     0     0     0     0     0     0     0     0     0     0     0     0     0    63   407  4175 13060  8672  5877  7461  9334  7657 13433 14259
ch   16:      0     0     0     0     0     0     0     0     0     0     0     0     0     0     0     0     0     0     0     0    11    67  1034  6041 16118  6566 10274  9026 12624 12371 12254 11668
ch   17:      0     0     0     0     0     0     0     0     0     0     0     0     0     0     0     0     0     0     0     1     6    68   527  5698  6057 14569 11216 10971  9239 11133  8811 14309
ch   18:      0     0     0     0     0     0     0     0     0     0     0     0     0     0     0     0     0     0     0     0     8    45  1168  3926  6397 11965  7124 12958  7374  7162 12662 14684
ch   19:      0     0     0     0     0     0     0     0     0     0     0     0     0     0     0     0     0     0     0     1    12    72   512  4881 12272  5072 12172 15627 12439 10195 10093 15487
ch   20:      0     0     0     0     0     0     0     0     0     0     0     0     0     0     0     0     0     0     0     0     3    27   793  3509 10398  7869 13128 13591 10163 11115 12982 11500
ch   21:      0     0     0     0     0     0     0     0     0     0     0     0     0     0     0     0     0     0     0     0    12    53   852  7865  4526  9748  9804 11127 10240  8508 10150 14374
ch   22:      0     0     0     0     0     0     0     0     0     0     0     0     0     0     0     0     0     0     0     3    21    92  1396  5000 16449 10047 10150 13023 10894  9605 10870 14578
ch   23:      0     0     0     0     0     0     0     0     0     0     0     0     0     0     0     0     0     0     0     0    19   150   518  8007 14266 14781 13763 15056 15424 13270  8843  5571
ch   24:      0     0     0     0     0     0     0     0     0     0     0     0     0     0     0     0     0     0     0     0    13    69  1991  8918 15836  8502  7234  8765 11805 16519 13275 10089
ch   25:      0     0     0     0     0     0     0     0     0     0     0     0     0     0     0     0     0     0     0     1     9   125  1085  9093  3200 10900  9812  7912  8845  8109 10236  6785
ch   26:      0     0     0     0     0     0     0     0     0     0     0     0     0     0     0     0     0     0     0     3    14   122  2392  4979  7238 13514  3952 10743  6381 11809  9468  6572
ch   27:      0     0     0     0     0     0     0     0     0     0     0     0     0     0     0     0     0     0     0     1     8   143   756  9360 14449  8924 14552  9657  9586  9370 13708  9713
ch   28:      0     0     0     0     0     0     0     0     0     0     0     0     0     0     0     0     0     0     0     0    15   204  2250 12309 11054 12549  9004  8066  6338  9315  9122 10116
ch   29:      0     0     0     0     0     0     0     0     0     0     0     0     0     0     0     0     0     0     0     1    23   234  1190 13323  7782 13582  8775  8357  7797  7932 11917 10333
ch   30:      0     0     0     0     0     0     0     0     0     0     0     0     0     0     0     0     0     0     0     3    37   142  2711  8654 11991  9079  5743 12903 10006 11207  8391 11166
ch   31:      0     0     0     0     0     0     0     0     0     0     0     0     0     0     0     0     0     0     0     1    20   192  1845 11478 11337  9436  8383  8251 12433 11667 14310  9366
ch   32:      0     0     0     0     0     0     0     0     0     0     0     0     0     0     0     0     0     0     0     0     9   154  2453  7248  9727  8512  9105 12952  9033  8502  8826  6022
ch   33:      0     0     0     0     0     0     0     0     0     0     0     0     0     0     0     0     0     0     2     2    16   150  1337  8214 12085  8219  8157  8710  6808 10972 10650  9561
ch   34:      0     0     0     0     0     0     0     0     0     0     0     0     0     0     0     0     0     0     0     0    16   130  1412  6968  5506 11821 11131  7942 14181 11265  8079  9790
ch   35:      0     0     0     0     0     0     0     0     0     0     0     0     0     0     0     0     0     0     0     1    15   190  1182 12858  9591 14000  8885 13456  7706  9308 14933 12852
ch   36:      0     0     0     0     0     0     0     0     0     0     0     0     0     0     0     0     0     0     0     1    20   212  4836 14550 12463 11991 11857 10197 11456 17993 11782 10275
ch   37:      0     0     0     0     0     0     0     0     0     0     0     0     0     0     0     0     0     0     0     5    19   164  1790 12524  9980  9089  9307 12690 16169 11337  7033 13157
ch   38:      0     0     0     0     0     0     0     0     0     0     0     0     0     0     0     0     0     0     0     2    18   156  2295 10233 11245  9106  9475 14859  7025 11796 11400  5727
ch   39:      0     0     0     0     0     0     0     0     0     0     0     0     0     0     0     0     0     1     1     4    15   227  1408  5248 11695 12224  6493 13697  8503 13621 13682 11717
ch   40:      0     0     0     0     0     0     0     0     0     0     0     0     0     0     0     0     0     0     0     0    33   129  2743 15531 12337  5090 10372  6212 13253 12747 10293  9264
ch   41:      0     0     0     0     0     0     0     0     0     0     0     0     0     0     0     0     0     0     0     0    47   255  4255 15725 10603  5811 15491 10813  5696  8438 15631 10524
ch   42:      0     0     0     0     0     0     0     0     0     0     0     0     0     0     0     0     0     0     1     4    43   305  3578  8619 13322 10430 11986 13199  5338 10682 12237  6453
ch   43:      0     0     0     0     0     0     0     0     0     0     0     0     0     0     0     0     0     0     0     1     0   277  1923  2671  9503 10025  5345  9774 12021  9363  8116  8398
ch   44:      0     0     0     0     0     0     0     0     0     0     0     0     0     0     0     0     0     0     0     2    47   400  5376 18309  9279 11557  8545 11450 13435 14467  9458  9727
ch   45:      0     0     0     0     0     0     0     0     0     0     0     0     0     0     0     0     0     0     0     3    28   555  2051 12147  8122  8008  9789 14366  9210 11798 11718  8962
ch   46:      0     0     0     0     0     0     0     0     0     0     0     0     0     0     0     0     0     0     0     5    53   439  3254 16380  6240  9474 11142  9286 13112 11338 14035 14622
ch   47:      0     0     0     0     0     0     0     0     0     0     0     0     0     0     0     0     0     0     0     5    20   415  3344 11698 13066  7145 13980 14121 12039  9924 10125  5978
ch   48:      0     0     0     0     0     0     0     0     0     0     0     0     0     0     0     0     0     0     1     4    36   282  3790  8956  5684 10130 11317 11140  7490  4526  8716  7632
ch   49:      0     0     0     0     0     0     0     0     0     0     0     0     0     0     0     0     0     0     0     1    10   240  2211 16708  8869 13852 10899  8822 12004 11151  6273 10851
ch   50:      0     0     0     0     0     0     0     0     0     0     0     0     0     0     0     0     0     0     0     2    36   346  7472 18276 12729  9402  9482  9085 10551 10315  7436 15307
ch   51:      0     0     0     0     0     0     0     0     0     0     0     0     0     0     0     0     0     0     0     2    64   437  2672 11930  6683 16138  7938  6256  5879  6684  7766 11717
ch   52:      0     0     0     0     0     0     0     0     0     0     0     0     0     0     0     0     0     0     0     2    41   287 10594  8343 11781  9741 12754  9132 12130 13580  9510  7734
ch   53:      0     0     0     0     0     0     0     0     0     0     0     0     0     0     0     0     0     0     0     9    69   373  3165 10862 10177  9199 14284 13993 14757 13255 11739 11265
ch   54:      0     0     0     0     0     0     0     0     0     0     0     0     0     0     0     0     0     0     1     4    34   374  3485  5245  8771 10358 12124  5743  7476  7817 10071  8142
ch   55:      0     0     0     0     0     0     0     0     0     0     0     0     0     0     0     0     0     0     1     5    66   437  3141  3457  9653 10667 14182  8203  7956 10783 14666  9468
ch   56:      0     0     0     0     0     0     0     0     0     0     0     0     0     0     0     0     0     0     0     6    42   395  6097  1912  9054  8710 11741  8239 10168 12207 10674  7069
ch   57:      0     0     0     0     0     0     0     0     0     0     0     0     0     0     0     0     0     0     0     4    30   500  3133  9896  6267 12957  7497 10066 10015 16148  9788  8707
ch   58:      0     0     0     0     0     0     0     0     0     0     0     0     0     0     0     0     0     0     0     6    84   586  4701 17912 10885 14400  8990 11716  8249  5922 10410  9737
ch   59:      0     0     0     0     0     0     0     0     0     0     0     0     0     0     0     0     0     0     1     4    57   783  5605 14793  6652 12710  7908 10600 10491 12238 11745 11110
ch   60:      0     0     0     0     0     0     0     0     0     0     0     0     0     0     0     0     0     0     0     7    56   522  7141  7223 13442  6493 11035 11516 14081 12140 11094 10772
ch   61:      0     0     0     0     0     0     0     0     0     0     0     0     0     0     0     0     0     0     0     8    72   444  4245  3494  9744 11482  8528  6603 10297  8436  5179 12174
ch   62:      0     0     0     0     0     0     0     0     0     0     0     0     0     0     0     0     0     0     1    11   143   447  7079  7942 13070 14418  7172 11282 11284  8050  4122  9510
ch   63:      0     0     0     0     0     0     0     0     0     0     0     0     0     0     0     0     0     0     0     2   101   577  7326  6044 13274  7441  7409 11266  8829  9880 12401 10180
ch   64:      0     0     0     0     0     0     0     0     0     0     0     0     0     0     0     0     0     0     1     5   100   499  8107  6168 11001 12678  7093 11001  7929 11474 14492 13484
ch   65:      0     0     0     0     0     0     0     0     0     0     0     0     0     0     0     0     0     0     0     3    50   365  6145 13715 12787  7487  9715  7222  9326  9189 11534 11634
ch   66:      0     0     0     0     0     0     0     0     0     0     0     0     0     0     0     0     0     0     0     4    44   623  9225 12030  7668  6538 14053 13384 13072 12935  9989  9642
ch   67:      0     0     0     0     0     0     0     0     0     0     0     0     0     0     0     0     0     0     0     0    16   573  4041 11978 11598 12014 13988 12698  9506 11662 13169  8513
ch   68:      0     0     0     0     0     0     0     0     0     0     0     0     0     0     0     0     0     0     0     0    94   547  6313 15466  9267 15618 12221 11422  9199  5757  8934 14779
ch   69:      0     0     0     0     0     0     0     0     0     0     0     0     0     0     0     0     0     0     0     5    42   355  5354 10349  9252  9071 11359 11750 13237 10175 10009  9649
ch   70:      0     0     0     0     0     0     0     0     0     0     0     0     0     0     0     0     0     0     1     5    81   606  5398  1461 12641 14400 10855  8886  9956  8710  7288 12507
ch   71:      0     0     0     0     0     0     0     0     0     0     0     0     0     0     0     0     0     0     1     7     0   662  5890  6431  9074 13464  9444 12518  8548 11377  9349 11401
ch   72:      0     0     0     0     0     0     0     0     0     0     0     0     0     0     0     0     0     0     0     5    80   667  7661  7229  7272 12738 13204  9621 10630 12663 14509  8146
ch   73:      0     0     0     0     0     0     0     0     0     0     0     0     0     0     0     0     0     1     2    10   173  1176  9770 10582 13822  8408 10624 14240  6999 12358  9808 12247
ch   74:      0     0     0     0     0     0     0     0     0     0     0     0     0     0     0     0     0     0     1     8    84   630  9550 10149  9677 10364 11519 11068 12708  8646 12667  4571
ch   75:      0     0     0     0     0     0     0     0     0     0     0     0     0     0     0     0     0     0     0     3    47   728  4504  9038 14655 12301  9488 14080 10531  9259  8132 12997
ch   76:      0     0     0     0     0     0     0     0     0     0     0     0     0     0     0     0     0     0     0     1    98   773 11546 11248  9609  8249  9230  7897  8589  9237 11419  9880
ch   77:      0     0     0     0     0     0     0     0     0     0     0     0     0     0     0     0     0     0     1     5    49   332  5029 11464 14516  9528 11583 10303 13681  7451  7537  7695
ch   78:      0     0     0     0     0     0     0     0     0     0     0     0     0     0     0     0     0     0     0    19    63  1062 11140  7843 10081  9640 14099 11100 10030  9421  6600 10636
ch   79:      0     0     0     0     0     0     0     0     0     0     0     0     0     0     0     0     0     0     0     4    77   705  3411 18633  8220 12876 12663 14190  9731  7087 11537 11618
ch   80:      0     0     0     0     0     0     0     0     0     0     0     0     0     0     0     0     0     0     0     3   110   447  9231  3183 10552  7148 10332  9197  6081 13792  7386  7708
ch   81:      0     0     0     0     0     0     0     0     0     0     0     0     0     0     0     0     0     0     1    10   118  1061  5389 15137 14669 14520 11620 10837  9148 10654  3676  8373
ch   82:      0     0     0     0     0     0     0     0     0     0     0     0     0     0     0     0     0     0     4    23   201  1084  7616 11651 14616  6392  9817  5403 10057  9783  6934  7579
ch   83:      0     0     0     0     0     0     0     0     0     0     0     0     0     0     0     0     0     0     8    30     0  3059 10972  8131 11183 10916 11177  7706  7635  8598  6765 14790
ch   84:      0     0     0     0     0     0     0     0     0     0     0     0     0     0     0     0     0     0     0     0     0     0     0     0     0     0     0     0     0     0  6789     0
ch   85:      0     0     0     0     0     0     0     0     0     0     0     0     0     0     0     0     0     0    14    80   356  2085 11998  6628 11004 10166  7494  9697 15751 11888  5903 13995
ch   86:      0     0     0     0     0     0     0     0     0     0     0     0     0     0     0     0     0     0     0     0     0     0     0     0     0     0     0     0     0     5  6443     2
ch   87:      0     0     0     0     0     0     0     0     0     0     0     0     0     0     0     0     0     0     5    24   272  1512  9589 13777  6387  8367  7476  5044  8709  8922  9257 12341
ch   88:      0     0     0     0     0     0     0     0     0     0     0     0     0     0     0     0     0     0     7    30   255  1171 11797  4421  7816 12087  9693 11840  6631  6211  9898  6941
ch   89:      0     0     0     0     0     0     0     0     0     0     0     0     0     0     0     0     0     0     1     0   122   846  8150 16316 14384  8946  9858  9586 10192  9679 13777  9312
ch   90:      0     0     0     0     0     0     0     0     0     0     0     0     0     0     0     0     0     0     0     2    87   712  9544 14144 10550 11095 11225 12156  8698  8975  9102  8431
ch   91:      0     0     0     0     0     0     0     0     0     0     0     0     0     0     0     0     0     0     0     2    56  1424  8547 11319 12643  9136 10016 13789  9978 13840  8746 11787
ch   92:      0     0     0     0     0     0     0     0     0     0     0     0     0     0     0     0     0     0     0     3    62   608  9727 16972 10858 10859  5519  7673 11636 10194 13686 12721
ch   93:      0     0     0     0     0     0     0     0     0     0     0     0     0     0     0     0     0     0     0     0    82   513  3672  8537 11936 10358  9052  5649 15010  5557 11936 10168
ch   94:      0     0     0     0     0     0     0     0     0     0     0     0     0     0     0     0     0     0     0     2    46   184  4674  6868  9937 11255  9037 11448 10646  8861  7895 11121
ch   95:      0     0     0     0     0     0     0     0     0     0     0     0     0     0     0     0     0     0     0     4     0   647  4404  7696 11213 13298  7994  5071 12049 13125  8069 10172
ch   96:      0     0     0     0     0     0     0     0     0     0     0     0     0     0     0     0     0     0     0     3    76   590  6750 12337  9647 11978  9635 11235  7704  9341 12900 11279
ch   97:      0     0     0     0     0     0     0     0     0     0     0     0     0     0     0     0     0     0     0     5    43   741  7842 17268 13367 12489 11446 10334 12101  8041  4994 10807
ch   98:      0     0     0     0     0     0     0     0     0     0     0     0     0     0     0     0     0     0     0    11    62   621  7348 18992 12679 12675 12901 11170  7847 11768  9887 12942
ch   99:      0     0     0     0     0     0     0     0     0     0     0     0     0     0     0     0     0     0     0     4    52   465  4985  3177  7985  9848 13666 13249  8396 13374  7844 11933
ch  100:      0     0     0     0     0     0     0     0     0     0     0     0     0     0     0     0     0     0     0     4    77   297  9240  6901 11822 10692  7225 13048  6294 12425  8770 10270
ch  101:      0     0     0     0     0     0     0     0     0     0     0     0     0     0     0     0     0     0     0     8    66   747  8073 17688  6964  5760 12133 11196  8501 16185 11924  8451
ch  102:      0     0     0     0     0     0     0     0     0     0     0     0     0     0     0     0     0     0     1     4   130   612  8218  5020 10823  7392 14830 13810  9585 11871  7244 12202
ch  103:      0     0     0     0     0     0     0     0     0     0     0     0     0     0     0     0     0     0     0     5    67   835  6401 11195 11516 10174  9668 11239  4044 10870 11614 10539
ch  104:      0     0     0     0     0     0     0     0     0     0     0     0     0     0     0     0     0     0     0     5    58   277  5438 11884  6008 10488 12127  6628  4985 12394 12453 17856
ch  105:      0     0     0     0     0     0     0     0     0     0     0     0     0     0     0     0     0     0     1     7   129   644  7945  6783  8344  6068  6749  7122  7347  7903  7586 12763
ch  106:      0     0     0     0     0     0     0     0     0     0     0     0     0     0     0     0     0     0     0     5    83   667  9190 10226 10189 10622  9382 16625  9711 11773  8881 13091
ch  107:      0     0     0     0     0     0     0     0     0     0     0     0     0     0     0     0     0     0     0     4    89   851  4553 14178 11770 13650 11546  8546 13321  8866 12472  9568
ch  108:      0     0     0     0     0     0     0     0     0     0     0     0     0     0     0     0     0     0     1     8   115   393  9097  5613 10828  9408  7399  6821  8373 14480 10678 13126
ch  109:      0     0     0     0     0     0     0     0     0     0     0     0     0     0     0     0     0     0     2    14   100   802  8886 15688 12739 10627 16546 11099 10946  8070 12447 10102
ch  110:      0     0     0     0     0     0     0     0     0     0     0     0     0     0     0     0     0     0     0     3    42   576  4945 12140  9727  8915  5832 13358 13862 12099  7972 10699
ch  111:      0     0     0     0     0     0     0     0     0     0     0     0     0     0     0     0     0     0     1     4    58   519  6357  3391  9388 10841  5134 10792 12907 16593  7364  9646
ch  112:      0     0     0     0     0     0     0     0     0     0     0     0     0     0     0     0     0     0     0     2    39   486  9244  6399 10640  7847 12825 13982  4993 13404  7352  8050
ch  113:      0     0     0     0     0     0     0     0     0     0     0     0     0     0     0     0     0     0     2     6    48   612  3849 17106 13363  5619 13214  4423 13832  4253 10120  9705
ch  114:      0     0     0     0     0     0     0     0     0     0     0     0     0     0     0     0     0     0     0     4    72   783  8977 13899  7496 10123  8183 10546 12308 14590  9898  7964
ch  115:      0     0     0     0     0     0     0     0     0     0     0     0     0     0     0     0     0     0     0     5    39   720  4319  6909 12882 11217  8920 12430  7964 11358 10262  9130
ch  116:      0     0     0     0     0     0     0     0     0     0     0     0     0     0     0     0     0     0     1     5    63   376  7769 16722  9602  9227 10242  8342 11451 16420 12347 10003
ch  117:      0     0     0     0     0     0     0     0     0     0     0     0     0     0     0     0     0     0     1     3    42   502  4414 14968  8173 11194  8071  8811  7830 11964  6144  9467
ch  118:      0     0     0     0     0     0     0     0     0     0     0     0     0     0     0     0     0     0     0     8    93   597  7399 15449 10461 12783  8542 12908  4138 10626  6279 16260
ch  119:      0     0     0     0     0     0     0     0     0     0     0     0     0     0     0     0     0     0     0     1    57   421  6049  8901 13422  5940 13173  8153 11798 11429  7250 17298
ch  120:      0     0     0     0     0     0     0     0     0     0     0     0     0     0     0     0     0     0     0     4    82   365  8074 13970 11776  6561 10319 12751 10887  9551  9251 11948
ch  121:      0     0     0     0     0     0     0     0     0     0     0     0     0     0     0     0     0     0     0     0    36   524  6534 16319  9812 10037 14122  5734 12088  9929  9797 13240
ch  122:      0     0     0     0     0     0     0     0     0     0     0     0     0     0     0     0     0     0     1     1    60   633  7157  6613  9128 14757 12428 13114  7634  9894 10178  6265
ch  123:      0     0     0     0     0     0     0     0     0     0     0     0     0     0     0     0     0     0     0     2    51   689  3212 18839  9539  9541 13250 10616  9702  6867 13930 14340
ch  124:      0     0     0     0     0     0     0     0     0     0     0     0     0     0     0     0     0     0     0     0    75   847 11246   498  9540 10950 12056  9057 10233 15806  8226  9645
ch  125:      0     0     0     0     0     0     0     0     0     0     0     0     0     0     0     0     0     0     1    10    37  1536  9673  5357 12904 12210  9105  6244 11396 10432 10199 13218
ch  126:      0     0     0     0     0     0     0     0     0     0     0     0     0     0     0     0     0     0     1     3    66    72    20  1428   337  1139   962   111   121   487 12819 10519
ch  127:      0     0     0     0     0     0     0     0     0     0     0     0     0     0     0     0     0     0     3     6   130   956  7189  9737  8090  8213 10503 10779  7891  9503 11994  9818
