ch    0:      0     0     0     0     0     0     0     0     0     0     0     0     0     0     0     0     0     0     0     0     0     1    13   163  1454  7447 14001 11772 14125 10482 10170  2280
ch    1:      0     0     0     0     0     0     0     0     0     0     0     0     0     0     0     0     0     0     0     0     0     3    30   366  2580 14268 16816 10866 10674  7455  9920 16142
ch    2:      0     0     0     0     0     0     0     0     0     0     0     0     0     0     0     0     0     0     0     0     1     2    53   341  2816 18634  7540 12201  8317 10096 11103 16249
ch    3:      0     0     0     0     0     0     0     0     0     0     0     0     0     0     0     0     0     0     0     0     1     7    75   727  3936  3095 12987 13315 11852 14220 12655  3495
ch    4:      0     0     0     0     0     0     0     0     0     0     0     0     0     0     0     0     0     0     0     0     0     4    41   613  5062  7105  8434 12147  8375  8139  8430 13351
ch    5:      0     0     0     0     0     0     0     0     0     0     0     0     0     0     0     0     0     0     0     0     0     5    93   752  6002 10672 10187 11116  8620 11478  9901 16532
ch    6:      0     0     0     0     0     0     0     0     0     0     0     0     0     0     0     0     0     0     0     0     0     7    49   939  5862 14748 14106 12095 12245  5679  8137  9559
ch    7:      0     0     0     0     0     0     0     0     0     0     0     0     0     0     0     0     0     0     0     0     0    13   123  1423  8586  5477 10403  5940 14282 11727 14032 12857
ch    8:      0     0     0     0     0     0     0     0     0     0     0     0     0     0     0     0     0     0     0     0     1    13   201  1699 10336 10051 12418  7342 13443 13719  7864 11869
ch    9:      0     0     0     0     0     0     0     0     0     0     0     0     0     0     0     0     0     0     0     0     0    11   142  1574 11600 11935  8985  6047  4758 10170  7865 16942
ch   10:      0     0     0     0     0     0     0     0     0     0     0     0     0     0     0     0     0     0     0     0     0    16   183  1724 11113  9355  7816  8261  8724 10563 11039  9943
ch   11:      0     0     0     0     0     0     0     0     0     0     0     0     0     0     0     0     0     0     0     0     2    26   288  2114 17226  9185 12575  7911 11381 10845  7017 13072
ch   12:      0     0     0     0     0     0     0     0     0     0     0     0     0     0     0     0     0     0     0     0     2    24   245  2106 16760 13780 17086 12049  5580 11653 14044  8394
ch   13:      0     0     0     0     0     0     0     0     0     0     0     0     0     0     0     0     0     0     0     0     1    11   230  2978 15805 10181  9501  7531  8787  8951 11921 10121
ch   14:      0     0     0     0     0     0     0     0     0     0     0     0     0     0     0     0     0     0     0     0     0    19   293  2960 14296 10060 10969  8970 10371 14694  9635  8481
ch   15:      0     0     0     0     0     0     0     0     0     0     0     0     0     0     0     0     0     0     0     0     2    63   508  3458  6268  9805 12340  8585  8394  7129  5776 11139
ch   16:      0     0     0     0     0     0     0     0     0     0     0     0     0     0     0     0     0     0     0     1     4    31   265  3494  5808 12030  9031 15627 14665 11560  8773 11084
ch   17:      0     0     0     0     0     0     0     0     0     0     0     0     0     0     0     0     0     0     0     0     3    24   328  3911  5274 13066  7704 13226 12278  7031  7917  5578
ch   18:      0     0     0     0     0     0     0     0     0     0     0     0     0     0     0     0     0     0     0     0     3    32   300  3608 15890  9519  9380 12564 14784 15170  7398 10000
ch   19:      0     0     0     0     0     0     0     0     0     0     0     0     0     0     0     0     0     0     0     0     6    25   474  4715  6394 12397 12082  9741 11767 11182 17050  8508
ch   20:      0     0     0     0     0     0     0     0     0     0     0     0     0     0     0     0     0     0     0     1     4    31   301  4477  6232 12186 14077  8218  8084  9368 11290  9972
ch   21:      0     0     0     0     0     0     0     0     0     0     0     0     0     0     0     0     0     0     0     1     4    72   758  4878 12790  8028  7616  9687  7829 13239  6681  9656
ch   22:      0     0     0     0     0     0     0     0     0     0     0     0     0     0     0     0     0     0     0     0     4    42   503  3462 11134  8702  9523  7875  5887 11295  8259  8689
ch   23:      0     0     0     0     0     0     0     0     0     0     0     0     0     0     0     0     0     0     0     1     5    60   600  6040 11657  9635 11796 15506 14096  7804  9661 12804
ch   24:      0     0     0     0     0     0     0     0     0     0     0     0     0     0     0     0     0     0     0     0     5    51   613  6069  9280 11510 11289  8769 11039 10598 14404 11389
ch   25:      0     0     0     0     0     0     0     0     0     0     0     0     0     0     0     0     0     0     0     1     5    77   718  6686  4738 12155  9136 12267 10415 12057  5107 12882
ch   26:      0     0     0     0     0     0     0     0     0     0     0     0     0     0     0     0     0     0     0     0     3    54   526  5201 13814 10315  9597 15399 11540 10746  8263 10164
ch   27:      0     0     0     0     0     0     0     0     0     0     0     0     0     0     0     0     0     0     0     0     6    48   653  6589 10031 12044  5720  5961 10063  7118 12299  7901
ch   28:      0     0     0     0     0     0     0     0     0     0     0     0     0     0     0     0     0     0     0     1    11    94   689  4430 11468 11510 13754 13617  2560 11359  8294  9217
ch   29:      0     0     0     0     0     0     0     0     0     0     0     0     0     0     0     0     0     0     0     0     1    51  1059  6600 12002  6862 11168  7199  6006  8551  8044 13104
ch   30:      0     0     0     0     0     0     0     0     0     0     0     0     0     0     0     0     0     0     0     1     3    65   551  5607 16025 11781 11824 10036 13805  8245 11240 12335
ch   31:      0     0     0     0     0     0     0     0     0     0     0     0     0     0     0     0     0     0     0     0     4    81   903  6623  9237 13343  7419  8996 11818  5291 11000  6477
ch   32:      0     0     0     0     0     0     0     0     0     0     0     0     0     0     0     0     0     0     0     0     1    79   526  4666  3602 10407 12498  9510 10177  7414 11653  7572
ch   33:      0     0     0     0     0     0     0     0     0     0     0     0     0     0     0     0     0     0     0     0     2   100   530  7932 12876  5898 11589 13356  6697 12159  7552 10458
ch   34:      0     0     0     0     0     0     0     0     0     0     0     0     0     0     0     0     0     0     0     1     4    68   894  7689  4200 10567  5014  9674 12594 12694 12708  7388
ch   35:      0     0     0     0     0     0     0     0     0     0     0     0     0     0     0     0     0     0     0     0     5    76   934  8119  7179  8535  9493 11947  7605 14606  4238 11845
ch   36:      0     0     0     0     0     0     0     0     0     0     0     0     0     0     0     0     0     0     0     1     6    47   666  7355  9438 11071 14817  8229 11996 11898 12491 12193
ch   37:      0     0     0     0     0     0     0     0     0     0     0     0     0     0     0     0     0     0     0     1    16   118  1296 12725  7072 10869  3155 13584 10637  4083 12664 12624
ch   38:      0     0     0     0     0     0     0     0     0     0     0     0     0     0     0     0     0     0     0     0     8    81   890  6051  9302 10460  7489 16226 12033 11125 13110 13586
ch   39:      0     0     0     0     0     0     0     0     0     0     0     0     0     0     0     0     0     0     0     0     8   132   905  7683  8068  7577 18057  7250 13143  9417  9215  7889
ch   40:      0     0     0     0     0     0     0     0     0     0     0     0     0     0     0     0     0     0     0     0     1    74   735  8188 11614  6681  8089 12563 10761 11213 10203  8593
ch   41:      0     0     0     0     0     0     0     0     0     0     0     0     0     0     0     0     0     0     0     2     7   133  1029 10874 12308  7766 12778 10330 11201 10081 11645  8396
ch   42:      0     0     0     0     0     0     0     0     0     0     0     0     0     0     0     0     0     0     0     0     6    68   960  9039  9199 15919 13179 11935  9960 11068  7549  5626
ch   43:      0     0     0     0     0     0     0     0     0     0     0     0     0     0     0     0     0     0     0     0     7   145  1152 12084  8400  7765 12546 10526  8373  5965  5302 12942
ch   44:      0     0     0     0     0     0     0     0     0     0     0     0     0     0     0     0     0     0     0     0     5    72  1318 14381 13973  5175  6426  9362  6198  6208 10712  8437
ch   45:      0     0     0     0     0     0     0     0     0     0     0     0     0     0     0     0     0     0     0     1    10   102  1193 11112  9897 14464 11899  5754  8220  4635 12491  8232
ch   46:      0     0     0     0     0     0     0     0     0     0     0     0     0     0     0     0     0     0     0     1     8    97   904  9536 10834 12221 10696 14390 12099  7796  9028 11979
ch   47:      0     0     0     0     0     0     0     0     0     0     0     0     0     0     0     0     0     0     0     0     6   111  1709 11881  9808  9473 10485  4654 10973  6628 10461  6847
ch   48:      0     0     0     0     0     0     0     0     0     0     0     0     0     0     0     0     0     0     0     1     6   170  1224 10557  7382 11704 12083 11076  7490  8750 10176  9921
ch   49:      0     0     0     0     0     0     0     0     0     0     0     0     0     0     0     0     0     0     0     2    10   139  1297 12440  7595 12621 12448 14740  5873 10755 10630 13503
ch   50:      0     0     0     0     0     0     0     0     0     0     0     0     0     0     0     0     0     0     0     0     5    73  1036  9247 10362 11498  8959 12917 12911 12424  6796  8360
ch   51:      0     0     0     0     0     0     0     0     0     0     0     0     0     0     0     0     0     0     0     0     4   128  1518 13292  8677  8585 11092  7929  9574 11189  7549 12377
ch   52:      0     0     0     0     0     0     0     0     0     0     0     0     0     0     0     0     0     0     0     0     6   120  1365 15633 10365 11390  7411  6741 14216  7333 13776  6952
ch   53:      0     0     0     0     0     0     0     0     0     0     0     0     0     0     0     0     0     0     0     3     8    97  1402  9448 12174 10855 10415  8517  9523 14904 12496 12439
ch   54:      0     0     0     0     0     0     0     0     0     0     0     0     0     0     0     0     0     0     0     4     8   142  1727  7382 10706 10760 12342 11025 10716 11083  9918 11327
ch   55:      0     0     0     0     0     0     0     0     0     0     0     0     0     0     0     0     0     0     0     4    14   223  1625 13590 10456 10058  5751 13952 11872  5489  8222  7205
ch   56:      0     0     0     0     0     0     0     0     0     0     0     0     0     0     0     0     0     0     0     0    10   126  1438 11435 12465 12510 15356  8369  9554  6944  6003  7515
ch   57:      0     0     0     0     0     0     0     0     0     0     0     0     0     0     0     0     0     0     0     2    16   148  2179 15809 12858  6822  8351 12578  8107  9107 11314 10037
ch   58:      0     0     0     0     0     0     0     0     0     0     0     0     0     0     0     0     0     0     0     1    19   160  1980 14429  7662 11602  9101 11693 14390  8932 10793 15241
ch   59:      0     0     0     0     0     0     0     0     0     0     0     0     0     0     0     0     0     0     1     2    17   193  2743 15735  9138  9133  6665  9756  8370 13403 13391 14165
ch   60:      0     0     0     0     0     0     0     0     0     0     0     0     0     0     0     0     0     0     0     0    13   133  2224 12500  8788  4040 13933 11212  8873  6021 10372  8314
ch   61:      0     0     0     0     0     0     0     0     0     0     0     0     0     0     0     0     0     0     0     0    16   281  2296 14109 12687 12258  7734 12233 10895 10951 12555 12645
ch   62:      0     0     0     0     0     0     0     0     0     0     0     0     0     0     0     0     0     0     0     0     5   142  1305 10446  8513  8164  7491 11963  5683 10261  9337 14334
ch   63:      0     0     0     0     0     0     0     0     0     0     0     0     0     0     0     0     0     0     0     0     8   221  2009 18644  7002 11004 13323  8971  6945 15538 10059 10133
ch   64:      0     0     0     0     0     0     0     0     0     0     0     0     0     0     0     0     0     0     0     2    10   193  1805 10325  8435  9178 11554  7848  9265 11336  9712 14298
ch   65:      0     0     0     0     0     0     0     0     0     0     0     0     0     0     0     0     0     0     1     1    24   180  2132 17602  9154 12034  9865  7474  7923 10945  8387  7335
ch   66:      0     0     0     0     0     0     0     0     0     0     0     0     0     0     0     0     0     0     0     3    20   222  1997 16935  8355 15079 12086  5845  8903  8732 12920  2512
ch   67:      0     0     0     0     0     0     0     0     0     0     0     0     0     0     0     0     0     0     0     2    12   265  2873  3282 10580 10467 12083 14384 11504  4345 12717 15638
ch   68:      0     0     0     0     0     0     0     0     0     0     0     0     0     0     0     0     0     0     0     0     6   235  1266 16554 12428 11647 10227  6419 15671 13974  9393  9322
ch   69:      0     0     0     0     0     0     0     0     0     0     0     0     0     0     0     0     0     0     0     1    27   242  2628 15532  7919 10097 11338  7018 10441 11552  7199  9518
ch   70:      0     0     0     0     0     0     0     0     0     0     0     0     0     0     0     0     0     0     1     3    14   185  1833  5273  6754  8042  9552  6311 13057 10813  8363  6074
ch   71:      0     0     0     0     0     0     0     0     0     0     0     0     0     0     0     0     0     0     1     3    28   452  4528  8649  9689 14835  8501 11590  9261  9901 11388 11426
ch   72:      0     0     0     0     0     0     0     0     0     0     0     0     0     0     0     0     0     0     1     2     7   208  2043 14465  7440  5958 11729  6823 11823  8022  9015  9250
ch   73:      0     0     0     0     0     0     0     0     0     0     0     0     0     0     0     0     0     0     0     1    26   278  3136  2470  8040 12787 10008  7129 14784 10746 11894  6134
ch   74:      0     0     0     0     0     0     0     0     0     0     0     0     0     0     0     0     0     0     0     1    18   215  2292 16731 10238  9915  7136 10754 11501  8300  7441  6952
ch   75:      0     0     0     0     0     0     0     0     0     0     0     0     0     0     0     0     0     0     0     1    21   361  4040 18897 11396 15366 11723  8277 12714 11041  8774  8877
ch   76:      0     0     0     0     0     0     0     0     0     0     0     0     0     0     0     0     0     0     0     2    19   325  2305  2228 11556 12766  8879  7747 12063 10448 10497  7555
ch   77:      0     0     0     0     0     0     0     0     0     0     0     0     0     0     0     0     0     0     0     2    23   211  3336  7480 12076  7970  8908  9149  6737 11933  7134  5021
ch   78:      0     0     0     0     0     0     0     0     0     0     0     0     0     0     0     0     0     0     0     2    25   284  2151 18887 11295  8327  9584 11739  9587 13144 10055  7218
ch   79:      0     0     0     0     0     0     0     0     0     0     0     0     0     0     0     0     0     0     0     2    28   301  2800  8171  7792 12982  7534  4088 12222 11818  6586 15545
ch   80:      0     0     0     0     0     0     0     0     0     0     0     0     0     0     0     0     0     0     0     0    19   235  2100 15719  7737 10641 11283  9533 13675  7265  9622 13565
ch   81:      0     0     0     0     0     0     0     0     0     0     0     0     0     0     0     0     0     0     0     1    25   365  4350  6717  7431 10826 11354 10675 14317  9794 10657 11437
ch   82:      0     0     0     0     0     0     0     0     0     0     0     0     0     0     0     0     0     0     0     1    34   451  3195  7071 13471 12753  8975 10461  2644 12162  9995 12416
ch   83:      0     0     0     0     0     0     0     0     0     0     0     0     0     0     0     0     0     0     0     2    21   402  2978 13580 12388 11867  7597 13501  6621 10915  9643  6254
ch   84:      0     0     0     0     0     0     0     0     0     0     0     0     0     0     0     0     0     0     0     2    17   309  2426  5120  9719  9574  8550  8529 10515  7018 14561  5508
ch   85:      0     0     0     0     0     0     0     0     0     0     0     0     0     0     0     0     0     0     2     4    51   553  3117  6621 11998  6349 10021 14259 11367 10829  1810  6331
ch   86:      0     0     0     0     0     0     0     0     0     0     0     0     0     0     0     0     0     0     1     6    21   318  3974 14799 11827 13023  6738 11771 10214  6784 11526 12513
ch   87:      0     0     0     0     0     0     0     0     0     0     0     0     0     0     0     0     0     0     0     1    27   501  2743 14954 14328 10274 10894  9458 11014 11187 10122  9711
ch   88:      0     0     0     0     0     0     0     0     0     0     0     0     0     0     0     0     0     0     0     1    24   341  2723  6029 13127 12816  8578  5696  6734  7817 12888  9424
ch   89:      0     0     0     0     0     0     0     0     0     0     0     0     0     0     0     0     0     0     0     1    24   388  3924  8734 11095  5413  8123  8134  7776 10151  9431 11264
ch   90:      0     0     0     0     0     0     0     0     0     0     0     0     0     0     0     0     0     0     0     2    23   243  2774  5561 14065  8412 10247 10604 12617 11160  8504  5373
ch   91:      0     0     0     0     0     0     0     0     0     0     0     0     0     0     0     0     0     0     1     5    61   604  5366 14680 11922 12752 13088  9615  8665 11188 14140  8521
ch   92:      0     0     0     0     0     0     0     0     0     0     0     0     0     0     0     0     0     0     1     5    20   276  2893 19011 12147 10291  8907 15902 11476  8147 12127 13313
ch   93:      0     0     0     0     0     0     0     0     0     0     0     0     0     0     0     0     0     0     1     3    32   345  4549  9323  8038 10210 12052 11886 10161 10494 11348 11405
ch   94:      0     0     0     0     0     0     0     0     0     0     0     0     0     0     0     0     0     0     0     0    42   327  3427  8469 12786 10784 11337  9636 13203  7677 11797 10931
ch   95:      0     0     0     0     0     0     0     0     0     0     0     0     0     0     0     0     0     0     0     3    52   609  4310 15780  8284 11320 10422 10286  9979 11886  6233 12163
ch   96:      0     0     0     0     0     0     0     0     0     0     0     0     0     0     0     0     0     0     0     4    34   373  3145  6471  9311 13209 14569  8101 10932 13644 12204 10952
ch   97:      0     0     0     0     0     0     0     0     0     0     0     0     0     0     0     0     0     0     0     7    44   337  3311  8157  6469  7802  8674  7894 12170  9085  8657 14186
ch   98:      0     0     0     0     0     0     0     0     0     0     0     0     0     0     0     0     0     0     1     6    36   451  2242  1887 11787 12264 12481 11648  7089 11960 10103  6841
ch   99:      0     0     0     0     0     0     0     0     0     0     0     0     0     0     0     0     0     0     0     2    24   510  4289  5679  9416  9279 11584 15622  9623 12754  7719 15129
ch  100:      0     0     0     0     0     0     0     0     0     0     0     0     0     0     0     0     0     0     0     1    17   421  2588  1756  9815 10512 11688  6493 13605  9957 11282  8809
ch  101:      0     0     0     0     0     0     0     0     0     0     0     0     0     0     0     0     0     0     0     1    20   406  4232  7608 14056 10694 12729  6882  6329  8921 15276 12144
ch  102:      0     0     0     0     0     0     0     0     0     0     0     0     0     0     0     0     0     0     0     2    33   279  2453  3819 10765  5585 14011 13235 12810 11884 15316 10267
ch  103:      0     0     0     0     0     0     0     0     0     0     0     0     0     0     0     0     0     0     0     2    40   528  4250 15854  9111 11701  8109  9173  7817  9640  7749 12641
ch  104:      0     0     0     0     0     0     0     0     0     0     0     0     0     0     0     0     0     0     0     2    31   463  2604 13787 11951 10516 12270  7011 12570 10964 11656 10545
ch  105:      0     0     0     0     0     0     0     0     0     0     0     0     0     0     0     0     0     0     0     1    40   381  4155 12186 12133 12601 10485 12394 13463  9324 10503 12393
ch  106:      0     0     0     0     0     0     0     0     0     0     0     0     0     0     0     0     0     0     0     3    23   267  1966 11637 10992 10361  7550 13659 11616  9541  5816 10457
ch  107:      0     0     0     0     0     0     0     0     0     0     0     0     0     0     0     0     0     0     0     7    43   548  3989 15861  9378 12519  7088 11061 13933  8896 11980  8703
ch  108:      0     0     0     0     0     0     0     0     0     0     0     0     0     0     0     0     0     0     0     3    20   332  2286  4556  9510 13890  7799 12827  6905  9644 11559 10111
ch  109:      0     0     0     0     0     0     0     0     0     0     0     0     0     0     0     0     0     0     0     4    35   321  4159 11098  9977 10135 10533  7673  8700 11536  6420  9495
ch  110:      0     0     0     0     0     0     0     0     0     0     0     0     0     0     0     0     0     0     1     2    21   315  2681  2885  9639 10687 11552  6023  7409  7538 14270 11204
ch  111:      0     0     0     0     0     0     0     0     0     0     0     0     0     0     0     0     0     0     0     0    30   357  2797 13002 12821 14124 12457  6579  8514 10776 12055 14618
ch  112:      0     0     0     0     0     0     0     0     0     0     0     0     0     0     0     0     0     0     1     3    18   347  2747  4653  8536  8282  9970  9157 10941 14481  7717 10212
ch  113:      0     0     0     0     0     0     0     0     0     0     0     0     0     0     0     0     0     0     1     3    37   420  5566 11615 13866 10449  8148  7957 12317 11390 12586  7994
ch  114:      0     0     0     0     0     0     0     0     0     0     0     0     0     0     0     0     0     0     0     2    17   319  3074  6604  6906  9721  8824  8360 11531  5709 10924 15503
ch  115:      0     0     0     0     0     0     0     0     0     0     0     0     0     0     0     0     0     0     0     1    17   235  2893 14399 10169 10838  5548 13330  7782  9700 16339 10306
ch  116:      0     0     0     0     0     0     0     0     0     0     0     0     0     0     0     0     0     0     0     2    28   332  2176  3841  9358  9689 11794 14672  7940 10478  8701 15383
ch  117:      0     0     0     0     0     0     0     0     0     0     0     0     0     0     0     0     0     0     0     1    24   285  4187  1523  8070 10823  9608 10894 12275 11583 15343  8747
ch  118:      0     0     0     0     0     0     0     0     0     0     0     0     0     0     0     0     0     0     0     1    15   184  2221  5404 13385  6216 10311  9839 12637 13007 10897 10828
ch  119:      0     0     0     0     0     0     0     0     0     0     0     0     0     0     0     0     0     0     0     3    27   675  3459  7105 10753  9723  8214  6655 10917  9951 13992 12902
ch  120:      0     0     0     0     0     0     0     0     0     0     0     0     0     0     0     0     0     0     0     1    23   219  2887  1132  7832  3834  8160 10557  6740  9969  8482  8875
ch  121:      0     0     0     0     0     0     0     0     0     0     0     0     0     0     0     0     0     0     0     1    25   322  4154  6745  9214 16281 12787 11400 11646 10711  8711 13999
ch  122:      0     0     0     0     0     0     0     0     0     0     0     0     0     0     0     0     0     0     0     0    21   238  2613  7761  8552 13966 13321  5651  7473 15020 11484 13478
ch  123:      0     0     0     0     0     0     0     0     0     0     0     0     0     0     0     0     0     0     0     0    24   353  3225 10785 12569 14090  3896 10754  8291 10998  7933 12611
ch  124:      0     0     0     0     0     0     0     0     0     0     0     0     0     0     0     0     0     0     0     2    20   230  2160  5942  9776 11341  6633 13152  6234 10408 10821  4692
ch  125:      0     0     0     0     0     0     0     0     0     0     0     0     0     0     0     0     0     0     0     0     7   265  2583  1524 10925 13889 10610 12592  6485  5394  7211  6057
ch  126:      0     0     0     0     0     0     0     0     0     0     0     0     0     0     0     0     0     0     0     1    10   327  2250  7619  6423 10558 10500 13231  8377 13517  4937  9806
ch  127:      0     0     0     0     0     0     0     0     0     0     0     0     0     0     0     0     0     0     0     0    10    93  1618 13145  6893  5797  2904  9889  5121  9838  9250 12695
