ch    0:      0     0     0     0     0     0     0     0     0     0     0     0     0     0     0     0     0     0     0     0     0     3    30    86    86   202   145    88   101   360   232  5527
ch    1:      0     0     0     0     0     0     0     0     0     0     0     0     0     0     0     0     0     0     0     0     1     4    32   502  1861 11216 10420 10751  5799 12789  9547  7791
ch    2:      0     0     0     0     0     0     0     0     0     0     0     0     0     0     0     0     0     0     0     0     0     2    48   521  1716  6070  2457  4803 15896 13174  6533  9506
ch    3:      0     0     0     0     0     0     0     0     0     0     0     0     0     0     0     0     0     0     0     0     1     5    73   488  3296  8358 10642 12241 10098  9538 16164 12450
ch    4:      0     0     0     0     0     0     0     0     0     0     0     0     0     0     0     0     0     0     0     0     0     1    32   395  2939 17607 14139  6917  7209  9525 13926 10501
ch    5:      0     0     0     0     0     0     0     0     0     0     0     0     0     0     0     0     0     0     0     0     0     7   118   480  4676  7001  9102  8589 11952  8128  8759  7634
ch    6:      0     0     0     0     0     0     0     0     0     0     0     0     0     0     0     0     0     0     0     0     0     7    61   597  3078 10029  7913 11614  8682 10272 14962  8397
ch    7:      0     0     0     0     0     0     0     0     0     0     0     0     0     0     0     0     0     0     0     0     1    11   116  1185 11038  5781 10601  5810  8774 14203 11093 11919
ch    8:      0     0     0     0     0     0     0     0     0     0     0     0     0     0     0     0     0     0     0     0     0    10   154  1231  6810 15250 16238 12586  7625 12797 12530  5595
ch    9:      0     0     0     0     0     0     0     0     0     0     0     0     0     0     0     0     0     0     0     0     1    17    72  1167  7722  9439  7327 11528 10715  8120  9491  9575
ch   10:      0     0     0     0     0     0     0     0     0     0     0     0     0     0     0     0     0     0     0     0     0    16    65  1231  8632  8704 14373  8380 10480 12586  9998 10667
ch   11:      0     0     0     0     0     0     0     0     0     0     0     0     0     0     0     0     0     0     0     0     0    15   179  1476 14613 11771  9745 13075 16533  7826 12714  8033
ch   12:      0     0     0     0     0     0     0     0     0     0     0     0     0     0     0     0     0     0     0     0     1     8   184  2114  8635  8918 15152  7487  8918 12333  9557  8242
ch   13:      0     0     0     0     0     0     0     0     0     0     0     0     0     0     0     0     0     0     0     0     2    19   343  2596 11670  8623 12343  9600 12365 10941 12767  7424
ch   14:      0     0     0     0     0     0     0     0     0     0     0     0     0     0     0     0     0     0     0     0     3    34   231  1913 11855  5973  7052 13157  9896 11446  8111 13174
ch   15:      0     0     0     0     0     0     0     0     0     0     0     0     0     0     0     0     0     0     0     0     0    13   184  1923  9890 14504 11206 15391 13412 15155 12846 15277
ch   16:      0     0     0     0     0     0     0     0     0     0     0     0     0     0     0     0     0     0     0     0     1    41   181  2970 17425  8511  8083  8367  6220 14016 13713 11285
ch   17:      0     0     0     0     0     0     0     0     0     0     0     0     0     0     0     0     0     0     0     0     2    30   224  3886  5693  5988  9507  3508  7112 11983 10183 14492
ch   18:      0     0     0     0     0     0     0     0     0     0     0     0     0     0     0     0     0     0     0     0     2    14    77  2086 13427  2345 11418 11301 12707 12736  8720  7662
ch   19:      0     0     0     0     0     0     0     0     0     0     0     0     0     0     0     0     0     0     0     0     5    27   310  2125  2838 16584 14150  7647 13737  9831  9611 10910
ch   20:      0     0     0     0     0     0     0     0     0     0     0     0     0     0     0     0     0     0     0     0     1    20   350  2615 15762 10981  9259  6008  7523  9985  8609  9673
ch   21:      0     0     0     0     0     0     0     0     0     0     0     0     0     0     0     0     0     0     0     0     1    41   237  2610  6101 12407 13390 10188 10115  9737 12644 14279
ch   22:      0     0     0     0     0     0     0     0     0     0     0     0     0     0     0     0     0     0     0     0     3    17   275  3051 10916  9397 13886  7979  8225 12533  7842  7413
ch   23:      0     0     0     0     0     0     0     0     0     0     0     0     0     0     0     0     0     0     0     0     5    36   395  3506  1653  6220 10235 11854 12005 15039  8888  7121
ch   24:      0     0     0     0     0     0     0     0     0     0     0     0     0     0     0     0     0     0     0     0     3    26   352  5585  6821 11075 13273 14259 14652 11055 10387  9786
ch   25:      0     0     0     0     0     0     0     0     0     0     0     0     0     0     0     0     0     0     0     0     6    52   520  5932 12290 10788 16147  9854  6802  6342  9346  6428
ch   26:      0     0     0     0     0     0     0     0     0     0     0     0     0     0     0     0     0     0     0     0     4    40   636  3911  7802 12146 12058  7247  8360 15082 12558  7086
ch   27:      0     0     0     0     0     0     0     0     0     0     0     0     0     0     0     0     0     0     0     0     4    48   724  6939 13907 11008 12448 10548  6717  9496  8245 15300
ch   28:      0     0     0     0     0     0     0     0     0     0     0     0     0     0     0     0     0     0     0     0     4    79   318  5220 10887 12224  8315  6854 12167  5751 10350 10902
ch   29:      0     0     0     0     0     0     0     0     0     0     0     0     0     0     0     0     0     0     0     0     4    34   356  2631 12237 12952 12378  9984 11347 11285 10455  8359
ch   30:      0     0     0     0     0     0     0     0     0     0     0     0     0     0     0     0     0     0     0     1     9    36   812  4562 15590 10339  7634 12186 14985  9605  9518  4965
ch   31:      0     0     0     0     0     0     0     0     0     0     0     0     0     0     0     0     0     0     0     0     5   111   352  6336  4049  8035  6546  9405  8762 12832 10512  3963
ch   32:      0     0     0     0     0     0     0     0     0     0     0     0     0     0     0     0     0     0     0     0    26   121   875  8247 15368  9284 12723 10006  9643  5835 12269 10987
ch   33:      0     0     0     0     0     0     0     0     0     0     0     0     0     0     0     0     0     0     0     0     3    43   461  6960 11617 12252 12763  8809  5949 11748 15481  8524
ch   34:      0     0     0     0     0     0     0     0     0     0     0     0     0     0     0     0     0     0     0     0     3    46   487  5834  4948 12271  7122  8692  8835  9494 11846 13361
ch   35:      0     0     0     0     0     0     0     0     0     0     0     0     0     0     0     0     0     0     0     0    10    62   508  6757 11140  9642  6645 11897 13860  4901 11711 10890
ch   36:      0     0     0     0     0     0     0     0     0     0     0     0     0     0     0     0     0     0     0     1     9    34   878  9080  8233  7337 10115 10319 13497  9636 11112 12023
ch   37:      0     0     0     0     0     0     0     0     0     0     0     0     0     0     0     0     0     0     0     0    21    88  1796 11682 11908 10366 12219 13165 11027  4119  8502  9502
ch   38:      0     0     0     0     0     0     0     0     0     0     0     0     0     0     0     0     0     0     0     0     5    73  1030  7381 12643  9746  9659  6141 11393  8209  9369  8885
ch   39:      0     0     0     0     0     0     0     0     0     0     0     0     0     0     0     0     0     0     0     0    12   138  1731  7363  7104  6022  9322  6814 12035 11612  5452 11324
ch   40:      0     0     0     0     0     0     0     0     0     0     0     0     0     0     0     0     0     0     0     0     6   160   701  8709  6416 11356 10334  8711 12823  6990  7292  8473
ch   41:      0     0     0     0     0     0     0     0     0     0     0     0     0     0     0     0     0     0     0     1     6    87  1325 12090  9118 14176  6454 12105 13989  9600  6596 10612
ch   42:      0     0     0     0     0     0     0     0     0     0     0     0     0     0     0     0     0     0     0     1     8    54  1007  9309  5868 11689  9979 13077 14558 10778  5530 10603
ch   43:      0     0     0     0     0     0     0     0     0     0     0     0     0     0     0     0     0     0     0     0    11   107  1298  7482  8620 10164  9139 15118 11505  9891 16509 11165
ch   44:      0     0     0     0     0     0     0     0     0     0     0     0     0     0     0     0     0     0     0     0    10   109  1032  5788 11237  5395 12069 13870  6424  8543  8906  7621
ch   45:      0     0     0     0     0     0     0     0     0     0     0     0     0     0     0     0     0     0     1     1    14   103  1776  9624  9212  6888  8426 11466 10646  7706  9010  7713
ch   46:      0     0     0     0     0     0     0     0     0     0     0     0     0     0     0     0     0     0     0     0    10   137  1071  6909  7416 13425  8952  6480  8538 11927 12334  7242
ch   47:      0     0     0     0     0     0     0     0     0     0     0     0     0     0     0     0     0     0     0     0     6   141  1607 14082 14392  8341 10694 11364 13771  9905 12831 10098
ch   48:      0     0     0     0     0     0     0     0     0     0     0     0     0     0     0     0     0     0     0     0     9    98  1588 14838  6582 13695  9961  9219  7858 11859  3423 11018
ch   49:      0     0     0     0     0     0     0     0     0     0     0     0     0     0     0     0     0     0     0     0    13   119  1290 15139  8070 11505 12379 12031  9127  9280 11421  6938
ch   50:      0     0     0     0     0     0     0     0     0     0     0     0     0     0     0     0     0     0     0     2    14   142   730 10811  8985 12063 11855 10100  9187  9778  7740  8110
ch   51:      0     0     0     0     0     0     0     0     0     0     0     0     0     0     0     0     0     0     0     2    29   334  1790 15697 13478   152 14430  2475  5237  9314 11208 12455
ch   52:      0     0     0     0     0     0     0     0     0     0     0     0     0     0     0     0     0     0     0     1    19   109  1218  9566 13185  9903  9325  5000  9680  5518 13500  8682
ch   53:      0     0     0     0     0     0     0     0     0     0     0     0     0     0     0     0     0     0     0     0     4   181  2025 14383  5792  8588  9939 17529  6357 11017 11469 12839
ch   54:      0     0     0     0     0     0     0     0     0     0     0     0     0     0     0     0     0     0     0     0     9   161   763  9615  9038  9004 11411 11830 11707  9746  6967 12469
ch   55:      0     0     0     0     0     0     0     0     0     0     0     0     0     0     0     0     0     0     0     1    23   195  1374 11143 11355 10781 11765 10067  9366  9858  8320  7754
ch   56:      0     0     0     0     0     0     0     0     0     0     0     0     0     0     0     0     0     0     0     0    10    74  1728 11424 12920 14191 11673  8903 12631 11073 11898 15673
ch   57:      0     0     0     0     0     0     0     0     0     0     0     0     0     0     0     0     0     0     0     0    10   234  2684  5618  9300 13847 11615 11806 10134 16782 10564  7243
ch   58:      0     0     0     0     0     0     0     0     0     0     0     0     0     0     0     0     0     0     0     0     6   160   953 11218 12283  9700 10608  6130 11985 10893  7487 11412
ch   59:      0     0     0     0     0     0     0     0     0     0     0     0     0     0     0     0     0     0     0     2    37   174  2781 16165 10149  8322 14210 12868 14132 10915  8195  5545
ch   60:      0     0     0     0     0     0     0     0     0     0     0     0     0     0     0     0     0     0     0     0    32    91  3252 11992 10611 10942 15200 13080 10207 15209  9224 16809
ch   61:      0     0     0     0     0     0     0     0     0     0     0     0     0     0     0     0     0     0     0     0    15   173  2314 15572 11033  8737 10254 11512 11842 13553 11558 16201
ch   62:      0     0     0     0     0     0     0     0     0     0     0     0     0     0     0     0     0     0     0     3    21   238  2799 13430 14731 14252 13257  8438 11679  8813 12301 10787
ch   63:      0     0     0     0     0     0     0     0     0     0     0     0     0     0     0     0     0     1     1     4    40   265  5067  4868 10018  9441 10911 12147  6520  9713  9732 10915
ch   64:      0     0     0     0     0     0     0     0     0     0     0     0     0     0     0     0     0     0     0     2     8   140  1466 19252  6238 11356  8827 10064 11224 11366 10643 12060
ch   65:      0     0     0     0     0     0     0     0     0     0     0     0     0     0     0     0     0     0     0     2    11   468  3874  3312  5328  6433 11370  9238  6365 10816  9439 11572
ch   66:      0     0     0     0     0     0     0     0     0     0     0     0     0     0     0     0     0     0     0     0    12   223   749 11464  7152  7384 11382  7342  8563  8311 12532  6761
ch   67:      0     0     0     0     0     0     0     0     0     0     0     0     0     0     0     0     0     0     0     5    66   336  2649     0 11931 13492 14543 15628 10008 11214  6249  8537
ch   68:      0     0     0     0     0     0     0     0     0     0     0     0     0     0     0     0     0     0     0     1     8   328  2226 15350 10542  8251  9227 11123 14067  9162  8829  8827
ch   69:      0     0     0     0     0     0     0     0     0     0     0     0     0     0     0     0     0     0     0     3    27   370  4437     9  9200  8671  7929 11041 11636 11616  9906  8775
ch   70:      0     0     0     0     0     0     0     0     0     0     0     0     0     0     0     0     0     0     0     0     2   182  2907 12331  9898  7206 12154  7932 12327 15384 13809  8622
ch   71:      0     0     0     0     0     0     0     0     0     0     0     0     0     0     0     0     0     0     0     1    39   216  2532 12117 12232 13418 13019 13464  8188  5389 13246 10119
ch   72:      0     0     0     0     0     0     0     0     0     0     0     0     0     0     0     0     0     0     0     2    52   255  2994 16972 12040  6230  4781  8719  7287  9237  7131 14593
ch   73:      0     0     0     0     0     0     0     0     0     0     0     0     0     0     0     0     0     0     0     0    36   370  2161  2740  7633  9560  7445 11451 11162  5008 11479  7830
ch   74:      0     0     0     0     0     0     0     0     0     0     0     0     0     0     0     0     0     0     0     3    24   226  2698 15488  9943 12154  8557 11626  6488  6044 12974  8319
ch   75:      0     0     0     0     0     0     0     0     0     0     0     0     0     0     0     0     0     0     0     3    66   421  2793 18973 11831  7269  5636 10732  8903  7815  3804  9456
ch   76:      0     0     0     0     0     0     0     0     0     0     0     0     0     0     0     0     0     0     0     1    22   255  3042 12126  5798 13712  6199 11719 13047 13981  7752  8480
ch   77:      0     0     0     0     0     0     0     0     0     0     0     0     0     0     0     0     0     0     0     2    20   434  2879 15730 14128 10340  8124  2843 16146  6005  9745  8379
ch   78:      0     0     0     0     0     0     0     0     0     0     0     0     0     0     0     0     0     0     0     3    29   555  3777 18941 14935 11919  6857 11151 15486 11115  9193 10191
ch   79:      0     0     0     0     0     0     0     0     0     0     0     0     0     0     0     0     0     0     1     9   110   711  9370 10584 11709  6926  7543 12262  9104  9760  8280 11428
ch   80:      0     0     0     0     0     0     0     0     0     0     0     0     0     0     0     0     0     0     0     0     0     0     0     0     0     0     0     0     0     0     0     0
ch   81:      0     0     0     0     0     0     0     0     0     0     0     0     0     0     0     0     0     0     0     4   121   741  6771 18443  6978 12447  9670  5755 13166  8811 11602  7126
ch   82:      0     0     0     0     0     0     0     0     0     0     0     0     0     0     0     0     0     0     0     3    77   741  3746 17745 12185  9251 12034 10124  8171  9529  9782  4782
ch   83:      0     0     0     0     0     0     0     0     0     0     0     0     0     0     0     0     0     0     0     5    42   641  3324  5227 10201 10526 12580 15015  4983 13110 10489 14433
ch   84:      0     0     0     0     0     0     0     0     0     0     0     0     0     0     0     0     0     0     0     1    42   579  4891  4736 11631 12316  7474 12903 12496 12368 12983 10320
ch   85:      0     0     0     0     0     0     0     0     0     0     0     0     0     0     0     0     0     0     0     3    38   315  4059 16169  5825 15141 11254  9733  9918 10868 16069 11037
ch   86:      0     0     0     0     0     0     0     0     0     0     0     0     0     0     0     0     0     0     0     0    37   261  1907 10213 13287 12166 12384 11958 15504 12639 12467 12873
ch   87:      0     0     0     0     0     0     0     0     0     0     0     0     0     0     0     0     0     0     0     6    57   518  1933 18821 11524 10328 10358 12651  9789  9762  7896 11581
ch   88:      0     0     0     0     0     0     0     0     0     0     0     0     0     0     0     0     0     0     0     3    28   242  3099  4166 10047  9821 14939  9180 15406 16826 11942  7714
ch   89:      0     0     0     0     0     0     0     0     0     0     0     0     0     0     0     0     0     0     0     0     5   217  1964 15503 11317 12740  8332 14920 11899  7131 10592  7441
ch   90:      0     0     0     0     0     0     0     0     0     0     0     0     0     0     0     0     0     0     0     1    24   370  1692  3297  5840 12275 11473  9405 10759 11406  8177 12957
ch   91:      0     0     0     0     0     0     0     0     0     0     0     0     0     0     0     0     0     0     1     7    78   328  6139  9157 13249  8208 11924 13429 11346 10529 15717  9022
ch   92:      0     0     0     0     0     0     0     0     0     0     0     0     0     0     0     0     0     0     0     2    82   487  4147 15824 13046  5614 10578  5369 10705  9686  6780  6457
ch   93:      0     0     0     0     0     0     0     0     0     0     0     0     0     0     0     0     0     0     0     2    26   211  2411 14388 14070 14480  9061 12300 13481 10288 10565  9439
ch   94:      0     0     0     0     0     0     0     0     0     0     0     0     0     0     0     0     0     0     1     7    26   427  4908 11860 11154  7197  7284 15816  9748  3187 14110 11654
ch   95:      0     0     0     0     0     0     0     0     0     0     0     0     0     0     0     0     0     0     0     0    41   330  2124  3442  8214 13914 12016 17292 13249 10973  9416  6592
ch   96:      0     0     0     0     0     0     0     0     0     0     0     0     0     0     0     0     0     1     1     2    18   257  2056 16130  4202  9636 10461  4624 12472  6399 10149 11358
ch   97:      0     0     0     0     0     0     0     0     0     0     0     0     0     0     0     0     0     0     0     0    27   338  3550  5889 13310 10988 11616 13437 11629  8253  8867  8940
ch   98:      0     0     0     0     0     0     0     0     0     0     0     0     0     0     0     0     0     0     0     3    25   213  3409 13456  6606 10262  7262  5920 14317  8702 11420 12043
ch   99:      0     0     0     0     0     0     0     0     0     0     0     0     0     0     0     0     0     0     0     2    25   367  3325  8454 14670  7112 12808  7501  7300  9807  8529  8971
ch  100:      0     0     0     0     0     0     0     0     0     0     0     0     0     0     0     0     0     0     0     4    45   518  4170 10743  6873 10979  3952  7176 10778 15385 15444 10702
ch  101:      0     0     0     0     0     0     0     0     0     0     0     0     0     0     0     0     0     0     0     2    20   503  2123 17011 13686  8051 17354 10115  7189 10116 11304  9200
ch  102:      0     0     0     0     0     0     0     0     0     0     0     0     0     0     0     0     0     0     0     1    25   249  3906 19102  7228  8183 10603 13685  9293  8990 10184  9303
ch  103:      0     0     0     0     0     0     0     0     0     0     0     0     0     0     0     0     0     0     0     3    29   253  2192 15606 11784 11349  8989  6486  7452  8527  9516 12455
ch  104:      0     0     0     0     0     0     0     0     0     0     0     0     0     0     0     0     0     0     0     0    42   100  1260  1074 12448 14555 11577  7110 11066 10484  7580 11758
ch  105:      0     0     0     0     0     0     0     0     0     0     0     0     0     0     0     0     0     0     0     1    30   319  3583  9593  3285 11289 13657 11502 10504  7952 10864  9191
ch  106:      0     0     0     0     0     0     0     0     0     0     0     0     0     0     0     0     0     0     0     4    33   229  1899 18419  9175 12272  6646  8336  8772  9233 11193 12367
ch  107:      0     0     0     0     0     0     0     0     0     0     0     0     0     0     0     0     0     0     0     2    30   214  2929  7052 11358  4672  7445 11407  8354  6297 13323 12113
ch  108:      0     0     0     0     0     0     0     0     0     0     0     0     0     0     0     0     0     0     0     2    45   493  3233  7800  8010 12664  7816 16886  9587 10635  4225 11134
ch  109:      0     0     0     0     0     0     0     0     0     0     0     0     0     0     0     0     0     0     0     0    16   263  1854 18716 11098 15252  4925 12945  8403  8287  8202 13828
ch  110:      0     0     0     0     0     0     0     0     0     0     0     0     0     0     0     0     0     0     0     3    21   159  4101 12174  5885 10648  8417 10603  8601 11942 10526 16163
ch  111:      0     0     0     0     0     0     0     0     0     0     0     0     0     0     0     0     0     0     0     1    18   183  3279  8981  7500 11060  8699  8454 12569 13618 11943  9806
ch  112:      0     0     0     0     0     0     0     0     0     0     0     0     0     0     0     0     0     0     0     0    17   102  3020  9693  5156  9867 11258 11614  4968  8857 11217 11197
ch  113:      0     0     0     0     0     0     0     0     0     0     0     0     0     0     0     0     0     0     0     0    10   194  1471 18577  9815 11866  8076 13250  8844 12311  7815  6957
ch  114:      0     0     0     0     0     0     0     0     0     0     0     0     0     0     0     0     0     0     0     1    39   241  2578 14016  4623 11086  6159 10480  9541  8679  8538  7313
ch  115:      0     0     0     0     0     0     0     0     0     0     0     0     0     0     0     0     0     0     0     0    22   262  1443 16985 12805 14098 15527  6703  9576 13684  9885 10251
ch  116:      0     0     0     0     0     0     0     0     0     0     0     0     0     0     0     0     0     0     0     4    57   223  2619  5026 13932 14397  5818  6772 13545 10438  9441 13780
ch  117:      0     0     0     0     0     0     0     0     0     0     0     0     0     0     0     0     0     0     0     0    20   214  2468  1632 11425 14020  8432 10416 10227 11052 12421  4417
ch  118:      0     0     0     0     0     0     0     0     0     0     0     0     0     0     0     0     0     0     0     1    22   197  1772  2065 13955  8478  7937  8716  9297 10922 13808  9201
ch  119:      0     0     0     0     0     0     0     0     0     0     0     0     0     0     0     0     0     0     0     2    27   136  2677 15125  9577 11572  7581  8177  8020 10145  9229  9975
ch  120:      0     0     0     0     0     0     0     0     0     0     0     0     0     0     0     0     0     0     0     4    29   147  2229  8458  9051 11630  6530  8307  8110 11270  9903  8325
ch  121:      0     0     0     0     0     0     0     0     0     0     0     0     0     0     0     0     0     0     0     2    39   358  2338  2694  9478  6707 14633 10496 11985 11016  8460 10446
ch  122:      0     0     0     0     0     0     0     0     0     0     0     0     0     0     0     0     0     0     0     1    41   254  1684 17209 11625  8070 11212  4561 11841 10986  7346  8223
ch  123:      0     0     0     0     0     0     0     0     0     0     0     0     0     0     0     0     0     0     0     1    47   295  2203 18167 11078 10286  4871  7621 11011  6656  6227  7580
ch  124:      0     0     0     0     0     0     0     0     0     0     0     0     0     0     0     0     0     0     0     5    16   362  3093 17034 10835 13412 11692 13279 12404  7068  9884 10753
ch  125:      0     0     0     0     0     0     0     0     0     0     0     0     0     0     0     0     0     0     0     4    21   364  3100  7380  9619  9309  8435 15919 10648 13170 11610 10896
ch  126:      0     0     0     0     0     0     0     0     0     0     0     0     0     0     0     0     0     0     0     6    12    36   133   455   100   227   847   108  1255  1655   184 14526
ch  127:      0     0     0     0     0     0     0     0     0     0     0     0     0     0     0     0     0     0     0     4    35   391  4147  4083 11319  7319  8561  9673  5801  7115 12426 12666
