ch    0:      0     0     0     0     0     0     0     0     0     0     0     0     0     0     0     0     0     0     0     0     1    15   120   766  4271 11526 11239 10180  8174 11711 10735  3913
ch    1:      0     0     0     0     0     0     0     0     0     0     0     0     0     0     0     0     0     0     0     0     0     7   105  1033  5090  8833  8669  9410  8087  9595  9277  9178
ch    2:      0     0     0     0     0     0     0     0     0     0     0     0     0     0     0     0     0     0     0     0     2    21   284  1384 10028 13458  9812  6776  4237  8695  9997  5436
ch    3:      0     0     0     0     0     0     0     0     0     0     0     0     0     0     0     0     0     0     0     0     0     8   150  1739 10259  8645  7886  9747 12247  8267  6233 10116
ch    4:      0     0     0     0     0     0     0     0     0     0     0     0     0     0     0     0     0     0     0     0     2    13   128  1301 11632 12601  7138 10341 10545  4180  9461  5345
ch    5:      0     0     0     0     0     0     0     0     0     0     0     0     0     0     0     0     0     0     0     0     2    18   186  1405 12066  9047 12935 11463  9139 11893 15758 14503
ch    6:      0     0     0     0     0     0     0     0     0     0     0     0     0     0     0     0     0     0     0     0     4    12   174  2469  9765 11024  6212 11644  6392  5621  9383  5516
ch    7:      0     0     0     0     0     0     0     0     0     0     0     0     0     0     0     0     0     0     0     0     1    12   264  2184 11163  8997  7327  8281 12849 15523 12245 16646
ch    8:      0     0     0     0     0     0     0     0     0     0     0     0     0     0     0     0     0     0     0     0     3    25   561  3102  7356  6674 11484 10774 14649  3737 12654  4825
ch    9:      0     0     0     0     0     0     0     0     0     0     0     0     0     0     0     0     0     0     0     1     2    22   210  2713 13693 12560 14230 11633  9164 10118 10989 13348
ch   10:      0     0     0     0     0     0     0     0     0     0     0     0     0     0     0     0     0     0     0     0     2    38   374  3229 10996 10094 16437 10723  7722 11114 10715  4142
ch   11:      0     0     0     0     0     0     0     0     0     0     0     0     0     0     0     0     0     0     0     0     3    19   303  2474  6576  9804  9996 11609 12698 14069 13724 13340
ch   12:      0     0     0     0     0     0     0     0     0     0     0     0     0     0     0     0     0     0     0     0     3    24   661  4147 10754 11711  9616 10144 12340 14005  7693  4515
ch   13:      0     0     0     0     0     0     0     0     0     0     0     0     0     0     0     0     0     0     0     0     1    15   483  2794  9638  8300 10797 12911  4409  9637  5200 10397
ch   14:      0     0     0     0     0     0     0     0     0     0     0     0     0     0     0     0     0     0     0     0     0    41   234  3082  8947  8862 12313 10215  8432 15101  5461  5239
ch   15:      0     0     0     0     0     0     0     0     0     0     0     0     0     0     0     0     0     0     0     0     3    40   477  3330  7080  4445  6177  8520 10501 14465 11299 10772
ch   16:      0     0     0     0     0     0     0     0     0     0     0     0     0     0     0     0     0     0     0     1     6    53   669  6521 14821 13323  9425  9907  9405 10499 12028  5430
ch   17:      0     0     0     0     0     0     0     0     0     0     0     0     0     0     0     0     0     0     0     0     0     0     7    75  1480 12234 10980 12986  8045 15408 13300 13932
ch   18:      0     0     0     0     0     0     0     0     0     0     0     0     0     0     0     0     0     0     0     0     0     0     0    53  1181 11429 11682  9786  9127  8085 10900  1110
ch   19:      0     0     0     0     0     0     0     0     0     0     0     0     0     0     0     0     0     0     0     0     0     0     4   124  1851 15398 11229 11639  8973 11333  9964 10994
ch   20:      0     0     0     0     0     0     0     0     0     0     0     0     0     0     0     0     0     0     0     0     0     0     1    35  1203 11095  7460  7986 14132  6247  6302  1639
ch   21:      0     0     0     0     0     0     0     0     0     0     0     0     0     0     0     0     0     0     0     0     0     0     4   109  1864 15451 14884  8125 13355 11301 12813  9006
ch   22:      0     0     0     0     0     0     0     0     0     0     0     0     0     0     0     0     0     0     0     0     0     0     3    79  1435 12398  6022  9300 14012  8654  8031  1625
ch   23:      0     0     0     0     0     0     0     0     0     0     0     0     0     0     0     0     0     0     0     0     0     0     1   137  1297  4960  9495  9410 15944 10818  9543 10450
ch   24:      0     0     0     0     0     0     0     0     0     0     0     0     0     0     0     0     0     0     0     0     0     0     3   147   968 11443 10677  8941 15659 12915 12267  1303
ch   25:      0     0     0     0     0     0     0     0     0     0     0     0     0     0     0     0     0     0     0     0     0     1     5    89  2085 12386  7447  4480  8216 11005 13108 13402
ch   26:      0     0     0     0     0     0     0     0     0     0     0     0     0     0     0     0     0     0     0     0     0     0     5    64  2257  6151  9016  6221  8974 11640 11570  1315
ch   27:      0     0     0     0     0     0     0     0     0     0     0     0     0     0     0     0     0     0     0     0     0     0     3   103  2141  7776  7973  8631 10986  8409 10855 14529
ch   28:      0     0     0     0     0     0     0     0     0     0     0     0     0     0     0     0     0     0     0     0     0     1     3    78  1566 13618  6885 13703 10436 12031 12989  1477
ch   29:      0     0     0     0     0     0     0     0     0     0     0     0     0     0     0     0     0     0     0     0     0     0     2   123  2458 11974 13057  8746 12892  8928 11882 14334
ch   30:      0     0     0     0     0     0     0     0     0     0     0     0     0     0     0     0     0     0     0     0     0     0     7    58  1670 10111 11779 13635 10071  9312  9490   764
ch   31:      0     0     0     0     0     0     0     0     0     0     0     0     0     0     0     0     0     0     0     0     0     0     1   107  2377 10859 11564 12778 11266 11073 10940 10887
ch   32:      0     0     0     0     0     0     0     0     0     0     0     0     0     0     0     0     0     0     0     0     0     0     6   103  1781 12039  8040  8121 12619  9452 12042   821
ch   33:      0     0     0     0     0     0     0     0     0     0     0     0     0     0     0     0     0     0     0     0     0     0     1   166  3197 10607  7023 11473 12631 11481 10150 15587
ch   34:      0     0     0     0     0     0     0     0     0     0     0     0     0     0     0     0     0     0     0     0     0     1    11   207  2395 12990  7507 10372  8284 13163  9684   950
ch   35:      0     0     0     0     0     0     0     0     0     0     0     0     0     0     0     0     0     0     0     0     0     0     5   150  2141  7129 10184  7664  6254  7821  4581  8909
ch   36:      0     0     0     0     0     0     0     0     0     0     0     0     0     0     0     0     0     0     0     0     0     0     8   190  3471  4747  8841  8867  8789 10553 11110   800
ch   37:      0     0     0     0     0     0     0     0     0     0     0     0     0     0     0     0     0     0     0     0     0     0     2   139  2604  6054 11582 12214 10504 10764  9345  9452
ch   38:      0     0     0     0     0     0     0     0     0     0     0     0     0     0     0     0     0     0     0     0     0     1     8   179  2564  8077  9394 10497  9142 11049 13723   741
ch   39:      0     0     0     0     0     0     0     0     0     0     0     0     0     0     0     0     0     0     0     0     0     0     6   235  3724  8364 10445  9059 10125 14227 13955 13342
ch   40:      0     0     0     0     0     0     0     0     0     0     0     0     0     0     0     0     0     0     0     0     0     0     5   268  2936 13914  7681 10419 11420  9369 12158   617
ch   41:      0     0     0     0     0     0     0     0     0     0     0     0     0     0     0     0     0     0     0     0     0     0     8   177  3405  6780 13813 11761  8619 13411 13751  9282
ch   42:      0     0     0     0     0     0     0     0     0     0     0     0     0     0     0     0     0     0     0     0     0     1     6   129  2660 15586 13019 10411  9495  8836 12993  1065
ch   43:      0     0     0     0     0     0     0     0     0     0     0     0     0     0     0     0     0     0     0     0     0     0    14   293  3727  6674  7861  8009  5399 10886 11906 13656
ch   44:      0     0     0     0     0     0     0     0     0     0     0     0     0     0     0     0     0     0     0     0     0     0    10   150  3460 11360 12905  8665  9592 13880 11072   736
ch   45:      0     0     0     0     0     0     0     0     0     0     0     0     0     0     0     0     0     0     0     0     0     0     9   128  3627 14247 11047 13837  9418  8908  9060 15532
ch   46:      0     0     0     0     0     0     0     0     0     0     0     0     0     0     0     0     0     0     0     0     0     0     8   188  4172  9541 12727 12571  6737  9083  7254  1035
ch   47:      0     0     0     0     0     0     0     0     0     0     0     0     0     0     0     0     0     0     0     0     0     0     8   297  4344  8955  7473  5930  7061  8857 15070 13943
ch   48:      0     0     0     0     0     0     0     0     0     0     0     0     0     0     0     0     0     0     0     0     0     2    14   274  4918 10849 10768 10165 11921 11283 10201  1054
ch   49:      0     0     0     0     0     0     0     0     0     0     0     0     0     0     0     0     0     0     0     0     0     1    14   334  4871 11851  9549  8618 10619 11059 16296  7687
ch   50:      0     0     0     0     0     0     0     0     0     0     0     0     0     0     0     0     0     0     0     0     0     1    12   314  4698  7499  7742 10020 10563  7494  7632  1034
ch   51:      0     0     0     0     0     0     0     0     0     0     0     0     0     0     0     0     0     0     0     0     0     1    11   300  2990  7842  4942 13084  6601  9402  8186 11092
ch   52:      0     0     0     0     0     0     0     0     0     0     0     0     0     0     0     0     0     0     0     0     0     1    11   299  4578  9676 10981  9379  9728 14062 11336  1596
ch   53:      0     0     0     0     0     0     0     0     0     0     0     0     0     0     0     0     0     0     0     0     1     2    13   334  5312  8291 10916  9132  7823 14264  8836 13494
ch   54:      0     0     0     0     0     0     0     0     0     0     0     0     0     0     0     0     0     0     0     0     0     0     5   332  3672  9280 11251  7356 11252  7399  8417  1715
ch   55:      0     0     0     0     0     0     0     0     0     0     0     0     0     0     0     0     0     0     0     0     0     0     9   227  4973  8479 10837 16409 12408  8053 14091  5639
ch   56:      0     0     0     0     0     0     0     0     0     0     0     0     0     0     0     0     0     0     0     0     0     0    10   257  6111 11994  9129 12618  5030  4570 12578  1371
ch   57:      0     0     0     0     0     0     0     0     0     0     0     0     0     0     0     0     0     0     0     0     0     0    17   256  6955 10831  6613  6051  5919 12163 10179 13440
ch   58:      0     0     0     0     0     0     0     0     0     0     0     0     0     0     0     0     0     0     0     0     0     0    17   247  3479 11901 11065 12170  8768 14043 10147  1987
ch   59:      0     0     0     0     0     0     0     0     0     0     0     0     0     0     0     0     0     0     0     0     0     0    18   487  6843 11067 13390  7930  9808  9485  6651 17896
ch   60:      0     0     0     0     0     0     0     0     0     0     0     0     0     0     0     0     0     0     0     0     0     1    28   505  8352 10425  5157 12837 10597 11556  8256  1729
ch   61:      0     0     0     0     0     0     0     0     0     0     0     0     0     0     0     0     0     0     0     0     0     0    17   280  5485  8950 11434 10948  7661 11863  8144 18098
ch   62:      0     0     0     0     0     0     0     0     0     0     0     0     0     0     0     0     0     0     0     0     0     0    13   315  4341  9084 11652  9893  7136 11845 10343  2566
ch   63:      0     0     0     0     0     0     0     0     0     0     0     0     0     0     0     0     0     0     0     0     0     1    23   351  5945 11873  8192 10264 13144 10582 10820 13219
ch   64:      0     0     0     0     0     0     0     0     0     0     0     0     0     0     0     0     0     0     0     0     0     0    33   424  5224 11970 11251 13109  5474 10996 10679  2506
ch   65:      0     0     0     0     0     0     0     0     0     0     0     0     0     0     0     0     0     0     0     0     0     0    34   474  5631  6768  8148 12491 11354 12120 13017  9691
ch   66:      0     0     0     0     0     0     0     0     0     0     0     0     0     0     0     0     0     0     0     0     0     0    26   414  5913  7823 10981 12940  8613  9758  7506  2748
ch   67:      0     0     0     0     0     0     0     0     0     0     0     0     0     0     0     0     0     0     0     0     0     1    30   497 11650 12938 11043  9198  7880 12878  7841 12444
ch   68:      0     0     0     0     0     0     0     0     0     0     0     0     0     0     0     0     0     0     0     0     0     4    35   514  7724  8362 10214 12152  9530 12462 11345  2632
ch   69:      0     0     0     0     0     0     0     0     0     0     0     0     0     0     0     0     0     0     0     0     0     0    22   299  8196  5686 11312  8232 11922  9860  6974  9847
ch   70:      0     0     0     0     0     0     0     0     0     0     0     0     0     0     0     0     0     0     0     0     0     1    21   623  6768  8631 13897  7493 11089 12586  9016  3782
ch   71:      0     0     0     0     0     0     0     0     0     0     0     0     0     0     0     0     0     0     0     0     0     3    27   627 11046 12114 11625  7017  9932  6393 10611 14111
ch   72:      0     0     0     0     0     0     0     0     0     0     0     0     0     0     0     0     0     0     0     0     0     0    30   371  8008  9094 15435  9603 10285 11124 10898  4320
ch   73:      0     0     0     0     0     0     0     0     0     0     0     0     0     0     0     0     0     0     0     0     0     0    33   679  7605  6486  9198  9190  9473 13844 10545 14960
ch   74:      0     0     0     0     0     0     0     0     0     0     0     0     0     0     0     0     0     0     0     0     0     1    31   375  6386 10753  7720 10939  8210  9176  8030  4348
ch   75:      0     0     0     0     0     0     0     0     0     0     0     0     0     0     0     0     0     0     0     0     0     1    19   736 14125  9890 10167  7160 11058  8609 13691  5693
ch   76:      0     0     0     0     0     0     0     0     0     0     0     0     0     0     0     0     0     0     0     0     0     3    26   655  9639 11164 10037 10861 13577  8007  6204  6029
ch   77:      0     0     0     0     0     0     0     0     0     0     0     0     0     0     0     0     0     0     0     0     0     2    34   787 10824 12328 14439  4837 10786 11060  7577  6958
ch   78:      0     0     0     0     0     0     0     0     0     0     0     0     0     0     0     0     0     0     0     0     0     0    21   645 14651  8663 11356 10971 11095 11567 11000  7357
ch   79:      0     0     0     0     0     0     0     0     0     0     0     0     0     0     0     0     0     0     0     0     0     0    30   400  8626 14118 10641  5028  9154  8481  7967 14802
ch   80:      0     0     0     0     0     0     0     0     0     0     0     0     0     0     0     0     0     0     0     0     0     1    46   612 10197  7237 12526  7821 14724  6606  7240  6773
ch   81:      0     0     0     0     0     0     0     0     0     0     0     0     0     0     0     0     0     0     0     0     0     0    54   617 11438 13376  7354 11352 13148  8524  9178 15278
ch   82:      0     0     0     0     0     0     0     0     0     0     0     0     0     0     0     0     0     0     0     0     0     1    22   756 15257 10826 13162  7678 11047 12453 11137  6735
ch   83:      0     0     0     0     0     0     0     0     0     0     0     0     0     0     0     0     0     0     0     0     0     0    34   868 15357 12439 10881  8572 12039 10718 10242 10378
ch   84:      0     0     0     0     0     0     0     0     0     0     0     0     0     0     0     0     0     0     0     0     0     3    43   865  7939  7555 11807 14492 11987  9273  6923  8755
ch   85:      0     0     0     0     0     0     0     0     0     0     0     0     0     0     0     0     0     0     0     0     0     3    47   724 11792 11976 13866 15359  6952 12721 10618 12591
ch   86:      0     0     0     0     0     0     0     0     0     0     0     0     0     0     0     0     0     0     0     0     0     1    36   642 16176  6734  6199  8834 10063  8285 12260  7227
ch   87:      0     0     0     0     0     0     0     0     0     0     0     0     0     0     0     0     0     0     0     0     0     1    49   589 13339  7050 10628  9701 13615 10103  8484  6997
ch   88:      0     0     0     0     0     0     0     0     0     0     0     0     0     0     0     0     0     0     0     0     0     0    65   807  8527 12709 11260  6322 13908  6903 13272  9878
ch   89:      0     0     0     0     0     0     0     0     0     0     0     0     0     0     0     0     0     0     0     0     0     5    84   896  9859  9386  6290  9372  9418 14989  7597  6567
ch   90:      0     0     0     0     0     0     0     0     0     0     0     0     0     0     0     0     0     0     0     0     0     1    47  1022 12341  8362 12973 10658 12998  8593  9452 11216
ch   91:      0     0     0     0     0     0     0     0     0     0     0     0     0     0     0     0     0     0     0     0     0     0    44   886 15250 13287  5699  8811 10757 10935 15011 12865
ch   92:      0     0     0     0     0     0     0     0     0     0     0     0     0     0     0     0     0     0     0     0     0     0    31   495 12148  8153 12805 12455 12756 10338 10257  8877
ch   93:      0     0     0     0     0     0     0     0     0     0     0     0     0     0     0     0     0     0     0     0     0     1    41   798 14027  8533 10139 11372  5092  7862  6619  6209
ch   94:      0     0     0     0     0     0     0     0     0     0     0     0     0     0     0     0     0     0     0     0     0     1    41   865 12927  9515  9400  8938 12977 12178  8416 14793
ch   95:      0     0     0     0     0     0     0     0     0     0     0     0     0     0     0     0     0     0     0     0     0     1    50  1425 17086 12651 10569 11246 12699 14170 11339 12881
ch   96:      0     0     0     0     0     0     0     0     0     0     0     0     0     0     0     0     0     0     0     0     0     0    52   652 13007 10126  5048 11671  8312 13121  7564 16273
ch   97:      0     0     0     0     0     0     0     0     0     0     0     0     0     0     0     0     0     0     0     0     0     2    35   880 10666  8963 10910  9955 14813 13228  8219  7740
ch   98:      0     0     0     0     0     0     0     0     0     0     0     0     0     0     0     0     0     0     0     0     0     2    53   690 14815  9303 10350 11958 11862  7375  6870 12556
ch   99:      0     0     0     0     0     0     0     0     0     0     0     0     0     0     0     0     0     0     0     0     0     2    28   777 11934 12525 13164 10622  6834  3678  9608 12298
ch  100:      0     0     0     0     0     0     0     0     0     0     0     0     0     0     0     0     0     0     0     0     0     2    19   905 12654 14217 10429  6647  6519 13900 16100 15805
ch  101:      0     0     0     0     0     0     0     0     0     0     0     0     0     0     0     0     0     0     0     0     0     5    48   732 16254  8840 13049 10132  7962 14116  7425 12032
ch  102:      0     0     0     0     0     0     0     0     0     0     0     0     0     0     0     0     0     0     0     0     0     2    23   558 13158  7498 11344 11063  9776  9087  8757 11767
ch  103:      0     0     0     0     0     0     0     0     0     0     0     0     0     0     0     0     0     0     0     0     0     0    27   735 10973 14670  9900 11190  8734 11037 12691  5863
ch  104:      0     0     0     0     0     0     0     0     0     0     0     0     0     0     0     0     0     0     0     0     0     1    43   816  8606  6903  7529 11220 12809 11660 10597 15928
ch  105:      0     0     0     0     0     0     0     0     0     0     0     0     0     0     0     0     0     0     0     0     0     2    49   989 16416 12134  7977 11548 14220  9095 11549 10380
ch  106:      0     0     0     0     0     0     0     0     0     0     0     0     0     0     0     0     0     0     0     0     0     1    26   649 10863  8858 11113  4942 12034  9087 10528 13497
ch  107:      0     0     0     0     0     0     0     0     0     0     0     0     0     0     0     0     0     0     0     0     0     1    65  1326 13799  9085 10543 10571 12291  8802  4512 11154
ch  108:      0     0     0     0     0     0     0     0     0     0     0     0     0     0     0     0     0     0     0     0     0     2    80  1006 11093 12276  9854  7250 10418 13688  9118 18538
ch  109:      0     0     0     0     0     0     0     0     0     0     0     0     0     0     0     0     0     0     0     0     0     2    31  1218 13575 10177 10137 11295  9603 10673  7476 12121
ch  110:      0     0     0     0     0     0     0     0     0     0     0     0     0     0     0     0     0     0     0     0     0     3    43   627 16408 10930 11996 12662  8032 11540 14071 11227
ch  111:      0     0     0     0     0     0     0     0     0     0     0     0     0     0     0     0     0     0     0     0     0     2    59   946 15044 12109 11507 11132  4831  9925 17144 10328
ch  112:      0     0     0     0     0     0     0     0     0     0     0     0     0     0     0     0     0     0     0     0     0     3    31   992  9728 10490 13243 11180 13877 14296 13381 13969
ch  113:      0     0     0     0     0     0     0     0     0     0     0     0     0     0     0     0     0     0     0     0     0     4    52  1275 17003 16559 11358 11181 10002  7930 14483  8537
ch  114:      0     0     0     0     0     0     0     0     0     0     0     0     0     0     0     0     0     0     0     0     0     2    35   822 10600  7547 10692 12337 10314  6743 10542 12338
ch  115:      0     0     0     0     0     0     0     0     0     0     0     0     0     0     0     0     0     0     0     0     0     1    44  2006 13828  8680 11540 10353 13060 10822 12852 11224
ch  116:      0     0     0     0     0     0     0     0     0     0     0     0     0     0     0     0     0     0     0     0     0     2    37  1104 10698  3990 10316 13365 11170 15253 13642 15227
ch  117:      0     0     0     0     0     0     0     0     0     0     0     0     0     0     0     0     0     0     0     0     0     2    57  1181 13068  6628 16093  8116 10582 10638 12162  6027
ch  118:      0     0     0     0     0     0     0     0     0     0     0     0     0     0     0     0     0     0     0     0     0     2    44   891 14039  9616 11563  5926 13002  5125  9814 15613
ch  119:      0     0     0     0     0     0     0     0     0     0     0     0     0     0     0     0     0     0     0     0     0     3    65  1440 15792 12116 10257 10444 12170  8591  5116  6947
ch  120:      0     0     0     0     0     0     0     0     0     0     0     0     0     0     0     0     0     0     0     0     1     3    53   902 10153  7429  9853  6331 10211  9433  5659 14190
ch  121:      0     0     0     0     0     0     0     0     0     0     0     0     0     0     0     0     0     0     0     0     0     6    71  1251 14734  9195  9992  9578 10192 10384  6015 13796
ch  122:      0     0     0     0     0     0     0     0     0     0     0     0     0     0     0     0     0     0     0     0     0     1    37  1408 12653 11116  6808 14836  6817 11825 10139 14476
ch  123:      0     0     0     0     0     0     0     0     0     0     0     0     0     0     0     0     0     0     0     0     0     5    71  1344 10971 11177  9824 11608 11706  9015  7479 13706
ch  124:      0     0     0     0     0     0     0     0     0     0     0     0     0     0     0     0     0     0     0     0     1     5   137  2479  8771 10840 11652 12167  4539 12993 14394 13636
ch  125:      0     0     0     0     0     0     0     0     0     0     0     0     0     0     0     0     0     0     0     0     1    13    97  2373 14051 12015 11712 10765 12726 11907 13022 13768
ch  126:      0     0     0     0     0     0     0     0     0     0     0     0     0     0     0     0     0     0     0     0     1     8   112  2377 14941 10886 13539  9300  6819  7985  9890 11606
ch  127:      0     0     0     0     0     0     0     0     0     0     0     0     0     0     0     0     0     0     0     0     1    16   394  4778  9390 10252  7987  9940  7288  6331  7224  6597
