# ID XA-000-08-003-000-001-155-04
# Tag _trim_
# Date 240624_11:37:43
# Vref_p 57
# Vref_n 26
# Thr2_glb 44
# Vref_t 118
# Vref_t_range 1
# Pol 0
# ADC range 30-247
# FAST disc 30
ch:   0  109  119  105  134  118  114  105  108  120  123  116  123  123  117  118  123  115  116  118  117  109  121  116  115  120  101  109  110  108  113  103    2
ch:   1  118  126  110  121  123  124  132  123  118  127  132  119  110  132  117  116  135  117  134  119  114  117  123  136  133  121  130  123  118  116  131   12
ch:   2  136  123  120  118  117  130  107  125  132  121  122  119  125  115  103  124  118  119  118  114  116  120  104  116  122  103  117  110  124  118  117   22
ch:   3  122  122  108  108  121  131  118  122  123  118  124  125  126  116  108  125  135  125  132  113  122  134  122  127  132  119  117  120  126  125  122   56
ch:   4  107  124  122  118  105  121  115  110  123  117  116  120  116  108  121  122  130  120  117  116  109  120   98  118  120  110  124  114  118  121  120    7
ch:   5  119  124  122  120  125  124  126  131  125  118  130  123  138  122  136  121  133  109  121  125  124  122  125  135  120  115  125  132  127  122  131   56
ch:   6  118  113  123  116  109  110  108  123  125  124  119  107  127  116  119  103  114  113  122  109  112  104  111  103  118  122  108  121  116  107  120   31
ch:   7  124  125  116  121  124  122  121  124  120  114  118  125  120  119  120  122  125  123  120  122  134  122  123  118  120  118  122  132  130  129  131   56
ch:   8  119  126  124  121  124  118  116  123  111  119  125  122  122  122  118  106  111  133  120  119  107  120  123  117  127  120  118  116  125  124  133   30
ch:   9  113  125  121  122  121  125  120  110  122  116  123  119  115  107  121  130  109  117  111  113  122  122  116  124  114  119  123  123  125  131  120   56
ch:  10  116  123  110  119  120  120  118  119  115  119  116  106  116  118  103  115  118  110  116  123  109  123  131  117  108  122  120  106  110  119  131   27
ch:  11  132  125  132  116  122  122  118  109  115  123  122  122  124  116  121  126  117  125  111  122  118  125  123  123  122  120  133  123  124  134  123   56
ch:  12  121  122  105  120  127  122  120  122  121  120  116  116  117  123  110  109  120  111  115  108  116  124  124  127  115  124  117  126  123  118  126   25
ch:  13  115  124  109  116  125  121  123  120  110  118  122  122  118  133  126  121  134  125  117  124  118  123  122  115  134  123  135  123  132  131  126   56
ch:  14  121  105  113  120  123  110  108  119  119  110  118  110  117  117  110  110  117  116  108  121  108  120  108  117  120  120  119  118  122  106  118   32
ch:  15  124  120  121  121  124  122  120  124  110  118  122  116  117  122  115  133  124  124  122  126  126  131  133  124  131  117  132  132  126  122  142   56
ch:  16  116  131  102  124  120  121  124  115  124  109  124  118  117  122  115  115  123  123  108  118  120  107  116  120  121  116  117  117  124  116  123   29
ch:  17  125  119  125  123  111  126  120  122  125  125  121  126  125  118  124  121  125  130  126  117  122  118  123  126  125  135  131  136  123  121  136   56
ch:  18  117  121  115  120  134  116  119  110  122  109  125  109  115  124  119  120  101  121  102  105  119  108  121  125  118  122  117  114  126  119  119   26
ch:  19  127  119  119  123  122  132  117  122  118  125  120  123  126  117  118  119  124  123  117  120  135  118  120  127  120  117  135  125  125  140  127   56
ch:  20  116  124  124  121  117  121  116  118  120  118  118  119  110  119  118  109  119  117  131  107  121  125  121  121  109  120  112  124  123  126  123   30
ch:  21  120  120  117  125  137  111  118  122  121  119  116  126  117  121  105  121  125  138  118  122  132  125  124  138  123  121  127  137  133  126  132   56
ch:  22  110  121  118  116  115  109  130  108  123  109  115  120  119  133  110  109  118  122  122  114  111  118  117  111  122  119  116  117  117  122  118   32
ch:  23  121  119  124  121  115  122  114  123  123  119  118  119  121  119  125  133  123  124  120  118  120  123  126  107  134  131  120  123  132  136  124   56
ch:  24  113  116  120  123  131  118  120  119  105  113  115  103  124  111  122  111  116  121  115  107  116  120  118  117  121  120  110  115  124  130  124   26
ch:  25  118  123  124  118  135  124  135  126  122  114  133  132  121  122  122  124  133  135  123  131  124  139  138  123  121  137  133  139  131  138  135   56
ch:  26  122  117  119  121  125  125  119  110  123  127  103  115  119  113  130  120  116  120  119  107  121  122  112  119  119  115  126  114  108  118  117   27
ch:  27  110  124  135  119  123  135  122  134  118  124  132  124  124  122  125  131  121  118  133  132  127  134  136  132  120  124  139  137  138  148  136   56
ch:  28  132  108  123  122  123  123  119  122  117  122  118  121  118  121  110  119  118  122  136  115  118  124  116  125  117  121  109  116  110  123  121   31
ch:  29  110  122  118  117  125  127  124  120  122  124  125  122  126  122  131  123  131  131  132  133  119  120  131  116  132  125  123  136  133  139  137   56
ch:  30  116  123  117  125  124  123  118  121  106  121  114  121  103  111  112  117  118  130  114  101  113  132  117  110  113  131  115  125  122  123  126   32
ch:  31  126  130  118  123  126  133  126  125  117  125  136  115  125  126  123  119  134  132  138  126  132  132  133  127  137  136  140  132  133  143  133   56
ch:  32  114  121  131  117  108  120  134  118  123  107  116  125  119  123  126  123  121  117  125  125  120  127  112  135  131  122  125  119  130  124  117   25
ch:  33  132  122  124  126  131  132  125  123  122  142  118  123  114  117  123  125  119  122  120  119  137  132  119  122  125  123  124  140  127  136  135   56
ch:  34  134  124  132  120  115  125  116  117  116  124  121  119  116  108  109  121  117  117  117  125  110  121  109  130  131  119  125   -1  120  118  138   32
ch:  35  125  107  116  126  126  125  125  131  131  132  122  123  126  131  123  122  122  136  127  124  134  124  140  123  123  133  132  118  138  118  134   56
ch:  36  127  118  106  121  119  119  131  122  124  111  116  123  117  121  116  114  122  124  116  117  121  126  122  109  111  121  120  110  133  126  123   33
ch:  37  123  122  132  123  125  133  118  120  124  138  121  133  116  118  132  120  131  124  125  131  134  119  123  136  138  121  127  137  126  133  123   56
ch:  38  113  121  117  115  110  120  115  131  103  111  120  134  121  124  125  119  117  125  121  111  120  114  123  117  132  118  124  119  120  123  133   31
ch:  39  117  126  119  119  121  123  125  116  125  123  132  124  123  130  120  117  127  134  126  115  125  123  123  126  130  131  132  122  134  135  140   56
ch:  40  121  120  118  125  116  126  115  118  127  122  119  119  117  120  115  117  120  115  126  118  122  124  116  120  117  125  120  136  125  121  125   29
ch:  41  133  121  124  130  119  133  126  132  137  121  135  133  133  120  134  141  121  124  131  140  141  132  130  124  119  133  131  142  137  135  142   56
ch:  42  132  106  117  126  125  116  116  122  122  119  117  114  120  118  115  121  118  121  103  119  123  116  126  113  118  120  109  118  120  123  126   30
ch:  43  120  120  115  116  125  132  122  121  126  128  124  119  122  123  131  126  125  135  124  133  124  131  125  124  122  138  123  131  138  132  135   56
ch:  44  120  136  111  123  115  123  122  111  121  113  119  114  115  125  116  124  109  101  125  107  120  117  114  139  122  116  122  120  130  119  123   36
ch:  45  136  122  121  125  122  126  116  121  117  135  117  125  126  122  125  124  133  122  127  116  125  139  135  118  138  137  126  124  138  133  140   56
ch:  46  120  116  126  127  119  119  122  122  119  122  132  117  125  121  112  119  103  116  121  120  121  127  113  120  118  132  118  126  124  124  126   32
ch:  47  137  117  126  125  126  117  120  118  124  120  130  127  123  136  131  131  124  120  120  122  115  121  135  132  134  137  141  125  120  132  132   56
ch:  48  120  121  125  117  125  116  122  123  117  116  120  130  122  124  115  110  134  122  118  115  125  109  115  125  121  115  115  122  116  125  124   33
ch:  49  125  135  127  116  130  124  121  134  127  131  124  126  131  132  123  115  122  112  132  121  124  135  142  135  120  123  134  124  118  125  132   56
ch:  50  117  121  117  132  125  126  119  131  117  122  120  113  110  126  122  125  118  117  121  117  124  118  134  122  126  123  121  133  130  131  137   34
ch:  51  117  125  125  117  125  125  124  120  132  121  131  123  132  132  133  128  130  137  131  131  137  124  131  140  139  138  125  138  141  138  138   56
ch:  52  121  121  136  118  126  115  115  121  120  119  121  133  117  119  120  122  137  120  123  132  122  116  107  124  109  116  124  135  116  120  133   38
ch:  53  121  115  135  125  135  118  123  120  123  133  117  122  120  123  120  117  131  115  132  123  122  118  136  132  127  119  131  122  121  124  118   56
ch:  54  111  121  126  122  122  122  124  117  123  120  129  123  126  120  120  111  121  119  124  121  116  121  108  121  118  118  125  136  126  122  139   26
ch:  55  121  123  126  121  118  119  120  117  122  131  132  123  123  121  124  118  132  125  117  133  123  137  125  134  124  135  125  138  124  125  142   56
ch:  56  119  123  126  110  123  119  125  115  118  116  123  121  122  120  126  111  117  111  117  123  132  121  116  112  122  125  121  122  118  118  123   33
ch:  57  122  136  133  119  126  127  133  124  131  139  119  133  132  131  133  132  124  132  126  133  135  130  135  139  136  131  131  136  140  142  140   56
ch:  58  122  131  116  124  126  118  105  107  130  124  123  125  119  114  120  119  133  114  119  108  119  115  123  122  124  118  131  134  133  135  135   44
ch:  59  124  123  123  120  120  105  120  130  118  125  120  123  124  123  121  137  126  125  134  124  125  142  131  135  132  141  139  139  135  146  148   56
ch:  60  122  119  119  120  123  121  127  120  121  114  119  124  118  129  117  119  118  132  122  114  114  119  116  123  116  108  115  122  125  130  133   29
ch:  61  132  122  125  138  122  118  131  124  134  117  136  122  126  131  126  133  125  120  124  122  138  136  132  134  137  134  132  140  139  124  140   55
ch:  62  116  118  123  114  117  116  122  119  125  119  117  117  117  122  119  124  123  119  118  121  134  121  119  133  127  122  120  123  121  125  133   37
ch:  63  133  121  116  118  116  126  133  118  121  133  122  124  125  121  132  123  124  122  131  132  140  132  122  135  134  133  135  133  137  134  127   56
ch:  64  121  111  117  123  124  125  122  123  118  133  119  125  116  123  121  123  117  120  121  120  123  124  117  124  138  139  119  121  121  122  131   35
ch:  65  136  115  120  125  118  133  119  137  121  126  122  119  123  120  125  133  135  133  125  137  135  132  126  118  132  131  137  134  134  136  149   56
ch:  66  122  123  124  118  116  119  135  116  121  120  131  116  134  117  124  119  120  121  118  124  119  127  108  125  117  125  119  115  138  124  133   27
ch:  67  117  114  124  116  124  122  132  125  131  132  134  126  135  126  126  131  121  125  136  131  132  129  120  136  135  118  131  135  125  142  132   56
ch:  68  136  119  119  120  123  119  124  122  118  111  119  116  117  114  116  126  117  121  110  124  121  116  126  118  136  126  120  123  140  126  117   22
ch:  69  124  121  115  123  131  119  130  133  120  123  123  136  123  131  119  133  123  121  140  137  118  132  132  132  140  135  133  139  141  138  140   56
ch:  70  131  120  123  123  119  120  133  126  126  119  117  121  132  116  122  120  117  124  103  119  122  136  117  122  118  110  121  121  124  138  123   26
ch:  71  123  122  106  123  123  125  120  127  125  116  137  124  131  133  132  130  132  124  134  125  120  140  133  120  139  127  141  134  147  132  151   45
ch:  72  127  124  116  119  122  119  127  119  124  115  124  117  122  116  106  117  124  119  121  120  110  126  121  116  126  120  132  124  119  121  116   28
ch:  73  124  119  121  120  133  133  125  124  125  124  117  137  125  123  124  126  126  121  136  138  133  124  135  133  134  131  131  124  137  126  142   56
ch:  74  113  124  119  115  124  126  117  138  120  124  122  134  134  115  132  117  121  117  125  118  116  115  121  120  118  131  119  125  132  134  146   31
ch:  75  120  117  107  132  125  118  123  124  134  126  126  115  110  124  132  121  134  120  125  115  124  133  125  122  116  136  133  137  141  137  136   51
ch:  76  121  122  120  117  124  119  121  130  120  120  122  122  114  122  124  118  118  122  122  121  121  131  132  119  121  121  126  125  123  131  136   34
ch:  77  117  123  119  138  134  126  123  127  115  123  120  119  121  134  118  123  133  137  126  127  120  132  126  120  127  125  125  142  138  137  138   56
ch:  78  122  119  110  116  115  106  117  119  117  113  121  120  120  114  109  107  116  117  124  109  116  120  126  133  122  123  117  121  118  120  124   30
ch:  79  124  123  118  122  124  123  122  122  119  121  124  125  127  123  126  122  118  132  135  115  134  126  120  115  127  135  136  139  122  141  147   56
ch:  80  124  123  133  124  125  126  123  109  120  120  124  130  120  118  113  117  123  113  127  127  116  118  129  123  119  121  130  125  132  117  124   30
ch:  81  131  125  120  118  124  124  133  119  123  125  117  126  125  126  121  125  123  120  122  136  125  131  136  135  124  136  131  131  127  120  132   56
ch:  82  122  131  129  117  132  120  118  122  116  120  121  123  117  119  118  133  117  122  131  110  119  119  122  118  118  123  115  134  119  123  125   27
ch:  83  122  117  108  136  131  121  120  126  118  120  124  116  122  123  133  124  141  132  127  126  123  133  133  124  125  147  135  127  140  137  137   56
ch:  84  116  125  118  123  107  125  121  122  116  120  116  116  117  104  119  109  115  124  106  116  117  122  115  123  134  115  125  116  134  126  129   28
ch:  85  124  118  124  122  116  116  119  117  118  125  133  124  122  125  136  119  136  117  121  132  126  124  133  135  136  143  135  133  125  138  136   56
ch:  86  123  122  126  123  118  116  118  123  108  120  115  116  116  120  118  119  121  122  121  117  118  132  122  121  119  111  130  123  118  117  134   23
ch:  87  118  122  122  125  121  124  124  118  121  123  119  120  123  133  132  124  121  120  133  118  122  141  132  127  132  125  139  135  127  142  141   56
ch:  88  113  131  135  120  110  107  123  116  130  115  122  108  121  121  119  117  103  118  110  119  117  116  111  119  119  119  119  120  116  118  123   26
ch:  89  122  136  123  123  121  118  122  125  125  134  126  124  116  133  126  125  135  131  117  132  131  128  132  136  130  133  137  130  133  138  134   56
ch:  90  127  121  122  121  109  124  119  111  118  123  120  120  119  125  115  108  124  120  136  121  116  117  125  122  120  124  130  122  133  127  126   16
ch:  91  127  122  132  120  125  124  117  123  120  123  110  122  136  122  121  116  119  119  133  132  121  125  123  139  132  119  134  128  139  139  125   56
ch:  92  124  123  122  122  122  121  119  121  121  120  124  129  122  123  117  117  125  109  116  115  123  121  115  131  118  114  124  117  117  125  119   22
ch:  93  119  135  121  122  137  119  123  131  126  122  124  134  126  132  137  129  122  140  123  117  122  121  136  125  131  130  141  123  132  141  136   56
ch:  94  118  116  133  135  120  118  132  122  116  115  108  125  124  122  119  121  124  115  115  116  122  121  110  105  124  122  120  116  124  121  126   21
ch:  95  123  130  124  119  123  117  121  126  116  122  118  124  136  115  120  134  125  123  126  118  119  124  123  132  126  123  126  135  131  131  137   56
ch:  96  120  119  109  119  123  119  122  121  120  106  124  120  131  124  117  126  131  119  123  117  119  118  121  115  123  124  110  118  124  120  137   22
ch:  97  107  108  118  117  116  123  118  121  118  110  137  125  124  124  122  117  110  118  130  118  125  123  132  118  123  119  127  119  110  125  120   43
ch:  98  121  119  109  125  118  131  124  107  122  118  116  117  118  116  116  113   -1  133  116  125  119  119  118  135  103  120  118  121  125  115  125   14
ch:  99  115  123  120  121  132  115  125  127  125  115  134  119  126  123  120  137  121  119  125  118  132  122  119  125  126  138  134  117  124  131  123   56
ch: 100  117  122  117  115  119  121  116  124  125  122  115  110  118  123  109  123  125  119  118  126  117  107  119  121  105  123  121  111  119  115  125   15
ch: 101  119  134  132  123  115  110  135  130  121  119  123  125  130  133  126  138  121  124  110  131  131  122  135  136  134  120  126  131  136  124  135   41
ch: 102  116  126  125  117  120  109  124  121  111  114  120  120  122  115  117  131  134  121  122  110  118  117  126  116  118  125  121  126  116  132  127   16
ch: 103  124  132  123  133  125  120  123  124  121  115  119  120  131  134  119  133  123  111  123  123  126  146  121  132  139  127  135  138  133  136  135   48
ch: 104  120  125  121  125  121  122  116  117  122  123  121  120  119  121  116  119  120  123  103  108  118  118  119  119  121  121  119  121  125  111  119    9
ch: 105  130  117  122  121  132  120  135  117  126  121  126  122  125  125  120  125  131  124  132  131  135  123  119  124  138  111  125  143  123  132  136   41
ch: 106  118  122  118  117  110  116  118  115  120  121  118  116  131  101  116  119  114  115  110  107  118  122  116  117  123  120  119  125  117  123  121   16
ch: 107  116  111  138  133  126  129  120  124  124  120  123  122  120  129  125  134  123  135  135  122  122  123  127  122  136  138  131  139  140  139  133   53
ch: 108  125  116  119  122  107  119  119  121  122  118  130  122  125  119  108  117  114  122  110  117  122  133  107  116  124  124  123  123  125  134  134   14
ch: 109  125  115  126  119  123  124  138  117  115  118  119  124  116  115  123  135  119  124  120  127  110  137  125  118  121  125  131  121  134  123  120   56
ch: 110  109  123  118  132  119  124  122  137  125  110  123  131  115  116  124  104  115  120  127  107  118  117  120  123  123  114  127  125  134  134  123   18
ch: 111  133  119  117  120  121  133  118  123  115  120  131  120  101  116  116  122  118  119  123  118  123  123  117  136  120  134  121  116  133  118  125   56
ch: 112  124  116  119  118  120  122  114  118  134  114  123  125  115  109  120  117  116  115  118  122  104  112  115  109  131  116  123  122  136  116  124   18
ch: 113  109  124  123  118  117  118  110  130  115  122  126  120  118  119  121  118  121  107  123  126  122  122  119  120  110  131  131  123  130  123  122   56
ch: 114  124  118  123  110  117  117  133  115  117  136  124  120  122  122  124  121  120  123  120  117  118  118  117  117  117  121  126  131  123  119  126   16
ch: 115  123  125  108  120  122  119  116  122  123  119  106  110  118  133  106  119  126  124  108  122  118  117  124  121  126  118  123  123  123  127  119   31
ch: 116  121  118  121  122  125  117  118  124  117  117  106  123  109  117  116  117  123  107  110  120  112  111  125  122  131  116  121  117  121  124  111   17
ch: 117  123  121  121  117  122  125  116  118  120  119  116  130  117  122  120  117  118  122  107  116  119  131  120  132  116  119  124  122  136  138  122   44
ch: 118  124  109  120  120  124  120  105  124  117  133  111  119  122  131  131  121  125  118  121  119  120  124  110  123  124  108  119  121  126  121  134    9
ch: 119  122  135  123  123  121  118  119  133  119  122  135  125  117  118  120  125  115  127  121  120  121  125  133  124  119  122  123  120  120  131  124   37
ch: 120  115  124  121  117  123  120  100  122  121  118  114  109  121  121  116  123  133  120  108  119  116  124  112  118  121  119  125  116  126  115  119    6
ch: 121  118  119  133  121  119  121  107  123  132  120  121  126  120  126  136  119  131  122  126  117  113  105  116  125  124  116  137  135  138  131  125   33
ch: 122  121  115  132  108  134  121  106  118  123  119  115  107  125  117  118  116  122  121  117  117  115  119  123  125  108  114  118  116  118  121  132    3
ch: 123  119  131  125  123  123  126  127  137  133  131  125  124  117  123  117  118  125  137  126  122  126  134  116  127  119  134  124  132  131  122  140   17
ch: 124  110  118  111  116  123  120  114  123  115  116  118  118  121  121  108  126  108  117  111  105  116  107  112  130  121  121  122  119  120  122  135   -1
ch: 125  133  121  125  115  123  132  123  125  132  130  134  124  124  126  126  129  121  122  124  132  126  124  116  125  125  124  131  132  124  135  138   -1
ch: 126  121  131  120  133  130  134  119  118  106  123  119  119  119  118  136  120  119  116  133  118  114  116  119  131  130  117  124  113  120  115  132   34
ch: 127  121  115  120  120  120  134  124  123  117  122  124  124  122  118  118  124  133  134  121  125  121  129  122  130  124  121  124  121  141  133  130   35
