ch    0:      0     0     0     0     0     0     0     0     0     0     0     0     0     0     0     0     0     0     0     0     1     7    53   276  1872 13250  7358 12459  9552  7522  8869 10288
ch    1:      0     0     0     0     0     0     0     0     0     0     0     0     0     0     0     0     0     0     0     0     0     4    65   452  3403 15081  8136 11067  9580  9466 12195 12698
ch    2:      0     0     0     0     0     0     0     0     0     0     0     0     0     0     0     0     0     0     0     0     0     7    24   224  1654  9788 10117  8604 12923  5396  6786 11758
ch    3:      0     0     0     0     0     0     0     0     0     0     0     0     0     0     0     0     0     0     0     0     0    11    60   807  4941 14222  7364  4501  8499  8485 11232 10825
ch    4:      0     0     0     0     0     0     0     0     0     0     0     0     0     0     0     0     0     0     0     0     1     7    40   289  1622 14733  8171  6245 14202  9107  9412 12278
ch    5:      0     0     0     0     0     0     0     0     0     0     0     0     0     0     0     0     0     0     0     0     2    10    87   675  6383  8999  5049  6637 10364 14096  9553 13076
ch    6:      0     0     0     0     0     0     0     0     0     0     0     0     0     0     0     0     0     0     1     3     6    19    53   274  2134 14267  7161  8852 10284  9096  5940  9804
ch    7:      0     0     0     0     0     0     0     0     0     0     0     0     0     0     0     0     0     0     0     0     1    13   154   898  8498 14798 11928 12720  8621  6659 11830  8848
ch    8:      0     0     0     0     0     0     0     0     0     0     0     0     0     0     0     0     0     0     0     0     2    11    69   321  2879  3458  8719  8096 10840 15996  8329  8237
ch    9:      0     0     0     0     0     0     0     0     0     0     0     0     0     0     0     0     0     0     0     0     0    12    92   824  8704 11202  7831 14079  9702  9408  9225 16783
ch   10:      0     0     0     0     0     0     0     0     0     0     0     0     0     0     0     0     0     0     0     0     3    13    61   302  2341  9529 13581  9559  6268  9079  8408  9438
ch   11:      0     0     0     0     0     0     0     0     0     0     0     0     0     0     0     0     0     0     0     0     3    17   129  1180 10958 11908  9462 12469 10835  8486  7952  8174
ch   12:      0     0     0     0     0     0     0     0     0     0     0     0     0     0     0     0     0     0     0     1     3    17    90   380  2710  5773  5389  9253 12673 10051 12641  9645
ch   13:      0     0     0     0     0     0     0     0     0     0     0     0     0     0     0     0     0     0     0     0     4    24   126   809  9391 11779 10602  6591 10434 11855  9740  7227
ch   14:      0     0     0     0     0     0     0     0     0     0     0     0     0     0     0     0     0     0     0     0     2    22    74   483  3953  8762 12249 16385  6171 14537 14549  9659
ch   15:      0     0     0     0     0     0     0     0     0     0     0     0     0     0     0     0     0     0     0     0     1    19    97   838  9374  9263  9468  9761  6860  8369 10226  3718
ch   16:      0     0     0     0     0     0     0     0     0     0     0     0     0     0     0     0     0     0     0     0    10    38   111   463  2829 15991 10875  9788  7480  9057 15701  9335
ch   17:      0     0     0     0     0     0     0     0     0     0     0     0     0     0     0     0     0     0     0     1     2    14    97   776 11720  7477 11191  8858 13536 13444 12074  9309
ch   18:      0     0     0     0     0     0     0     0     0     0     0     0     0     0     0     0     0     0     0     0     8    26    97   435  3762 14595 11623 12740 12058  9253 12015  6854
ch   19:      0     0     0     0     0     0     0     0     0     0     0     0     0     0     0     0     0     0     0     1     1    18   122   945  9091  8286 10194  8950 15116 12677 10173  9347
ch   20:      0     0     0     0     0     0     0     0     0     0     0     0     0     0     0     0     0     0     0     0     2    20    90   770  4104 14249 15089 13959  9924  7797 11204 10237
ch   21:      0     0     0     0     0     0     0     0     0     0     0     0     0     0     0     0     0     0     0     0     3    25   134  1529 11396  3644 12128  7672  8218  9534  6033 11305
ch   22:      0     0     0     0     0     0     0     0     0     0     0     0     0     0     0     0     0     0     0     2     6    35   126   592  4773  9250 14113  8426  8240  7599  5358  8045
ch   23:      0     0     0     0     0     0     0     0     0     0     0     0     0     0     0     0     0     0     0     0     5    14   144  1481 11830 14439 11306 11598  9753 12893 10770 11990
ch   24:      0     0     0     0     0     0     0     0     0     0     0     0     0     0     0     0     0     0     0     0     4    21   122   875  6461  7704 12263 11171  3351 11606 12177  6274
ch   25:      0     0     0     0     0     0     0     0     0     0     0     0     0     0     0     0     0     0     0     0     4    30   155  1659 10013  9549  4690 10164 11051 10429 13933 11045
ch   26:      0     0     0     0     0     0     0     0     0     0     0     0     0     0     0     0     0     0     0     1     6    30   129   611  6944  8393  5809 12437 10577 11506  6552 11259
ch   27:      0     0     0     0     0     0     0     0     0     0     0     0     0     0     0     0     0     0     0     1     4    21   170  1664 11250  4626 12419 12010  6564 10785  9504 11919
ch   28:      0     0     0     0     0     0     0     0     0     0     0     0     0     0     0     0     0     0     0     0     6    24   139   656  9932  8192 12108 11462 10878 11570 12923 10977
ch   29:      0     0     0     0     0     0     0     0     0     0     0     0     0     0     0     0     0     0     0     0     2    18   141  1352 15494  9420 11108 12520 10248 11123 11594 12073
ch   30:      0     0     0     0     0     0     0     0     0     0     0     0     0     0     0     0     0     0     0     1    10    35   128   789  7666  6394  7375  6767  9124 12932 11310 12047
ch   31:      0     0     0     0     0     0     0     0     0     0     0     0     0     0     0     0     0     0     0     0     1    13   188  1884 14686  7224  7755  9838 12000 11134 11275  9483
ch   32:      0     0     0     0     0     0     0     0     0     0     0     0     0     0     0     0     0     0     0     0    10    44   159   758  6252  4617  6765  9045  9723 11259 11994 12997
ch   33:      0     0     0     0     0     0     0     0     0     0     0     0     0     0     0     0     0     0     0     0     3    33   118  1071 14730  4710  5734  7891 12801 11698 11796 10821
ch   34:      0     0     0     0     0     0     0     0     0     0     0     0     0     0     0     0     0     0     0     1     6    23    96   757  7477 12082 12090 16168 10814 10531  7526  8316
ch   35:      0     0     0     0     0     0     0     0     0     0     0     0     0     0     0     0     0     0     0     0     1    22   167  1873 14366  5752 11358 14299 11456 10164  7629  8239
ch   36:      0     0     0     0     0     0     0     0     0     0     0     0     0     0     0     0     0     0     0     2     5    36   185  1025  7285 11333  5371 10533 13093  3808 11526 15738
ch   37:      0     0     0     0     0     0     0     0     0     0     0     0     0     0     0     0     0     0     0     0     3    19   230  1912 16200  7996 13245 14492  5975  9894  9025  9130
ch   38:      0     0     0     0     0     0     0     0     0     0     0     0     0     0     0     0     0     0     0     0     5    27   146  1012  7127  4276  7830 11311 10793  3540  9584  8531
ch   39:      0     0     0     0     0     0     0     0     0     0     0     0     0     0     0     0     0     0     0     0     4    30   229  1804 18357  6621 10853 11564  7783 13142  6744 11200
ch   40:      0     0     0     0     0     0     0     0     0     0     0     0     0     0     0     0     0     0     1     1     6    53   209   760  8637 14102  7137  7111  9700 13495  6507  9084
ch   41:      0     0     0     0     0     0     0     0     0     0     0     0     0     0     0     0     0     0     0     1     7    18   167  1343 18650 11922 10308  6790  8160 11758 11528 15331
ch   42:      0     0     0     0     0     0     0     0     0     0     0     0     0     0     0     0     0     0     0     0     4    31   178   982 10382  8685 11958  5744  5435 12459  9456 11509
ch   43:      0     0     0     0     0     0     0     0     0     0     0     0     0     0     0     0     0     0     0     1     4    35   266  1773 15065 10041 13548 13002 11245  6865 11675 12694
ch   44:      0     0     0     0     0     0     0     0     0     0     0     0     0     0     0     0     0     0     0     0     8    53   175   717  9946 12154  5146  9565  6304  8422  5483  9741
ch   45:      0     0     0     0     0     0     0     0     0     0     0     0     0     0     0     0     0     0     0     0     6    24   181  2376 19012  4804  6236  6343 11918  9081 11565  7852
ch   46:      0     0     0     0     0     0     0     0     0     0     0     0     0     0     0     0     0     0     0     1    13    54   158  1120 10485  7931  8293 12606  8814  8551  6187 11598
ch   47:      0     0     0     0     0     0     0     0     0     0     0     0     0     0     0     0     0     0     0     0     3    19   198  2215 17127 11355 16414 14519  9928 11714 12113  7902
ch   48:      0     0     0     0     0     0     0     0     0     0     0     0     0     0     0     0     0     0     0     2    12    58   243   893 10348 11887 12458 12318 12323 11630  6017 11112
ch   49:      0     0     0     0     0     0     0     0     0     0     0     0     0     0     0     0     0     0     0     1     6    19   197  1353  5579 13050 10393 10859  8952 15376  8608 14763
ch   50:      0     0     0     0     0     0     0     0     0     0     0     0     0     0     0     0     0     0     0     1     6    54   188  1417  7455  7128  9495 10973 11185  8376 15203 14407
ch   51:      0     0     0     0     0     0     0     0     0     0     0     0     0     0     0     0     0     0     0     0     2    34   237  2002  8281 12171  7339 12681  6737 10221  6938  7146
ch   52:      0     0     0     0     0     0     0     0     0     0     0     0     0     0     0     0     0     0     1     1    11    39   261  1245  8451  8802 11975 12088  7494 15160 11090 12672
ch   53:      0     0     0     0     0     0     0     0     0     0     0     0     0     0     0     0     0     0     0     0     3    24   222  1827 13926 10927 13154  6877  8289 10655  6495  5293
ch   54:      0     0     0     0     0     0     0     0     0     0     0     0     0     0     0     0     0     0     0     1     7    38   215  1008 13545  8071  3873  6221 15438  8952  9327 15600
ch   55:      0     0     0     0     0     0     0     0     0     0     0     0     0     0     0     0     0     0     1     1     7    41   257  3101 18402 15286  7538  6486  9276 12993 12097 12111
ch   56:      0     0     0     0     0     0     0     0     0     0     0     0     0     0     0     0     0     0     0     0     8    65   339  1644  8507 11023 10322 10974 10561  6204 12771  8430
ch   57:      0     0     0     0     0     0     0     0     0     0     0     0     0     0     0     0     0     1     0     1     6    33   266  2198 17613  5694 12445  6721  9936 13191 12486  6402
ch   58:      0     0     0     0     0     0     0     0     0     0     0     0     0     0     0     0     0     0     1     3    12    72   225  1344 10580 12825  4867  9456  6741  7330  8010  7438
ch   59:      0     0     0     0     0     0     0     0     0     0     0     0     0     0     0     0     0     0     0     0    10    34   158  2587 17157  9665  9209 10366 11778 16706 10822  9183
ch   60:      0     0     0     0     0     0     0     0     0     0     0     0     0     0     0     0     0     0     2     3    18    69   303  1777 14697  7558 12890 10377  9016 10005 12382 13598
ch   61:      0     0     0     0     0     0     0     0     0     0     0     0     0     0     0     0     0     0     0     0     4    23   344  2100  2448 13356 11704  8745 14364  6667  4812  8757
ch   62:      0     0     0     0     0     0     0     0     0     0     0     0     0     0     0     0     0     0     0     2     9    61   316  1654 11372 11871  9611 14058 11361 12798 11912  6947
ch   63:      0     0     0     0     0     0     0     0     0     0     0     0     0     0     0     0     0     0     0     0     4    35   295  2055  2642 11119 13738  8720  9787 10882 12115  8870
ch   64:      0     0     0     0     0     0     0     0     0     0     0     0     0     0     0     0     0     0     0     1    13    67   308  1561 12532  9220  9000 11205 14371 13566 10002  9806
ch   65:      0     0     0     0     0     0     0     0     0     0     0     0     0     0     0     0     0     0     0     0     5    42   271  2317  4801  9678 10844 11725  8820 10178 10762 14045
ch   66:      0     0     0     0     0     0     0     0     0     0     0     0     0     0     0     0     0     0     0     0     7    63   245  1732 12685  8155 11174  7777 12346  7659  9293  7115
ch   67:      0     0     0     0     0     0     0     0     0     0     0     0     0     0     0     0     0     0     0     0     6    47   211  2028 14798 10595  9526  9327  3723  7178 14417 10858
ch   68:      0     0     0     0     0     0     0     0     0     0     0     0     0     0     0     0     0     0     0     3    19    69   362  1623 11298 12927 13163  2737  9869 11680  5049  8773
ch   69:      0     0     0     0     0     0     0     0     0     0     0     0     0     0     0     0     0     0     0     0     6    44   303  1732  8589 14725  8102  9734  5607 11398  9711 11230
ch   70:      0     0     0     0     0     0     0     0     0     0     0     0     0     0     0     0     0     0     0     1    12    82   277  1583 13883 10596 12534  9966  7895 11417  9536  6289
ch   71:      0     0     0     0     0     0     0     0     0     0     0     0     0     0     0     0     0     0     0     2     4    34   269  2565  5537  7392 12369  8900  6840 13176  8104  7373
ch   72:      0     0     0     0     0     0     0     0     0     0     0     0     0     0     0     0     0     0     0     1    25    99   393  2278 13245  8743 13824  9185 11109 13799 11475  4641
ch   73:      0     0     0     0     0     0     0     0     0     0     0     0     0     0     0     0     0     0     0     0     6    44   285  1912  5759  9488 10903 11977 14645 11472  8568 12632
ch   74:      0     0     0     0     0     0     0     0     0     0     0     0     0     0     0     0     0     0     0     5    20   104   413  1670 11687  8610  8618 10248  9884 11608 12218 11384
ch   75:      0     0     0     0     0     0     0     0     0     0     0     0     0     0     0     0     0     0     0     0     4    36   299  2167  5133 10853 10244  9673 11350  9984 12155 12088
ch   76:      0     0     0     0     0     0     0     0     0     0     0     0     0     0     0     0     0     0     0     3    20   112   330  1501 12820  8207  7641  4215  8950 14084 11101 16152
ch   77:      0     0     0     0     0     0     0     0     0     0     0     0     0     0     0     0     0     0     0     1     5    55 14249  2160  4228  5707  6381 15582 12819  6710  8991  9152
ch   78:      0     0     0     0     0     0     0     0     0     0     0     0     0     0     0     0     0     0     0     4    19   103   399  2271 16585  9721  5143 12800 13328  5449 12171 11253
ch   79:      0     0     0     0     0     0     0     0     0     0     0     0     0     0     0     0     0     0     0     0     8    47   335  3960  9534  4011 11426  9560  6746 13686  4721  8222
ch   80:      0     0     0     0     0     0     0     0     0     0     0     0     0     0     0     0     0     0     1     1    18   108   502  1566 15216 14442 11250 10269  8462  7837  8045 10601
ch   81:      0     0     0     0     0     0     0     0     0     0     0     0     0     0     0     0     0     0     0     0     9    40   399  3064 11322  4973 11101  4763 10293  8994 10466  9424
ch   82:      0     0     0     0     0     0     0     0     0     0     0     0     0     0     0     0     0     0     0     1    12    94   426  2411  8436  9039  5448  6627  5544  9854  8194  8923
ch   83:      0     0     0     0     0     0     0     0     0     0     0     0     0     0     0     0     0     0     0     0     5    51   354  2709  8619  9685  9967  9889  9853  8909  9023  4166
ch   84:      0     0     0     0     0     0     0     0     0     0     0     0     0     0     0     0     0     0     1     4    25    89   444  2434  5122 10098 14858 14986  9434 10972 13622  9850
ch   85:      0     0     0     0     0     0     0     0     0     0     0     0     0     0     0     0     0     0     0     3    14    67   469  3048  3593  8725  9099 12258 12020  8041  8536  7375
ch   86:      0     0     0     0     0     0     0     0     0     0     0     0     0     0     0     0     0     0     0     0    13   126   512  2323  2854 10363 10620 12194  6795 11232 15576 11971
ch   87:      0     0     0     0     0     0     0     0     0     0     0     0     0     0     0     0     0     0     0     1     6    43   326  2829 12242 10642  7756 12851 12357  8455  5919 13352
ch   88:      0     0     0     0     0     0     0     0     0     0     0     0     0     0     0     0     0     0     1     4    15    97   459  2234  3972 10814  9840 15000 13444 12115 11958 13057
ch   89:      0     0     0     0     0     0     0     0     0     0     0     0     0     0     0     0     0     0     0     1    15    81   442  2898  7020 10953 11657 10190 13423  8191 16383 10053
ch   90:      0     0     0     0     0     0     0     0     0     0     0     0     0     0     0     0     0     0     0     2    18    95   427  2418 12080  7430 11973 11340  9990  7039 10772 11075
ch   91:      0     0     0     0     0     0     0     0     0     0     0     0     0     0     0     0     0     0     0     0     6    62   468  3118 11994 13296  6203  8095  6536  7045 10339  8668
ch   92:      0     0     0     0     0     0     0     0     0     0     0     0     0     0     0     0     0     0     1     1    25    97   542  2958 12339 10680 14504 11156 12515  9907 12662 12043
ch   93:      0     0     0     0     0     0     0     0     0     0     0     0     0     0     0     0     0     0     1     3     8    53   396  3624  5489 11927  9398 12342  9860  7827  7554 10621
ch   94:      0     0     0     0     0     0     0     0     0     0     0     0     0     0     0     0     0     0     1     3    25   116   542  2419  1636 14631  9863  9851 13439  9761  4683 10851
ch   95:      0     0     0     0     0     0     0     0     0     0     0     0     0     0     0     0     0     0     0     0     6    61   558  4687 12440 11972 10895  9106  7605  8100 13243 11798
ch   96:      0     0     0     0     0     0     0     0     0     0     0     0     0     0     0     0     0     0     1     3    21   107   608  2419  1316 10949  6500  7714 10930 10276 14204 11388
ch   97:      0     0     0     0     0     0     0     0     0     0     0     0     0     0     0     0     0     0     0     0    14    73   544  4665  4129  9995 10156  8440  9231 10908 12611  7791
ch   98:      0     0     0     0     0     0     0     0     0     0     0     0     0     0     0     0     0     0     0     6    24   101   672  3225  5506  9458 10177 11008  8051 12750 12350 11997
ch   99:      0     0     0     0     0     0     0     0     0     0     0     0     0     0     0     0     0     0     0     2    11    69   558  3909 14918  7794 12076 13314 11186  9286 11804 11579
ch  100:      0     0     0     0     0     0     0     0     0     0     0     0     0     0     0     0     0     0     0     6    31   131   639  3356  4240 12681 11004 12809 10254 10351  4595 12716
ch  101:      0     0     0     0     0     0     0     0     0     0     0     0     0     0     0     0     0     0     0     2    20   102   582  5326  6187 13779 13336 11330 11773  9209 10117  8759
ch  102:      0     0     0     0     0     0     0     0     0     0     0     0     0     0     0     0     0     0     0     4    22   144   444  2470  6393  8269 12470 11469 13171  8056 11474  9034
ch  103:      0     0     0     0     0     0     0     0     0     0     0     0     0     0     0     0     0     0     0     1    11    81   590  6024 12330 12197 10358 10310 10417 11651  8455  9235
ch  104:      0     0     0     0     0     0     0     0     0     0     0     0     0     0     0     0     0     0     1     3    19   132   650  3591 12603  9810 10091 10718  6841  9545 10737 10258
ch  105:      0     0     0     0     0     0     0     0     0     0     0     0     0     0     0     0     0     0     0     2    16    64   757  5718 12864 14234  5136 10162  9446 11973 12782 17611
ch  106:      0     0     0     0     0     0     0     0     0     0     0     0     0     0     0     0     0     0     0     3    26   137   671  3308 12442 13554  7797 10057 12188 10123 13896  7440
ch  107:      0     0     0     0     0     0     0     0     0     0     0     0     0     0     0     0     0     0     0     3    20   106   978  5234  4573 11188  8071 15242  7718  7250 11498  9233
ch  108:      0     0     0     0     0     0     0     0     0     0     0     0     0     0     0     0     0     0     1     4    27   151   792  4813 15321 13130  3154 10970 15146 10861  8855 14769
ch  109:      0     0     0     0     0     0     0     0     0     0     0     0     0     0     0     0     0     0     1     4    18    91   859  5931 12275  9188  7396 10776  9372  7191  9679  8951
ch  110:      0     0     0     0     0     0     0     0     0     0     0     0     0     0     0     0     0     0     0     6    26   180   761  3724 13018 12259 16439  9719 10326 14549 10556  9280
ch  111:      0     0     0     0     0     0     0     0     0     0     0     0     0     0     0     0     0     0     0     1    22   112   950  7904 12034 11246 10914 15044 11490 12096 13177 14145
ch  112:      0     0     0     0     0     0     0     0     0     0     0     0     0     0     0     0     0     0    22     7    47   163   871  5112 12804  8178 13104 13867 10765  8120 11440  7591
ch  113:      0     0     0     0     0     0     0     0     0     0     0     0     0     0     0     0     0     0     0     2    22   152  1222  7363 11109 13461  9909 12247  7147  6194  5631 11634
ch  114:      0     0     0     0     0     0     0     0     0     0     0     0     0     0     0     0     0     0     0     6    34   191   886  6135 13020  6529 13161 14808 14348  9229  9510 10213
ch  115:      0     0     0     0     0     0     0     0     0     0     0     0     0     0     0     0     0     0     0     1    31   133   932  9303 13287 11434 11228 10269  9959  8964 16764 11454
ch  116:      0     0     0     0     0     0     0     0     0     0     0     0     0     0     0     0     0     0     0     2    44   212   987  4874 14837  9740 11016  9593 10199 11242  9869  7626
ch  117:      0     0     0     0     0     0     0     0     0     0     0     0     0     0     0     0     0     0     0     8    37   162   720  6698  9873 13124  8977  9909 12018  7934 11820  9044
ch  118:      0     0     0     0     0     0     0     0     0     0     0     0     0     0     0     0     0     0     0     9    51   293  1021  6307 12436 10778  9888  7163  4369 11521  9527  9219
ch  119:      0     0     0     0     0     0     0     0     0     0     0     0     0     0     0     0     0     1     1     8    30   158  1259 13892 10589 13565 11771  3899 10895  9579 12884 13765
ch  120:      0     0     0     0     0     0     0     0     0     0     0     0     0     0     0     0     0     0     1    11    72   243   975  6544 11547 15891  9307 11150 10887 13222 11687  3963
ch  121:      0     0     0     0     0     0     0     0     0     0     0     0     0     0     0     0     0     0     0     5    31  7124  1056  9591 10841 11418  8511  8662  7528 14047  7937 11796
ch  122:      0     0     0     0     0     0     0     0     0     0     0     0     0     0     0     0     0     0     0     7    58   255  1093  6728 10674  9542 11755 14257 14242  5263 12483  8296
ch  123:      0     0     0     0     0     0     0     0     0     0     0     0     0     0     0     0     0     0     1     2    46   271  1721 12348  8304  4193 13942 13654 10264 10114  9814 12901
ch  124:      0     0     0     0     0     0     0     0     0     0     0     0     0     0     0     0     0     0     3    12    67   294  1414  9599 11705  6795 11688  5946 10978 11757 10955  7820
ch  125:      0     0     0     0     0     0     0     0     0     0     0     0     0     0     0     0     0     0     0    17    91   395  2471  9893  8111  6761 12209  7256  8246 11855  7557 10696
ch  126:      0     0     0     0     0     0     0     0     0     0     0     0     0     0     0     0     0     0     1    19    77   474  1989 14468 10000  7489 11431  8276 11351 15333  9904 13316
ch  127:      0     0     0     0     0     0     0     0     0     0     0     0     0     0     0     0     0     0     3    31   220  1203  9732 12700 12092 16765  9120 12566 10484 15041 10690  9839
