ch    0:      0     0     0     0     0     0     0     0     0     0     0     0     0     0     0     0     0     0     0     2     6    73   432  1807  7480  7856  8030  8039 11066 12413 16022 10315
ch    1:      0     0     0     0     0     0     0     0     0     0     0     0     0     0     0     0     0     0     0     1     8    79   557  2442  7902  5770 12785 12284  3381  6090 11824  6844
ch    2:      0     0     0     0     0     0     0     0     0     0     0     0     0     0     0     0     0     0     0     0    16   151   555  2695 12161  7828  5832  8758 10986 15692 11591 15662
ch    3:      0     0     0     0     0     0     0     0     0     0     0     0     0     0     0     0     0     0     2     4    15   105   543  2250 12621  7372  9220 13912  8995 12165 10932 10089
ch    4:      0     0     0     0     0     0     0     0     0     0     0     0     0     0     0     0     0     0     0     1    15   130   627  3356 15317 10298 11324  9985  9289  6401  8580  8943
ch    5:      0     0     0     0     0     0     0     0     0     0     0     0     0     0     0     0     0     0     0     3    18    97   647  3325  9096  9746  3711 13751  8033  7510 14126 11850
ch    6:      0     0     0     0     0     0     0     0     0     0     0     0     0     0     0     0     0     0     0     0    21   128   508  3316 13989 12004  9495 10886 11905 17141 11627 12310
ch    7:      0     0     0     0     0     0     0     0     0     0     0     0     0     0     0     0     0     0     0     0    12   153   881  3112 16150  7532 13495 13236  8853 12761  8724 11835
ch    8:      0     0     0     0     0     0     0     0     0     0     0     0     0     0     0     0     0     0     0     0    20   101   700  3793  9199 13224  8945 15542 12252 15592 11982 11823
ch    9:      0     0     0     0     0     0     0     0     0     0     0     0     0     0     0     0     0     0     0     1    27   128   895  6495 10955  6444 11481  9241 11252 10227 10248 14039
ch   10:      0     0     0     0     0     0     0     0     0     0     0     0     0     0     0     0     0     0     0     2    21   199   891  5292  7894  8870  4858 12643 11732 11966 15619  8942
ch   11:      0     0     0     0     0     0     0     0     0     0     0     0     0     0     0     0     0     0     0     3    32   148  1076  5162  9098  8894  7349  9926  8620  7032 10640  7978
ch   12:      0     0     0     0     0     0     0     0     0     0     0     0     0     0     0     0     0     0     0     0    24   144  1092  4361  6949 10506  8068 11539  7271 17339 10340 10781
ch   13:      0     0     0     0     0     0     0     0     0     0     0     0     0     0     0     0     0     0     1     1    21   171  1286  6728 16102  9808 12081 11265  9918 12490  7010 14749
ch   14:      0     0     0     0     0     0     0     0     0     0     0     0     0     0     0     0     0     0     1     2    15   166  1766  7054  5939 10654 10982  9602 10270  9837 10737  8915
ch   15:      0     0     0     0     0     0     0     0     0     0     0     0     0     0     0     0     0     0     3     6    27   193  1417  7014  4912 11024  9190  9854 10527 10010  8481 12287
ch   16:      0     0     0     0     0     0     0     0     0     0     0     0     0     0     0     0     0     0     0     1    22   201  1373  7658  6670 11179 10694  5349  8679 10316  8846  7401
ch   17:      0     0     0     0     0     0     0     0     0     0     0     0     0     0     0     0     0     0     1     4    31   225   864 10114  5289 10052 16337  9834 13792  6508 10923  9836
ch   18:      0     0     0     0     0     0     0     0     0     0     0     0     0     0     0     0     0     0     2     5    18  5700  1391  8440 11337  9768 13687 13131  3317 11795  9219  8652
ch   19:      0     0     0     0     0     0     0     0     0     0     0     0     0     0     0     0     0     0     0     8    36   278  1837  7501  1816 12013  7110 10089  6803 14883 11289  9429
ch   20:      0     0     0     0     0     0     0     0     0     0     0     0     0     0     0     0     0     0     0     2    27   206  1356 10697 14310  4336  4636  8321  7481  8212  6271 10595
ch   21:      0     0     0     0     0     0     0     0     0     0     0     0     0     0     0     0     0     0     0     5    27   246  2597 13248 13696 12296  8927 13426 11390  7657 13501  8262
ch   22:      0     0     0     0     0     0     0     0     0     0     0     0     0     0     0     0     0     0     0     2    24   217  2398 13286  7216 13501 13242 12158 12618  6048 13456 10610
ch   23:      0     0     0     0     0     0     0     0     0     0     0     0     0     0     0     0     0     0     1     5    33   294  2459 10269  9882  5775  8809  8412  7977  9827  8252  9305
ch   24:      0     0     0     0     0     0     0     0     0     0     0     0     0     0     0     0     0     0     0     1    23   363  2281 13508 15142 12956  9222 12267 10516 10113 14063 13701
ch   25:      0     0     0     0     0     0     0     0     0     0     0     0     0     0     0     0     0     0     0     8    53   375  1487 12579  7777  4474 13325 11225 13057  5332 10800 13452
ch   26:      0     0     0     0     0     0     0     0     0     0     0     0     0     0     0     0     0     0     0     2    58   176  2375 14020 17005  8970  6132  9298 12847 10053  4460 15044
ch   27:      0     0     0     0     0     0     0     0     0     0     0     0     0     0     0     0     0     0     0     3    21   348  2172 12898  4605 10028  9336 11647 10137 11592 11948 16404
ch   28:      0     0     0     0     0     0     0     0     0     0     0     0     0     0     0     0     0     0     1     2    39   276  2999 12775  5647  6953  9147  9218  8843  9397  6533  9119
ch   29:      0     0     0     0     0     0     0     0     0     0     0     0     0     0     0     0     0     0     0     7    35   362  2130 15403  9384 10525 11910 13363  5984 11777 12078  6853
ch   30:      0     0     0     0     0     0     0     0     0     0     0     0     0     0     0     0     0     1     1     6    50   464  2243 15418 14691  9611 12926 11726 13777 11245 10034 11371
ch   31:      0     0     0     0     0     0     0     0     0     0     0     0     0     0     0     0     4    23   108   826  3905 16612 14590 12910 10412 13806 12119  9256  7152  6995 12172 10267
ch   32:      0     0     0     0     0     0     0     0     0     0     0     0     0     0     0     0     0     0     1    10    91   724  5391  2939 15398 10204  9873  8599 11618  9100 14377  5448
ch   33:      0     0     0     0     0     0     0     0     0     0     0     0     0     0     0     0     0     0     0     2    56   444  4238  5556 13821  9724  8806  8901  7484 11616  7911 10866
ch   34:      0     0     0     0     0     0     0     0     0     0     0     0     0     0     0     0     0     0     1     8    42   457  3539  8127  8140 11511  8298 11779  9704  9304  9081 10844
ch   35:      0     0     0     0     0     0     0     0     0     0     0     0     0     0     0     0     0     0     2     8    65   490  4287  9084 14159  8287 11287  7201  3950 12543 12525 12792
ch   36:      0     0     0     0     0     0     0     0     0     0     0     0     0     0     0     0     0     0     0     8    35   510  4295  4696  9994 10762  6605 12083 10612  7379  7444 12471
ch   37:      0     0     0     0     0     0     0     0     0     0     0     0     0     0     0     0     0     0     1    11    62   411  5264  5936 10728 12477  8072  9504  9215 10269  7942 11040
ch   38:      0     0     0     0     0     0     0     0     0     0     0     0     0     0     0     0     0     0     0     5    28   476  4575 10349 12884 14829  4590  7975  7573 12094 13367 10806
ch   39:      0     0     0     0     0     0     0     0     0     0     0     0     0     0     0     0     0     0     1     9    75   589  4424 18686  7441 11761 12156 12111 10842  9222 14565 15173
ch   40:      0     0     0     0     0     0     0     0     0     0     0     0     0     0     0     0     0     0     0     7    39   518  3486  6017 13277  5548  4087  4905 14348  9208  7868 12607
ch   41:      0     0     0     0     0     0     0     0     0     0     0     0     0     0     0     0     0     0     0     4    91   566  4792  6933  5770  9381 12681  9612  6001  9081  5300 10301
ch   42:      0     0     0     0     0     0     0     0     0     0     0     0     0     0     0     0     0     0     2    20    93   626  5081 11337 10060  8329 11277 15431 14182 14088  7563  8297
ch   43:      0     0     0     0     0     0     0     0     0     0     0     0     0     0     0     0     0     0     3    18   114   900  5864  6399  7452 12232  9404  5902 13276 11372 10302 11449
ch   44:      0     0     0     0     0     0     0     0     0     0     0     0     0     0     0     0     0     0     0    17   103   978  5953 11027 10236 10020 11793  9183 11393 11554 16062 10755
ch   45:      0     0     0     0     0     0     0     0     0     0     0     0     0     0     0     0     0     0     7    26   222  1343  6897 16516 11723 10819  7979  6535  7653 12033  8650  3689
ch   46:      0     0     0     0     0     0     0     0     0     0     0     0     0     0     0     0     0     0     4    20   148  1879  8646  8145 10089 10760  8761  8198  6197 12683 10715 10395
ch   47:      0     0     0     0     0     0     0     0     0     0     0     0     0     0     0     0     0     0     5    30   228  1730  6066 13677 13049  6564 13577  7020  5670 11540  6745 11839
ch   48:      0     0     0     0     0     0     0     0     0     0     0     0     0     0     0     0     0     0     1    23   203   878  8786 10659  9277 12395 15407 10003 11843 13452  9310 10980
ch   49:      0     0     0     0     0     0     0     0     0     0     0     0     0     0     0     0     0     1     7    31   178  1105  8473  5508  8096  7947 10735 12034  6619 10583 11208 11752
ch   50:      0     0     0     0     0     0     0     0     0     0     0     0     0     0     0     0     0     0     2    18   227  1444  9263  5517  8728  7152 14473 11801  9397  8889 10928 10470
ch   51:      0     0     0     0     0     0     0     0     0     0     0     0     0     0     0     0     0     3     5    42   226  1377  8873 10307 15953  6594  4334  9545 12310  8709  9487 12189
ch   52:      0     0     0     0     0     0     0     0     0     0     0     0     0     0     0     0     0     1     4    43   220  1488 11819  5156 11439 10308 13020 10359 13700  8210  7292 10980
ch   53:      0     0     0     0     0     0     0     0     0     0     0     0     0     0     0     0     0     0     2    19   160  1012  7041  9508 13016  6609 12115 10955 10117 11881  6787 13041
ch   54:      0     0     0     0     0     0     0     0     0     0     0     0     0     0     0     0     1     1     4    25   253  1378  8302  4888 11690  8695 11386  6537 10413  7211  8761  8801
ch   55:      0     0     0     0     0     0     0     0     0     0     0     0     0     0     0     0     0     1     3    16   247  1556 11133 16675 15978 10760 13974 12845  7410  9490 11524 13581
ch   56:      0     0     0     0     0     0     0     0     0     0     0     0     0     0     0     0     0     0     0    18   172  1218  7181  6959 10246  8258  9021  9413  9965 11566 12287  6831
ch   57:      0     0     0     0     0     0     0     0     0     0     0     0     0     0     0     0     0     0     2    23   234  1252 10595  7318  9947 11038  8601 10056 12083 12842  9627 10831
ch   58:      0     0     0     0     0     0     0     0     0     0     0     0     0     0     0     0     0     0     6    20   166  1416 12240 16566 14735  7614 11056 13718 11325 11078 10101  7338
ch   59:      0     0     0     0     0     0     0     0     0     0     0     0     0     0     0     0     0     0     1    34   172  1202 11540  4206 13337  4855 10240  6671  6011  8056 10230  8976
ch   60:      0     0     0     0     0     0     0     0     0     0     0     0     0     0     0     0     0     0     8    32   219  1387 10740 10207  7317  9598  8727 10457 11065  9433  8837  9151
ch   61:      0     0     0     0     0     0     0     0     0     0     0     0     0     0     0     0     0     0     2    35   208  1627 12298  3815  7634 11714  6007 12068  8908  6709  9359 12931
ch   62:      0     0     0     0     0     0     0     0     0     0     0     0     0     0     0     0     0     0     3    31   180  1562 12709  9495  6540  6579  9055 11059  9232  6421  8073 10834
ch   63:      0     0     0     0     0     0     0     0     0     0     0     0     0     0     0     0     0     0     7    45   267  2025 16073 15345 11215  8892 12262  9900 12248 12891  9366 11024
ch   64:      0     0     0     0     0     0     0     0     0     0     0     0     0     0     0     0     0     0     5    75   412  1801  9727 11379 13228 15433  9419 12496  6423  9231  7346  7579
ch   65:      0     0     0     0     0     0     0     0     0     0     0     0     0     0     0     0     0     1     6    38   273  1643 13339 13025  8031 17258 13382 14877  9277  8377 14210 13009
ch   66:      0     0     0     0     0     0     0     0     0     0     0     0     0     0     0     0     0     2     7    39   283  2146  9688  6184  5873  8860 12537 11494  8891  7481 11871 11632
ch   67:      0     0     0     0     0     0     0     0     0     0     0     0     0     0     0     0     0     0     4    34   121  1922 13049 12676 11624  7043  8886 14467 13238 10436  9032 13818
ch   68:      0     0     0     0     0     0     0     0     0     0     0     0     0     0     0     0     0     0     3    45   389  1878 11495 12151 12634  8549  6844 10924  9898  9295 11686 10652
ch   69:      0     0     0     0     0     0     0     0     0     0     0     0     0     0     0     0     0     0     2    64   369  1823 13795  4156  5464 11773  5010  7440  8269 10411 11006 10284
ch   70:      0     0     0     0     0     0     0     0     0     0     0     0     0     0     0     0     0     0     3    20   280  2556 14079 11673 10617  7602 12097  7946 13645  9481  9189 15081
ch   71:      0     0     0     0     0     0     0     0     0     0     0     0     0     0     0     0     0     0     2    29   199  2546 10232  7360  9441  9063 13901 10850  8374 10792 12066 10938
ch   72:      0     0     0     0     0     0     0     0     0     0     0     0     0     0     0     0     0     0     6    27   311  1828 17933  8772  7468  8077 10166  8298 13636 11365  8366 12573
ch   73:      0     0     0     0     0     0     0     0     0     0     0     0     0     0     0     0     0     0     3    27   350  2574 16797  4969  5474  8572 16211 11609 10423 11690  9359 12828
ch   74:      0     0     0     0     0     0     0     0     0     0     0     0     0     0     0     0     0     0     5    30   198  2179 14578  8991 13059 10519 12896  9695 10831  9080 11769  9455
ch   75:      0     0     0     0     0     0     0     0     0     0     0     0     0     0     0     0     0     0     3    37   302  3235 17227  5888  6715 11176 11244  9822 10506 12057 14308 12459
ch   76:      0     0     0     0     0     0     0     0     0     0     0     0     0     0     0     0     0     0     2    32   397  1931 13728 11925  9033 11302  9393  8922  8687  9290  8254  9241
ch   77:      0     0     0     0     0     0     0     0     0     0     0     0     0     0     0     0     0     0     4    29   269  1875 12723 10422 10495 11615  8842  8986 16021  9429  9133 15889
ch   78:      0     0     0     0     0     0     0     0     0     0     0     0     0     0     0     0     0     0     3    37   371  2225 10893 11449 10077  7052 10118  9722 13612 13495  9590  8066
ch   79:      0     0     0     0     0     0     0     0     0     0     0     0     0     0     0     0     0     1     8    31   349  2469  4760 12872  5673  9718  6538  8396  6273 14215 12650 12862
ch   80:      0     0     0     0     0     0     0     0     0     0     0     0     0     0     0     0     0     1     4    53   378  3747  4576 12173  8450  7494 11856  7344 15454 15041  9562  5727
ch   81:      0     0     0     0     0     0     0     0     0     0     0     0     0     0     0     0     0     2     5    28   295  3047 13979 13479 13605  9222 10697  9218 10111 10924 12457  9513
ch   82:      0     0     0     0     0     0     0     0     0     0     0     0     0     0     0     0     0     0     1    48   271  3189 10323  6423 14515  8590 13140 14155 13293  7631 11425 10058
ch   83:      0     0     0     0     0     0     0     0     0     0     0     0     0     0     0     0     0     0     6    46   321  2006 16494  9244 12628 11013  8951  9382 11619  9496  6587 10235
ch   84:      0     0     0     0     0     0     0     0     0     0     0     0     0     0     0     0     0     0     3    45   302  2668 16486  9947 10400 12212 15413  7569  9293  9571  9770 11826
ch   85:      0     0     0     0     0     0     0     0     0     0     0     0     0     0     0     0     0     0     2    27   298  1883  1646 14732 14537  9015  7045 12352  7017 11054 14056  9557
ch   86:      0     0     0     0     0     0     0     0     0     0     0     0     0     0     0     0     0     1     3    33   293  2873 15650  5196  9541  8850 14477  9100  7800 10576 10908  7683
ch   87:      0     0     0     0     0     0     0     0     0     0     0     0     0     0     0     0     0     1     5    53   325  2790 18411 13323 10509 11696  8679 12833  8217 10667  4489 13257
ch   88:      0     0     0     0     0     0     0     0     0     0     0     0     0     0     0     0     0     2     7    64  1669  1604 13004  9060 11422  8954  8947 13406  9656  6210 12420 11310
ch   89:      0     0     0     0     0     0     0     0     0     0     0     0     0     0     0     0     0     2     4    45   320  2632 14357 13072  7678 11511 11461 13587  8115 11784 14485 12746
ch   90:      0     0     0     0     0     0     0     0     0     0     0     0     0     0     0     0     0     0     3    27   323  2219  9274 10287  7451  5380  7595  8648  9845 10227  6664 15256
ch   91:      0     0     0     0     0     0     0     0     0     0     0     0     0     0     0     0     0     0     5    41   300  1903 15963  6691  6406  8732  7596  8610 15154 10717 12700  7577
ch   92:      0     0     0     0     0     0     0     0     0     0     0     0     0     0     0     0     0     1     3    48   228  2490 13566  7584 10930  9237  6612 13607  7847  8663 12379 11723
ch   93:      0     0     0     0     0     0     0     0     0     0     0     0     0     0     0     0     0     0     1    80   242  2310 15067 14514 12933 12716 12054 10764 13245 12228 13590  7266
ch   94:      0     0     0     0     0     0     0     0     0     0     0     0     0     0     0     0     0     0     7    54   314  2551 17365  9907  9557 10061 11559  8973 13510  7833 13170  8231
ch   95:      0     0     0     0     0     0     0     0     0     0     0     0     0     0     0     0     0     1     6    31   375  4302  2989  9728  7344  7589  8097 15501  7068 15627  7180 15575
ch   96:      0     0     0     0     0     0     0     0     0     0     0     0     0     0     0     0     0     1     3    40   279  4135  4703 12179  7098  7340 12146 11495  7976 11772  9435 14893
ch   97:      0     0     0     0     0     0     0     0     0     0     0     0     0     0     0     0     0     0     1    51   414  2579 12477  6344  9501  4610  6437 10403 12580 10704  8538 10580
ch   98:      0     0     0     0     0     0     0     0     0     0     0     0     0     0     0     0     0     2     9    51   304  2948 17318 14395 11212  9433 13586 15346 12766 12687 12077 10668
ch   99:      0     0     0     0     0     0     0     0     0     0     0     0     0     0     0     0     0     0     4    32   483  3064 15579  9121 10060  9855 11464 11230  7805 14761  9539 13031
ch  100:      0     0     0     0     0     0     0     0     0     0     0     0     0     0     0     0     0     0     1    65   391  1926 18347 13602 11068 14512  6796 12477  7204 10649 15300  9304
ch  101:      0     0     0     0     0     0     0     0     0     0     0     0     0     0     0     0     0     0     5    48   365  2731 12611 12662 13046  5519  8003  9150 12154  7161 13776  7298
ch  102:      0     0     0     0     0     0     0     0     0     0     0     0     0     0     0     0     0     1     4    35   362  2614 18445  9495 11521 11091  8489 14416  9193 11375  5401 12004
ch  103:      0     0     0     0     0     0     0     0     0     0     0     0     0     0     0     0     0     0    12    26   331  2086 17107  8313  9697  7447  7564  2760  8655  8695 13366 12122
ch  104:      0     0     0     0     0     0     0     0     0     0     0     0     0     0     0     0     0     0     7    45   385  2090 11184 11843 13361 10563  7093  7886 10297  8473 14395  9749
ch  105:      0     0     0     0     0     0     0     0     0     0     0     0     0     0     0     0     0     0     5    30   482  2464  7094  9561 10417 11779  9123  7717  7014 10078 14477  9016
ch  106:      0     0     0     0     0     0     0     0     0     0     0     0     0     0     0     0     0     0     7    46   506  3492 11991 11285 11531  9147  8785 12049  8960  8452  5499 13914
ch  107:      0     0     0     0     0     0     0     0     0     0     0     0     0     0     0     0     0     1     5    66   418  3541 17108 14678  6193 11833  8820 11364  9092 13574  8843 11943
ch  108:      0     0     0     0     0     0     0     0     0     0     0     0     0     0     0     0     0     1     5    55   475  3399 13439 13507 10800  8920 10576  5826 13771  7805  8785 10052
ch  109:      0     0     0     0     0     0     0     0     0     0     0     0     0     0     0     0     0     0     4    54   284  2362 12787  9512 11787  6980 12106 12097  7479 14306 10206 10351
ch  110:      0     0     0     0     0     0     0     0     0     0     0     0     0     0     0     0     1     1     3    54   359  2211 11318 11133  8938 11818 12929 13340 11168  8141  8160  8478
ch  111:      0     0     0     0     0     0     0     0     0     0     0     0     0     0     0     0     0     0     6    38   401  2455 16198  9766 11453 10080  5095 12696  8822  9431 13982  5689
ch  112:      0     0     0     0     0     0     0     0     0     0     0     0     0     0     0     0     0     1     7    60   215  1806 14482  9936 14562  8702  4791  7312  9839 11520  6906  6328
ch  113:      0     0     0     0     0     0     0     0     0     0     0     0     0     0     0     0     0     0     1    40   418  2044 13992 11688  7873 13443 11312 11315  9667 10572 11253 11723
ch  114:      0     0     0     0     0     0     0     0     0     0     0     0     0     0     0     0     0     0     1    36   295  2470 18640  9114  6572  8134 10531  7651  8579 13401  7545 12112
ch  115:      0     0     0     0     0     0     0     0     0     0     0     0     0     0     0     0     0     0    10    35   303  2721 17519  6159 11453  9445  6410 13376 12801  8507  9161 11375
ch  116:      0     0     0     0     0     0     0     0     0     0     0     0     0     0     0     0     0     0     7    50   284  3639 15772 12954  9388 13142  7216  9101  8840  9203  7047  9089
ch  117:      0     0     0     0     0     0     0     0     0     0     0     0     0     0     0     0     0     1     5    26   286  1798  3720  7177  5220 11970  8021 17652  9889 10845 13070 11402
ch  118:      0     0     0     0     0     0     0     0     0     0     0     0     0     0     0     0     0     1     5    45   307  1879 15318 12953 10980 12231 12773  7926  6606  9313  9727  9362
ch  119:      0     0     0     0     0     0     0     0     0     0     0     0     0     0     0     0     0     1     8    39   285  2380 18590  9183 12282 10589  8288  7946  9981  5470 10818 14972
ch  120:      0     0     0     0     0     0     0     0     0     0     0     0     0     0     0     0     0     0     5    31   223  1979 16215 15994 15616 15559 10421 10091  5539  8898  7300 15273
ch  121:      0     0     0     0     0     0     0     0     0     0     0     0     0     0     0     0     0     1     4    59   404  2220 15755  7540  5020  8260 11007 13673  8724 10784  9908 10586
ch  122:      0     0     0     0     0     0     0     0     0     0     0     0     0     0     0     0     0     0     5    37   184  2746 14984 10170 14970  6999  7594 12055 12198 12085 10885 10631
ch  123:      0     0     0     0     0     0     0     0     0     0     0     0     0     0     0     0     0     0     2    62   555  4200  9109  4672  8633 13357  9631  8768 12232  7562  6983 12353
ch  124:      0     0     0     0     0     0     0     0     0     0     0     0     0     0     0     0     0     4    10    96   345  3234 17478  6855 12134  9714 11405  9584  9660  6437  8342 12496
ch  125:      0     0     0     0     0     0     0     0     0     0     0     0     0     0     0     0     0     1     8   112   474  6239 10059  7184 10414  9947 14258  9852 13355 10565 12421  6602
ch  126:      0     0     0     0     0     0     0     0     0     0     0     0     0     0     0     0     0     0     3    64   413  2600 15452  6492 10294  8836 12082 11712 11605 12326  9712 11770
ch  127:      0     0     0     0     0     0     0     0     0     0     0     0     0     0     0     0     1     4    36   213  1060 17285  3205 13869  9977  7646 10042 12141 11751 12812 14569 11773
