ch    0:      0     0     0     0     0     0     0     0     0     0     0     0     0     0     0     0     0     0     0     0     0     5    69   565  2772 11496 13957  7114 10658 12814  7065  2535
ch    1:      0     0     0     0     0     0     0     0     0     0     0     0     0     0     0     0     0     0     0     0     2     5    78   482  2756 11745 12391  8864  8312 14240 12526 13106
ch    2:      0     0     0     0     0     0     0     0     0     0     0     0     0     0     0     0     0     0     0     0     3    14   131   762  6203  5796 11262 10535  9020 10824 12112 11661
ch    3:      0     0     0     0     0     0     0     0     0     0     0     0     0     0     0     0     0     0     0     0     2     6    87   701  5263  9213  6103 13797  8929  8009 11164  3377
ch    4:      0     0     0     0     0     0     0     0     0     0     0     0     0     0     0     0     0     0     0     0     1    11    76   735  4543  9463 10670  6751 14494 10252 10728  8049
ch    5:      0     0     0     0     0     0     0     0     0     0     0     0     0     0     0     0     0     0     0     0     1    12   117   983  7397  8102 13826 10755 11322 11769  6019 12250
ch    6:      0     0     0     0     0     0     0     0     0     0     0     0     0     0     0     0     0     0     0     0     1    13   136   764  6521 13104  8941 11421  7280  9365 11703 11168
ch    7:      0     0     0     0     0     0     0     0     0     0     0     0     0     0     0     0     0     0     0     0     2     8    91   899  9954 14384  9448  9270 13731 11011 11342 15066
ch    8:      0     0     0     0     0     0     0     0     0     0     0     0     0     0     0     0     0     0     0     0     0    11   134  1388  7506 14366  8924 10863 14167  7613  9425  9963
ch    9:      0     0     0     0     0     0     0     0     0     0     0     0     0     0     0     0     0     0     0     0     2    18   124  1616 11357  4105  8105 11115 13335 10771 15809  4976
ch   10:      0     0     0     0     0     0     0     0     0     0     0     0     0     0     0     0     0     0     0     0     3    20   180  1174  7870  4625 11556 16076 12412  9493  5639  9508
ch   11:      0     0     0     0     0     0     0     0     0     0     0     0     0     0     0     0     0     0     0     0     1    12   211  2043 16881 10895 11269 12794 17913  7350 12089 15763
ch   12:      0     0     0     0     0     0     0     0     0     0     0     0     0     0     0     0     0     0     0     0     4    28   183  2593 13148 10467  5368 11222 12847  6811 12284 12913
ch   13:      0     0     0     0     0     0     0     0     0     0     0     0     0     0     0     0     0     0     0     0     0    21   227  2124 15669 12431  8777 12074  8307  9958 11924  5650
ch   14:      0     0     0     0     0     0     0     0     0     0     0     0     0     0     0     0     0     0     0     0     0    24   319  1544 11413  5881  4818  5773 12602  9433 15209  8279
ch   15:      0     0     0     0     0     0     0     0     0     0     0     0     0     0     0     0     0     0     0     0     2    21   296  2676 17262  6381  9765 14596  8891  5307  9479 16094
ch   16:      0     0     0     0     0     0     0     0     0     0     0     0     0     0     0     0     0     0     0     0     0    24   264  2126 15701 10469  8579  7250  9596 12196 12100  9993
ch   17:      0     0     0     0     0     0     0     0     0     0     0     0     0     0     0     0     0     0     0     0     3    32   396  2853 15317  6721  8798 12569 13162  7012 12219 11481
ch   18:      0     0     0     0     0     0     0     0     0     0     0     0     0     0     0     0     0     0     0     1     6    36   511  3254  6551 12073 13079  7744  9554  9013 12486 13366
ch   19:      0     0     0     0     0     0     0     0     0     0     0     0     0     0     0     0     0     0     0     0     2    32   354  2628  1829 15264  8945 11590 11224  9282 11215  7945
ch   20:      0     0     0     0     0     0     0     0     0     0     0     0     0     0     0     0     0     0     0     0     7    37   313  2876  5235 10276  9179  8027 13010  9995  7732  6971
ch   21:      0     0     0     0     0     0     0     0     0     0     0     0     0     0     0     0     0     0     0     0     2    31   360  3984  4115  8807 11991  4471 11883 11293  9663 15672
ch   22:      0     0     0     0     0     0     0     0     0     0     0     0     0     0     0     0     0     0     0     0     1    39   457  2485 12435  9999 12464 11658 12869  4719  7803 11712
ch   23:      0     0     0     0     0     0     0     0     0     0     0     0     0     0     0     0     0     0     0     0     4    10   303  3226  6126 14072  8605 11072  9325 12868  7413  9390
ch   24:      0     0     0     0     0     0     0     0     0     0     0     0     0     0     0     0     0     0     0     1     8    66   435  6851  8223  8329  6773  9554 15020  7454  9739 11076
ch   25:      0     0     0     0     0     0     0     0     0     0     0     0     0     0     0     0     0     0     0     1     1    31   391  4392  7944  6600  8049  8816 14640  8550  9895 10018
ch   26:      0     0     0     0     0     0     0     0     0     0     0     0     0     0     0     0     0     0     0     1     3    37   388  4443 14848  8509  3685 10019  8337  5695  5460 10467
ch   27:      0     0     0     0     0     0     0     0     0     0     0     0     0     0     0     0     0     0     0     0     5    37   496  4455 16644 12312 13106  9774 10363 13112 11748 10334
ch   28:      0     0     0     0     0     0     0     0     0     0     0     0     0     0     0     0     0     0     0     0     3    65   533  4994 11722  9639 10285 13220 11201  8648 14991  6178
ch   29:      0     0     0     0     0     0     0     0     0     0     0     0     0     0     0     0     0     0     0     0     1    35   553  4645 10459  9142  9390  6537 10550 11149  9676  9566
ch   30:      0     0     0     0     0     0     0     0     0     0     0     0     0     0     0     0     0     0     0     1     5    64   600  5529  6350  9511 12191 11519 11608 12436 11214 12546
ch   31:      0     0     0     0     0     0     0     0     0     0     0     0     0     0     0     0     0     0     0     0     6    35   472  5450 13939 11984 10192 13989 11371  8327  8516  7621
ch   32:      0     0     0     0     0     0     0     0     0     0     0     0     0     0     0     0     0     0     0     0     8    68   603  5905 14080  7687 11371 13065 14057  8069  4911 12111
ch   33:      0     0     0     0     0     0     0     0     0     0     0     0     0     0     0     0     0     0     0     0     3    37   391  4996  5668 11304 10328 14320 10115 13578  8860  7655
ch   34:      0     0     0     0     0     0     0     0     0     0     0     0     0     0     0     0     0     0     0     1     8    71   935  6489 10084 12069 12586 10028  8320 10273  4123 16004
ch   35:      0     0     0     0     0     0     0     0     0     0     0     0     0     0     0     0     0     0     0     0     4    52   555  7151  4334 11344 10182  9212 11117  9839  8784  8024
ch   36:      0     0     0     0     0     0     0     0     0     0     0     0     0     0     0     0     0     0     0     1     5    84   696  6874  5264  8995  6914  8913  9637 11069  9674  7447
ch   37:      0     0     0     0     0     0     0     0     0     0     0     0     0     0     0     0     0     0     0     0     5    72   666  5099 16082 10140  7413 10979 13462 11813 12986  8241
ch   38:      0     0     0     0     0     0     0     0     0     0     0     0     0     0     0     0     0     0     0     0     5   110   778  7286 16154  9076  5859 10572 10009  8349  9309 10265
ch   39:      0     0     0     0     0     0     0     0     0     0     0     0     0     0     0     0     0     0     0     1     6    52   625  7780  9495  8162  9813  7737 12453 12056  7919  7368
ch   40:      0     0     0     0     0     0     0     0     0     0     0     0     0     0     0     0     0     0     0     0     9   110   936  7800  3744 12047  7887 15827  9361  9786 10522  8904
ch   41:      0     0     0     0     0     0     0     0     0     0     0     0     0     0     0     0     0     0     0     0     7    59   667  6995  2952  9937  5721 10656 11903 13506  8913 15661
ch   42:      0     0     0     0     0     0     0     0     0     0     0     0     0     0     0     0     0     0     0     1     2   106  1000  7111 11030 15037  9732 12337  6605 11888  8986  7720
ch   43:      0     0     0     0     0     0     0     0     0     0     0     0     0     0     0     0     0     0     0     0     3    81   457  6498  9354 13410  7361 11145  8067  7106  8727 14813
ch   44:      0     0     0     0     0     0     0     0     0     0     0     0     0     0     0     0     0     0     0     1     3    76   785  6916  4924 13506 14628 10217  9227  7353  8651  9020
ch   45:      0     0     0     0     0     0     0     0     0     0     0     0     0     0     0     0     0     0     0     0     9    83   702  6757  4468  9059 15806 13907 11765  8493 10921 10942
ch   46:      0     0     0     0     0     0     0     0     0     0     0     0     0     0     0     0     0     0     0     0     7    82   872  6773 15489 16481  8996  7049  6430  7550  8060 12318
ch   47:      0     0     0     0     0     0     0     0     0     0     0     0     0     0     0     0     0     0     0     0    11    80   800  7846  9610  9889 11342 11243 13907 10844 12205  8491
ch   48:      0     0     0     0     0     0     0     0     0     0     0     0     0     0     0     0     0     0     0     4     6    45   744  8066 16273  9221 12013 12011  7279  7667 17154 10221
ch   49:      0     0     0     0     0     0     0     0     0     0     0     0     0     0     0     0     0     0     0     0     6    79   933  6962 13425  4797 13891 10742  5676 12109 13049  4278
ch   50:      0     0     0     0     0     0     0     0     0     0     0     0     0     0     0     0     0     0     0     1     6    91   646  6125  6320  8303  8581  9496 10901  7675 10432  8107
ch   51:      0     0     0     0     0     0     0     0     0     0     0     0     0     0     0     0     0     0     0     0     5    51   657  5657 15594 13552  9691 15406  7225  7710 13107 12556
ch   52:      0     0     0     0     0     0     0     0     0     0     0     0     0     0     0     0     0     0     0     1     7    94   949  6210 15012  9930  5630 13528 10669 11005 14027 13824
ch   53:      0     0     0     0     0     0     0     0     0     0     0     0     0     0     0     0     0     0     0     1     7    57   549  7012  4266 10669  8639 15656 11412 10565 10834 12241
ch   54:      0     0     0     0     0     0     0     0     0     0     0     0     0     0     0     0     0     0     0     1     6   103   789  5237 16153  6117 10298  7021 10005  4878  6014 10141
ch   55:      0     0     0     0     0     0     0     0     0     0     0     0     0     0     0     0     0     0     0     0     1    59  1113  8768 12288  8330  6716  9985  4684  8576  5537  6615
ch   56:      0     0     0     0     0     0     0     0     0     0     0     0     0     0     0     0     0     0     0     1     3   101   521  8339  2169  9953 12069  1590  8797  7861  6333 13432
ch   57:      0     0     0     0     0     0     0     0     0     0     0     0     0     0     0     0     0     0     0     0     2    58   634  9431  7563 11390  8461 13480  8752 13558 13640  8380
ch   58:      0     0     0     0     0     0     0     0     0     0     0     0     0     0     0     0     0     0     0     0     6    88  1064  8265 12863 10558 10641  7732  5653  9517 11471  6725
ch   59:      0     0     0     0     0     0     0     0     0     0     0     0     0     0     0     0     0     0     0     0     7   107  1111  9819 13119 17014  6866  8744  4941 11864 10261 11483
ch   60:      0     0     0     0     0     0     0     0     0     0     0     0     0     0     0     0     0     0     0     1     4    80   672  9099  8521  8599 12431 10602 16955  6147  5028 17585
ch   61:      0     0     0     0     0     0     0     0     0     0     0     0     0     0     0     0     0     0     0     0     2    78   835  7802  6561 14298  8212 14111 11824 11037 10717 10503
ch   62:      0     0     0     0     0     0     0     0     0     0     0     0     0     0     0     0     0     0     0     2    20   133   842  6922  4160 12148  7328 11584 11853  5594  8869  7347
ch   63:      0     0     0     0     0     0     0     0     0     0     0     0     0     0     0     0     0     0     0     0     5    74   860  9282 11805 12844 13014 13443  5503  9743 12002 12792
ch   64:      0     0     0     0     0     0     0     0     0     0     0     0     0     0     0     0     0     0     0     1     9    97  1174  8479 16276  6775 13465  4667  8754 10547  8970  9231
ch   65:      0     0     0     0     0     0     0     0     0     0     0     0     0     0     0     0     0     0     0     0     4    79   659  7139 17142  7798 11303 14754 12055 12818 11972 10171
ch   66:      0     0     0     0     0     0     0     0     0     0     0     0     0     0     0     0     0     0     0     0    10   120   681  7821 13132 15438  9589 10926  9982 12018  5039  6190
ch   67:      0     0     0     0     0     0     0     0     0     0     0     0     0     0     0     0     0     0     0     1     7   109   782  8404 14409 11482 10743  9623 11707 10208  6654  6697
ch   68:      0     0     0     0     0     0     0     0     0     0     0     0     0     0     0     0     0     0     0     0     8   142   985  8116 11708 12042 11153  5528 10897 14143  8698  2363
ch   69:      0     0     0     0     0     0     0     0     0     0     0     0     0     0     0     0     0     0     0     0     8    73  1276  8517 10927  9591  8878 15006 10215 13907  9571 13125
ch   70:      0     0     0     0     0     0     0     0     0     0     0     0     0     0     0     0     0     0     0     1     9    90  1065  8802  9363 10562 12487  9674  8311  7256 11442  4086
ch   71:      0     0     0     0     0     0     0     0     0     0     0     0     0     0     0     0     0     0     1     1    11    71   889 10836  6119  9336 11660 11028  7598 11709 10461 14335
ch   72:      0     0     0     0     0     0     0     0     0     0     0     0     0     0     0     0     0     0     0     1     8   168  1054 14343  9286 10061  8319 10444 11338  9644  8434 11254
ch   73:      0     0     0     0     0     0     0     0     0     0     0     0     0     0     0     0     0     0     0     1     7   102  1109  9839 14266  8295 14349 11402 10549  6327 12623  9257
ch   74:      0     0     0     0     0     0     0     0     0     0     0     0     0     0     0     0     0     0     0     1    11   106   928  8144  9509  9258 11315  7914  5397  7799  5992  9360
ch   75:      0     0     0     0     0     0     0     0     0     0     0     0     0     0     0     0     0     0     0     0     9   102  1236 12189 13273 12907 13639 13743  8537  6073  9106 12836
ch   76:      0     0     0     0     0     0     0     0     0     0     0     0     0     0     0     0     0     0     0     1    16   127  1002 12837 14583  5546 10345  9582  8546 11012  5056 12013
ch   77:      0     0     0     0     0     0     0     0     0     0     0     0     0     0     0     0     0     0     0     1     5    99  1334 10469 12872 17169  9880  7413 11351 10683 12086 11240
ch   78:      0     0     0     0     0     0     0     0     0     0     0     0     0     0     0     0     0     0     0     1     4   112   881  9079 13298 14581 11588 10575  9770  8997  8261 14966
ch   79:      0     0     0     0     0     0     0     0     0     0     0     0     0     0     0     0     0     0     0     0     4    65   967  7030  9469 12826 11407 11604  7487  6803 10402  9921
ch   80:      0     0     0     0     0     0     0     0     0     0     0     0     0     0     0     0     0     0     0     1     7    91   810 11653 11280 17820  6019 14262 14989 12085  9131 11491
ch   81:      0     0     0     0     0     0     0     0     0     0     0     0     0     0     0     0     0     0     0     0    10    93  1132 10709  9962  6841  9698 10002 12487  8576 12679  8365
ch   82:      0     0     0     0     0     0     0     0     0     0     0     0     0     0     0     0     0     0     0     1    22   174  1589 11930  9203  9642 10024 11602 13567  8324  5899  8741
ch   83:      0     0     0     0     0     0     0     0     0     0     0     0     0     0     0     0     0     0     0     0    12    89   957 13231 11225 11379 13955 12489  9184 12902  6267  4083
ch   84:      0     0     0     0     0     0     0     0     0     0     0     0     0     0     0     0     0     0     0     0     9   168  1176 12729  8871  7127  5693  9387 12843  8806 10350 15278
ch   85:      0     0     0     0     0     0     0     0     0     0     0     0     0     0     0     0     0     0     0     1     9   103   984  7420 10580  7927 10986 12946 15876 12360 12028  4357
ch   86:      0     0     0     0     0     0     0     0     0     0     0     0     0     0     0     0     0     0     1     2    14    75  1259  7387  3330 12203 11736 10620  9994 11256 11140 11211
ch   87:      0     0     0     0     0     0     0     0     0     0     0     0     0     0     0     0     0     0     0     1    14   159  1648 11385 11230  6797 12803  8917  7838 10136 10644 11032
ch   88:      0     0     0     0     0     0     0     0     0     0     0     0     0     0     0     0     0     0     0     0    17   144  1196 13355 11124 11557  5878 12782  8655  6289 11235  8622
ch   89:      0     0     0     0     0     0     0     0     0     0     0     0     0     0     0     0     0     0     0     0     5   113  1570 12344 10940  9464 13317  8306 12433  8243  8674  9423
ch   90:      0     0     0     0     0     0     0     0     0     0     0     0     0     0     0     0     0     0     0     2    10   144  1745  9854 14509  9884 12669  8839  8429  9777  8000  8956
ch   91:      0     0     0     0     0     0     0     0     0     0     0     0     0     0     0     0     0     0     0     0     4   131  1164 11908  9662 10046  9627 13647  9492 11617  8374 13410
ch   92:      0     0     0     0     0     0     0     0     0     0     0     0     0     0     0     0     0     0     0     1    13   144  1687 15667 11563 11534 15436 13263 13076 10744 13442 10118
ch   93:      0     0     0     0     0     0     0     0     0     0     0     0     0     0     0     0     0     0     0     0     8   133  1150  8159 10259  8697 11948  7125  6971 11885 11315  7539
ch   94:      0     0     0     0     0     0     0     0     0     0     0     0     0     0     0     0     0     0     1     4    14   212  1511  4146 12395 12433 10462  9991 11765  9689  7804 12997
ch   95:      0     0     0     0     0     0     0     0     0     0     0     0     0     0     0     0     0     0     0     1     7   113  1281 10429  9343 10955 12813 13387 13670 14126 12167 10118
ch   96:      0     0     0     0     0     0     0     0     0     0     0     0     0     0     0     0     0     0     0     1    17   125  1300 13703 11672  6845  6939 12232  9109  5908 12865 10934
ch   97:      0     0     0     0     0     0     0     0     0     0     0     0     0     0     0     0     0     0     0     2     6   107  1333 10661 13425  9170  9262 11386 10884 12302  9549  8617
ch   98:      0     0     0     0     0     0     0     0     0     0     0     0     0     0     0     0     0     0     0     0    14   269  1726 12328 13479  7246 12784  6131 13427 11147  9880  8394
ch   99:      0     0     0     0     0     0     0     0     0     0     0     0     0     0     0     0     0     0     0     2     9   156  1813 14530 11032  9024 15661 10836  9005  7168  9538 12969
ch  100:      0     0     0     0     0     0     0     0     0     0     0     0     0     0     0     0     0     0     0     3    28   352  1603  5780  7242  7304 10905  6558 13503 12738 10858  9882
ch  101:      0     0     0     0     0     0     0     0     0     0     0     0     0     0     0     0     0     0     0     0     7   130  1536 12003  6383 13187 11915 15884 12868 11216 12273  8790
ch  102:      0     0     0     0     0     0     0     0     0     0     0     0     0     0     0     0     0     0     1     1    24   269  2063 15827  7894  8835  7379  9988  9539  6400  4215  7196
ch  103:      0     0     0     0     0     0     0     0     0     0     0     0     0     0     0     0     0     0     0     2    18   204  2279 15130 14573  7683 12774  9837  4999  9312  8257  9232
ch  104:      0     0     0     0     0     0     0     0     0     0     0     0     0     0     0     0     0     0     0     3    35   295  2325 14279 12843  7854  8438  8538  8944  9670  9375  8990
ch  105:      0     0     0     0     0     0     0     0     0     0     0     0     0     0     0     0     0     0     0     2    16   162  1328 14280  8327 10402  8104 12968  8318  9777 10862  8053
ch  106:      0     0     0     0     0     0     0     0     0     0     0     0     0     0     0     0     0     0     1     4    29   218  2406 18035  8664 11893 11618  8976  9095  9249  8638 10529
ch  107:      0     0     0     0     0     0     0     0     0     0     0     0     0     0     0     0     0     0     1     3    19   235  2094 12471  7490 13386  8083 10906  7455 11627  8919 10624
ch  108:      0     0     0     0     0     0     0     0     0     0     0     0     0     0     0     0     0     0     0     2    18   327  3065 15115  8723 11580 13366  9746 13506  7361  7732 10222
ch  109:      0     0     0     0     0     0     0     0     0     0     0     0     0     0     0     0     0     0     0     0    13   285  1985 17102  8678 12973 12006 12953  6874 12165 15125  8256
ch  110:      0     0     0     0     0     0     0     0     0     0     0     0     0     0     0     0     0     0     0     8    33   309  2335 16810 11300 10659 11835  7524 10452 13222  6894 10398
ch  111:      0     0     0     0     0     0     0     0     0     0     0     0     0     0     0     0     0     0     0     3    22   152  2765 12220 13759 14708 11898  7879 15759 12445 16217  8806
ch  112:      0     0     0     0     0     0     0     0     0     0     0     0     0     0     0     0     0     0     0     2    37   324  2441  9553  7630  8689  4926 10725 10559 13686  6366  9806
ch  113:      0     0     0     0     0     0     0     0     0     0     0     0     0     0     0     0     0     0     0     3    26   150  2080 11196 10562 10032  9905  6933 11930 13959  8926  8057
ch  114:      0     0     0     0     0     0     0     0     0     0     0     0     0     0     0     0     0     0     1     2    37   236  1956 16289  4894 13729 10149  5927 10695 10217  7435  6895
ch  115:      0     0     0     0     0     0     0     0     0     0     0     0     0     0     0     0     0     0     0     6    21   234  1620 15196 15327  9082  8481 12196  4998  5043 15184  7598
ch  116:      0     0     0     0     0     0     0     0     0     0     0     0     0     0     0     0     0     0     3     3    21   241  4020  7266 13561  7678  7473  7314  9123  9614 10688 12768
ch  117:      0     0     0     0     0     0     0     0     0     0     0     0     0     0     0     0     0     0     1     3    18   178  2594  2669 15176  7862 16534  6381 15533 10167  8169 10683
ch  118:      0     0     0     0     0     0     0     0     0     0     0     0     0     0     0     0     0     0     1     6    49   279  2288 11927  7401 13423  9395  4967 11860  5886 11535 12181
ch  119:      0     0     0     0     0     0     0     0     0     0     0     0     0     0     0     0     0     0     0     2    12   256  1830 14688  6258 10388  9044  9551 11384 15861  7613  8733
ch  120:      0     0     0     0     0     0     0     0     0     0     0     0     0     0     0     0     0     0     0     3    43   433  2988 13710  5855 10272 16564 11330 10541 12414 16003 11433
ch  121:      0     0     0     0     0     0     0     0     0     0     0     0     0     0     0     0     0     0     0     1    26   261  3423  3781 12609 11796  9470  7935 13140 13409  8061  7497
ch  122:      0     0     0     0     0     0     0     0     0     0     0     0     0     0     0     0     0     0     0     4    40   313  3041 17718 12730 12750 14059  8795  6292  8628  7129  8421
ch  123:      0     0     0     0     0     0     0     0     0     0     0     0     0     0     0     0     0     0     0     2    40   209  3127  5304  9934  7559 12354 10204  9485  6077  9969  9797
ch  124:      0     0     0     0     0     0     0     0     0     0     0     0     0     0     0     0     0     0     0     4    35   545  2468  7527 10546  7015  8233 10418 13883 10701 11081  8275
ch  125:      0     0     0     0     0     0     0     0     0     0     0     0     0     0     0     0     0     0     0     5    59   449  4707 13550 12615  7218 11613 10142  4808 12801  6021  9546
ch  126:      0     0     0     0     0     0     0     0     0     0     0     0     0     0     0     0     0     1     2    10    61   371  4819 13302  8277 14171 10155 11219  7161  7244  7243 12767
ch  127:      0     0     0     0     0     0     0     0     0     0     0     0     0     0     0     0     0     0     1    11    70   822  7512  3616  3555  8719 12414 11974 11781  5641 10976 10187
