ch    0:      0     0     0     0     0     0     0     0     0     0     0     0     0     0     0     0     0     0     0     0     0     0     3    24   187  1275  8176  3402  9449  7767 11139  1559
ch    1:      0     0     0     0     0     0     0     0     0     0     0     0     0     0     0     0     0     0     0     0     0     0     1    11   106  1244 11264  6089  6097  5971 11104  6466
ch    2:      0     0     0     0     0     0     0     0     0     0     0     0     0     0     0     0     0     0     0     0     0     1    10    30   274  2380 15084 13155 11096 13889  8984  1726
ch    3:      0     0     0     0     0     0     0     0     0     0     0     0     0     0     0     0     0     0     0     0     0     0     1    17   147  2567 14287  9242 11709 17047  8388 13178
ch    4:      0     0     0     0     0     0     0     0     0     0     0     0     0     0     0     0     0     0     0     0     0     1     5    32   222  2265 17220  7928  9840  7949  6104  2323
ch    5:      0     0     0     0     0     0     0     0     0     0     0     0     0     0     0     0     0     0     0     0     0     0     0    10   262  2706  2151 11461  7964  9073  8759  8095
ch    6:      0     0     0     0     0     0     0     0     0     0     0     0     0     0     0     0     0     0     0     0     0     1     3    32   194  2348  5705 13584  8523  8994 12436  3427
ch    7:      0     0     0     0     0     0     0     0     0     0     0     0     0     0     0     0     0     0     0     0     0     0     0    23   207  3426  2752 10408 11531  6948 10879 11500
ch    8:      0     0     0     0     0     0     0     0     0     0     0     0     0     0     0     0     0     0     0     0     0     1     8    51   542  4362 11799 10295  9349 10585 13387  5039
ch    9:      0     0     0     0     0     0     0     0     0     0     0     0     0     0     0     0     0     0     0     0     0     1     1    26   420  4596 15627 16183 10641 12227 11674 18521
ch   10:      0     0     0     0     0     0     0     0     0     0     0     0     0     0     0     0     0     0     0     0     1     1     9    62   459  6173 13974  8295  9422 14677  6909  9034
ch   11:      0     0     0     0     0     0     0     0     0     0     0     0     0     0     0     0     0     0     0     0     0     0     1    62   785  7585 11823  9155  7375  6863  8022 15218
ch   12:      0     0     0     0     0     0     0     0     0     0     0     0     0     0     0     0     0     0     0     0     0     0     8   109  1328  7489  9084 10053 13048  5722  9605  9677
ch   13:      0     0     0     0     0     0     0     0     0     0     0     0     0     0     0     0     0     0     0     0     0     1     7    67   779  6012  8287 12301 14066 14891  8232 11170
ch   14:      0     0     0     0     0     0     0     0     0     0     0     0     0     0     0     0     0     0     0     0     2     3    15   170  1063  7253  7922  9508 12498  6904  6554 17517
ch   15:      0     0     0     0     0     0     0     0     0     0     0     0     0     0     0     0     0     0     0     0     0     1     5   103   944 11681 10856 14729  8109  9447 12740 11447
ch   16:      0     0     0     0     0     0     0     0     0     0     0     0     0     0     0     0     0     0     0     0     0     3    20   124  1219 11764 12904  8600 13319  6420  7443  1351
ch   17:      0     0     0     0     0     0     0     0     0     0     0     0     0     0     0     0     0     0     0     0     0     0     6    76  1184  8557  8583 13424  5380  6883 14876  2130
ch   18:      0     0     0     0     0     0     0     0     0     0     0     0     0     0     0     0     0     0     0     0     0     2    20   182  1391  9314 13466  9461 10635 14379  9888  3888
ch   19:      0     0     0     0     0     0     0     0     0     0     0     0     0     0     0     0     0     0     0     0     0     0     8    82   985 10922  7881  8034  8096 12786 10734 14424
ch   20:      0     0     0     0     0     0     0     0     0     0     0     0     0     0     0     0     0     0     0     0     1     5    16   198  1407 10265 10575 12443 10432 13437  9501  3194
ch   21:      0     0     0     0     0     0     0     0     0     0     0     0     0     0     0     0     0     0     0     0     0     0     8    73  1152 12884 11684  7404 10599  4452 10031 17457
ch   22:      0     0     0     0     0     0     0     0     0     0     0     0     0     0     0     0     0     0     0     0     0     4    27   146  1651 13490  9221 14218 10530 13266 11653  6189
ch   23:      0     0     0     0     0     0     0     0     0     0     0     0     0     0     0     0     0     0     0     0     0     0    10    62  1079 11798  8401 10175  8722  8371  7619  4661
ch   24:      0     0     0     0     0     0     0     0     0     0     0     0     0     0     0     0     0     0     0     0     0     2    20   168  2261 16076  8328  8833  7760  9066 10898  3762
ch   25:      0     0     0     0     0     0     0     0     0     0     0     0     0     0     0     0     0     0     0     0     0     0     2    88  1305 11445  7788 14454  9698 12247  8414  6348
ch   26:      0     0     0     0     0     0     0     0     0     0     0     0     0     0     0     0     0     0     0     0     2     4    25   126  1327 13195  7614 12073 12532  9862 10319 13940
ch   27:      0     0     0     0     0     0     0     0     0     0     0     0     0     0     0     0     0     0     0     0     0     0     8   167  1740 16673  6912 11956 11556  5345 15673 10918
ch   28:      0     0     0     0     0     0     0     0     0     0     0     0     0     0     0     0     0     0     0     0     1     4    33   294  2216 15630 11567  5224  8111 11220  8235  6179
ch   29:      0     0     0     0     0     0     0     0     0     0     0     0     0     0     0     0     0     0     0     0     0     0     9   116  1482 12648 13451  9314  7365 14023 10379 14680
ch   30:      0     0     0     0     0     0     0     0     0     0     0     0     0     0     0     0     0     0     0     0     0     4    24   196  2036 13351 11987  7295  9446  9765  7887  8120
ch   31:      0     0     0     0     0     0     0     0     0     0     0     0     0     0     0     0     0     0     0     0     0     1     7   136  1867  5804 14519 11677  9668  7075 14432 10494
ch   32:      0     0     0     0     0     0     0     0     0     0     0     0     0     0     0     0     0     0     0     0     0     4    37   155  2414 11902  6444  9729  9834  6066  7276 12625
ch   33:      0     0     0     0     0     0     0     0     0     0     0     0     0     0     0     0     0     0     0     0     0     0    21   186  2131 17318  7183  9163  8894 14018 14163 13238
ch   34:      0     0     0     0     0     0     0     0     0     0     0     0     0     0     0     0     0     0     0     0     1     7    42   186  2358 15125  9268 10691  9908 11190 11537 11271
ch   35:      0     0     0     0     0     0     0     0     0     0     0     0     0     0     0     0     0     0     0     0     0     1    10   207  1876 14876  6239 10712  9970 12318 10985 11652
ch   36:      0     0     0     0     0     0     0     0     0     0     0     0     0     0     0     0     0     0     0     0     0     5    37   268  2351  2528 10485 11185 13548  7233  7848 11689
ch   37:      0     0     0     0     0     0     0     0     0     0     0     0     0     0     0     0     0     0     0     0     0     0    16   148  2607 11943  1520 13924  8731  6468  8216  8660
ch   38:      0     0     0     0     0     0     0     0     0     0     0     0     0     0     0     0     0     0     0     0     1     5    24   230  3040  6078 17221  9936  9286  8621 13146  6038
ch   39:      0     0     0     0     0     0     0     0     0     0     0     0     0     0     0     0     0     0     0     0     0     3    10   229  1992  4612 15764  9336 10485 11192 14274  9777
ch   40:      0     0     0     0     0     0     0     0     0     0     0     0     0     0     0     0     0     0     0     0     2     4    35   318  3204 10720 10286 12846 10694 11890 11332  9936
ch   41:      0     0     0     0     0     0     0     0     0     0     0     0     0     0     0     0     0     0     0     0     0     0    12   173  2858  3989 11098 16934  7023  8135 12630 10520
ch   42:      0     0     0     0     0     0     0     0     0     0     0     0     0     0     0     0     0     0     0     1     4     9    28   216  2291 14792 14117 13272 10688 12026 10279 14414
ch   43:      0     0     0     0     0     0     0     0     0     0     0     0     0     0     0     0     0     0     0     0     0     0    10   173  2620  9127  4425  7551  7613 13373 12011 12190
ch   44:      0     0     0     0     0     0     0     0     0     0     0     0     0     0     0     0     0     0     0     0     0     5    54   302  3583  4174  5379 12402 10585  7056  9651  5539
ch   45:      0     0     0     0     0     0     0     0     0     0     0     0     0     0     0     0     0     0     0     0     0     1     9   210  2378 15327 13146 14900 14041 11718  9829 12756
ch   46:      0     0     0     0     0     0     0     0     0     0     0     0     0     0     0     0     0     0     0     0     1     3    26   248  2693  2969  9901 11292  4716 12589  9677  9718
ch   47:      0     0     0     0     0     0     0     0     0     0     0     0     0     0     0     0     0     0     0     0     0     1    11   168  2092  3202 12431 14334  9941 10816  9248 10205
ch   48:      0     0     0     0     0     0     0     0     0     0     0     0     0     0     0     0     0     0     0     0     0     3    22   275  3245 11815 15860  8488  4086 17680  7301  9590
ch   49:      0     0     0     0     0     0     0     0     0     0     0     0     0     0     0     0     0     0     0     0     0     1     8   183  2822 13473  6287 16580 17140  7105  9577  9060
ch   50:      0     0     0     0     0     0     0     0     0     0     0     0     0     0     0     0     0     0     0     0     1     2    35   172  2781  4526  7785  8439 14008  9043 12720  7658
ch   51:      0     0     0     0     0     0     0     0     0     0     0     0     0     0     0     0     0     0     0     0     0     3     8   202  2405 14643 13433  7662 11489  8352 10779 12337
ch   52:      0     0     0     0     0     0     0     0     0     0     0     0     0     0     0     0     0     0     0     0     0     6    31   406  3022  3142  8089  6843  7723 11078  8599  8628
ch   53:      0     0     0     0     0     0     0     0     0     0     0     0     0     0     0     0     0     0     0     0     0     1     8   273  4005 10623 16421  9640 11926  9549 12494  9746
ch   54:      0     0     0     0     0     0     0     0     0     0     0     0     0     0     0     0     0     0     0     0     1     5    40   323  2718 11662 11776  7126  6039  9274 10492 12903
ch   55:      0     0     0     0     0     0     0     0     0     0     0     0     0     0     0     0     0     0     0     0     0     0    18   278  3706 10064  5208  8930  7276 11974 12970  9020
ch   56:      0     0     0     0     0     0     0     0     0     0     0     0     0     0     0     0     0     0     0     0     3     6    72   384  3957 13463 15639  8113 11013  7665  6638  6364
ch   57:      0     0     0     0     0     0     0     0     0     0     0     0     0     0     0     0     0     0     0     0     0     5    16   371  2917 11630 14812  7141 10073 10523 12260  7984
ch   58:      0     0     0     0     0     0     0     0     0     0     0     0     0     0     0     0     0     0     0     0     1     6    60   443  4174  3253  7619  5247 11114  7342 13272  8163
ch   59:      0     0     0     0     0     0     0     0     0     0     0     0     0     0     0     0     0     0     0     0     0     1    23   275  3425  5379 11896  9292  8062  9503 13564  9516
ch   60:      0     0     0     0     0     0     0     0     0     0     0     0     0     0     0     0     0     0     0     0     0     2    64   503  6010 11297 14938 11568  8641  9941  9067  8280
ch   61:      0     0     0     0     0     0     0     0     0     0     0     0     0     0     0     0     0     0     0     0     0     1     9   246  3911 10795  9941 11790 11905 10202  5685  9055
ch   62:      0     0     0     0     0     0     0     0     0     0     0     0     0     0     0     0     0     0     0     0     0     6    35   414  4576 14742  5491  7778 13147 14659 11498 11771
ch   63:      0     0     0     0     0     0     0     0     0     0     0     0     0     0     0     0     0     0     0     0     1     3    27   242  3631  9576  9167 12789 13026 16052  6306 10946
ch   64:      0     0     0     0     0     0     0     0     0     0     0     0     0     0     0     0     0     0     0     0     4    11    58   460  4007 15856 14864  8683  9713  9319 12842  9304
ch   65:      0     0     0     0     0     0     0     0     0     0     0     0     0     0     0     0     0     0     0     0     0     0    12   260  3205  8555 16127  2975  9273  9779  9751  8008
ch   66:      0     0     0     0     0     0     0     0     0     0     0     0     0     0     0     0     0     0     0     0     2     7    53   394  5124 11758 14477  9302 13193  8112 13459 12560
ch   67:      0     0     0     0     0     0     0     0     0     0     0     0     0     0     0     0     0     0     0     0     0     1    16   293  3704  6947 10288  8858  7391 11496 15307 11388
ch   68:      0     0     0     0     0     0     0     0     0     0     0     0     0     0     0     0     0     0     0     0     1     9    60   442  5679 15135  9777 10593  8395 15651  7686  5302
ch   69:      0     0     0     0     0     0     0     0     0     0     0     0     0     0     0     0     0     0     0     0     0     4    28   433  4089  7087 13494  8281 12971  8595  9159  9996
ch   70:      0     0     0     0     0     0     0     0     0     0     0     0     0     0     0     0     0     0     0     0     0     7    39   439  3536 15342  9075 10844 10832 14361 13350  7292
ch   71:      0     0     0     0     0     0     0     0     0     0     0     0     0     0     0     0     0     0     0     0     0     3    17   337  5553 11619 10580  9206 10547  3644  9330 13022
ch   72:      0     0     0     0     0     0     0     0     0     0     0     0     0     0     0     0     0     0     0     1     2     7    77   581  5190 13385 10364 10539 12516 11816  7917  6026
ch   73:      0     0     0     0     0     0     0     0     0     0     0     0     0     0     0     0     0     0     0     0     0     0    24   363  4312 10502  8816 12694  7002  7929 11346 11608
ch   74:      0     0     0     0     0     0     0     0     0     0     0     0     0     0     0     0     0     0     0     1     1     9    48   490  4579  8442  9991  9923 10300 11313 10300 11331
ch   75:      0     0     0     0     0     0     0     0     0     0     0     0     0     0     0     0     0     0     0     0     1     1    17   474  7284 11980  9166  8916  7887  9883  4290 14650
ch   76:      0     0     0     0     0     0     0     0     0     0     0     0     0     0     0     0     0     0     0     0     2    12    76   509  5737 14740  8661 11635  9346  6681 10967  9398
ch   77:      0     0     0     0     0     0     0     0     0     0     0     0     0     0     0     0     0     0     0     0     0     1    23   388  4519 10614 11807  4801 13788 10000 10398  9731
ch   78:      0     0     0     0     0     0     0     0     0     0     0     0     0     0     0     0     0     0     0     0     2     4    80   439  4482 12325  8293  3833 10008  6555 16075  8911
ch   79:      0     0     0     0     0     0     0     0     0     0     0     0     0     0     0     0     0     0     0     0     0     0    26   353  5411 12184  9419 12535 11385 10322 10111 12173
ch   80:      0     0     0     0     0     0     0     0     0     0     0     0     0     0     0     0     0     0     0     1     1     9    75   711  6921  8271 12319  7886 11532 13311  6725 10739
ch   81:      0     0     0     0     0     0     0     0     0     0     0     0     0     0     0     0     0     0     0     0     0     3    49   479  4242  9944 10064  7514 10037  5089  9601 13749
ch   82:      0     0     0     0     0     0     0     0     0     0     0     0     0     0     0     0     0     0     0     0     1     6    51   620  5242 10561 12180 11523 14158 10748  5516 12062
ch   83:      0     0     0     0     0     0     0     0     0     0     0     0     0     0     0     0     0     0     0     0     0     2    27   271  7807  9043  9774  8115 10253  9439 10585  8451
ch   84:      0     0     0     0     0     0     0     0     0     0     0     0     0     0     0     0     0     0     0     0     0    11    68   685  6695 11765 13149  7838  6411  9832 12618  8080
ch   85:      0     0     0     0     0     0     0     0     0     0     0     0     0     0     0     0     0     0     0     1     1     3    38   431  4542 12923 13779  8726 15732  6400  8967 10771
ch   86:      0     0     0     0     0     0     0     0     0     0     0     0     0     0     0     0     0     0     0     0     1    11    57   461  4709  3611 12688  6423  9639 10197 13018 10383
ch   87:      0     0     0     0     0     0     0     0     0     0     0     0     0     0     0     0     0     0     0     0     0     4    40   501  4759  9820 10934  9440  6889 11935 11035 10284
ch   88:      0     0     0     0     0     0     0     0     0     0     0     0     0     0     0     0     0     0     0     1     3    19   122   811  6914 14312 12979  8516 12573 14218  8048  7579
ch   89:      0     0     0     0     0     0     0     0     0     0     0     0     0     0     0     0     0     0     0     0     0     2    37   476  5485  8583  5506 10658  4372  6355 10087  9947
ch   90:      0     0     0     0     0     0     0     0     0     0     0     0     0     0     0     0     0     0     0     1     1    12    56   638  5912 13649 12547 13209 13778  5900 14439 10348
ch   91:      0     0     0     0     0     0     0     0     0     0     0     0     0     0     0     0     0     0     0     0     0     2    34   345  6582  4189  9446 15594  4999  7498 10617 12606
ch   92:      0     0     0     0     0     0     0     0     0     0     0     0     0     0     0     0     0     0     0     0     2    20   104   837  7118 11562  6136 12051  9795 11598  8114  8864
ch   93:      0     0     0     0     0     0     0     0     0     0     0     0     0     0     0     0     0     0     0     0     0     2    57   703  4451  6005  5237  6010  8609 13845 12576  6604
ch   94:      0     0     0     0     0     0     0     0     0     0     0     0     0     0     0     0     0     0     0     0     0    15   138  1106  5833  7212 12458  9173  9119  8661  9533 11139
ch   95:      0     0     0     0     0     0     0     0     0     0     0     0     0     0     0     0     0     0     0     0     0     2    63   753  6563 10369 13465  8466  9578  9359  8713 13043
ch   96:      0     0     0     0     0     0     0     0     0     0     0     0     0     0     0     0     0     0     0     1     2    17   115   670  8353  9672 10942 10320 10890  6920 12919 15058
ch   97:      0     0     0     0     0     0     0     0     0     0     0     0     0     0     0     0     0     0     0     0     0     3    39   547  6467  4526  9531  7218 11575 10177  9958  8878
ch   98:      0     0     0     0     0     0     0     0     0     0     0     0     0     0     0     0     0     0     0     0     3    11    99  1002  5399  2727  6948 10059  9256  6600  5556  8435
ch   99:      0     0     0     0     0     0     0     0     0     0     0     0     0     0     0     0     0     0     0     0     0     2    52   670  7228 13262 13352 17117 10167 12232 10037 10311
ch  100:      0     0     0     0     0     0     0     0     0     0     0     0     0     0     0     0     0     0     0     0     2    21   172   908  9430  5158 11167 15282  7847  5145 11441 14221
ch  101:      0     0     0     0     0     0     0     0     0     0     0     0     0     0     0     0     0     0     0     0     0     5    57   916  9282  4951  8627  8503 16854  4122 11963 12957
ch  102:      0     0     0     0     0     0     0     0     0     0     0     0     0     0     0     0     0     0     0     1    10    18   133   985 10121 16920 13624  9421 10613  4809 12800  5890
ch  103:      0     0     0     0     0     0     0     0     0     0     0     0     0     0     0     0     0     0     0     0     0     8    84   970  7804 14614 13315 12775 11497 11059 10828 10596
ch  104:      0     0     0     0     0     0     0     0     0     0     0     0     0     0     0     0     0     0     1     1     3    32   171  1333 12415 12323 10043 13819  8499  8349 13247 14001
ch  105:      0     0     0     0     0     0     0     0     0     0     0     0     0     0     0     0     0     0     0     0     1     6    69   780  9930 10890 13620 13308 14654  9321 13940 14328
ch  106:      0     0     0     0     0     0     0     0     0     0     0     0     0     0     0     0     0     0     0     2     8    32   201  1171  8916 16123  8550 13717  9727 12800 10948 15447
ch  107:      0     0     0     0     0     0     0     0     0     0     0     0     0     0     0     0     0     0     0     0     1    10    96   796  9677  8495  5077  9626 10822 11412  7566  8324
ch  108:      0     0     0     0     0     0     0     0     0     0     0     0     0     0     0     0     0     0     0     0    11    30   282  1666 13985 16082 12589 10555 12947  7776  9373  4905
ch  109:      0     0     0     0     0     0     0     0     0     0     0     0     0     0     0     0     0     0     0     0     3    19   212  2117 13767 13873  7616 11663 11568  5005  6259  9890
ch  110:      0     0     0     0     0     0     0     0     0     0     0     0     0     0     0     0     0     0     0     3    11    52   241  1804 11548 10944  7893 11031  8714 11589  6053  9656
ch  111:      0     0     0     0     0     0     0     0     0     0     0     0     0     0     0     0     0     0     0     0     0     0     0     0     0     0     0     0     0     3 16118     0
ch  112:      0     0     0     0     0     0     0     0     0     0     0     0     0     0     0     0     0     0     0     6    14    66   476  3305 12216 13921 13608 10927  6078  9458 13824  7908
ch  113:      0     0     0     0     0     0     0     0     0     0     0     0     0     0     0     0     0     0     0     0     0    15   221  1731  3534 10449 13848  8158 16146  7693 13175  9980
ch  114:      0     0     0     0     0     0     0     0     0     0     0     0     0     0     0     0     0     0     1     3     8    63   378  2400  2946 13273 10198 12278 12065 12168 13925 10087
ch  115:      0     0     0     0     0     0     0     0     0     0     0     0     0     0     0     0     0     0     0     0     1     9   135  1279 12066 12582 11215  6897 11527  6701  8327  8571
ch  116:      0     0     0     0     0     0     0     0     0     0     0     0     0     0     0     0     0     0     0     2     7    54   269  1806 14634 13098  7191 11834 10670  8682  5221  7194
ch  117:      0     0     0     0     0     0     0     0     0     0     0     0     0     0     0     0     0     0     0     0     4    13   124  1342 12941  9910  9945 12816  9164  9740 11046 11029
ch  118:      0     0     0     0     0     0     0     0     0     0     0     0     0     0     0     0     0     0     0     3    11    32   230  1150 12233 12388  3647  5901  4934  7732 13530 10689
ch  119:      0     0     0     0     0     0     0     0     0     0     0     0     0     0     0     0     0     0     0     0     1    13   104  1062 10519 11444  7834 12465 10419  5312  9476  6986
ch  120:      0     0     0     0     0     0     0     0     0     0     0     0     0     0     0     0     0     0     0     0    11    41   350  2268 13482  9953 12312  5548 11574  4294 11873 12244
ch  121:      0     0     0     0     0     0     0     0     0     0     0     0     0     0     0     0     0     0     0     0     1    13   123  1618  9104  4034 13632 12660 10334  5045  9027 11253
ch  122:      0     0     0     0     0     0     0     0     0     0     0     0     0     0     0     0     0     0     0     0    11    64   397  1160 13254  6963  6692  8569 12245  4721 14578  7706
ch  123:      0     0     0     0     0     0     0     0     0     0     0     0     0     0     0     0     0     0     0     1     4    21   164  1189 14771 10079 10909  8744 10962 13870  8284  9410
ch  124:      0     0     0     0     0     0     0     0     0     0     0     0     0     0     0     0     0     0     1     4    22    94   554  2437 16100 16123 11857 10648 17297  6004 14485 11993
ch  125:      0     0     0     0     0     0     0     0     0     0     0     0     0     0     0     0     0     0     0     0    12    66   298  3370 13966  4359 16445 11239  6680  8641  9924 14046
ch  126:      0     0     0     0     0     0     0     0     0     0     0     0     0     0     0     0     0     0     0     6    22   111   471  2518 15401 10791  8571 11779  5284  4932 12123 14990
ch  127:      0     0     0     0     0     0     0     0     0     0     0     0     0     0     1     5     7    43   130   407  1286  7243  3462  5285  7147  7018 10270 12385  5734 10903  8858 11662
