ch    0:      0     0     0     0     0     0     0     0     0     0     0     0     0     0     0     0     0     0     0     0     0     1    17    99   728  3534 15932 14225 10184 13754  9520   451
ch    1:      0     0     0     0     0     0     0     0     0     0     0     0     0     0     0     0     0     0     0     0     0     7    44   454  1828 11301 12918  5930  8604  6170  8507  2266
ch    2:      0     0     0     0     0     0     0     0     0     0     0     0     0     0     0     0     0     0     0     0     1     5    29   331  2141 10962  7553  9436 10157 14838  8723  4568
ch    3:      0     0     0     0     0     0     0     0     0     0     0     0     0     0     0     0     0     0     0     0     0     9    65   592  3914 10185  4431  7100 12256 11663  6539  7767
ch    4:      0     0     0     0     0     0     0     0     0     0     0     0     0     0     0     0     0     0     0     0     1     8    59   479  2620 13808  7944  5931 11076 13495 10755  9002
ch    5:      0     0     0     0     0     0     0     0     0     0     0     0     0     0     0     0     0     0     0     0     1    16   130   808  5619  8249 13628 13130  8616  9401 10212 13135
ch    6:      0     0     0     0     0     0     0     0     0     0     0     0     0     0     0     0     0     0     0     0     2    14   107   644  5396  6972  8158  8868  9180 10640  6947 11893
ch    7:      0     0     0     0     0     0     0     0     0     0     0     0     0     0     0     0     0     0     0     0     3    32   241  1229  7406  5157 10421 13397 10344 13592  8399 16565
ch    8:      0     0     0     0     0     0     0     0     0     0     0     0     0     0     0     0     0     0     0     0     2    10   167  1038  7037 12572 13089  8754 11559  9853  8384 14422
ch    9:      0     0     0     0     0     0     0     0     0     0     0     0     0     0     0     0     0     0     0     3     7    46   378  2031 10183 12339 11437  6298  8455  9907  6180  6558
ch   10:      0     0     0     0     0     0     0     0     0     0     0     0     0     0     0     0     0     0     0     1     7    39   255  1910  7929 10939  6587 10078  6264  9795 12295 18370
ch   11:      0     0     0     0     0     0     0     0     0     0     0     0     0     0     0     0     0     0     0     1    10    89   363  2757 11476  8436  8721 10627  7115 11467 10934  7738
ch   12:      0     0     0     0     0     0     0     0     0     0     0     0     0     0     0     0     0     0     0     1     3    40   250  1987 12355 11309 10051 10254  8538 12698 10134 14985
ch   13:      0     0     0     0     0     0     0     0     0     0     0     0     0     0     0     0     0     0     0     0     5    62   492  3760 12853 12751 12464 14327 11508  9148 10972 14191
ch   14:      0     0     0     0     0     0     0     0     0     0     0     0     0     0     0     0     0     0     0     0     5    42   232  1690 13403  9050 12594 10308 15148 11690  9632  6202
ch   15:      0     0     0     0     0     0     0     0     0     0     0     0     0     0     0     0     0     0     0     0     8    82   561  4203 10429  5601  9497 13589 13705 10698 12017 14365
ch   16:      0     0     0     0     0     0     0     0     0     0     0     0     0     0     0     0     0     0     0     0     9    42   364  2340 12962  9668  7218  8369 10094  8783 11066 14402
ch   17:      0     0     0     0     0     0     0     0     0     0     0     0     0     0     0     0     0     0     0     0     7    66   614  3819  7666 10025 11236 15891  9195 15291 13873 13954
ch   18:      0     0     0     0     0     0     0     0     0     0     0     0     0     0     0     0     0     0     0     0     5    56   385  2697 12500 10478 11381  8753 12074 10223  6612  5996
ch   19:      0     0     0     0     0     0     0     0     0     0     0     0     0     0     0     0     0     0     0     3     6    78   737  4041  7399 13158  6306 12887 14006 10609  9636  8560
ch   20:      0     0     0     0     0     0     0     0     0     0     0     0     0     0     0     0     0     0     0     0     8    59   454  2533  7481 13868  7395 13142  8266 11061 10947 12554
ch   21:      0     0     0     0     0     0     0     0     0     0     0     0     0     0     0     0     0     0     0     1    12    84   610  4206  8038 10620 14666 10393 10779 15218  5614 10150
ch   22:      0     0     0     0     0     0     0     0     0     0     0     0     0     0     0     0     0     0     0     0     8    87   788  4604 12161 11847  8051  4251  7398 10112  7591 12386
ch   23:      0     0     0     0     0     0     0     0     0     0     0     0     0     0     0     0     0     0     0     1    14   113   724  4798 11191 13382 12385  9891 10893  9835 10724 11447
ch   24:      0     0     0     0     0     0     0     0     0     0     0     0     0     0     0     0     0     0     0     0    12    73   608  5394  6227 11041  6944  7944  9484  8078 13011 11767
ch   25:      0     0     0     0     0     0     0     0     0     0     0     0     0     0     0     0     0     1     2     3    14   104   968  5537 11246 12178 11348 11254  9377 10542 15682  8353
ch   26:      0     0     0     0     0     0     0     0     0     0     0     0     0     0     0     0     0     0     0     0     6    56   484  4499  8834  6078  5616  9013 13841 10895 11594 14140
ch   27:      0     0     0     0     0     0     0     0     0     0     0     0     0     0     0     0     0     0     0     0    13   117   745  6656  9283  6962  3650 15374 12201 12258  7108  8689
ch   28:      0     0     0     0     0     0     0     0     0     0     0     0     0     0     0     0     0     0     0     0     9   103   721  4170  7756 12572 11491 10156  8958  9941  7610 12631
ch   29:      0     0     0     0     0     0     0     0     0     0     0     0     0     0     0     0     0     0     0     1    11   110   967  8577  9672  7438  5972 14543  9782  9402 13895  9991
ch   30:      0     0     0     0     0     0     0     0     0     0     0     0     0     0     0     0     0     0     0     0    18    95   729  5693 10410 11591  8591 11485 14130  7146  9048 13022
ch   31:      0     0     0     0     0     0     0     0     0     0     0     0     0     0     0     0     0     0     0     0    18   135   932  6270  9462 13452 13478 10845 11341 13474 11128 11234
ch   32:      0     0     0     0     0     0     0     0     0     0     0     0     0     0     0     0     0     0     0     0     9   101   889  5306 11744 11840  9080 13692  9241 14312  7434 16271
ch   33:      0     0     0     0     0     0     0     0     0     0     0     0     0     0     0     0     0     0     0     4    31   144  1462 10192  9471 13220 11401  4087 14000 11325  7208  9431
ch   34:      0     0     0     0     0     0     0     0     0     0     0     0     0     0     0     0     0     0     0     2    13    93   877  5799 13592 11918  9531 11478 12900 15086 12234 14440
ch   35:      0     0     0     0     0     0     0     0     0     0     0     0     0     0     0     0     0     0     0     1    22   238  1135  9381  8718 12954 11291  7264 10847 13245 13979 12727
ch   36:      0     0     0     0     0     0     0     0     0     0     0     0     0     0     0     0     0     0     0     1     7   108   682  6180 11681  9478  5046 11936  8141  8284 14515  9359
ch   37:      0     0     0     0     0     0     0     0     0     0     0     0     0     0     0     0     0     0     0     1     9   177   956  8354 12378  6720 10152  9756  9734 16403  6987 11777
ch   38:      0     0     0     0     0     0     0     0     0     0     0     0     0     0     0     0     0     0     0     3    11    94   825  8524 11821 11934 15496  9781 14025  8891 13300  9805
ch   39:      0     0     0     0     0     0     0     0     0     0     0     0     0     0     0     0     0     0     0     0    17   130  1104  8922  9131  6763  9363 12697  7458 12420 10721  8359
ch   40:      0     0     0     0     0     0     0     0     0     0     0     0     0     0     0     0     0     0     0     4     9   146  1111  7574 12421  5456  9801 10837 13875 13202 12333 13119
ch   41:      0     0     0     0     0     0     0     0     0     0     0     0     0     0     0     0     0     0     0     5    28   194  1471  9456  9520 12877 11507 10461 13397 11251  4743 12072
ch   42:      0     0     0     0     0     0     0     0     0     0     0     0     0     0     0     0     0     0     0     2    12    99   820  5505 10880 14296  8545 10734  8274  6500 10352  8207
ch   43:      0     0     0     0     0     0     0     0     0     0     0     0     0     0     0     0     0     0     0     2    19   239  1496  8590  9411 11777 12671  9725  7889 11675  8477 12063
ch   44:      0     0     0     0     0     0     0     0     0     0     0     0     0     0     0     0     0     0     0     1    15   154  1358  7135  8338  9915 14969  9482  9224  8768  8783  7984
ch   45:      0     0     0     0     0     0     0     0     0     0     0     0     0     0     0     0     0     0     1     4    21   321  2383 14601 11796 11124 13262 12922  6557  8430  7897 14021
ch   46:      0     0     0     0     0     0     0     0     0     0     0     0     0     0     0     0     0     0     1     3    30   195   992 10204 10573  7346 11516  4417  8513 10543  8613 14782
ch   47:      0     0     0     0     0     0     0     0     0     0     0     0     0     0     0     0     0     0     0     1    35   265  2670 15861  8707 15420  8018 10013  9557 10884  7152 10446
ch   48:      0     0     0     0     0     0     0     0     0     0     0     0     0     0     0     0     0     0     0     2    11   133  1474  6158 11006  7198  9056  8694 10907  8515  9636  6414
ch   49:      0     0     0     0     0     0     0     0     0     0     0     0     0     0     0     0     0     0     1     1    35   318  1692 14313  8371  8067 13812  9344  4469  6565  7327 10420
ch   50:      0     0     0     0     0     0     0     0     0     0     0     0     0     0     0     0     0     0     0     0     8   157  1066  6778  8437  5708 13480 11702  7397 10623 13856 13507
ch   51:      0     0     0     0     0     0     0     0     0     0     0     0     0     0     0     0     0     0     0     1    32   257  2268 14307  9220  9485 12150 13854  9728  5870 11115  8661
ch   52:      0     0     0     0     0     0     0     0     0     0     0     0     0     0     0     0     0     0     0     3    13   143  1519 10939 10797 11597 13348  5171  9736 10553 13108 13777
ch   53:      0     0     0     0     0     0     0     0     0     0     0     0     0     0     0     0     0     0     0     4    26   257  1908 10511 10579 13938  7661  9705 16132 13022  8759  9266
ch   54:      0     0     0     0     0     0     0     0     0     0     0     0     0     0     0     0     0     0     0     1    16    96  1167  7483 13803 12665  5600 11160 11287  9022  4986  6939
ch   55:      0     0     0     0     0     0     0     0     0     0     0     0     0     0     0     0     0     0     0     4    36   280  2220 13725 13192  9397 10959 12321  6519  7759  7245 13552
ch   56:      0     0     0     0     0     0     0     0     0     0     0     0     0     0     0     0     0     0     0     2    34   272  2054 10694 12842 13636 10511 10609 10756 10419 10450  9030
ch   57:      0     0     0     0     0     0     0     0     0     0     0     0     0     0     0     0     0     0     1    10    39   390  2971 17582 11030 10198 11053 15790 11434  8683  5965  5981
ch   58:      0     0     0     0     0     0     0     0     0     0     0     0     0     0     0     0     0     0     0     1    21   199  1340 12332 13007 11183 15554  9828  8965 11840  9459  5926
ch   59:      0     0     0     0     0     0     0     0     0     0     0     0     0     0     0     0     0     0     0     2    34   405  1906 15501 10887 11958 10959 13334 12587 10494 10567 13176
ch   60:      0     0     0     0     0     0     0     0     0     0     0     0     0     0     0     0     0     0     0     3    24   267  2180 12410  9244 10933  4026 14207  9869 12265  9919 16480
ch   61:      0     0     0     0     0     0     0     0     0     0     0     0     0     0     0     0     0     0     1     6    33   363  2734 15276 11627 12878 10174 12673  7027  9876  8317  9730
ch   62:      0     0     0     0     0     0     0     0     0     0     0     0     0     0     0     0     0     0     0     2    20   205  1778  9327 10384 11437  7594  7816 10750  8112 11666  6705
ch   63:      0     0     0     0     0     0     0     0     0     0     0     0     0     0     0     0     0     0     0     3    44   290  2765 16227  9527  6908 11015 12028 11445 17137 11901  7244
ch   64:      0     0     0     0     0     0     0     0     0     0     0     0     0     0     0     0     0     0     0     2     7   225  1991 10967 13133 14021  8688  8373  7139 10440  9638  8157
ch   65:      0     0     0     0     0     0     0     0     0     0     0     0     0     0     0     0     0     0     1     5    41   356  3226 15312 13245 11913  9513 11071 11135 11174 11697 12368
ch   66:      0     0     0     0     0     0     0     0     0     0     0     0     0     0     0     0     0     0     0     2    33   240  1851 13578 12243 13626 12269 13677 12185  9113  8038  8892
ch   67:      0     0     0     0     0     0     0     0     0     0     0     0     0     0     0     0     0     0     0     2    63   341  2599 14396 15071 13151 11425  7065  8933 14256 10302  7518
ch   68:      0     0     0     0     0     0     0     0     0     0     0     0     0     0     0     0     0     0     0     2    32   193  1972 10908  9109  8565  8438  9113  6235 11750  8308 16193
ch   69:      0     0     0     0     0     0     0     0     0     0     0     0     0     0     0     0     0     0     1     7    57   344  2977  8183  7825  5435 13300 12008  4179  9168 12702 11198
ch   70:      0     0     0     0     0     0     0     0     0     0     0     0     0     0     0     0     0     0     0     1    36   163  2301 11765  6079  8752  5993 14781 12627  7750 15475 11149
ch   71:      0     0     0     0     0     0     0     0     0     0     0     0     0     0     0     0     0     0     0     4    57   570  3678  9686 11594  7085 10338 12940  8684  5423 10831 10861
ch   72:      0     0     0     0     0     0     0     0     0     0     0     0     0     0     0     0     0     0     0     3    17   228  2314 14463 11163  9231 13017 15286  7383 12808 10058 10940
ch   73:      0     0     0     0     0     0     0     0     0     0     0     0     0     0     0     0     0     0     0     3    67   500  3686  9250  4512 13964  8969 12966  8233  5313  8621 14161
ch   74:      0     0     0     0     0     0     0     0     0     0     0     0     0     0     0     0     0     0     0     1    25   314  2032 16566 11301  7535 12341  9957 13612 12888  5683  8809
ch   75:      0     0     0     0     0     0     0     0     0     0     0     0     0     0     0     0     0     0     0     4    62   430  3686  6223  9584  5831 12388 12928 10100 14237 17101  6572
ch   76:      0     0     0     0     0     0     0     0     0     0     0     0     0     0     0     0     0     0     1     3    20   342  2305 13137 10586 14017 12332 10564 10303  8813  7596  8644
ch   77:      0     0     0     0     0     0     0     0     0     0     0     0     0     0     0     0     0     0     0     7    39   422  4260  4293  6851 17143 11011 10745 12780 12903 11146  8098
ch   78:      0     0     0     0     0     0     0     0     0     0     0     0     0     0     0     0     0     0     0     1    31   319  1955 14991 14544 12021  9448  7358 11607  7864  9981 11446
ch   79:      0     0     0     0     0     0     0     0     0     0     0     0     0     0     0     0     0     0     0     4    36   345  2005 14535  7680 14471 11878  3773  7906 10379 11298 11371
ch   80:      0     0     0     0     0     0     0     0     0     0     0     0     0     0     0     0     0     0     0     3    19   263  2537 13608 13497 10739  7483 13588 12653 11701 10005 12471
ch   81:      0     0     0     0     0     0     0     0     0     0     0     0     0     0     0     0     0     0     0     3    26   329  2692 16944  8395  6584 13677 14176  8496 14390 11409  8571
ch   82:      0     0     0     0     0     0     0     0     0     0     0     0     0     0     0     0     0     0     1     2    30   375  2508 14357  8409 10231 14473  8371  9372  9625 11883 12219
ch   83:      0     0     0     0     0     0     0     0     0     0     0     0     0     0     0     0     0     0     1     7    37   472  2724  3439  9966 13364 12223  8587  5044  9696 10079 11416
ch   84:      0     0     0     0     0     0     0     0     0     0     0     0     0     0     0     0     0     0     0     6    30   307  2399 14470  9383 10115 12943  7164 10653 10580 11180 13225
ch   85:      0     0     0     0     0     0     0     0     0     0     0     0     0     0     0     0     0     0     1     5    83   351  3511  9750 11442 11959  8562 10686 10864 11330 13625 11270
ch   86:      0     0     0     0     0     0     0     0     0     0     0     0     0     0     0     0     0     0     0     2    27   273  2152 14948 10703 11335  6700 10662  6483  9171 12630 10963
ch   87:      0     0     0     0     0     0     0     0     0     0     0     0     0     0     0     0     0     0     0     4    63   485  5175  6123  8146  9654  7330  9912 10746 11704  9586  6630
ch   88:      0     0     0     0     0     0     0     0     0     0     0     0     0     0     0     0     0     0     0     1    14   241  2141 13633 14052 10995 10356  8425 15196 11242 12175 11959
ch   89:      0     0     0     0     0     0     0     0     0     0     0     0     0     0     0     0     0     0     0    12    55   421  2576 13957 11529 11694  9340  6221  6720  5814 11406 11997
ch   90:      0     0     0     0     0     0     0     0     0     0     0     0     0     0     0     0     0     0     1     5    31   300  2566 14632  9615  9447  9178 12918 11649 12597  6228  8836
ch   91:      0     0     0     0     0     0     0     0     0     0     0     0     0     0     0     0     0     0     0     4    63   528  3134 10691  9961  8948 13545  7409 11723  8606 14819 12191
ch   92:      0     0     0     0     0     0     0     0     0     0     0     0     0     0     0     0     0     0     0     1    40   247  2202 15402  9500 13698  7624  5040  7389  6906 12827 10875
ch   93:      0     0     0     0     0     0     0     0     0     0     0     0     0     0     0     0     0     0     0     7    65   397  4206  8036 12797  8839  9275  7022  7524 12156 11948  9744
ch   94:      0     0     0     0     0     0     0     0     0     0     0     0     0     0     0     0     0     0     0     3    30   338  3401 16826  9925 14773 12291 10823  9059 10813  9498  9641
ch   95:      0     0     0     0     0     0     0     0     0     0     0     0     0     0     0     0     0     0     0     4    71   515  4031  6470 10230  5300 15731  8517 14873  6628  8340 15508
ch   96:      0     0     0     0     0     0     0     0     0     0     0     0     0     0     0     0     0     0     0     2    26   220  2001 14252 12400 11258 12658  8421 11767 10022  8630  7708
ch   97:      0     0     0     0     0     0     0     0     0     0     0     0     0     0     0     0     0     0     2     5   108   450  4330 12093 10673 11771  6538 10602  7859  4657  7274 10032
ch   98:      0     0     0     0     0     0     0     0     0     0     0     0     0     0     0     0     0     0     0     2    26   253  3086 15355  5169 14372 11060  8990 10789 10571  6900 11117
ch   99:      0     0     0     0     0     0     0     0     0     0     0     0     0     0     0     0     0     0     1     9    74   515  5239  9198  6303 14320 12904 17340  6524 13392  8194  8731
ch  100:      0     0     0     0     0     0     0     0     0     0     0     0     0     0     0     0     0     0     0     4    37   325  3586 14802 10429 13104 14019 11108 13865  7235 14073  6586
ch  101:      0     0     0     0     0     0     0     0     0     0     0     0     0     0     0     0     0     0     0     7    93   451  3699  7856 16110 14143 14436  8797 11804 15377 12013 12022
ch  102:      0     0     0     0     0     0     0     0     0     0     0     0     0     0     0     0     0     0     0     6    38   318  2671 14571  5282 13718 13270 10894  9594 11045 13389  7517
ch  103:      0     0     0     0     0     0     0     0     0     0     0     0     0     0     0     0     0     0     0     3    66   515  4822  5491 15374 10678  8181 14111  7903 11583 12313 13560
ch  104:      0     0     0     0     0     0     0     0     0     0     0     0     0     0     0     0     0     0     1     9    44   271  3022 15082  6632  7459  8364  8419 10896 14456 10555 13470
ch  105:      0     0     0     0     0     0     0     0     0     0     0     0     0     0     0     0     0     0     3     6    66   434  3559  5281 11412 12566 10556  4731 14338  5905  6239 10027
ch  106:      0     0     0     0     0     0     0     0     0     0     0     0     0     0     0     0     0     0     0     4    23   348  2120 17231 12331 11735 14679  7651 12166  6878  8005  2475
ch  107:      0     0     0     0     0     0     0     0     0     0     0     0     0     0     0     0     0     0     0    10    59   475  4684 12997 11788 11233  9258  7508  9568  8211  6819  9444
ch  108:      0     0     0     0     0     0     0     0     0     0     0     0     0     0     0     0     0     0     0     4    34   321  2399 17946  9270 11559 11767  7713 12611 10658 11176  7202
ch  109:      0     0     0     0     0     0     0     0     0     0     0     0     0     0     0     0     0     0     1     2    55   504  4763 10414  6748 10748 10193 16289  4991  7328  9606  7156
ch  110:      0     0     0     0     0     0     0     0     0     0     0     0     0     0     0     0     0     0     0     2    26   278  1852  4665 12803  7534  7396 10972  6211  9619  8718  6795
ch  111:      0     0     0     0     0     0     0     0     0     0     0     0     0     0     0     0     0     0     1    11    73   671  4338  9711  6855  9854  8354 12078  9947 13670 13727 13725
ch  112:      0     0     0     0     0     0     0     0     0     0     0     0     0     0     0     0     0     0     0     2    30   367  2351 16644  9239 13616 13704  9263  6438 12378 10491 18235
ch  113:      0     0     0     0     0     0     0     0     0     0     0     0     0     0     0     0     0     0     0     2    45   657  4125  7095  4499 13046 10982  7669  8751 12508  7475 10237
ch  114:      0     0     0     0     0     0     0     0     0     0     0     0     0     0     0     0     0     0     0     4    29   360  1645 17096 12650  7725 10023  9240  9076 10823  6552  8116
ch  115:      0     0     0     0     0     0     0     0     0     0     0     0     0     0     0     0     0     0     0     8    68   719  5019  4345  7566  8726 13355 10247  6223  6996 10288 10119
ch  116:      0     0     0     0     0     0     0     0     0     0     0     0     0     0     0     0     0     0     0     5    27   247  2017 15830 12471 10678  8110 13087  8484  4827  8450 12193
ch  117:      0     0     0     0     0     0     0     0     0     0     0     0     0     0     0     0     0     0     0     2    47   494  4862  7344  8576  6698 11709  7281 10313  7534 12468  6691
ch  118:      0     0     0     0     0     0     0     0     0     0     0     0     0     0     0     0     0     0     0     0    26   249  2596 16809 11568  9716 11095 11750 10065 11317 11226 12950
ch  119:      0     0     0     0     0     0     0     0     0     0     0     0     0     0     0     0     0     0     1     7    66   658  4627  4818  8778  8937 13085 15062  7892 11504  8675 10822
ch  120:      0     0     0     0     0     0     0     0     0     0     0     0     0     0     0     0     0     0     1     3    29   335  2263 15482  7587 10822 11072 12965 10540  9856  8227 15001
ch  121:      0     0     0     0     0     0     0     0     0     0     0     0     0     0     0     0     0     0     0     2    31   377  3979  7443  9365 10295 10341  7338 12239  8331 12337 10902
ch  122:      0     0     0     0     0     0     0     0     0     0     0     0     0     0     0     0     0     0     0     2    35   348  2639  4905  9247 11594 10394 16245 10975  9930 11015  7883
ch  123:      0     0     0     0     0     0     0     0     0     0     0     0     0     0     0     0     0     0     1     8    69   489  4336  8594  9491  9414  7944  8010 10014  9943  8032 11609
ch  124:      0     0     0     0     0     0     0     0     0     0     0     0     0     0     0     0     0     0     0     4    35   299  3141 16720 10062 11962 12524 11646  8635 12034  6613 14520
ch  125:      0     0     0     0     0     0     0     0     0     0     0     0     0     0     0     0     0     0     0     3    68   601  4380  4952  9476 11000 12823 10409  7255 11415 10331  8583
ch  126:      0     0     0     0     0     0     0     0     0     0     0     0     0     0     0     0     0     0     0     2    17   318  1923 18392 15178 11157 10929 13077 12176 12554  7821 18168
ch  127:      0     0     0     0     0     0     0     0     0     0     0     0     0     0     0     0     0     0     2    16    88   818  5316 17115 13305 16562  8819 14974 14059  8377 10076 12181
