ch    0:      0     0     0     0     0     0     0     0     0     0     0     0     0     0     0     0     0     0     3     9    42   224  1191  4151 11174 13482 10730  6284  9789 15251  9865 13699
ch    1:      0     0     0     0     0     0     0     0     0     0     0     0     0     0     0     0     0     0     2     4    20   132   739  3050 14031  5577 14123  9595  8074  6242 10072  7006
ch    2:      0     0     0     0     0     0     0     0     0     0     0     0     0     0     0     0     0     0     0     2    53   254  1835  5486 12760 10280 12123 11208 11368 10225 12730 12748
ch    3:      0     0     0     0     0     0     0     0     0     0     0     0     0     0     0     0     0     0     0     5    46   242  1635  7099 12868 12396  7722 12091 11871  7281 11956 14385
ch    4:      0     0     0     0     0     0     0     0     0     0     0     0     0     0     0     0     0     0     0    10    52   305  2536  9553  9542  7892 11450 11540  8514 12437 12449  9224
ch    5:      0     0     0     0     0     0     0     0     0     0     0     0     0     0     0     0     0     0     0     9    44   174  2462 10723  8478  8664 14421  8345  8314  9325 12332 11376
ch    6:      0     0     0     0     0     0     0     0     0     0     0     0     0     0     0     0     0     0     0     8    47   472  2240 10308  7418  9781 14401  9485  5121  6738 13914 14960
ch    7:      0     0     0     0     0     0     0     0     0     0     0     0     0     0     0     0     0     0     0     6    65   369  1803 10225  8227 10770 10160 12022 13551 11353 10103  5765
ch    8:      0     0     0     0     0     0     0     0     0     0     0     0     0     0     0     0     0     0     1    10    78   474  1973 13684 15770 10048 11971  6787  9631  9804  7998  9727
ch    9:      0     0     0     0     0     0     0     0     0     0     0     0     0     0     0     0     0     0     2    11   114   947  4231  8083 13273 12019 10005  9639 10894 11726  7125 14245
ch   10:      0     0     0     0     0     0     0     0     0     0     0     0     0     0     0     0     0     0     2    18   143   851  3668 10307  7523 10606 16897 13670 11971 10517 10399 15972
ch   11:      0     0     0     0     0     0     0     0     0     0     0     0     0     0     0     0     0     0     1    17   152   605  4830 13254  7994 11543  7342 12696 13188 11921 10920  7904
ch   12:      0     0     0     0     0     0     0     0     0     0     0     0     0     0     0     0     0     0     2    24   154  1244  7345  9133  9952  7886 11993 10722  7500 16190 11460 18069
ch   13:      0     0     0     0     0     0     0     0     0     0     0     0     0     0     0     0     0     0     2    18   119   840  3785  9015  7017  8120  9765 11263  5540 13841 17511  5534
ch   14:      0     0     0     0     0     0     0     0     0     0     0     0     0     0     0     0     0     0     0    14   182  1025  7278  8082 10750 17074  5928  8021  9449  7140 14041 13580
ch   15:      0     0     0     0     0     0     0     0     0     0     0     0     0     0     0     0     0     0     0    27   173   661  4892  9345 10908 13154  7799  8483 11940 13669  8754 14783
ch   16:      0     0     0     0     0     0     0     0     0     0     0     0     0     0     0     0     0     1     2    24   118  1244  6192  7542  9746  6736 10046 12190 12824 13172  8814 10758
ch   17:      0     0     0     0     0     0     0     0     0     0     0     0     0     0     0     0     0     0     0     1     3    10   128  1639 10945  7146  9591 10801 15898  7063 10539  8621
ch   18:      0     0     0     0     0     0     0     0     0     0     0     0     0     0     0     0     0     0     0     0     2    33   191  1180 11036 10195 10478  9659 13296  8978  5898 17902
ch   19:      0     0     0     0     0     0     0     0     0     0     0     0     0     0     0     0     0     0     0     0     4    21   204  1603 12707 13201  6840 13311  9852 13005  9184 15190
ch   20:      0     0     0     0     0     0     0     0     0     0     0     0     0     0     0     0     0     0     0     0     1    45   240  2101 15842  7136 10143  8485  9428  4965 10440 12686
ch   21:      0     0     0     0     0     0     0     0     0     0     0     0     0     0     0     0     0     0     0     1     4    36   298  2763 14275 15668  9580  6726 12283  6642  3514 10877
ch   22:      0     0     0     0     0     0     0     0     0     0     0     0     0     0     0     0     0     0     0     1     6    29   381  2135  8608  8383 17064  8104  8221 13030 10093  8787
ch   23:      0     0     0     0     0     0     0     0     0     0     0     0     0     0     0     0     0     0     0     1     1    22   254  1654 15821 10468  7177  7903 12916 10328 13494 12314
ch   24:      0     0     0     0     0     0     0     0     0     0     0     0     0     0     0     0     0     0     0     0     3    31   653  2710 10035 12447 14039 11721 12650 11088  6196 17227
ch   25:      0     0     0     0     0     0     0     0     0     0     0     0     0     0     0     0     0     0     0     0     2    11   308  2902 12071 10037  7871 10818  7253  6670 11402  9982
ch   26:      0     0     0     0     0     0     0     0     0     0     0     0     0     0     0     0     0     0     0     2     5    53   404  1981  9404 11177 11537 12012  9417 14994  9735 13987
ch   27:      0     0     0     0     0     0     0     0     0     0     0     0     0     0     0     0     0     0     0     0     3    32   361  2627  9698  9089  9776 15373 12048 12742  6368 11836
ch   28:      0     0     0     0     0     0     0     0     0     0     0     0     0     0     0     0     0     0     0     0     5    35   306  3519 11431 12216  8563  9762  6450  8505 14543  6638
ch   29:      0     0     0     0     0     0     0     0     0     0     0     0     0     0     0     0     0     0     0     0     1    27   290  2504 12189  7912  6641  7848 12530 14035  8571 12201
ch   30:      0     0     0     0     0     0     0     0     0     0     0     0     0     0     0     0     0     0     1     1     6    71   426  2162  5397 10304 13230 15042 12147 13144 15434 11161
ch   31:      0     0     0     0     0     0     0     0     0     0     0     0     0     0     0     0     0     0     0     1     4    31   274  2511  9781 11740 11352 10898 17498  9677  9465 10066
ch   32:      0     0     0     0     0     0     0     0     0     0     0     0     0     0     0     0     0     0     0     0     2    40   423  3669 10162  9119 10190 11658 12992  9390  8711  7593
ch   33:      0     0     0     0     0     0     0     0     0     0     0     0     0     0     0     0     0     0     0     0     1    44   315  2690 12563 13088  7740 10750  9469 12591 11812  7552
ch   34:      0     0     0     0     0     0     0     0     0     0     0     0     0     0     0     0     0     0     0     0     4    32   482  3312 13141  8252 13092 12086  9859  8091  7052 10152
ch   35:      0     0     0     0     0     0     0     0     0     0     0     0     0     0     0     0     0     0     0     0     2    33   432  2959  7953 11857  9233 10962 11515 10605 14142 11430
ch   36:      0     0     0     0     0     0     0     0     0     0     0     0     0     0     0     0     0     0     0     0     3    50   690  3470  9488 12498 12844 10351 12010  9274  9030 15456
ch   37:      0     0     0     0     0     0     0     0     0     0     0     0     0     0     0     0     0     0     0     0     2    55   568  4699  4649  9011 10931  7483 13204 10092  8622  6461
ch   38:      0     0     0     0     0     0     0     0     0     0     0     0     0     0     0     0     0     0     0     1    10    43   460  3724 12335 14557  8123 10233  7048  6720 11627  5082
ch   39:      0     0     0     0     0     0     0     0     0     0     0     0     0     0     0     0     0     0     0     0     8    48   512  3660 11612  9522  9182 10071 11103 10729  8161  5422
ch   40:      0     0     0     0     0     0     0     0     0     0     0     0     0     0     0     0     0     0     0     0     2    55   394  3588 11965 14356 14319  8321  6894  6903 13645 10008
ch   41:      0     0     0     0     0     0     0     0     0     0     0     0     0     0     0     0     0     0     0     0     3    33   549  2898  4936 10743  6688 12482  6765 10488  8460 13975
ch   42:      0     0     0     0     0     0     0     0     0     0     0     0     0     0     0     0     0     0     0     1     9    61   518  4355  4939 11498 12174  7324  5828  9506 15921 14336
ch   43:      0     0     0     0     0     0     0     0     0     0     0     0     0     0     0     0     0     0     0     0     6    65   409  3681  8215  6782 11595 14316  8599  9767  9321 16013
ch   44:      0     0     0     0     0     0     0     0     0     0     0     0     0     0     0     0     0     0     0     1     5    81   458  4603  3970  4585 12405 10314 10474 15125 11065  7893
ch   45:      0     0     0     0     0     0     0     0     0     0     0     0     0     0     0     0     0     0     0     1     9    60   443  5021 14426  5198  8283  9753  8945 10844 13288  3951
ch   46:      0     0     0     0     0     0     0     0     0     0     0     0     0     0     0     0     0     0     0     1    11   110   787  4538  9667 12210  9315 12369 11180 11760 11273  8587
ch   47:      0     0     0     0     0     0     0     0     0     0     0     0     0     0     0     0     0     0     0     0     8    77   835  7376 14377  6812 10375 13790  9839 12448  8501  6443
ch   48:      0     0     0     0     0     0     0     0     0     0     0     0     0     0     0     0     0     0     0     0     4   144   987  4918 18152 11305 10515 12519  6629 10932  9399 15231
ch   49:      0     0     0     0     0     0     0     0     0     0     0     0     0     0     0     0     0     0     0     0    13    57   698  6063  7444  5738 13978 11706 13739  9212  8216 12551
ch   50:      0     0     0     0     0     0     0     0     0     0     0     0     0     0     0     0     0     0     0     0    11   130   966  7345 14990  8795 17425  7631  9445  8066  8143 10675
ch   51:      0     0     0     0     0     0     0     0     0     0     0     0     0     0     0     0     0     0     0     0    10    83   692  6715  5891 12554  8804  2800 12798 10053  9619 15026
ch   52:      0     0     0     0     0     0     0     0     0     0     0     0     0     0     0     0     0     0     0     1     4    94   538  4824 11387 11248 10146 12789  7040 10770  9372  4111
ch   53:      0     0     0     0     0     0     0     0     0     0     0     0     0     0     0     0     0     0     0     0     9    59   818  6055  6515 14609 15121 13122  9690 14202 10322 14526
ch   54:      0     0     0     0     0     0     0     0     0     0     0     0     0     0     0     0     0     0     0     2     7   104   844  5852 15660 10053  9091  9526  8049  7889 13695 16630
ch   55:      0     0     0     0     0     0     0     0     0     0     0     0     0     0     0     0     0     0     0     0     6    56   615  5483 16478  9692 13354  3402 13980 14024  8900  5088
ch   56:      0     0     0     0     0     0     0     0     0     0     0     0     0     0     0     0     0     0     0     0    15   140  1109  5804  5325  8692 13281  7764 11614  9958  7552  8371
ch   57:      0     0     0     0     0     0     0     0     0     0     0     0     0     0     0     0     0     0     0     1     9    79   605  6148 14327  8955 13184 10747  6932  7229  6175 11935
ch   58:      0     0     0     0     0     0     0     0     0     0     0     0     0     0     0     0     0     0     0     0    11   155   865  6177 13678 12686  8116 10318 12034  8027 13517  6401
ch   59:      0     0     0     0     0     0     0     0     0     0     0     0     0     0     0     0     0     0     0     1     7    72   802  4688 11282  8542  7122  9743 13639  9101  8806  8856
ch   60:      0     0     0     0     0     0     0     0     0     0     0     0     0     0     0     0     0     0     0     2    13    76   792  6257  9438 14763  9821  7038 12013 12106  5549 13783
ch   61:      0     0     0     0     0     0     0     0     0     0     0     0     0     0     0     0     0     0     0     0    12    86   939  5776  8730 14612 10137  7384  8572 12128  7118  8341
ch   62:      0     0     0     0     0     0     0     0     0     0     0     0     0     0     0     0     0     0     0     3    16    82   929  6215  9139 13293 10181  9878 13206  9331 12949  9608
ch   63:      0     0     0     0     0     0     0     0     0     0     0     0     0     0     0     0     0     0     0     0     7    88  1069  5722 14135 10690 11859 15050 11107  7974  8590  9926
ch   64:      0     0     0     0     0     0     0     0     0     0     0     0     0     0     0     0     0     0     1     3    15   127  1102  6819  7018 12900 14183  9604 12285 15729 12275 17219
ch   65:      0     0     0     0     0     0     0     0     0     0     0     0     0     0     0     0     0     0     0     1    10    83  1032  5631 13755 11507 11231 10574 15349  6622 13339 11752
ch   66:      0     0     0     0     0     0     0     0     0     0     0     0     0     0     0     0     0     0     0     1    12   102   845  6508  5400  9246  9851  9177  7736 12668  8699 12839
ch   67:      0     0     0     0     0     0     0     0     0     0     0     0     0     0     0     0     0     0     0     0     8    78  1071  7001  7540 13000 12663  5979  8293  9092 10318  5861
ch   68:      0     0     0     0     0     0     0     0     0     0     0     0     0     0     0     0     0     0     0     0    14   106   880  8839  8693 15917 16106  5859  7552 10532  9154  7632
ch   69:      0     0     0     0     0     0     0     0     0     0     0     0     0     0     0     0     0     0     0     0    16    79   663  6440 10127  6692  7245  7259  8308 14988 11688  8425
ch   70:      0     0     0     0     0     0     0     0     0     0     0     0     0     0     0     0     0     0     0     1    17   132  1126  6532 12593  7860  9902 13945 10814 12639 12857  9058
ch   71:      0     0     0     0     0     0     0     0     0     0     0     0     0     0     0     0     0     0     0     0     1    72   873  7197 16032 10777 11570 11492 12276 12048  7670 14563
ch   72:      0     0     0     0     0     0     0     0     0     0     0     0     0     0     0     0     0     0     0     1     7    89  1314  7366 12441 10472  8919 10715 12992 11784  9949  7306
ch   73:      0     0     0     0     0     0     0     0     0     0     0     0     0     0     0     0     0     0     0     0     8   100   713  5653 13432  9226 12693 10159  8025 12702 11459  7754
ch   74:      0     0     0     0     0     0     0     0     0     0     0     0     0     0     0     0     0     0     0     1     8   160  1031  7423  6427 11512 12564 16734 11148  7073  9070  7310
ch   75:      0     0     0     0     0     0     0     0     0     0     0     0     0     0     0     0     0     0     0     1    10   106   981  8810 10647 13665  7748  8388  7450  7362 11775 14377
ch   76:      0     0     0     0     0     0     0     0     0     0     0     0     0     0     0     0     0     0     0     2     6    85  1155  5892  5894  7795  8247  8948 13291 13725 11558 11564
ch   77:      0     0     0     0     0     0     0     0     0     0     0     0     0     0     0     0     0     0     0     2     8   100  1127 11363 13015 10907  9945  9601  9197  7210 14978  6443
ch   78:      0     0     0     0     0     0     0     0     0     0     0     0     0     0     0     0     0     0     0     1    10   121   801  6911  8204  9588 13495 11425  5536  8584 13203  8024
ch   79:      0     0     0     0     0     0     0     0     0     0     0     0     0     0     0     0     0     0     0     0     9    82  1094  8161 11677  9949 13542  9883 11617  9251  7729 17168
ch   80:      0     0     0     0     0     0     0     0     0     0     0     0     0     0     0     0     0     0     0     0    16    87  1363  7740 13350 13794  8950  7911  9077  7638 12599 13494
ch   81:      0     0     0     0     0     0     0     0     0     0     0     0     0     0     0     0     0     0     0     0    10    76  1314  8625 11388  8860  8122  8944 11271 14227  3489 11782
ch   82:      0     0     0     0     0     0     0     0     0     0     0     0     0     0     0     0     0     0     0     1    13   105  1269  7771  5596 14455  9769 12816  6316 10095  9011  3800
ch   83:      0     0     0     0     0     0     0     0     0     0     0     0     0     0     0     0     0     0     0     0     8   142   972  7386 13560 10218 14017 12920 10166  9257  7602 10209
ch   84:      0     0     0     0     0     0     0     0     0     0     0     0     0     0     0     0     0     0     0     1    13   154   941  8439 13161 11796 10386 10262  9385  5200  6669  6327
ch   85:      0     0     0     0     0     0     0     0     0     0     0     0     0     0     0     0     0     0     0     0    10   154  1326  9239 11855  9287 11076 11910  7345 12483  8434  4251
ch   86:      0     0     0     0     0     0     0     0     0     0     0     0     0     0     0     0     0     0     1     1    18   210  1259 10867 13527 10735 13604 11329  9606 11640  9712 16095
ch   87:      0     0     0     0     0     0     0     0     0     0     0     0     0     0     0     0     0     0     0     1    17   111  1248  8217 13608 13033  8813  8504  7625 13287 10125  4271
ch   88:      0     0     0     0     0     0     0     0     0     0     0     0     0     0     0     0     0     0     0     2    10    85  1231 14228 11640  8667  6208  8472  9396  9278 11524  7666
ch   89:      0     0     0     0     0     0     0     0     0     0     0     0     0     0     0     0     0     0     0     2    12    79   870  7038  8449 11663  9216 10044  9521  7426 14669 13262
ch   90:      0     0     0     0     0     0     0     0     0     0     0     0     0     0     0     0     0     0     0     2    13   158  1453  8887  8288  6783  7024  9805  9151 13312 12497 12575
ch   91:      0     0     0     0     0     0     0     0     0     0     0     0     0     0     0     0     0     0     0     1     7   100  1161 10768  6360 10437  9834 12967 10372 12286 13274 13393
ch   92:      0     0     0     0     0     0     0     0     0     0     0     0     0     0     0     0     0     0     0     1     8   135  1052  7417 11932  9369  9713 12680  7916 10176  3741 14677
ch   93:      0     0     0     0     0     0     0     0     0     0     0     0     0     0     0     0     0     0     0     2    19   118  1661  9120  7419  7885 10668 14187 13525  9187  9425 12441
ch   94:      0     0     0     0     0     0     0     0     0     0     0     0     0     0     0     0     0     0     0     2    18    93  1133  9476 12750 10851 12950  9841  9596  8524 11031 15105
ch   95:      0     0     0     0     0     0     0     0     0     0     0     0     0     0     0     0     0     0     0     0    11   114  1437 15821  6394  9834 14059 12698 10668  8926  7350 13704
ch   96:      0     0     0     0     0     0     0     0     0     0     0     0     0     0     0     0     0     0     0     0    19   146  1623  9505  9174  7189 10349  7203  9855 14200  7928 10035
ch   97:      0     0     0     0     0     0     0     0     0     0     0     0     0     0     0     0     0     0     0     2    12    70  1220  7766 13521  9384 16602 11146  7189 15019 12263  6728
ch   98:      0     0     0     0     0     0     0     0     0     0     0     0     0     0     0     0     0     0     0     0    20    87  1393  8972 13811 10020 13529  9325  7428 13214 11400 10949
ch   99:      0     0     0     0     0     0     0     0     0     0     0     0     0     0     0     0     0     0     0     1     7   140  1353 10554  6259 10680  7646  8677  6139 13024 13271 14176
ch  100:      0     0     0     0     0     0     0     0     0     0     0     0     0     0     0     0     0     0     0     1    12   183  1466 11517  8230  5678 10025 10067 12930 14424 12292  8091
ch  101:      0     0     0     0     0     0     0     0     0     0     0     0     0     0     0     0     0     0     0     1     9    93   912  8211 11774  9250  8733  8145 13252 16224 14116  8665
ch  102:      0     0     0     0     0     0     0     0     0     0     0     0     0     0     0     0     0     0     0     0     7   142  1035  7836  9008  8263 12610  8213 10163 12904 13546  9003
ch  103:      0     0     0     0     0     0     0     0     0     0     0     0     0     0     0     0     0     0     0     1    16   134  1480 11275  9819 17509 15792 11787  8286  7325  9529  8472
ch  104:      0     0     0     0     0     0     0     0     0     0     0     0     0     0     0     0     0     0     0     1    13   145  1127  8562 11048 12778  8461  6058  8897 10298  7128  8618
ch  105:      0     0     0     0     0     0     0     0     0     0     0     0     0     0     0     0     0     0     0     1    10   152  1860 16250  8483  9316  8844 11217 12601 10933  8375 12753
ch  106:      0     0     0     0     0     0     0     0     0     0     0     0     0     0     0     0     0     0     0     2    25   291  1665 13940  8143 11421 10525  9200 10623 11116 10857 12690
ch  107:      0     0     0     0     0     0     0     0     0     0     0     0     0     0     0     0     0     0     1     3    14   124  1741 12254  9730 10739  9728  8630  7863  6557  5200 10946
ch  108:      0     0     0     0     0     0     0     0     0     0     0     0     0     0     0     0     0     0     1     3    23   161  1135  9498  9985  9837 14878 10019 10896 12171 10065  6565
ch  109:      0     0     0     0     0     0     0     0     0     0     0     0     0     0     0     0     0     0     0     0    12   154  1731 10965  6081 11634  7360 10189  7210  9859 10370 13724
ch  110:      0     0     0     0     0     0     0     0     0     0     0     0     0     0     0     0     0     0     0     1    20   210  1835 10628 13614  4415  9985 11651  7271 17238 12921 11314
ch  111:      0     0     0     0     0     0     0     0     0     0     0     0     0     0     0     0     0     0     0     2    17   140  1470 13572  9258 13066 11086 10135  8022 13599  8584 10720
ch  112:      0     0     0     0     0     0     0     0     0     0     0     0     0     0     0     0     0     0     0     0    21   159  1775 14241 11128 11571  5443 12628 10820 12412 14337 12127
ch  113:      0     0     0     0     0     0     0     0     0     0     0     0     0     0     0     0     0     0     0     1    16   157  2309 12873  6698 11951  6948 11003 11201 13471  9409 13464
ch  114:      0     0     0     0     0     0     0     0     0     0     0     0     0     0     0     0     0     0     0     0    21   187  1485 12483 12614 11367  7205  9743 12117 10526 10477 12482
ch  115:      0     0     0     0     0     0     0     0     0     0     0     0     0     0     0     0     0     0     0     2    12   185  2052 15497  5020  9715 12814  4436  9937  9769  9883  9415
ch  116:      0     0     0     0     0     0     0     0     0     0     0     0     0     0     0     0     0     0     0     0    18   133  1657 10859  5394 11605  6978 15350  6277 12067 10637 11244
ch  117:      0     0     0     0     0     0     0     0     0     0     0     0     0     0     0     0     0     0     0     3    13   245  1777 15240 14746 14172  9351  8268 13478  2973  9891 10404
ch  118:      0     0     0     0     0     0     0     0     0     0     0     0     0     0     0     0     0     0     0     1    15   120  1135  9175 11322 10913 11965  9857  9386  7829 10704 15192
ch  119:      0     0     0     0     0     0     0     0     0     0     0     0     0     0     0     0     0     0     0     0    10   176  1905 11591 11164 10344  9236  7616 10411 10013 12568 10040
ch  120:      0     0     0     0     0     0     0     0     0     0     0     0     0     0     0     0     0     0     0     1    23   189  2103 14801 13788  9225  9818  8727  6857  9165 11713 10483
ch  121:      0     0     0     0     0     0     0     0     0     0     0     0     0     0     0     0     0     0     0     0    28   236  1526 12560  8305 10870 10335 11990  6308 10134  5506  8951
ch  122:      0     0     0     0     0     0     0     0     0     0     0     0     0     0     0     0     0     0     0     1    18   138  1488 11560  9307 10190 13126 15919  9100 13467 11422  9610
ch  123:      0     0     0     0     0     0     0     0     0     0     0     0     0     0     0     0     0     0     0     2    17   160  1717 13008  4772 10853  6150  9758  9489  6963 11187  8424
ch  124:      0     0     0     0     0     0     0     0     0     0     0     0     0     0     0     0     0     0     0     4    22   243  2135 16477 13188 10605 12062  7077  7021 15979  9974  8263
ch  125:      0     0     0     0     0     0     0     0     0     0     0     0     0     0     0     0     0     0     0     7    42   395  4667  5635 17009  9400 12938 12195 13229 15340  5354 10808
ch  126:      0     0     0     0     0     0     0     0     0     0     0     0     0     0     0     0     0     0     2     2    25   378  2375 13132  5450  7847 13182 12774  8311  3991 13544  7292
ch  127:      0     0     0     0     0     0     0     0     0     0     0     0     0     0     0     0     0     0     0     1    48   322  3379 15240  3659  9254  4708  9391  7542 11680 12369  8103
