ch    0:      0     0     0     0     0     0     0     0     0     0     0     0     0     0     0     0     0     0     0     0     2     7    50   425  2240 12374 10949 11867 17309 14840  7988  1063
ch    1:      0     0     0     0     0     0     0     0     0     0     0     0     0     0     0     0     0     0     0     0     3    19   129   862  5919 15299  8601  9763  9378 10288  7913 12074
ch    2:      0     0     0     0     0     0     0     0     0     0     0     0     0     0     0     0     0     0     0     0     1    21   206   979  6146  4778 14570 10234  9365 11237 11066 11684
ch    3:      0     0     0     0     0     0     0     0     0     0     0     0     0     0     0     0     0     0     1     1     9    48   295  2081  8555 15069  7519 12633 12713  7000  9137  8739
ch    4:      0     0     0     0     0     0     0     0     0     0     0     0     0     0     0     0     0     0     0     0     2    22   163  1194  6527 14078 10493  8266  6780  6390 12136 16464
ch    5:      0     0     0     0     0     0     0     0     0     0     0     0     0     0     0     0     0     0     0     1     6    40   348  2296 12646 11096  8696 10854 10619 11376  8106  2202
ch    6:      0     0     0     0     0     0     0     0     0     0     0     0     0     0     0     0     0     0     0     1     5    50   318  2777 10255  9007  5247  6755 13734  6044 11363  3783
ch    7:      0     0     0     0     0     0     0     0     0     0     0     0     0     0     0     0     0     0     0     0    15    82   508  3039 18109  5200  8553  8756  6472 10151 13338  8016
ch    8:      0     0     0     0     0     0     0     0     0     0     0     0     0     0     0     0     0     0     0     1   373    64   323  3195 14946  6799  5092  8004  8926 15797 11454 11716
ch    9:      0     0     0     0     0     0     0     0     0     0     0     0     0     0     0     0     0     0     0     1    15   120   943  4404  3868 12108  9551  9673 15816  6298  9601  8941
ch   10:      0     0     0     0     0     0     0     0     0     0     0     0     0     0     0     0     0     0     0     2    12    70   541  2528  8566  9407 10508 10733  8492 14297  8984  5946
ch   11:      0     0     0     0     0     0     0     0     0     0     0     0     0     0     0     0     0     0     0     1    18   118   862  5980  9027 14963 11793 11207 14211 13500 12786  9989
ch   12:      0     0     0     0     0     0     0     0     0     0     0     0     0     0     0     0     0     0     0     1    21   116   818  4533  2482 10810  4893  7190 12217  9412  6748  9231
ch   13:      0     0     0     0     0     0     0     0     0     0     0     0     0     0     0     0     0     0     0     4    20   171   972  6647 15709  9436 10805  3059 11573  6540  4880 13863
ch   14:      0     0     0     0     0     0     0     0     0     0     0     0     0     0     0     0     0     0     1     7    35   171   794  4957  8223  7252 12608  7722  7135 11662 12145  5234
ch   15:      0     0     0     0     0     0     0     0     0     0     0     0     0     0     0     0     0     0     0     2    21   216  1647  7876 15385  9492  6500  5301 11710 11161  6347  4607
ch   16:      0     0     0     0     0     0     0     0     0     0     0     0     0     0     0     0     0     0     0     1    13   150   993  5788  7436  8373  8189  6471  7336  9112 11155  2720
ch   17:      0     0     0     0     0     0     0     0     0     0     0     0     0     0     0     0     0     0     1     3    22   212  1936  7370 16546 13800 12370 11168 13110  7490  9939 13751
ch   18:      0     0     0     0     0     0     0     0     0     0     0     0     0     0     0     0     0     0     0     3    32   240  1419  7013 16064 17067 10101 11000 11295 10105  8292 17528
ch   19:      0     0     0     0     0     0     0     0     0     0     0     0     0     0     0     0     0     0     0     2    28   192  1681 10928  5359  5360  8521  8382  3647  7900  8447  9297
ch   20:      0     0     0     0     0     0     0     0     0     0     0     0     0     0     0     0     0     0     0     7    28   224  1496  9714 15170 15258  9634 13421 14990  9413 13614  1450
ch   21:      0     0     0     0     0     0     0     0     0     0     0     0     0     0     0     0     0     0     0     3    36   372  1459 11364  1751 12137 12845  8961  4405 10101 10199  2449
ch   22:      0     0     0     0     0     0     0     0     0     0     0     0     0     0     0     0     0     0     2     7    28   241  1468  5930  2948  9533  4048  8405 10036 10157  6993 14734
ch   23:      0     0     0     0     0     0     0     0     0     0     0     0     0     0     0     0     0     0     0     5    31   313  2132 12302  9078  7834 10680  9564  8861 11829  8865  6956
ch   24:      0     0     0     0     0     0     0     0     0     0     0     0     0     0     0     0     0     0     0     7    38   343  2651 10978 13819  8538  5927  9274 10231  5540  2977 12536
ch   25:      0     0     0     0     0     0     0     0     0     0     0     0     0     0     0     0     0     0     0     4    37   283  1955 14663 16895 12426  5788  8071  8676 13491 10257 11353
ch   26:      0     0     0     0     0     0     0     0     0     0     0     0     0     0     0     0     0     0     1     6    39   218  1722 10234  1890 10037  6763  9348  9282 11738 13412  8579
ch   27:      0     0     0     0     0     0     0     0     0     0     0     0     0     0     0     0     0     0     0     5    44   393  2437 16941 12383  9290 12297  9902 17160 10309  7964  3832
ch   28:      0     0     0     0     0     0     0     0     0     0     0     0     0     0     0     0     0     0     1     4    33   283  2214 12330 11853 13411  5872  7907 13081  9654 17246 10953
ch   29:      0     0     0     0     0     0     0     0     0     0     0     0     0     0     0     0     0     0     2    10    55   505  3186  2036 10115 10851 14814  5675  9585  9345  8390  8055
ch   30:      0     0     0     0     0     0     0     0     0     0     0     0     0     0     0     0     0     0     0     5    47   313  2034 15840  3863  9164 10482 15307 14172 13294  6668 14263
ch   31:      0     0     0     0     0     0     0     0     0     0     0     0     0     0     0     0     0     0     0     8    60   531  2865  8851 10158  9988  8067 12946  9516  9198 10879  9106
ch   32:      0     0     0     0     0     0     0     0     0     0     0     0     0     0     0     0     0     1     1    14    71   473  3268 16547  8116  8928 13446 10094  6393 10501  8009  9489
ch   33:      0     0     0     0     0     0     0     0     0     0     0     0     0     0     0     0     0     0     2    18    65   553  3958 17922  8296 10349 11346  6223  6486 10138 10550 14463
ch   34:      0     0     0     0     0     0     0     0     0     0     0     0     0     0     0     0     0     0     1    10    67   489  3190 16532 11230 11123  4541 10809 12818 12073 13989 13877
ch   35:      0     0     0     0     0     0     0     0     0     0     0     0     0     0     0     0     0     0     0     5    68   541  3302 16631 13145 10927 13828  7314  7665 12228  4835 16540
ch   36:      0     0     0     0     0     0     0     0     0     0     0     0     0     0     0     0     0     0     0    10    58   306  2448 17106 14693  7976 12432 11304 12083 12624 12246 15348
ch   37:      0     0     0     0     0     0     0     0     0     0     0     0     0     0     0     0     0     0     1     9    94   857  4083  8178  7833 10224  8942  9240  8299  4938 10047 11250
ch   38:      0     0     0     0     0     0     0     0     0     0     0     0     0     0     0     0     0     0     0    13    65   509  3129 16655  4834 11877  9799 14206  6015  8458  8852 13033
ch   39:      0     0     0     0     0     0     0     0     0     0     0     0     0     0     0     0     0     0     0     7    67   761  4948  8313 12500  6530 11633  6909 13905  5399 10991 13782
ch   40:      0     0     0     0     0     0     0     0     0     0     0     0     0     0     0     0     0     0     3    11    47   304  2317 19099 10401 12934  9491  8018  8245  7117 10349 13429
ch   41:      0     0     0     0     0     0     0     0     0     0     0     0     0     0     0     0     0     0     4    10   116   684  4449  6125 10569  9511  8301  9329  8844  9357 11286 15361
ch   42:      0     0     0     0     0     0     0     0     0     0     0     0     0     0     0     0     0     0     1    16    93   863  5473  8363  6487  7871  8215  8340 13055  7728 13532 12365
ch   43:      0     0     0     0     0     0     0     0     0     0     0     0     0     0     0     0     0     0     0    17    92   724  5867  5320  9701  8669  9427 10420 13094 10668  9657 11575
ch   44:      0     0     0     0     0     0     0     0     0     0     0     0     0     0     0     0     0     0     5    14    97   716  4581  2084 12491 14775 11745 15492 12789 12995 10372 13026
ch   45:      0     0     0     0     0     0     0     0     0     0     0     0     0     0     0     0     0     0     0    10    96   853  5769 17113  7835  8339 14057  3291  9905  7547 10184 14365
ch   46:      0     0     0     0     0     0     0     0     0     0     0     0     0     0     0     0     0     0     2    14    89   606  3556  4731 14363  7734 10001 18770  9603 13118  8443 15625
ch   47:      0     0     0     0     0     0     0     0     0     0     0     0     0     0     0     0     0     0     3    21   195   845  5857 14143  9912 12343  8494  9302  5184  7796  9268  6805
ch   48:      0     0     0     0     0     0     0     0     0     0     0     0     0     0     0     0     0     0     3    14   138   850  5121 10014  9195 12192 11525  8739  7784  8362 12847 12731
ch   49:      0     0     0     0     0     0     0     0     0     0     0     0     0     0     0     0     0     0     0    18   164  1204  6067 14071  7194 11310 11335 12951 11693 12396  8952 16599
ch   50:      0     0     0     0     0     0     0     0     0     0     0     0     0     0     0     0     0     0     1    10    96   977  5649 10876 10390 13039  7984  9868 12913 11224  7095 13017
ch   51:      0     0     0     0     0     0     0     0     0     0     0     0     0     0     0     0     0     0     3    21   182  1081  9775  8990 10089  8868 10816  5102 14132 12688  6775  8877
ch   52:      0     0     0     0     0     0     0     0     0     0     0     0     0     0     0     0     0     0     3    13   116  1012  4772  8758 10357 11366 14110 13693  8645  8296 13184  8283
ch   53:      0     0     0     0     0     0     0     0     0     0     0     0     0     0     0     0     0     1     8    41   240   954  9623  9801  9844 13555 13096 11143  8042 10629 12021  5301
ch   54:      0     0     0     0     0     0     0     0     0     0     0     0     0     0     0     0     0     0     3    21   158   696  5840  2614 13360 11634 12301  9379  8027  9641  9295 10972
ch   55:      0     0     0     0     0     0     0     0     0     0     0     0     0     0     0     0     0     0     4    45   259  1585  8463 10535  9785  4682  6543  9996 13659  6754  6289  9719
ch   56:      0     0     0     0     0     0     0     0     0     0     0     0     0     0     0     0     0     0     4    45   218  1517  9143 11783  9728 13355 15424  8886 14497 10087  8003  9521
ch   57:      0     0     0     0     0     0     0     0     0     0     0     0     0     0     0     0     0     1     6    47   332  2016  9766 12031  8262  8619  9089  9834 16437 12194 11678  5409
ch   58:      0     0     0     0     0     0     0     0     0     0     0     0     0     0     0     0     0     0     3    33   274  1633  6619 10647 11047 10103  5945 10956  7452  9932 10279 10486
ch   59:      0     0     0     0     0     0     0     0     0     0     0     0     0     0     0     0     0     0     3    42   233  1445  9888 15342 12747 10855 11314 11144  9032 10598 11399  7510
ch   60:      0     0     0     0     0     0     0     0     0     0     0     0     0     0     0     1     1     2    12    35   172  1613  7040 17897 10616 10655 15210 10741 13291  8422  5369  6278
ch   61:      0     0     0     0     0     0     0     0     0     0     0     0     0     0     0     0     0     0     2    41   361  2329 10451  7548  9467  8820  8957 11647 11931 12648 11668  7027
ch   62:      0     0     0     0     0     0     0     0     0     0     0     0     0     0     0     0     1     2     9    43   203  1464  7929  8710  9146  8603  9220 10836  7289 11957 14073 11547
ch   63:      0     0     0     0     0     0     0     0     0     0     0     0     0     0     0     0     0     0     7    38   359  2206 10428  8567  8068 13739 11316  8012 11830 12429  8974   963
ch   64:      0     0     0     0     0     0     0     0     0     0     0     0     0     0     0     0     0     1    12    34   224  1321  6716 19349  5460  7669 11970 10110  6096 11050 13518  9736
ch   65:      0     0     0     0     0     0     0     0     0     0     0     0     0     0     0     0     0     0     7    60   506  2291 11891  9590 13886  7263  7781 11577  9709 12462 12730  9647
ch   66:      0     0     0     0     0     0     0     0     0     0     0     0     0     0     0     0     0     1    10    26   163  1294  6363  4465  6886  8897 10382  8416  9287  9209  7532 16440
ch   67:      0     0     0     0     0     0     0     0     0     0     0     0     0     0     0     0     0     1     5    38   462  1945 11005  6498 14444 11560 15669 11570 11297 12842 12101 13771
ch   68:      0     0     0     0     0     0     0     0     0     0     0     0     0     0     0     0     0     1     8    25   226  1367  7608  4623 12437  8809  8554  9027 10556  7905 11390  6274
ch   69:      0     0     0     0     0     0     0     0     0     0     0     0     0     0     0     0     0     1     5    53   366  2942 13699  4557 10595 11906 11975 13029 13095 13528  7369  7079
ch   70:      0     0     0     0     0     0     0     0     0     0     0     0     0     0     0     0     0     0     5    49   212  1755  9995 12742  8393 10585  9544  6090  8879 12741  9975 12671
ch   71:      0     0     0     0     0     0     0     0     0     0     0     0     0     0     0     0     0     1     6    42   314  2337 12109  4971  7139 13489 11789 11921 12276 10801  1843  8932
ch   72:      0     0     0     0     0     0     0     0     0     0     0     0     0     0     0     0     0     1    11    41   210  2010  7649  5032 11269  9882  6539  9170  8264 10962  8902  6334
ch   73:      0     0     0     0     0     0     0     0     0     0     0     0     0     0     0     0     0     2     7    63   469  2232 13451  8545  8884 10747 10854 11338 13508  8693 13377 13749
ch   74:      0     0     0     0     0     0     0     0     0     0     0     0     0     0     0     0     0     1     7    38   217  1368  9309 14879 13307 13214 11889  8438 15098  6555 10316  8732
ch   75:      0     0     0     0     0     0     0     0     0     0     0     0     0     0     0     0     1     2     9    42   395  2701 13571  8168 10739  9547  8301 11772 12316 12239 11870  7059
ch   76:      0     0     0     0     0     0     0     0     0     0     0     0     0     0     0     0     0     2     9    53   238  1264  9331  8598  9944  9242 10712  6197 11215  6743 15176 14791
ch   77:      0     0     0     0     0     0     0     0     0     0     0     0     0     0     0     0     0     0     7    47   407  2211 12590 11855  9258  8693  9554  9736 10472  9012  9998  3919
ch   78:      0     0     0     0     0     0     0     0     0     0     0     0     0     0     0     0     0     0     3    37   407  1600  8206  5578  3014 14002  8812 10320 11112  5649 12082  5330
ch   79:      0     0     0     0     0     0     0     0     0     0     0     0     0     0     0     0     0     1     8    62   304  2145 11512 12971 10882  8072  9785  8034  8968  8415  7578 13912
ch   80:      0     0     0     0     0     0     0     0     0     0     0     0     0     0     0     0     1     2     7    34   188  1724  9656  2255  8272  9428 13788 10683 13275 11071 10106  9133
ch   81:      0     0     0     0     0     0     0     0     0     0     0     0     0     0     0     0     0     2     6    66   367  2847 17662  9672  7208 12381 16728 13351 11666 12152  9519  9109
ch   82:      0     0     0     0     0     0     0     0     0     0     0     0     0     0     0     0     0     0     2    45   224  1355  7765 18698 11545  9260 10645  6998  8198  6639  5769 15969
ch   83:      0     0     0     0     0     0     0     0     0     0     0     0     0     0     0     0     0     1     8    46   417  2051 14488 17167  7805  8018  7377 11809  6484 11272  8444 17544
ch   84:      0     0     0     0     0     0     0     0     0     0     0     0     0     0     0     0     0     1     3    39   208  1430  9781 17608  7519  4339 10032 13313  8965 10115  8477  7875
ch   85:      0     0     0     0     0     0     0     0     0     0     0     0     0     0     0     0     0     2    11    48   496  2874 15822 16827 10001  9433 11475 14622  7416  8115 11754 12298
ch   86:      0     0     0     0     0     0     0     0     0     0     0     0     0     0     0     1     1     1     5    33   312  1550  9061  8640 15044 13180  6350 13020 18071  8370  6593 17233
ch   87:      0     0     0     0     0     0     0     0     0     0     0     0     0     0     0     0     0     1     4    42   264  1934 11587 14914 10885 13480  8536  9868 10770 12963 10879  8183
ch   88:      0     0     0     0     0     0     0     0     0     0     0     0     0     0     0     0     0     1     5    36   248  2004  8631  2173 13672 10577 11680 10932 13003  9953  9032 15551
ch   89:      0     0     0     0     0     0     0     0     0     0     0     0     0     0     0     0     1     2     8    75   458  2854 19259 14862 11399  8959  8755  9351  8043  6571 11316 10593
ch   90:      0     0     0     0     0     0     0     0     0     0     0     0     0     0     0     0     0     1     8    34   246  1699 14121 16947 10293 11087  9451 13074  5239  6891 10998 16014
ch   91:      0     0     0     0     0     0     0     0     0     0     0     0     0     0     0     0     0     4    10    82   416  2040 16104 15503 11595  7826 10345  9689 11981  6955 13142 15049
ch   92:      0     0     0     0     0     0     0     0     0     0     0     0     0     0     0     0     0     2    11    43   275  1613 11421  3564  8613 12631 13413 10229 11580 11558  9562 14808
ch   93:      0     0     0     0     0     0     0     0     0     0     0     0     0     0     0     0     0     1    16   103   548  3289 14733  4889 10172 11459 12627  6473  9381  8871 11374 14322
ch   94:      0     0     0     0     0     0     0     0     0     0     0     0     0     0     0     0     0     0     6    48   247  1159  9157 13219  9053  6949 13844  7275 10695  9953  9404  9542
ch   95:      0     0     0     0     0     0     0     0     0     0     0     0     0     0     0     0     0     4    20   122   492  3154 13716 13313  9731  6864  4698  5908 11726 14303  6237 11476
ch   96:      0     0     0     0     0     0     0     0     0     0     0     0     0     0     0     0     0     0     8    30   161  1964  8702  2568 12788 13932  8410  2903  8427 10298 10698  7981
ch   97:      0     0     0     0     0     0     0     0     0     0     0     0     0     0     0     0     0     0    19   110   692  4511  4779  3779  9385  7699 10883  8786 10646  9715 12051  5768
ch   98:      0     0     0     0     0     0     0     0     0     0     0     0     0     0     0     0     0     0     7    49   391  1774 11341  8557  6369  8498  6327 10867 12357  6854  7180 10197
ch   99:      0     0     0     0     0     0     0     0     0     0     0     0     0     0     0     0     0     3    26   154   921  4373  4951 15774  7816 12867 11183 10558 10914 14970 10671  7597
ch  100:      0     0     0     0     0     0     0     0     0     0     0     0     0     0     0     0     0     1     7    43   327  1564 14200  4940 14234 13092 11111 10489 11426 11922  7942  8389
ch  101:      0     0     0     0     0     0     0     0     0     0     0     0     0     0     0     0     1     8    26   141   748  3877 16021  5242  7850  9392  8556 14413  8206  7478 12326  4666
ch  102:      0     0     0     0     0     0     0     0     0     0     0     0     0     0     0     0     1     3     8    37   293  1730  9530  2084  9442 11095  6056 14267  7299 10540  6404  5366
ch  103:      0     0     0     0     0     0     0     0     0     0     0     0     0     0     0     0     1     4    26   173   888  4898 19255  4478  7382  8299 11747 13368 11068 10060 10025 15454
ch  104:      0     0     0     0     0     0     0     0     0     0     0     0     0     0     0     0     0     1    11    49   350  1652 12529 10851 13850 12336  8977 14250 14335 10563  9883  5138
ch  105:      0     0     0     0     0     0     0     0     0     0     0     0     0     0     0     0     1     6    32   104   714  3379 15327  3419 11518 11237  7100 12861 10460  4030 13428  5612
ch  106:      0     0     0     0     0     0     0     0     0     0     0     0     0     0     0     0     1     1     6    32   199  1725  8593 10928  8351  9330  7374  8139 13737 11442 11691  6859
ch  107:      0     0     0     0     0     0     0     0     0     0     0     0     0     0     0     0     2     3    21   142   685  3099 14137  9426  8184 10875 12195  9335  4661  6617  9687  5433
ch  108:      0     0     0     0     0     0     0     0     0     0     0     0     0     0     0     0     0     1     3    21   182  1486  9791 15072 14539 11396 14840  8976  9334  3670 10775  9249
ch  109:      0     0     0     0     0     0     0     0     0     0     0     0     0     0     0     1     2     8    36   194  1131  4275 19539 11985 10404 12948 16483 10328 14546  6846 10557  9384
ch  110:      0     0     0     0     0     0     0     0     0     0     0     0     0     0     0     0     0     3    14    37   211  1537 10014 15187  6410  7900  5360 10950 12536 11177  9962  5066
ch  111:      0     0     0     0     0     0     0     0     0     0     0     0     0     0     0     0     1     6    31   160   920  3899  3166  3780  9565 11071 10597  5263 12038 10048  9076  5424
ch  112:      0     0     0     0     0     0     0     0     0     0     0     0     0     0     0     1     1     1     3    24   225  1506  7788  8323 11497 12699  5952 11004 16001  7826 12417 17226
ch  113:      0     0     0     0     0     0     0     0     0     0     0     0     0     0     0     0     0     5    39   203   957  4684  4540  4824 14254 13486 11499 12319 16610 13622  9074  6786
ch  114:      0     0     0     0     0     0     0     0     0     0     0     0     0     0     0     0     0     1     5    32   188  1429  9077 16147 15119 10232 11139  8104  9528  9192 11015  9204
ch  115:      0     0     0     0     0     0     0     0     0     0     0     0     0     0     0     0     0     9    39   188   877  4455 14834  2399 11093  9454  3961  8728  6459 12693 13981  7403
ch  116:      0     0     0     0     0     0     0     0     0     0     0     0     0     0     0     0     0     1     4    26   174   984  7954 15276  8367  8722 10043  6898  7710 12114  6862  2368
ch  117:      0     0     0     0     0     0     0     0     0     0     0     0     0     0     0     0     0     5    46   286  1067  5922 17547  9347  9335 12701  5329 10093  9205 12140 11980  5761
ch  118:      0     0     0     0     0     0     0     0     0     0     0     0     0     0     0     0     0     1     4    15   203  1377  7437  3322 11945 13608 10855 12943  8881 10091  5447  9506
ch  119:      0     0     0     0     0     0     0     0     0     0     0     0     0     0     0     1     4     9    30   292  1214  4857  2901  9009  6583  8920 12023 14356 13281 10473 17026 12552
ch  120:      0     0     0     0     0     0     0     0     0     0     0     0     0     0     0     0     0     0     3    23   135  1122 10200  1144  7707 12872 13899  9193  6937  8197  9904 12737
ch  121:      0     0     0     0     0     0     0     0     0     0     0     0     0     0     0     0     0    14    59   327  1548  6147 12202  3564 14825  8414  7389  8495  7940  9397 10409 10313
ch  122:      0     0     0     0     0     0     0     0     0     0     0     0     0     0     0     0     0     0     1    22   127  1211  6243 13037  8131 13076  5905  9946 12541 10765 11329  7489
ch  123:      0     0     0     0     0     0     0     0     0     0     0     0     0     0     0     0     1     9    38   352   949  4742 19134 11590 18430 10474  8489 10508  7167 11885  9212 11055
ch  124:      0     0     0     0     0     0     0     0     0     0     0     0     0     0     0     0     0     0     1    17   123  1020  7343  6682  3511 12130 14315 12630 10986 13722  9889 13605
ch  125:      0     0     0     0     0     0     0     0     0     0     0     0     0     0     0     0     0     1    47   170  1063  4458 15479  4657 12821  5825  8890  8406 11353  9729  9104  8665
ch  126:      0     0     0     0     0     0     0     0     0     0     0     0     0     0     0     0     0     0     1    11    55   701  6928 16872  7932 10605 11779  6487  7702 15631  7750 12307
ch  127:      0     0     0     0     0     0     0     0     0     0     0     0     0     0     0     0     0     0    10    55   386  1778  9558 15544 10111  8521 12282 15690  8545 11289  8622  9973
