ch    0:      0     0     0     0     0     0     0     0     0     0     0     0     0     0     0     0     0     0     0     2     6    12   105   517  2732  8991 16791  4774 11297  5920 10061  1731
ch    1:      0     0     0     0     0     0     0     0     0     0     0     0     0     0     0     0     0     0     0     1     7    44   209   987  4794  9691 11802 13662 11488  8136 12460  7646
ch    2:      0     0     0     0     0     0     0     0     0     0     0     0     0     0     0     0     0     0     0     0     2    28   250   895  6462  7587 11588 14236 14353 13182 10217  9579
ch    3:      0     0     0     0     0     0     0     0     0     0     0     0     0     0     0     0     0     0     0     0     6    31   413  1578  7855 12115  8040 10119  6337 12046  4196  5251
ch    4:      0     0     0     0     0     0     0     0     0     0     0     0     0     0     0     0     0     0     0     0     5    39   263  1488  6579 15924 10455 13432  9556  8408 10876  4621
ch    5:      0     0     0     0     0     0     0     0     0     0     0     0     0     0     0     0     0     0     0     0     2    38   366  2281  9587  6732  4840 14002 12262  7069  6281  8558
ch    6:      0     0     0     0     0     0     0     0     0     0     0     0     0     0     0     0     0     0     0     1    10    48   412  2606  7682 15986  6319 11408 13946  9921 12614  6253
ch    7:      0     0     0     0     0     0     0     0     0     0     0     0     0     0     0     0     0     0     0     2     6    59   655  2505 15685  7540 12409  9366  7143  9029 15112  3279
ch    8:      0     0     0     0     0     0     0     0     0     0     0     0     0     0     0     0     0     0     0     2     7    62   589  3750 14379  9184 14903 12066  8762 10870  6457  6195
ch    9:      0     0     0     0     0     0     0     0     0     0     0     0     0     0     0     0     0     0     0     1    18   161   900  4284  5186  6891 11269  9082 11463  6670 10538  7076
ch   10:      0     0     0     0     0     0     0     0     0     0     0     0     0     0     0     0     0     0     0     1     9   115   556  4613  9961 15150 15441  9748  9357  9499 13027  2065
ch   11:      0     0     0     0     0     0     0     0     0     0     0     0     0     0     0     0     0     0     0     1    11   112   737  4303 14445 10359  7853  8977  7161  8757  6691  4564
ch   12:      0     0     0     0     0     0     0     0     0     0     0     0     0     0     0     0     0     0     0     3    10   113  1153  5901 15865 10573  7707  6640  8143 11372 10648  2706
ch   13:      0     0     0     0     0     0     0     0     0     0     0     0     0     0     0     0     0     0     2     3    30   215  1404  7068 11242 16473 12300  8309 11589  5473  7842 12115
ch   14:      0     0     0     0     0     0     0     0     0     0     0     0     0     0     0     0     0     0     0     3    21   166   866  7341  6857 11909  7742 10675  6239 14252 10655  8821
ch   15:      0     0     0     0     0     0     0     0     0     0     0     0     0     0     0     0     0     0     1     3    22   183  1285  8303 12206 12016  8408  9789  5188  5252 10150 13364
ch   16:      0     0     0     0     0     0     0     0     0     0     0     0     0     0     0     0     0     0     1     4    19   166  9824  6508 14166  9223 11791  9369 11167  7850  9743 11567
ch   17:      0     0     0     0     0     0     0     0     0     0     0     0     0     0     0     0     0     0     0     6    27   205  1812  7251  9777  7123 15480 10249 13654  8795  9696 10890
ch   18:      0     0     0     0     0     0     0     0     0     0     0     0     0     0     0     0     0     0     0     4    60   321  2074  8847  7445 13309  7765 11545 11706 14010  7297 13736
ch   19:      0     0     0     0     0     0     0     0     0     0     0     0     0     0     0     0     0     0     0     2    49   320  2411 10435 13480  7812 13444 11058  5249  9682 12080 11265
ch   20:      0     0     0     0     0     0     0     0     0     0     0     0     0     0     0     0     0     0     1     3    38   319  1429 10533 10660 15154 10749 13113 10224  9074  7805 16992
ch   21:      0     0     0     0     0     0     0     0     0     0     0     0     0     0     0     0     0     0     0     2    31   336  2315 10814 12148 14965 11034  8060  9083 10097 10368 11257
ch   22:      0     0     0     0     0     0     0     0     0     0     0     0     0     0     0     0     0     0     0     4    41   387  2450 10806 11861 10009  5607 14663  8413 10739  6810 10103
ch   23:      0     0     0     0     0     0     0     0     0     0     0     0     0     0     0     0     0     0     0     9    61   424  2463 13890 11085  7832 11999 10021  9809 10394 10351  7103
ch   24:      0     0     0     0     0     0     0     0     0     0     0     0     0     0     0     0     0     1     3     6    44   396  2845 14394 11664 15796  8845 12079 11214  8191 10945 13794
ch   25:      0     0     0     0     0     0     0     0     0     0     0     0     0     0     0     0     0     0     2    10    48   689  2990 16455  7687 10832  9769 10137 12581 11704 12517 12055
ch   26:      0     0     0     0     0     0     0     0     0     0     0     0     0     0     0     0     0     0     2     8    50   321  3043 12552 11699 12423 10020 11365  9560 12746  8639  8185
ch   27:      0     0     0     0     0     0     0     0     0     0     0     0     0     0     0     0     0     0     0     6    67   455  3898 15146 10297  5994  9018 14020  9889 10349 10212 10153
ch   28:      0     0     0     0     0     0     0     0     0     0     0     0     0     0     0     0     0     0     1     8    53   410  2498 15638 11469  8637 10417  6162  8908 10206  8477 12483
ch   29:      0     0     0     0     0     0     0     0     0     0     0     0     0     0     0     0     0     0     1     7    93   679  2886  4608 10400  9495  8163 11062  8741  3809 12764  8739
ch   30:      0     0     0     0     0     0     0     0     0     0     0     0     0     0     0     0     0     1     1     9    78   531  2458 15688 10875 10714  8218 13245 10079 10232  7361 11884
ch   31:      0     0     0     0     0     0     0     0     0     0     0     0     0     0     0     0     0     0     0     7   100   697  3167  2987  9835 12787 12742 10720  6966  9629 11013 11604
ch   32:      0     0     0     0     0     0     0     0     0     0     0     0     0     0     0     0     1     1     1     8    67   376  2497 12808 18061  6605  9548  7180 14483 12621 11533 13882
ch   33:      0     0     0     0     0     0     0     0     0     0     0     0     0     0     0     0     0     0     1     6   124   610  5128  9679 12972 12683  5727  3426  1597  8231 12983 10801
ch   34:      0     0     0     0     0     0     0     0     0     0     0     0     0     0     0     0     0     0     0    13    78   425  2595 15057  7599 12368  8642  9327  8516  9777  6905  9695
ch   35:      0     0     0     0     0     0     0     0     0     0     0     0     0     0     0     0     0     1     3    12   109   733  4125  8433  7518  9132  8948 11424 11356 11850  8997 10413
ch   36:      0     0     0     0     0     0     0     0     0     0     0     0     0     0     0     0     0     0     4    12    48   593  3719 18627 10364  8204 13603 12149 10876 11361 15613 10987
ch   37:      0     0     0     0     0     0     0     0     0     0     0     0     0     0     0     0     0     0     0     7    89   676  3712 10601 11238 15007 10327 16225 12599  7983 14070  6583
ch   38:      0     0     0     0     0     0     0     0     0     0     0     0     0     0     0     0     0     0     0    10    91   606  3297 16805 14642 14959 10486 13249 10049  6860 10062  8493
ch   39:      0     0     0     0     0     0     0     0     0     0     0     0     0     0     0     0     0     0     0     8    74   710  5759  5808 12155  9158  9564 11483 11144  8316  9623 13113
ch   40:      0     0     0     0     0     0     0     0     0     0     0     0     0     0     0     0     0     0     1     9    54   775  5128 17372 10382  8483  8604 10770 11914  7250 15963 11604
ch   41:      0     0     0     0     0     0     0     0     0     0     0     0     0     0     0     0     0     0     1    11   109  1029  5565  6062 10814  9271  9940 10619  7637 10422  8816 10506
ch   42:      0     0     0     0     0     0     0     0     0     0     0     0     0     0     0     0     0     0     0     9    55   542  2892 11925 13626 10372  9888 14280 10379  9011 10542  5657
ch   43:      0     0     0     0     0     0     0     0     0     0     0     0     0     0     0     0     0     0     3    15   185   837  4223  8305 11277  7853  8792  5866 10347 12526 11746 10381
ch   44:      0     0     0     0     0     0     0     0     0     0     0     0     0     0     0     0     1     2     3    15    65   683  5222 14400 10720  7700 11375 11373  6353 12391 13078 10262
ch   45:      0     0     0     0     0     0     0     0     0     0     0     0     0     0     0     0     0     0     1    18   136   701  4320 12582  6438  7218 12585 12768  9415  8582 11771 10065
ch   46:      0     0     0     0     0     0     0     0     0     0     0     0     0     0     0     0     0     0     1    20    80   713  3210 17427  7440  9974  9510  9525  8035 10430  9940 10941
ch   47:      0     0     0     0     0     0     0     0     0     0     0     0     0     0     0     0     0     0     1    15   107  1180  6486 13450 14264  7144 10152  9318  7219 10609  9244  8395
ch   48:      0     0     0     0     0     0     0     0     0     0     0     0     0     0     0     0     0     1     2    17   118   940  6839  9107  9627 11244 11035 12850  9572  5497  9674 10155
ch   49:      0     0     0     0     0     0     0     0     0     0     0     0     0     0     0     0     0     0     4    22   144  1231  5393  3891 12212  6611 13466  8849  8026  7405  8739 14057
ch   50:      0     0     0     0     0     0     0     0     0     0     0     0     0     0     0     0     0     0     1    25    93   736  4472 12151 13070 14103 10416  9225  9541 11416  9567  8269
ch   51:      0     0     0     0     0     0     0     0     0     0     0     0     0     0     0     0     0     0     1    12   133  1182  7981 11656  9470  5979  8319  7236  9479 14463 12834 15603
ch   52:      0     0     0     0     0     0     0     0     0     0     0     0     0     0     0     0     0     0     2    12    88   890  4969  3734  9556 10074  8463 14546 11085  7116 14562 10359
ch   53:      0     0     0     0     0     0     0     0     0     0     0     0     0     0     0     0     0     0     0    11    99  1085  5878  7478 12180 10142 12934  5981 10164 10595 14033  7714
ch   54:      0     0     0     0     0     0     0     0     0     0     0     0     0     0     0     0     0     0     2    10    66   695  4697  3352 12675  5287 13877  7591  8369  9105 10075 14691
ch   55:      0     0     0     0     0     0     0     0     0     0     0     0     0     0     0     0     0     0     1     8   201  1335  9026 10913 11309 10566 12442  8344  8019 13861  4600 13147
ch   56:      0     0     0     0     0     0     0     0     0     0     0     0     0     0     0     0     0     0     2    11   117   772  5098  4010 11341  9497  9273  7549 11564 13780  7488  7298
ch   57:      0     0     0     0     0     0     0     0     0     0     0     0     0     0     0     0     0     0     3    23   108  1300  7882  5451 12797  8518 13555  9585  9501  7014 10910  8140
ch   58:      0     0     0     0     0     0     0     0     0     0     0     0     0     0     0     0     0     0     2    26   125   852  5786  5725  9971 10331 12729 10161 12335 10933 12257 13466
ch   59:      0     0     0     0     0     0     0     0     0     0     0     0     0     0     0     0     0     0     2    13   196  1177  8130 14408 14526  7736  7883 15023 13414 13708 14624  4093
ch   60:      0     0     0     0     0     0     0     0     0     0     0     0     0     0     0     0     0     1     4    22   106   908  4149 10481 10292  2508  5845 10129  8504  4115  8296 12100
ch   61:      0     0     0     0     0     0     0     0     0     0     0     0     0     0     0     0     0     0     0    18   158  1316  7170  8774  9520  8029  8321  9630 12129  7838  7333 11160
ch   62:      0     0     0     0     0     0     0     0     0     0     0     0     0     0     0     0     0     0     3    21   159   950  6971  7212 12761  8504  9445  5504 13995  9572 13560 11909
ch   63:      0     0     0     0     0     0     0     0     0     0     0     0     0     0     0     0     0     0     2    15   145  1609  7474 12581 13575  6237  6017  9565 11792 10260  8799  6592
ch   64:      0     0     0     0     0     0     0     0     0     0     0     0     0     0     0     0     0     0     1    21   147   941  6689  9251  5173 11803  7582 11251 15863 13956 13814 15132
ch   65:      0     0     0     0     0     0     0     0     0     0     0     0     0     0     0     0     0     1     3    29   154  1293  6199  5706 13168  7697 11247 11342 12280 10503 11764 12990
ch   66:      0     0     0     0     0     0     0     0     0     0     0     0     0     0     0     0     0     0     2    23   131  1203  5308  7666 13828  7784 10486  8854 11898  5464  7540 15162
ch   67:      0     0     0     0     0     0     0     0     0     0     0     0     0     0     0     0     0     0     3    59   318  1498 12669  8256 14945 12725 11114 13191  7873 10173 12112  8444
ch   68:      0     0     0     0     0     0     0     0     0     0     0     0     0     0     0     0     0     0     3    20   192   836  6823 12128 10918 11686 10649 11502 13221 14816  9820  8819
ch   69:      0     0     0     0     0     0     0     0     0     0     0     0     0     0     0     0     0     1     9    29   174  1334  8989 11532 15530 14932 11941 14421  8544 12322 10081 10573
ch   70:      0     0     0     0     0     0     0     0     0     0     0     0     0     0     0     0     0     1     2    19    93   813  6744  7860  9953  9760 12329 10023 11861  8724 13517  9923
ch   71:      0     0     0     0     0     0     0     0     0     0     0     0     0     0     0     0     1     1     6    31   207  1336 10242 12452  8606 12164 11009 11901  8428 11197  7609  7476
ch   72:      0     0     0     0     0     0     0     0     0     0     0     0     0     0     0     0     0     0     5    20   134  1061  8046 10510  8368  8544 12915 10095 10098 11711  7797  9036
ch   73:      0     0     0     0     0     0     0     0     0     0     0     0     0     0     0     0     0     0     2    26   282  1521  7804 11886  9062 10107  6431  6151 10550 16909 10147  9873
ch   74:      0     0     0     0     0     0     0     0     0     0     0     0     0     0     0     0     0     0     2    15   158   889  8024 15198  9024  8302 14365  9493  9652 11298 12185 10032
ch   75:      0     0     0     0     0     0     0     0     0     0     0     0     0     0     0     0     0     0     1    14   241  1323  8179 11170 12133  9910 13719 11683 10655 12453 12606  5070
ch   76:      0     0     0     0     0     0     0     0     0     0     0     0     0     0     0     0     0     1     3    18   112  1158  8003  8826  7994 12420 13454 12530 10566  7721 12566 11004
ch   77:      0     0     0     0     0     0     0     0     0     0     0     0     0     0     0     0     0     0     4    31   263  1951  8984 13457  6901 11544 10243 11047 10098  5699 11067 11368
ch   78:      0     0     0     0     0     0     0     0     0     0     0     0     0     0     0     0     0     0     2    18   136   953  7086  9925 12537  7338 11752  8800  9733  8011  6988  8762
ch   79:      0     0     0     0     0     0     0     0     0     0     0     0     0     0     0     0     0     1     2    29   171  1387 10475  4610  4983 10824  7781  9639  7888  9353 12452  8002
ch   80:      0     0     0     0     0     0     0     0     0     0     0     0     0     0     0     0     0     0     6    25   137  1057  6963 15020 12246  8108 10068 10881  6998 11796  8766  7547
ch   81:      0     0     0     0     0     0     0     0     0     0     0     0     0     0     0     0     0     1    12    38   329  1607 11410 13466  9739  8144 13571 12510 10678  6043  9814  9137
ch   82:      0     0     0     0     0     0     0     0     0     0     0     0     0     0     0     0     0     2     6    18   185   954  7492 15062 11720  9722  9029 11115  5506 13404 10656  8642
ch   83:      0     0     0     0     0     0     0     0     0     0     0     0     0     0     0     0     0     1     2    20   124  1358 10785 11612 11158  7255 11268  9610 11359 12515  9686 11205
ch   84:      0     0     0     0     0     0     0     0     0     0     0     0     0     0     0     0     0     1     1    17   182  1176  6593 12753  6727  7916  8704 12438 11849  6418 10647 11522
ch   85:      0     0     0     0     0     0     0     0     0     0     0     0     0     0     0     0     0     0     3    26   284  1800 11231 14178 13098 12191 13526 13072  8930  9668  5039  9516
ch   86:      0     0     0     0     0     0     0     0     0     0     0     0     0     0     0     0     0     1     4    23   183  1462  6774  5213  9480  7360 12249 14849  8208  8774 10492 10484
ch   87:      0     0     0     0     0     0     0     0     0     0     0     0     0     0     0     0     0     0     1    34   230  2359 10691  9474  8488  4863  7212  8426 12325  7908  9000  5527
ch   88:      0     0     0     0     0     0     0     0     0     0     0     0     0     0     0     0     0     0     4    30   211  1466 10335 12956 11178  8423 11329 13034  9272 11134  9660 12537
ch   89:      0     0     0     0     0     0     0     0     0     0     0     0     0     0     0     0     0     3     8    43   318  1755 17667 11950 11825  9018 10597  7242  7117  6785  7705  8659
ch   90:      0     0     0     0     0     0     0     0     0     0     0     0     0     0     0     0     0     0     4    39   178  1229  8849 12530 10469 10442  5223 11966 13663  2510 14694 11172
ch   91:      0     0     0     0     0     0     0     0     0     0     0     0     0     0     0     0     0     0     2    34   260  1560 11565 13949  7754 12634  7661 11910 13407 14211  6350  5438
ch   92:      0     0     0     0     0     0     0     0     0     0     0     0     0     0     0     0     0     0     3    35   207  1146  7123 11348  9156 13200  9968 11229 11854 10231  9615 15474
ch   93:      0     0     0     0     0     0     0     0     0     0     0     0     0     0     0     0     0     1     3    41   269  2880 11072 11308  9906  6950  3977 11093  9148  9331 10167  9205
ch   94:      0     0     0     0     0     0     0     0     0     0     0     0     0     0     0     0     0     0     7    26   280  1586  8421 14476  9742 11991 15974 10361  8698 12580 12103 10396
ch   95:      0     0     0     0     0     0     0     0     0     0     0     0     0     0     0     0     0     0     3    46   341  2724 11882  7193  7232  4028  3936 10093  5325  9941 14749  8816
ch   96:      0     0     0     0     0     0     0     0     0     0     0     0     0     0     0     0     0     1     5    36   248  2186 11445 14686 11495 12979 10403  8395 14117 11538  9603 13825
ch   97:      0     0     0     0     0     0     0     0     0     0     0     0     0     0     0     0     0     0     3    24   316  2459 11626  8219 12416  9833 14220  8922  6626 11998  7056  8243
ch   98:      0     0     0     0     0     0     0     0     0     0     0     0     0     0     0     0     0     0     8    61   280  1668  7999  9724  7473 14397  6261  6860  9509 10983 13276  9143
ch   99:      0     0     0     0     0     0     0     0     0     0     0     0     0     0     0     0     0     0    10    72   548  3836  5135  8924  9768  8055  8422 11161  9257 10278 15646 10178
ch  100:      0     0     0     0     0     0     0     0     0     0     0     0     0     0     0     0     0     0     5    37   256  1767 10048 11884 10957 16235 15597 10625 11038  2730  9212  5952
ch  101:      0     0     0     0     0     0     0     0     0     0     0     0     0     0     0     0     0     1     3    43   394  2486 16545 13438  8978  9900 11736  7910 10196 12381  7509 10967
ch  102:      0     0     0     0     0     0     0     0     0     0     0     0     0     0     0     0     0     0     2    44   234  1897  9302 13150  9049  8770  8356 13756 10971 12984  6441  6670
ch  103:      0     0     0     0     0     0     0     0     0     0     0     0     0     0     0     0     0     0     7    55   460  2045 18390 14047  8168 10630  8304 12366 10058 11718  8504 15322
ch  104:      0     0     0     0     0     0     0     0     0     0     0     0     0     0     0     0     0     0     2    39   242  1021 12812  6518  8664 12781 13810 11415 10792 13629  9709  8527
ch  105:      0     0     0     0     0     0     0     0     0     0     0     0     0     0     0     0     0     0     1    35   309  2838 16299 10845 11866 15700  8502 10157  8815 12927  9746  7386
ch  106:      0     0     0     0     0     0     0     0     0     0     0     0     0     0     0     0     0     0     5    39   274  1623  9906 13397  9371  6421 12933 15793 10358 13392  7672  9434
ch  107:      0     0     0     0     0     0     0     0     0     0     0     0     0     0     0     0     0     0     2    57   302  2385 14315  4867 11268 10502  8124 11942 13209 15084 10953  7101
ch  108:      0     0     0     0     0     0     0     0     0     0     0     0     0     0     0     0     0     0     5    28   240  1705  8692 13865  7939 15569 11034  6001  9741  9979 11422  7374
ch  109:      0     0     0     0     0     0     0     0     0     0     0     0     0     0     0     0     0     1     4    44   287  2058 16142 13717 12823 11466  8663  6077  6904  6047 10324  3654
ch  110:      0     0     0     0     0     0     0     0     0     0     0     0     0     0     0     0     0     1     5    37   253  1787 11478 10625  7647 11586 16951 12392 14628 11933 11689  9238
ch  111:      0     0     0     0     0     0     0     0     0     0     0     0     0     0     1     1     1     1    12    58   547  2534 16725  5637 13761  9322 14078 13586 12371 12399 13604 10049
ch  112:      0     0     0     0     0     0     0     0     0     0     0     0     0     0     0     0     0     0     0    28   304  1437 11191  7362  8514  8549  9122 10523 13557 14435  4776 10810
ch  113:      0     0     0     0     0     0     0     0     0     0     0     0     0     0     0     0     0     0     1    36   370  2682 13270  7926  8046 14476 13306 14972 12218  7191 11583 10371
ch  114:      0     0     0     0     0     0     0     0     0     0     0     0     0     0     0     0     0     0     4    22   294  2271  8691 12455  7150 14187 13404 15991  8555  8207  7314  8706
ch  115:      0     0     0     0     0     0     0     0     0     0     0     0     0     0     0     0     0     2     6    38   249  1874 12382 12893 10511 10520 10932  7494 14958 10117 12842 12242
ch  116:      0     0     0     0     0     0     0     0     0     0     0     0     0     0     0     0     0     0     2    37   212  1770  9543  6211 12869 10080 12850  9600 12672 11815  9420  8861
ch  117:      0     0     0     0     0     0     0     0     0     0     0     0     0     0     0     0     0     0     4    53   334  2405 15381 10427 10086  8415 10108 10174  3979  6027 13066 11988
ch  118:      0     0     0     0     0     0     0     0     0     0     0     0     0     0     0     0     0     1     7    35   265  1127 10610 14462  9705 15846  9565 10771 10643  7910 12257  8957
ch  119:      0     0     0     0     0     0     0     0     0     0     0     0     0     0     0     0     0     0     4    66   475  2817 15244  6847 10977 10713 10869  7304 10952  8646 11960 11800
ch  120:      0     0     0     0     0     0     0     0     0     0     0     0     0     0     0     0     0     0     5    45   199  1426  8009 11261  9680  9208 10892 16504  6802 11671  8624  8980
ch  121:      0     0     0     0     0     0     0     0     0     0     0     0     0     0     0     0     0     0     2    33   397  2247 16605  4489  6650  9192 10117  9428  9695 12026  5339 15920
ch  122:      0     0     0     0     0     0     0     0     0     0     0     0     0     0     0     0     0     0     4    25   227  1375  9022  4546  8137 10054 13469 10556  8131 10287 12614 14611
ch  123:      0     0     0     0     0     0     0     0     0     0     0     0     0     0     0     0     0     0     2    56   292  2408 18176 12252 11244 15427  8043  9554 11997 11883 13543  6702
ch  124:      0     0     0     0     0     0     0     0     0     0     0     0     0     0     0     0     0     0     5    43   218  1656 13889 16059  9236 11342 15512  7172  6659  9724 10209  9142
ch  125:      0     0     0     0     0     0     0     0     0     0     0     0     0     0     0     0     0     0     5    60   452  3209 14694 11281  7728 11024  8903  7347  8470 11749  7488 12398
ch  126:      0     0     0     0     0     0     0     0     0     0     0     0     0     0     0     0     0     0     1    36   339  1831  8976  6161  8088  9859  7280  6315  5654  9104  5230 11164
ch  127:      0     0     0     0     0     0     0     0     0     0     0     0     0     0     0     0     0     0     5    63   381  2782 16856  9487  8896  3611 11853 10400 12555 11805  6946 10177
