# ID XA-000-08-002-000-008-154-15
# Tag _trim_
# Date 240823_12:33:29
# Vref_p 56
# Vref_n 21
# Thr2_glb 40
# Vref_t 118
# Vref_t_range 1
# Pol 0
# ADC range 30-247
# FAST disc 30
ch:   0  131  133  131  121  120  133  139  118  130  123  129  132  131  138  126  125  133  131  137  125  142  134  125  134  133  137  135  146  147  133  134   27
ch:   1  124  122  127  132  132  117  132  132  137  125  130  136  141  136  139  138  138  151  134  144  132  138  135  151  134  152  142  157  158  154  153   40
ch:   2  131  135  119  123  132  124  130  126  131  142  125  126  121  132  132  121  132  124  138  135  129  135  118  146  127  137  139  132  137  148  148   46
ch:   3  134  124  124  144  108  126  134  133  135  131  136  140  133  156  133  137  134  147  149  133  141  149  130  146  150  140  154  146  153  141  159   54
ch:   4  120  126  135  130  120  137  125  132  132  126  120  127  133  124  122  126  139  137  134  136  134  132  141  148  134  127  146  130  138  145  149   33
ch:   5  146  128  124  133  135  131  130  138  141  137  132  127  136  132  138  136  137  150  143  136  150  146  137  150  149  153  156  162  156  152  167   52
ch:   6  121  126  140  133  133  133  135  118  130  133  137  131  133  133  131  135  133  136  138  135  146  142  134  135  136  136  152  142  135  141  139   44
ch:   7  135  138  130  136  131  126  131  132  137  137  137  138  142  150  140  149  133  138  150  148  150  151  150  159  148  137  142  157  159  163  159   56
ch:   8  124  120  134  131  132  119  123  134  126  126  132  119  126  138  133  122  133  132  133  126  131  143  142  134  137  142  138  139  138  154  151   42
ch:   9  132  145  132  135  147  130  136  130  137  127  136  137  146  131  136  150  150  142  136  147  155  151  141  148  153  158  150  161  155  150  154   54
ch:  10  136  117  130  132  134  133  136  122  124  124  131  128  129  133  132  127  127  131  132  131  125  134  138  138  134  131  147  141  155  142  152   46
ch:  11  130  126  130  132  129  120  126  140  132  131  125  132  122  126  134  135  130  146  139  138  150  135  138  149  155  145  151  151  156  146  163   56
ch:  12  136  127  122  125  131  132  135  124  132  118  131  134  122  127  126  123  133  136  132  150  134  135  132  138  139  133  138  145  131  149  138   50
ch:  13  122  131  136  139  135  134  131  137  131  122  137  137  127  129  132  133  148  138  138  137  134  148  134  149  133  151  151  156  164  149  158   45
ch:  14  125  131  130  126  130  118  125  131  132  131  124  125  137  134  127  126  134  130  130  131  131  131  134  131  131  129  139  142  137  150  150   33
ch:  15  130  131  124  120  130  139  131  134  139  145  138  136  151  138  139  146  138  148  142  140  153  138  155  139  149  140  163  160  162  155  153   50
ch:  16  124  126  125  125  125  136  125  126  129  127  132  132  130  134  136  138  130  142  145  131  153  145  138  141  146  153  138  150  137  141  152   33
ch:  17  125  133  129  133  141  134  132  136  135  139  142  151  126  139  147  152  135  138  145  140  148  153  159  157  148  153  155   -1  157  153  153   56
ch:  18  135  122  124  134  135  120  124  126  136  135  131  139  133  135  123  130  132  131  136  145  135  137  138  135  136  131  135  148  141  141  139   42
ch:  19  134  133  132  124  132  135  134  137  146  140  153  134  147  139  135  135  142  149  148  137  149  152  161  151  150  150  162  166  164  155  163   51
ch:  20  135  116  131  125  132  131  133  126  137  123  129  133  131  131  134  134  126  140  134  138  138  151  136  152  141  136  134  147  139  154  151   40
ch:  21  131  124  140  127  134  133  134  151  140  134  133  131  140  137  140  141  155  143  144  137  137  148  138  165  146  148  154  156  154  153  169   53
ch:  22  122  131  132  132  130  135  133  137  134  136  132  134  125  123  136  139  135  142  154  135  142  135  141  135  136  151  152  145  153  148  156   39
ch:  23  120  136  131  132  135  131  133  139  136  135  130  127  134  139  133  136  150  149  149  147  151  151  166  149  153  138  151  161  156  152  165   56
ch:  24  134  132  122  130  129  126  125  132  137  127  125  131  134  137  147  121  141  138  133  136  133  132  148  134  135  148  146  143  154  137  138   37
ch:  25  131  131  149  134  137  137  130  127  139  137  132  136  135  137  134  149  151  143  137  141  147  132  143  139  151  152  154  150  162  156  157   56
ch:  26  130  130  131  139  125  117  123  126  133  135  134  129  124  136  131  130  137  141  131  129  136  134  133  138  125  135  133  151  137  149  133   41
ch:  27  132  125  131  132  131  139  130  132  148  138  146  135  138  138  131  137  150  135  147  163  150  142  147  156  153  156  150  150  154  155  167   49
ch:  28  137  131  133  125  131  132  119  121  140  125  127  138  139  124  145  131  132  130  139  135  130  140  136  141  133  143  139  151  137  147  152   37
ch:  29  145  133  126  126  134  133  147  126  132  130  147  136  132  140  138  144  153  150  139  135  152  149  142  149  147  152  151  166  158  168  156   49
ch:  30  124  128  125  132  137  136  126  138  143  136  131  135  146  136  136  131  131  141  128  141  140  135  150  147  147  142  153  139  155  151  145   38
ch:  31  123  131  123  137  134  144  137  142  135  133  141  151  138  133  142  145  136  153  152  142  147  147  150  141  151  153  149  150  158  146  156   55
ch:  32  134  131  120  135  122  138  131  131  129  134  133  123  133  135  139  137  132  135  141  137  135  150  134  134  148  136  154  152  153  138  152   39
ch:  33  134  121  133  131  139  131  139  121  123  137  133  149  139  134  136  145  145  157  147  138  149  143  155  152  148  150  150  140  164  151  165   56
ch:  34  122  119  138  125  130  138  119  138  132  145  133  130  126  133  137  142  124  135  139  135  132  126  154  149  152  136  149  154  136  146  156   38
ch:  35  134  130  130  134  126  132  131  141  129  136  150  155  150  150  135  138  149  137  139  153  151  141  154  159  148   -1  163  155  164   -1  168   56
ch:  36  132  126  118  133  116  119  139  138  132  139  137  132  123  135  132  133  137  137  138  137  136  136  140  134  149  155  148  136  136  151  157   48
ch:  37  124  123  126  129  126  135  138  127  135  133  133  145  140  147  137  137  136  145  136  157  153  152  154  151  163  152  166  155  161  142  152   56
ch:  38  123  126  132  135  123  127  131  132  133  133  127  134  124  124  133  136  135  135  124  133  134  135  147  133  142  143  146  151  148  151  148   54
ch:  39  134  125  135  137  126  127  136  132  134  132  137  149  129  131  135  148  137  147  151  134  147  139  143  141  139  155  148  150  162  153  154   49
ch:  40  124  124  124  124  121  119  123  134  126  134  123  131  125  135  135  126  131  126  133  139  131  133  130  123  136  140  143  145  136  137  149   35
ch:  41  131  126  122  130  136  134  137  135  134  135  132  134  131  137  147  150  138  137  155  141  139  140  147  155  154  139  153  157  152  153  167   50
ch:  42  126  124  133  134  135  126  136  136  133  141  127  126  130  127  137  130  133  126  118  127  132  132  137  138  146  137  131  145  141  146  139   37
ch:  43  134  121  136  136  132  139  129  139  127  148  136  130  147  138  143  136  140  152  139  150  137  150  130  155  151  156  157  154  154  152  152   56
ch:  44  126  129  131  135  133  134  121  132  133  138  130  133  122  121  132  126  131  135  133  141  137  145  135  124  137  138  136  133  139  134  151   42
ch:  45  133  131  127  133  135  135  142  150  130  131  139  126  130  134  136  131  135  140  137  140  133  152  135  138  150  154  140  149  142  157  163   55
ch:  46  133  123  132  123  122  125  131  139  133  137  133  131  135  134  135  132  134  133  136  135  139  139  136  126  145  138  134  139  151  136  154   47
ch:  47  133  131  123  138  134  137  124  139  125  124  131  139  140  139  137  134  136  140  136  146  139  148  141  162  157  165  154  138  151  151  153   56
ch:  48  122  134  136  125  131  141  131  134  124  135  127  134  133  130  147  134  130  125  133  132  136  133  129  137  127  133  135  148  139  149  153   47
ch:  49  133  131  134  140  126  127  133  132  137  134  131  133  134  132  135  149  142  144  137  141  137  140  140  152  138  142  154  166  157  154  169   56
ch:  50  124  127  132  110  122  124  122  132  138  131  126  125  121  136  134  131  132  125  129  124  132  125  130  136  124  137  133  135  138  152  139   43
ch:  51  130  131  136  121  133  130  131  132  141  146  136  141  135  152  137  141  139  152  147  141  138  152  137   -1  142  152  154  166  156  151  165   56
ch:  52  132  126  130  125  125  130  126  124  138  121  131  136  126  132  130  132  133  129  125  131  138  137  140  133  134  145  147  138  139  142  150   41
ch:  53  126  122  126  127  135  132  139  135  122  135  131  137  133  133  136  135  139  139  137  139  142  151  139  136  149  152  140  164  154  164  163   56
ch:  54  136  131  126  132  136  132  133  134  135  128  134  134  134  132  127  127  133  154  120  140  131  139  147  124  134  139  131  127  139  140  148   42
ch:  55  131  126  136  132  134  127  131  138  132  134  134  135  134  137  138  127  153  140  121  138  155  149  149  141  145  150  151  150  161  156  156   49
ch:  56  132  129  126  126  131  133  125  134  133  130  138  132  136  133  137  126  125  124  136  135  150  138  134  146  138  145  149  149  156  141  151   34
ch:  57  136  133  123  132  120  134  131  137  147  135  136  133  136  134  139  133  147  138  155  157  156  139  153  158  157  154  151  156  165  152  167   56
ch:  58  130  119  134  115  130  124  132  134  122  135  131  126  133  138  131  122  132  124  133  130  135  126  132  124  139  136  149  149  150  151  148   42
ch:  59  119  135  125  126  126  133  122  133  123  138  138  147  139  138  125  151  150  152  140  139  151  145  158  145  151  147  151  154  152  168  154   56
ch:  60  132  137  135  129  131  126  139  134  133  136  131  132  133  123  137  137  125  127  126  117  124  133  138  133  135  134  136  149  148  152  137   49
ch:  61  135  130  133  130  129  136  135  129  140  139  135  143  137  150  148  134  133  138  140  138  141  142  139  133  151  152  151  151  149  142  164   56
ch:  62  133  122  133  120  139  121  119  128  126  124  125  129  131  130  128  123  138  151  137  135  150  131  147  141  148  140  127  136  148  154  150   46
ch:  63  135  123  132  133  130  137  136  138  138  139  132  152  135  135  132  135  147  143  141  157  150  138  143  146  156  148  152  154  151  151  147   56
ch:  64  131  126  123  136  134  122  132  132  125  130  120  129  133  124  122  131  134  123  140  135  130  133  149  135  150  135  134  146  138  142  131   38
ch:  65  125  130  123  130  130  131  132  141  124  142  139  137  140  130  135  140  144  139  136  139  132  142  147  152  159  151  164  155  151  153  155   56
ch:  66  124  131  129  141  125  127  131  134  131  134  139  134  132  147  136  149  143  138  139  143  140  150  146  152  156  149  151  151  153  156  159   52
ch:  67  117  124  130  135  125  138  133  137  138  133  132  136  136  140  139  138  148  138  149  138  138  149  138  146  153  151  159  164  158  163  158   56
ch:  68  134  130  133  134  137  131  126  132  135  131  133  129  128  137  127  131  146  129  135  133  151  151  138  139  150  147  138  155  138  143  165   45
ch:  69  131  125  137  133  135  134  120  140  126  147  133  135  140  135  150  146  161  138  153  142  151  149  162  165  155  154  165  162  164  166  171   56
ch:  70  130  123  137  133  127  125  124  137  135  133  133  135  133  138  131  135  141  132  145  139  137  146  145  139  137  147  147  151  162  137  154   44
ch:  71  133  125  135  127  133  122  131  146  138  135  147  138  141  142  158  148  150  140  141  142  154  157  159  148  162  151  150  155  166  165  158   56
ch:  72  137  131  127  130  145  126  138  137  133  126  138  152  135  140  151  141  148  132  146  142  153  149  154  156  156  156  156  155  163  158  155   39
ch:  73  135  130  127  136  139  138  134  148  126  126  138  136  142  133  134  128  152  139  156  140  149  149  152  163  153  156  160  168  157  156  167   56
ch:  74  133  135  130  135  130  118  137  130  132  135  135  127  149  130  135  139  153  130  141  142  142  142  138  138  137  139  151  156  149  155  152   43
ch:  75  132  132  122  139  138  133  125  142  136  133  136  148  138  140  133  141  150  142  139  150  148  156  152  163  148  154  158  160  164  164  165   55
ch:  76  126  122  122  124  133  129  126  122  130  125  138  136  129  128  129  132  138  132  136  138  140  140  134  138  137  136  130  140  152  148  146   38
ch:  77  122  139  125  131  120  139  131  148  140  148  132  136  147  134  122  142  152  141  140  148  151  140  151  150  154  151  139  155  153  165  170   53
ch:  78  123  126  130  151  124  138  126  126  134  125  145  126  134  139  133  129  133  131  134  142  134  135  137  134  148  147  155  148  148  148  137   39
ch:  79  126  122  132  133  134  136  134  130  133  141  150  150  138  135  140  150  138  148  151  149  146  151  151  151  149  152  138  153  163  165  158   56
ch:  80  127  132  126  136  134  136  138  137  123  137  137  127  137  130  136  147  142  138  139  130  118  146  147  149  150  155  140  151  148  155  139   56
ch:  81  137  126  137  133  131  138  134  136  136  138  136  132  138  138  137  153  137  145  149  142  141  152  151  148  151  160  164  157  161  163  164   56
ch:  82  124  132  119  125  122  127  122  132  133  126  125  123  131  132  131  132  132  137  134  123  138  132  137  122  138  135  135  126  145  146  131   44
ch:  83  129  146  120  132  136  138  151  131  133  135  138  131  142  138  133  138  155  150  141  147  143  137  156  157  154  149  156  163  163  156  154   46
ch:  84  132  131  118  129  132  126  136  130  135  124  132  134  120  123  130  132  123  138  120  129  146  141  135  128  136  137  135  146  146  146  156   51
ch:  85  125  136  140  131  132  134  134  138  132  131  138  149  132  137  149  146  138  141  136  137  149  136  152  145  142  156  154  152  159  155  154   56
ch:  86  123  127  132  136  132  123  132  134  131  118  133  127  135  141  139  137  133  141  134  145  134  127  134  135  137  135  149  136  151  142  138   38
ch:  87  136  127  126  124  132  131  131  137  145  139  135  147  136  147  146  145  137  134  141  150  145  139  141  138  152  153  149  156  150  163  164   56
ch:  88  133  125  119  125  138  127  134  136  131  139  138  130  131  139  132  137  132  142  134  126  134  133  137  134  140  139  146  137  149  148  153   43
ch:  89  123  133  135  131  134  140  127  138  137  134  140  134  138  140  147  151  147  139  150  140  150  165  153  148  156  162  167  152  157  158  161   56
ch:  90  130  122  137  131  137  138  125  129  134  133  135  133  140  131  127  139  126  131  146  122  140  137  134  150  139  136  138  141  152  149  155   34
ch:  91  137  131  126  129  135  131  150  141  148  121  136  136  134  139  135  148  148  151  154  147  151  149  149  142  155  154  163  157  163  156  166   56
ch:  92  126  124  123  123  129  133  132  136  131  150  132  135  137  125  129  130  132  137  131  142  136  136  146  137  149  140  133  151  149  152  149   52
ch:  93  131  127  136  138  138  139  131  140  137  134  139  148  146  134  151  151  134  150  149  150  158  161  151  152  153  152  164  159  159  156  151   54
ch:  94  121  134  137  121  123  129  135  125  124  124  132  125  136  136  126  123  135  135  119  137  133  133  141  133  147  135  141  132  130  135  154   52
ch:  95  136  137  137  135  133  136  140  132  134  134  137  131  140  154  141  153  137  139  148  145  145  152  156  154  155  139  156  158  157  161  161   56
ch:  96  118  129  138  124  131  125  141  139  134  122  133  125  127  135  131  137  126  132  133  133  138  136  137  146  137  150  138  139  147  146  141   44
ch:  97  134  131  123  134  134  132  137  127  134  125  126  140  134  135  131  134  154  148  161  143  147  150  157  149  148  142  163  151  160  164  155   56
ch:  98  126  130  124  127  129  133  130  126  138  130  135  133  137  137  132  134  134  133  148  126  138  138  141  148  143  147  138  139  156  135  135   40
ch:  99  122  132  130  132  140  145  135  133  130  138  136  137  125  142  140  134  139  149  138  149  147  137  141  153  152  151  143  156  164  164  149   56
ch: 100  137  125  125  130  140  142  133  121  125  126  135  129  122  126  129  137  131  125  135  136  127  137  137  149  152  151  152  150  147  136  139   47
ch: 101  120  129  126  145  139  134  125  139  134  139  149  149  138  131  137  149  141  139  142  142  150  147  156  153  153  157  156  156  164  153  155   52
ch: 102  129  118  132  125  123  132  132  110  135  138  127  122  123  136  131  132  145  136  134  136  127  137  133  134  127  126  137  133  139  141  146   43
ch: 103  126  126  123  126  134  125  136  139  126  136  133  139  141  144  149  141  142  142  139  142  150  142  151  150  151  152  156  156  152  157  168   56
ch: 104  127  122  132  121  122  130  132  126  133  123  130  118  134  131  132  135  139  134  133  140  125  134  127  148  138  150  145  138  135  137  154   33
ch: 105  124  127  133  121  135  132  132  135  137  149  136  134  135  122  134  156  137  130  135  133  141  149  162  139  152  155  150  155  155  156  157   56
ch: 106  136  127  134  126  123  122  121  130  133  130  136   -1  131  140  133  127  130  145  136  134  138  139  138  135  133  138  149  142  152  135  141   42
ch: 107  123  134  134  133  134  131  127  131  135  125  147  139  140  133  135  139  147  137  149  148  153  159  136  162  151  150  156  154  156  157  168   56
ch: 108  127  119  134  132  132  131  121  130  133  137  135  134  123  126  137  130  132  131  134  122  125  123  128  134  148  138  133  137  136  137  149   51
ch: 109  126  126  135  132  135  132  137  126  136  142  139  149  146  137  134  152  148  145  150  150  151  142  150  154  154  149  153  155  152  163  170   56
ch: 110  123  134  131  125  126  126  126  125  116  135  129  135  127  123  133  130  130  119  137  137  129  133  135  138  134  149  135  136  146  145  153   53
ch: 111  136  125  132  139  139  136  133  125  139  140  152  137  147  147  136  142  149  139  137  164  154  150  155  153  155  158  148  152  165  170  165   56
ch: 112  120  125  130  133  135  134  127  125  126  125  129  131  118  124  135  120  134  133  124  121  130  132  132  148  122  130  135  135  136  141  136   50
ch: 113  130  126  140  135  125  139  139  146  130  135  133  148  130  133  133  131  142  141  139  141  137  150  140  155  152  153  149  151  156  158  148   51
ch: 114  130  129  136  125  136  120  125  130  135  134  129  130  133  125  136  123  136  139  121  125  138  135  139  130  136  135  154  141  149  148  145   42
ch: 115  132  125  133  138  133  149  129  125  119  131  138  142  130  137  140  136  134  138  149  148  154  151  154  138  149  142  151  156  156  151  155   56
ch: 116  127  119  130  133  132  132  132  133  123  122  132  134  129  133  146  125  138  126  123  130  135  133  131  137  132  132  140  126  129  138  126   40
ch: 117  126  123  125  132  123  125  129  132  126  129  134  138  132  139  148  131  136  137  138  158  150  143  151  136  141  149  154  157  153  152  153   56
ch: 118  124  125  130  122  121  129  121  129  139  135  137  122  134  138  129  126  136  133  135  137  126  133  141  130  130  137  133  138  143  137  133   34
ch: 119  121  138  139  124  132  130  127  141  142  131  136  139  146  126  151  149  149  135  154  140  139  150  140  150  145  148  152  151  155  149  167   52
ch: 120  120  124  132  130  110  127  130  125  132  137  126  130  131  126  125  129  126  133  133  127  123  123  148  135  123  125  133  136  130  155  134   43
ch: 121  135  124  126  137  129  123  139  129  131  131  132  136  138  133  148  137  147  145  135  132  139  148  137  134  150  153  153  150  156  161  150   56
ch: 122  127  134  131  122  119  126  127  125  130  131  116  126  126  132  135  126  131  131  127  125  124  119  134  131  147  139  150  136  126  135  149   44
ch: 123  136  130  140  132  121  135  140  130  131  141  127  149  150  148  139  136  142  134  137  134  149  151  140  140  153  150  152  147  167  161  158   56
ch: 124  131  137  124  125  123  133  132  126  122  126  133  122  131  139  140  139  136  141  131  130  142  138  130  130  139  141  148  141  142  150  148   32
ch: 125  127  119  136  136  134  130  140  133  131  141  135  131  149  135  138  131  133  148  138  155  156  150  149  153  136  150  149  153  163  155  164   56
ch: 126  124  127  133  134  130  126  124  130  130  131  137  122  120  122  121  124  125  126  132  121  121  131  137  127  134  135  134  135  133  135  149   25
ch: 127  132  124  133  125  136  131  133  138  148  136  132  134  139  140  149  131  137  136  138  138  148  157  153  140  147  155  154  154  154  156  155   36
