# ID XA-000-08-002-000-008-183-01
# Tag _trim_
# Date 240823_12:51:38
# Vref_p 55
# Vref_n 24
# Thr2_glb 39
# Vref_t 118
# Vref_t_range 1
# Pol 0
# ADC range 30-247
# FAST disc 30
ch:   0  136  124  133  121  123  118  124  116  137  116  121  118  107  126  117  120  118  120  110  109  105  121  107  114  108  119  110  105  117  120  108   20
ch:   1  138  138  137  124  132  132  125  125  124  135  118  117  140  134  132  118  134  122  118  123  134  130  119  117  115  120  119  119  128  133  116   29
ch:   2  139  121  126  123  124  133  132  125  123  121  108  119  111  117  120  104  114  106  106  108  120  119  109  102  111  117  103  108  124  117  113   39
ch:   3  132  135  139  136  136  140  125  125  132  133  117  123  120  131  137  122  117  120  120  124  125  116  120  123  120  131  117  135  134  123  119   47
ch:   4  127  122  131  125  133  137  131  119  116  119  113  124  114   -1  122  110  121  110  119  105  119  118  104  106  110  122  114  109  118  105  115   38
ch:   5  132  131  136  138  127  122  136  121  123  121  122  139  126  121  132  133  122  119  118  116  125  120  132  118  126  119  124  106  118  118  122   37
ch:   6  120  124  131  137  138  135  122  125  117  118  123  116  119  116  106  115  118  116  114  121  123  122  104  123  116  116  124  124  116  115  119   45
ch:   7  126  133  137  132  136  131  134  120  123  121  134  125  134  132  119  133  138  124  135  120  134  131  124  133  119  125  121  125  120  141  135   42
ch:   8  127  120  133  135  131  132  122  119  124  122  126  114  116  116  120  107  117  124  117  118  117  121  107  115  108  117  117  107  115  118  117   36
ch:   9  134  136  138  136  133  134  133  132  124  126  134  126  115  120  125  118  127  124  140  130  136  125  125  141  119  133  122  122  131  119  133   48
ch:  10  117  132  121  127  126  122  120  132  119  118  115  122  115  118  120  116  120  116  126  102  113  118  119  107  117  117  116  108  116  113  119   43
ch:  11  142  135  135  127  133  134  123  133  124  133  131  134  135  131  127  135  121  122  123  122  116  121  121  123  124  123  124  133  133  131  134   50
ch:  12  124  122  136  135  123  134  131  124  120  127  117  111  119  110  110  118  120  105  111  118  106  122   -1  108  120  117  109  116  115  122  120   24
ch:  13  135  138  136  130  125  135  135  136  125  124  131  133  124  122  118  118  116  125  123  124  125  141  116  132  123  126  134  133  133  126  124   48
ch:  14  136  132  122  134  126  119  118  121  123  115  123  121  122  125  124  119  121  120  111  117  109  118  110  110  110  119  116  116  105  115  116   53
ch:  15  124  142  126  135  126  132  134  121  141  119  125  123  134  124  124  120  125  121  137  133  133  123  118  123  124  116  119  136  131  125  125   52
ch:  16  136  119  120  132  120  134  132  126  124  135  130  117  124  115  121  124  121  116  121  108  123  124  116  115  118  111  119  116  108  115  110   34
ch:  17  137  125  126  131  136  135  124  132  137  130  122  121  136  125  116  118  121  122  122  123  122  130  122  126  124  119  122  120  120  123  127   56
ch:  18  132  124  133  132  124  126  126  122  121  121  121  123  120  124  132  109  118  117  113  110  115  115  110  118  120  114  119  113  106  118  122   48
ch:  19  137  126  140  120  131  132  135  118  132  123  122  130  123  126  140  123  123  119  122  125  137  126  120  136  123  119  135  125  120  134  150   42
ch:  20  134  137  121  135  124  123  137  116  121  141  123  119  120  121  116  120  126  117  104  123  117  109  120  114  124  108  109  120  113  113  122   45
ch:  21  123  132  141  127  133  116  140  123  132  131  134  122  121  123  132  118  115  132  133  138  142  124  120  120  118  122  133   -1  126  123  124   50
ch:  22  126  123  134  119  134  124  125  125  119  120  120  124  117  118  121  101  122  110  122  118  116  107  132  114  103  131  116  118  118  115  120   39
ch:  23  138  134  140  134  132  136  125  131  122  132  120  123  124  123  132  134  126  123  125  124  121  140  122  131  132  133  136  123  134  124  139   49
ch:  24  125  133  121  135  122  122  131  133  117  122  133  124  116  125  133  119  117  119  113  119  115  110  117  118  116  117  118  123  116  124  131   44
ch:  25  133  131  137  135  147  132  131  125  135  133  137  124  117  122  133  121  118  125  122  123  120  123  133  126  134  124  124  134  125  134  134   53
ch:  26  122  121  134  118  118  135  133  121  131  118  126  121  132  117  119  123  106  119  116  122  107  118  117  119  107  115  107  108  109  115  121   29
ch:  27  133  138  137  123  133  139  115  119  123  146  123  138  125  122  135  123  119  120  124  115  108  134  118  136  123  134  119  120  117  121  124   56
ch:  28  147  131  132  141  139  125  122  123  126  120  118  122  122  137  119  125  125  121  111  118  116  118  102  108  117  115  118  116  119  110  132   36
ch:  29  137  132  124  132  140  126  120  134  141  124  135  124  135  133  117  136  133  131  132  117  122  123  116  138  137  124  126  134  123  123  136   49
ch:  30  124  136  125  120  140  121  131  121  125  119  134  125  116  118  123  118  115  122  118  119  121  124  108  117  118  116  116  124  108  122  108   34
ch:  31  124  151  123  131  139  123  122  123  123  124  137  132  121  121  130  122  123  123  126  121  124  121  120  122  123  115  133  127  118  134  123   53
ch:  32  135  134  121  137  123  132  120  126  133  132  107  115  114  120  122  122  115  116  107  134  120  108  115  114  112  105  122  118  119  133  115   44
ch:  33  137  135  122  133  137  124  132  136  133  136  124  121  136  122  122  133  122  122  132  119  133  127  122  122  120  132  125  124  124  125  136   55
ch:  34  132  123  136  135  135  131  136  121  122  125  117  120  121  123  118  134  134  118  117  122  113  114  106  122  115  105  120  104  115  123  118   39
ch:  35  121  140  148  131  135  122  139  124  122  122  119  124  120  124  121  131  123  126  138  142  125  120  119  136  135  134  123  140  124  132  123   45
ch:  36  132  138  124  118  119  134  121  121  118  138  119  121  125  115  119  121  119  117  121  115  116  116  119  117  119  115  120  120  119  124  122   37
ch:  37  153  131  131  126  133  139  134  132  132  133  142  133  123  137  130  137  121  122  120  124  131  119  132  132  121  142  132  122  138  135  143   52
ch:  38  123  133  137  118  122  138  120  119  123  131  120  126  115  119  122  118  124  121  110  108  118  115  123  105  125  108  114  116  114  118  123   39
ch:  39  126  141  139  150  137  125  126  124  124  132  123  133  118  132  121  133  125  125  121  125  120  119  117  133  124  118  122  134  124  123  132   48
ch:  40  140  132  121  136  133  135  125  116  132  124  135  116  122  120  109  134  124  134  116  108  124  125  116  117  119  122  117  120  119  106  115   34
ch:  41  132  136  126  139  123  120  133  123  123  124  123  121  122  125  120  122  120  119  123  136  125  122  126  120  123  124  125  133  126  124  120   53
ch:  42  123  133  124  119  134  125  123  132  137  119  125  122  107  132  117  120  122  116  122  120  119  123  120  111  115  119  114  105  119  113  108   29
ch:  43  147  143  119  140  125  134  134  134  126  124  117  126  138  130  126  123  135  122  124  126  138  126  120  137  124  134  119  118  126  118  132   56
ch:  44  136  122  138  135  124  142  118  136  118  121  121  121  132  127  107  122  125  119  106  119  113  116  123  121  116  119  131  119   98  125  126   43
ch:  45  135  120  125  135  139  123  135  135  138  124  132  140  123  121  134  126  124  140  133  134  138  117  134  126  124  134  127  135  138  126  137   53
ch:  46  126  142  136  134  130  134  137  131  131  122  127  124  120  134  124  116  133  123  121  115  121  118  130  130  123  123  126  116  114  116  132   33
ch:  47  124  147  132  141  125  145  133  124  131  134  126  134  136  121  120  146  132  142  126  134  123  139  134  132  125  137  124  138  133  133  141   51
ch:  48  124  123  135  139  124  138  124  132  120  118  123  122  124  123  122  133  121  103  133  119  106  117  120  118  117  119  121  117  125  121  117   28
ch:  49  134  123  137  139  132  135  120  140  141  122  132  133  137  122  134  138  138  120  124  127  121  122  140  125  131  125  122  133  141  133  134   55
ch:  50  132  139  135  132  136  132  117  131  120  123  124  118  122  105  120  123  118  130  121  116  120  110  100  124  109  115  105  120  122  116  118   33
ch:  51  136  133  133  132  135  140  140  131  140  124  132  134  134  131  121  134  137  126  124  123  140  134  123  122  127  126  123  134  124  124  135   56
ch:  52  139  135  122  126  137  133  122  122  124  125  121  131  125  124  117  119  131  135  123  125  124  125  122  122  117  134  123  116  125  134  116   40
ch:  53  134  138  131  131  132  131  137  133  126  133  130  131  121  131  120  123  131  124  135  121  135  124  123  132  125  121  139  137  137  134  141   56
ch:  54  123  133  126  131  122  137  134  122  119  123  126  108  134  124  130  118  123  116  124  112  109  123  109  116  118  109  116  122  116  117  121   35
ch:  55  139  135  140  146  139  136  126  141  134  138  140  132  132  119  120  135  135  123  135  134  135  134  139  133  134  133  132  123  137  138  138   56
ch:  56  133  121  136  133  122  121  134  122  135  124  131  119  121  125  121  110  121  121  115  115  120  121  119  114  117  120  110  118  123  119  133   36
ch:  57  123  140  136  136  138  136  148  126  126  126  146  125  139  135  133  125  124  136  127  141  125  124  135  123  136  135  126  123  133  133  135   56
ch:  58  123  136  122  121  121  127  131  134  139  132  117  120  134  124  126  121  122  108  121  117  110  125  117  118  119  110  123  119  118  120  121   41
ch:  59  133  138  139  130  122  139  124  139  125  136  140  121  137  118  131  117  123  123  136  131  134  133  125  136  121  136  126  135  121  131  132   56
ch:  60  125  138  122  124  139  136  133  124  136  120  108  123  125  123  133  119  122  126  126  117  122  116  118  114  110  120  117  110  119  117  117   54
ch:  61  136  125  140  137  133  140  133  132  140  125  137  121  123  136  137  136  126  136  125  134  134  135  119  120  137  132  134  135  127  133  136   56
ch:  62  132  138  135  137  136  121  132  133  122  121  133  124  120  124  117  116  120  116  105  115  108  116  111  121  108  115  124  121  122  121  122   35
ch:  63  148  133  133  148  135  122  148  137  124  135  131  134  135  133  121  134  133  122  125  126  121  133  132  137  139  119  120  134  121  133  134   55
ch:  64  120  132  131  131  136  125  125  120  123  123  121  125  133  127  120  132  121  117  115  118  119  131  122  116  123  111  104  118  119  123  124   36
ch:  65  133  147  126  134  124  119  138  132  141  132  132  137  125  123  138  135  134  120  140  125  121  137  125  132  122  135  123  139  136  126  126   56
ch:  66  131  140  119  133  133  124  115  123  133  135  116  126  122  125  124  118  119  118  125  119  110  104  121  120  119  125  111  114  116  119  121   33
ch:  67  139  139  137  132  124  132  133  126  139  124  147  133  124  121  122  139  123  137  125  124  136  126  125  123  135  136  131  138  132  133  137   56
ch:  68  150  133  123  133  124  122  135  130  132  132  126  117  118  108  123  118  118  117  125  120  115  121  115  122  110  122  111  110  127  120  119   36
ch:  69  134  141  135  134  137  134  134  142  131  124  148  139  126  132  133  122  119  138  121  134  133  133  123  120  135  132  133  134  136  138  125   56
ch:  70  133  137  119  122  122  124  118  126  127  117  121  121  136  120  136  123  121  134  120  119  122  118  116  122  133  119  116  126  107  125  126   38
ch:  71  134  141  136  122  138  122  125  138  120  141  135  122  124  121  125  133  136  135  134  141  124  119  134  124  108  133  140  120  124  132  131   56
ch:  72  136  138  134  135  125  135  122  135  134  124  121  119  107  123  121  118  118  109  122  133  134  119  122  122  115  122  106  120  115  122  125   40
ch:  73  134  133  134  120  141  134  123  133  140  134  133  135  134  142  127  121  143  121  136  124  137  126  137  123  118  139  142  130  135  122  135   56
ch:  74  127  123  131  124  138  123  127  124  125  136  130  127  131  124  118  125  132  125  122  116  127  116  120  110  133  117  112  122  122  115  118   32
ch:  75  140  137  137  122  131  124  120  125  135  120  135  125  124  124  138  134  126  136  134  136  127  123  138  138  125  122  130  124  123  124  149   53
ch:  76  124  134  137  133  132  124  126  124  126  117  133  124  121  126  117  118  122  118  113  117  133  122  122  107  120  115  120  119  134  119  123   47
ch:  77  141  142  134  147  139  137  130  131  136  139  124  132  126  126  133  146  138  124  137  130  134  137  122  134  132  124  120  138  148  137  136   56
ch:  78  135  115  126  126  136  126  119  121  133  117  125  122  119  132  120  132  126  116  135  122  119  124  117  121  116  122  122  111  124  118  120   35
ch:  79  137  134  148  145  135  137  133  135  131  124  131  132  137  134  127  120  120  133  117  120  135  125  140  125  133  138  138  131  133  133  139   56
ch:  80  115  136  125  134  134  151  125  125  125  126  109  117  138  124  117  119  125  119  120  117  121  124  120  118  119  118  124  121  125  132  147   40
ch:  81  124  138  139  137  135  137  122  133  126  134  137  117  133  134  125  123  119  127  120  127  124  122  134  120  125  123  137  123  133  134  123   56
ch:  82  126  123  135  133  131  132  136  131  135  134  132  113  118  121  120  127  108  124  124  120  120  121  111  120  115  109  121  114  120  120  122   35
ch:  83  133  133  136  127  148  131  132  135  122  126  133  132  135  132  134  123  122  127  134  125  125  119  121  139  121  119  123  116  125  134  135   56
ch:  84  137  133  132  133  126  124  124  125  125  123  134  121  131  125  127  119  125  121  122  118  118  116  119  125  116  127  115  111  126  123  123   33
ch:  85  133  123  126  137  137  140  130  137  126  124  127  135  133  139  136  136  133  133  133  133  123  136  136  135  125  137  134  137  136  126  138   56
ch:  86  122  134  134  120  125  131  132  122  122  124  125  124  116  134  120  121  122  107  113  120  120  123  123  133  108  121  124  121  124  120  136   45
ch:  87  142  142  135  132  125  137  137  132  133  121  139  124  125  139  135  122  136  123  138  124  122  133  126  120  135  133  121  140  136  133  134   56
ch:  88  132  124  137  133  138  133  122  134  120  123  125  118  133  125  125  118  122  118  107  121  119  122  118  116  135  115  117  117  108  115  120   27
ch:  89  136  146  140  119  135  132  135  133  138  134  133  132  134  137  135  134  137  120  122  122  136  123  121  115  134  136  122  130  134  132  135   49
ch:  90  132  132  138  141  124  127  133  125  121  122  119  119  121  118  124  134  108  120  116  116  116  126  120  123  122  124  117  119  107  125  116   29
ch:  91  148  124  124  142  125  136  123  122  123  137  139  124  118  122  134  137  136  124  126  124  121  126  123  126  126  122  136  133  123  135  124   56
ch:  92  135  132  135  138  132  134  125  120  123  134  124  125  119  117  123  124  126  117  123  118  119  106  105  113  121  119  122  109  125  123  123   44
ch:  93  133  136  138  132  135  131  136  132  125  135  127  133  134  132  122  124  135  133  139  121  122  122  134  126  140  124  110  134  134  137  139   56
ch:  94  139  126  135  131  125  133  134  115  133  124  122  109  127  115  122  119  122  116  119  115  106  119  118  115  119  120  116  116  116  121  119   39
ch:  95  138  139  133  140  141  135  135  132  134  136  134  137  138  138  133  121  131  124  134  123  147  134  125  140  132  123  138  126  135  142  134   55
ch:  96  135  132  136  134  132  135  132  120  114  134  116  117  112  132  118  126  115  121  116  117  115  120  123  114  108  105  115  116  107  124  117   31
ch:  97  136  135  137  124  142  124  124  123  119  136  126  122  146  119  134  132  138  125  120  127  122  136  142  122  133  132  122  132  138  134  133   51
ch:  98  137  140  121  121  130  133  115  122  135  124  123  121  124  122  118  114  123  120  122  117  117  118  121  133  120  120  121  122  119  124  122   31
ch:  99  137  135  133  135  127  139  137  140  142  124  135  121  120  142  133  130  120  137  121  133  136  141  135  135  131  131  122  126  132  136  131   50
ch: 100  136  134  122  126  135  134  134  120  126  122  124  122  121  118  122  119  120  117  121  124  115  109  110  118  106  110  118  116  118  125  116   30
ch: 101  132  132  122  136  131  125  136  131  132  124  133  134  133  142  131  123  125  137  131  123  123  127  121  121  134  134  123  122  132  122  132   55
ch: 102  136  124  138  118  121  139  133  141  122  135  124  125  116  124  118  125  122  122  109  124  119  108  108  118  120  110  107  124  120  117  116   41
ch: 103  127  120  120  137  132  120  140  133  127  130  121  132  137  123  135  117  125  125  131  122  123  132  122  134  126  131  132  126  134  132  138   56
ch: 104  126  134  133  141  118  140  145  134  124  124  125  124  122  122  116  117  132  119  123  110  118  124  119  116  130  124  126  120  126  126  121   44
ch: 105  133  137  138  132  146  126  122  130  125  134  134  132  132  123  126  125  121  125  141  124  134  126  108  136  123  133  135  134  139  124  120   55
ch: 106  134  136  132  132  129  126  135  120  118  119  120  124  133  122  121  118  116  110  122  116  104  116  116  121  118  110  122  118  108  119  115   35
ch: 107  140  138  140  123  135  133  134  132  132  121  132  136  122  123  125  132  109  121  139  134  136  134  119  132  133  124  136  125  136  124  138   50
ch: 108  133  140  124  122  143  113  132  136  121  125  142  132  126  137  118  119  122  117  119  124  115  122  120  120  119  115  111  124  135  103  123   34
ch: 109  136  136  126  121  134  124  141  139  134  134  141  136  124  117  133  134  121  123  126  132  125  137  137  123  133  134  139  133  133  140  125   56
ch: 110  122  137  136  123  134  135  115  124  133  123  134  122  109  133  115  122  125  120  121  116  115  118  117  121  119  116  112  117  119  121  110   35
ch: 111  137  124  132  124  136  140  126  127  133  133  138  127  142  125  147  136  129  139  123  132  116  125  120  141  132  135  133  125  131  120  135   56
ch: 112  132  136  126  132  143  135  132  120  122  121  123  122  124  109  125  131  109  120  104  115  122  119  118  115  123   99  117  120  117  113  122   28
ch: 113  146  138  140  141  138  138  141  133  133  136  134  135  119  120  121  137  132  133  134  121  126  121  120  137  134  134  137  135  133  136  126   53
ch: 114  136  125  131  124  125  132  140  136  123  126  134  115  132  110  122  127  109  116  116  134  124  116  115  118  122  115  123  114  119  120  120   43
ch: 115  151  126  150  123  137  136  133  124  148  125  133  122  133  124  134  142  119  121  133  120  133  122  138  131  123  131  124  137  117  137  138   56
ch: 116  145  142  123  124  123  116  118  123  121  124  122  135  126  120  118  118  107  113  118  124  122  110  113  114  102  118  121  127  118  118  109   55
ch: 117  139  139  140  137  135  120  122  133  126  132  123  123  126  123  134  120  124  124  132  132  132  116  135  135  126  124  124  138  135  136  123   49
ch: 118  131  132  117  138  118  127  133  124  122  121  117  116  136  120  120  118  122  118  120  119  126  120  117  107  107  116  106  116  117  107  121   43
ch: 119  136  134  134  133  124  123  126  135  125  124  136  132  134  134  130  119  137  116  122  117  127  124  125  117  121  127  121  123  119  124  121   56
ch: 120  122  140  118  119  133  121  124  120  126  121  109  118  115  118  115  116  114  121  110  107  108  107  117  115  106  119   93  122  116  112  104   44
ch: 121  123  131  126  124  127  125  125  141  126  146  125  119  137  126  125  135  125  132  120  123  131  123  127  116  133  123  134  131  121  137  122   56
ch: 122  133  123  139  133  132  124  127  137  121  121  124  114  117  117  127  127  118  119  121  113  109  116  115  115  111  111  125  119  117  121  120   44
ch: 123  126  139  124  124  121  135  136  132  122  142  124  135  136  135  125  125  119  135  123  127  125  119  135  134  120  131  122  137  124  136  135   47
ch: 124  132  123  127  131  125  126  120  120  123  120  123  120  116  107  122  114  117  117  121  114  113  111  131  104  113  115  117  123  119  117  121   34
ch: 125  137  132  137  147  138  133  138  131  124  120  116  135  131  117  135  121  122  140  134  120  135  122  122  126  118  134  130  123  122  139  124   52
ch: 126  135  124  145  121  124  123  119  122  118  121  118  118  135  105  117  131  104  121  107  104  108  123  115  120  119  115  116  120  117  121  117   25
ch: 127  132  120  122  127  134  125  137  125  136  131  136  137  139  125  121  135  133  135  121  121  132  122  124  133  121  118  133  126  108  125  118   38
