# ID XA-000-08-003-000-001-236-08
# Tag _trim_
# Date 240624_11:11:27
# Vref_p 57
# Vref_n 22
# Thr2_glb 64
# Vref_t 118
# Vref_t_range 1
# Pol 0
# ADC range 30-247
# FAST disc 30
ch:   0  122  125  133  135  123  135  121  126  118  121  133  136  124  124  123  132  124  131  123  126  136  122  123  121  127  124  131  133  127  136  132   -1
ch:   1  132  130  127  122  132  136  135  130  132  123  132  134  127  140  148  138  139  140  137  130  144  149  137  147  150  147  153  139  150  151  151   26
ch:   2  132  125  124  122  135  121  124  121  108  129  134  133  126  132  123  118  125  124  124  127  130  135  140  125  134  132  135  135  138  136  125    2
ch:   3  124  123  138  131  132  125  134  143  148  135  134  131  140  141  148  134  134  134  147  139  137  135  151  134  139  136  137  143  150  159  153   37
ch:   4  119  119  126  126  131  121  121  119  117  132  124  132  132  124  136  133  130  123  131  123  125  131  141  127  136  135  136  137  135  126  132   25
ch:   5  135  120  125  116  132  135  124  121  130  131  134  126  134  134  134  143  134  138  140  140  141  146  134  152  141  142  149  147  141  153  150   52
ch:   6  116  126  115  126  133  119  126  117  137  123  120  136  123  133  124  122  137  132  125  127  132  136  126  132  146  132  142  134  139  119  151   32
ch:   7  127  115  127  133  130  127  118  124  124  133  133  133  141  133  136  134  135  141  139  141  149  140  137  135  140  138  143  143  148  140  150   56
ch:   8  115  119  125  125  123  121  136  124  124  142  135  122  123  134  134  135  126  134  126  119  131  132  125  133  135  139  136  136  120  136  139   26
ch:   9  135  122  131  121  134  126   -1  124  124  121  119  135  132  140  134  124  136  131  137  130  132  134  123  130  140  140  135  153  150  147  148   50
ch:  10  121  117  131  124  132  132  124  121  120  120  123  118  133  124  130  124  127  119  118  125  124  131  132  139  123  137  151  137  136  133  139   38
ch:  11  126  125  138  131  137  118  127  135  138  137  136  135  135  127  141  125  131  126  123  140  134  144  134  137  140  133  149  138  150  145  151   46
ch:  12  118  118  132  123  118  124  124  140  126  126  119  137  125  131  133  132  133  130  130  122  130  134  132  134  135  138  130  140  137  136  134   31
ch:  13  135  122  131  130  141  127  126  122  132  127  124  119  124  133  137  132  133  138  132  142  133  132  136  143  141  136  140  148  141  151  151   45
ch:  14  132  121  125  122  134  115  123  123  131  126  124  132  133  133  123  133  124  139  123  126  133  126  135  124  126  130  132  133  138  126  151   32
ch:  15  131  122  124  132  120  132  138  132  132  147  125  130  139  134  136  124  140  120  126  123  132  147  131  141  141  138  147  147  143  142  141   51
ch:  16  125  108  131  132  124  134  132  138  125  120  131  130  124  132  134  126  131  137  147  142  134  130  137  137  129  137  136  138  146  137  138   21
ch:  17  126  125  121  118  135  123  135  135  127  135  132  136  125  133  136  123  134  135  130  134  141  138  126  137  131  138  149  147  152  146  152   52
ch:  18  120  134  120  133  125  121  120  125  125  136  137  126  131  131  132  131  135  139  141  123  138  127  136  136  136  122  127  140  155  149  152   26
ch:  19  115  131  134  134  123  122  121  141  126  137  135  125  126  132  125  139  122  139  138  134  136  137  154  134  139  139  147  140  142  141  147   49
ch:  20  133  120  126  135  133  131  126  119  121  122  131  118  124  124  120  138  134  120  133  129  123  137  136  133  135  132  132  139  137  146  138   40
ch:  21  125  136  126  126  123  129  124  131  122  126  132  132  132  131  132  118  138  132  138  131  140  139  147  137  140  139  131  151  148  149  151   55
ch:  22  120  132  132  124  122  124  135  122  134  132  125  111  123  140  131  139  133  142  134  125  129  138  129  141  123  133  137  139  150  137  133   30
ch:  23  124  123  130  133  133  123  124  114  138  127  125  139  131  139  132  136  139  136  131  142  132  142  141  146  138  150  140  138  141  153  141   40
ch:  24  135  126  124  134  135  131  127  123  126  132  132  120  136  124  141  135  129  134  134  124  131  137  137  136  141  136  138  132  135  154  151   42
ch:  25  135  125  133  134  123  132  132  133  139  133  127  140  125  134  125  139  131  136  125  135  141  136  134  131  140  133  135  142  138  148  149   48
ch:  26  115  133  114  131  138  120  125  134  121  126  136  123  136  124  138  124  134  134  135  126  125  130  126  122  139  127  138  149  138  141  155   39
ch:  27  131  120  121  119  133  136  138  134  125  121  146  133  132  147  136  141  123  151  137  142  142  148  147  133  140  137  141  147  148  149  150   54
ch:  28  111  118  135  131  133  125  124  124  131  123  122  127  137  132  123  126  126  133  119  122  142  130  146  138  138  137  146  130  138  148  137   41
ch:  29  141  124  132  122  120  127  134  130  124  126  134  139  147  136  140  135  134  133  138  138  140  153  131  149  153  150  155  140  165  154  149   47
ch:  30  126  132  126  119  123  133  127  132  120  132  130  123  137  128  127  136  136  120  126  124  130  132  120  125  131  134  135  137  136  137  140   36
ch:  31  126  133  131  125  139  127  133  136  138  132  139  134  127  146  134  140  148  142  140  137  122  138  156  152  139  143  136  151  153  155  158   52
ch:  32  119  133  137  137  119  137  139  126  139  134  142  137  126  135  124  131  139  141  136  138  122  134  151  142  140  151  132  147  136  139  149   52
ch:  33  133  117  132  133  123  131  138  125  132  126  126  133  140  133  132  133  132  127  127  138  150  148  146  139  147  137  152  141  138  149  143   38
ch:  34  116  124  132  124  127  138  125  131  132  120  135  127  140  123  130  131  138  132  120  140  132  134  136  132  122  132  130  141  137  147  139   49
ch:  35  135  137  124  136  120  138  141  133  134  137  133  137  130  136  140  134  132  149  132  134  133  137  147  141  150  136  158  147  137  150  155   45
ch:  36  120  126  123  122  133  131  124  132  127  127  132  134  135  134  131  126  126  131  123  138  138  138  142  133  134  136  137  136  139  137  134   35
ch:  37  136  122  133  123  126  134  122  119  133  139  138  132  123  134  126  126  149  140  135  145  142  147  139  143  137  137  143  130  148  147  162   52
ch:  38  125  131  131  133  119  124  134  135  131  135  131  132  121  125  132  121  139  120  130  134  141  137  136  135  132  148  137  146  142  149  139   36
ch:  39  135  135  133  135  131  124  133  141  126  138  139  137  135  136  124  133  136  126  136  140  139  140  135  151  149  148  151  153  149  137  149   46
ch:  40  121  124  125  120  131  121  126  124  125  125  132  139  123  120  124  123  125  126   -1  120  137  133  124  138  131  123  138  138  146  149  135   44
ch:  41  122  123  117  132  136  136  123  120  135  134  138  135  125  125  139  147  149  140  136  140  134  141  139  126  142  153  139  149  152  154  140   40
ch:  42  136  134  126  120  125  134  135  131  131  139  123  121  131  136  134  134  133  131  126  135  133  134  141  139  125  134  140  139  137  139  142   49
ch:  43  137  128  119  135  137  121  133  126  135  142  134  133  127  132  150  139  139  147  147  145  140  141  142  150  152  155  153  156  150  150  160   51
ch:  44  125  133  122  124  131  126  124  132  132  123  124  135  117  135  123  147  137  140  133  133  136  142  137  134  133  130  137  142  148  138  140   47
ch:  45  124  123  130  139  135  123  133  141  138  136  126  134  137  134  140  132  150  138  147  149  136  146  135  137  142  140  147  152  152  147  154   54
ch:  46  121  123  120  132  124  126  123  134  130  122  117  142  126  134  119  125  137  135  131  136  132  140  143  137  133  135  138  138  138  132  147   52
ch:  47  133  124  124  146  134  134  138  134  132  137  135  134  129  141  127  141  137  135  135  136  151  133  136  137  149  149  149  149  154  143  165   43
ch:  48  137  124  122  119  132  134  118  133  136  127  120  136  140  132  131  132  123  131  141  132  124  132  131  138  127  136  125  140  139  140  137   42
ch:  49  126  131  123  134  137  122  137  138  140  134  138  136  143  132  149  137  131  132  140  136  139  141  132  142  150  142  148  146  138  139  151   50
ch:  50  118  124  135  133  123  127  118  126  131  124  130  123  123  136  137  123  123  126  138  135  136  135  135  147  132  135  127  136  146  143  132   46
ch:  51  121  122  125  131  142  127  143  125  125  142  137  121  138  127  148  145  131  126  141  135  149  142  139  148  136  149  142  156  153  163  143   53
ch:  52  132  126  109  119  122  128  139  127  140  135  136  126  134  123  135  143  132  137  135  134  133  127  132  142  139  136  138  146  145  143  148   56
ch:  53  123  125  123  138  132  133  123  133  127  134  137  141  140  137  127  142  134  138  141  140  145  144  139  152  151  152  138  148  156  141  152   46
ch:  54  124  135  120  122  132  135  126  125  118  131  121  127  117  135  131  121  139  127  107  133  131  138  133  131  130  143  151  142  141  138  146   46
ch:  55  126  131  122  131  139  133  129  124  124  141  133  126  139  140  132  138  149  137  139  145  140  137  149  136  153  140  153  151  150  158  156   43
ch:  56  127  127  134  133  131  114  126  125  123  130  123  133  139  132  141  126  126  129  131  118  135  125  135  134  136  136  137  137  130  141  136   33
ch:  57  121  119  135  139  133  136  140  139  125  137  137  121  139  140  146  149  138  131  149  136  135  137  137  147  154  153  154  156  162  156  146   47
ch:  58  122  137  132  140  117  135  118  133  145  132  136  136  126  138  135  140  130  133  132  135  136  135  137  138  142  143  139  147  133  142  149   42
ch:  59  125  135  121  134  136  135  130  129  135  137  136  138  138  121  132  131  133  136  135  139  146  147  140  161  141  135  150  152  147  156  154   49
ch:  60  121  131  132  142  125  135  124  122  135  130  133  119  136  137  123  135  128  125  138  130  131  139  135  127  137  138  136  139  136  139  147   33
ch:  61  138  130  122  140  126  136  136  132  138  125  136  125  142  139  153  135  140  147  139  142  142  149  148  148  135  147  155  151  147  159  149   35
ch:  62  127  126  126  133  123  125  125  120  130  131  123  131  125  124  133  130  138  131  126  133  137  140  135  122  138  140  141  139  135  150  143   40
ch:  63  131  136  130  135  133  135  125  131  138  134  136  131  126  121  135  139  136  135  146  138  139  148  139  139  135  147  138  148  155  156  163   46
ch:  64  130  119  131  123  122  138  135  131  138  138  138  122  131  137  132  139  141  134  134  142  138  135  132  135  140  140  152  149  147  141  131   43
ch:  65  136  123  130  142  127  125  125  147  148  138  136  125  132  149  134  133  132  135  146  147  147  146  149  150  141  152  151  136  140  146  150   44
ch:  66  132  125  124  119  127  124  136  143  134  142  120  140  121  136  132  130  132  132  124  138  140  133  142  138  127  141  136  125  140  133  148   34
ch:  67  133  126  137  133  134  126  133  137  123  135  140  138  141  133  140  137  135  142  133  138  137  138  150  137  152  151  152  152  146  152  150   52
ch:  68  135  140  122  125  124  133  131  135  134  137  132  134  139  136  138  135  132  140  130  133  133  140  142  132  133  145  141  148  140  148  150   47
ch:  69  131  136  132  126  138  137  134  138  126  131  135  134  124  136  133  132  132  150  136  143  143  139  141  146  150  150  151  156  154  152  151   51
ch:  70  136  134  132  121  129  134  123  130  136  131  140  132  136  127  139  127  140  137  140  140  136  132  135  143  137  141  143  142  138  142  147   39
ch:  71  127  132  133  132  137  134  138  134  122  125  121  151  124  135  127  141  134  139  147  136  140  148  157  133  153  133  134  157  150  155  152   36
ch:  72  118  123  120  137  137  119  133  122  122  138  139  127  131  133  132  147  126  131  120  122  134  141  137  142  138  132  132  138  136  139  133   47
ch:  73  120  132  124  139  126  132  140  135  137  148  136  143  138  141  146  129  136  131  146  138  137  146  134  149  139  146  141  147  153  147  152   42
ch:  74  139  134  124  139  131  126  131  135  136  140  122  139  142  141  131  129  131  138  139  141  143  133  139  150  137  141  133  139  144  147  150   44
ch:  75  135  134  116  133  125  134  126  142  132  135  148  123  134  141  138  141  138  148  150  141  141  149  149  150  148  136  136  145  152  152  153   53
ch:  76  121  125  133  136  132  137  139  139  139  127  131  138  132  120  135  131  134  139  140  139  142  132  136  135  145  153  141  140  147  148  148   43
ch:  77  125  127  129  122  131  131  139  140  147  134  151  140  134  141  133  140  141  138  141  139  136  151  143  156  153  147  147  154  153  152  157   37
ch:  78  132  131  123  135  138  126  125  126  141  135  133  143  127  137  124  121  139  121  143  139  134  135  135  140  140  137  133  134  139  143  150   34
ch:  79  125  119  134  125  133  124  140  138  139  126  134  135  135  139  140  140  139  147  137  148  137  135  137  151  132  137  149  143  153  151  142   45
ch:  80  131  131  119  137  137  133  136  127  134  134  122  145  137  132  138  135  149  123  140  138  132  138  142  139  123  135  139  136  130  148  143   36
ch:  81  132  138  138  134  133  141  126  134  125  136  135  134  133  136  136  135  132  148  136  149  139  138  143  148  151  147  148  136  155  151  152   43
ch:  82  124  118  122  123  134  129  134  134  119  125  133  137  133  136  135  131  139  138  124  126  141  139  136  138  149  137  141  136  139  151  146   37
ch:  83  120  124  121  135  135  131  136  133  133  132  126  133  132  136  134  125  137  142  137  126  142  143  140  152  139  146  151  151  147  154  165   33
ch:  84  121  125  124  123  132  132  127  124  123  132  133  135  130  140  137  150  120  134  130  134  132  138  138  151  139  131  140  136  142  139  138   34
ch:  85  131  131  121  132  136  114  135  137  148  146  133  119  132  131  142  135  138  141  146  152  139  147  148  141  151  137  162  148  150  150  143   36
ch:  86  119  120  123  130  125  123  131  132  137  124  132  133  124  135  125  132  130  136  136  135  135  130  139  126  135  142  143  140  147  140  154   36
ch:  87  123  133  137  138  132  132  124  138  140  124  139  138  140  135  139  140  137  124  139  140  139  149  148  137  142  152  142  148  154  156  150   43
ch:  88  135  135  133  133  126  126  126  121  135  130  133  135  118  149  123  132  136  134  136  126  132  131  138  142  134  132  140  150  125  150  138   33
ch:  89  132  126  122  122  131  127  126  139  135  124  133  135  136  140  137  139  148  147  149  152  147  134  147  141  151  140  153  150  156  158  153   31
ch:  90  131  131  118  117  123  131  130  134  135  119  133  140  135  126  133  134  132  135  134  135  139  134  142  145  141  147  131  139  147  146  142   25
ch:  91  121  135  121  136  134  131  137  138  146  127  141  131  137  143  140  134  152  140  131  136  132  148  143  151  146  143  149  152  150  160  163   37
ch:  92  123  134  122  126  130  141  130  137  136  130  138  141  130  137  123  127  130  124  137  137  138  121  147  138  134  141  138  134  136  142  151   37
ch:  93  123  130  123  130  131  137  138  130  133  132  136  131  135  134  136  146  134  153  132  134  140  140  137  135  145  133  139  141  138  148  156   38
ch:  94  131  133  136  139  139  119  127  133  123  137  133  144  124  147  132  136  132  139  140  142  138  139  141  143  140  138  149  139  153  145  141   42
ch:  95  140  132  136  121  125  123  140  131  136  135  136  135  131  133  147  148  127  135  140  135  138  141  142  141  147  150  137  141  149  157  162   39
ch:  96  122  123  138  124  115  134  124  135  134  136  134  135  132  120  134  133  139  133  134  139  139  134  133  131  146  138  142  134  143  148  149   20
ch:  97  118  122  131  139  124  137  136  134  133  140  135  141  134  139  140  147  131  140  134  139  134  148  150  139  139  150  152  153  147  158  152   42
ch:  98  125  133  130  131  123  135  123  119  126  131   -1  132  136  138  135  130  124  124  138  142  139  142  151  140  133  147  135  139  141  141  150   25
ch:  99  126  127  125  138  136  131  142  138  137  134  135  133  135  139  139  149  139  131  150  132  141  153  142  140  147  149  143  147  154  141  161   49
ch: 100  126  127  131  131  125  127  122  121  126  134  147  126  139  135  136  121  133  147  140  132  140  135  116  136  142  135  137  133  140  139  149   27
ch: 101  116  136  135  125  124  125  132  132  126  121  124  130  138  140  134  126  139  133  147  134  137  141  137  148  149  141  152  149  154  139  145   32
ch: 102  132  124  134  126  122  131  138  117  125  124  116  141  149  135  124  136  121  134  125  122  125  130  131  132  141  149  133  132  151  135  140   17
ch: 103  124  124  126  133  140  134  131  135  136  136  139  142  139  141  136  146  138  142  147  134  142  142  146  146  151  151  139  150  146  156  150   40
ch: 104  122  136  136  124  138  134  123  124  121  125  139  137  130  137  132  125  123  126  136  126  121  133  130  132  134  149  134  135  148  134  148   22
ch: 105  132  138  116  135  134  126  146  137  147  136  125  136  141  134  139  140  147  149  136  147  138  138  134  140  157  154  154  155  166  152  147   36
ch: 106  122  132  125  120  138  132  120  123  137  137  125  137  134  125  132  133  135  135  136  139  126  143  134  139  123  132  149  134  139  146  147   31
ch: 107  137  131  122  122  134  123  132  133  129  140  131  150  136  133  124  124  136  139  137  150  141  136  137  140  142  142  148  139  155  147  150   35
ch: 108  131  124  132  135  127  125  126  119  121  120  134  136  134  122  136  126  141  122  123  148  136  133  143  138  136  139  136  137  140  139  149   19
ch: 109  125  136  126  128  126  140  125  132  133  134  132  131  131  137  134  142  134  131  141  139  134  150  141  150  147  149  138  149  155  154  155   35
ch: 110  109  124  121  119  123  134  132  120  123  125  126  116  123  133  133  123  133  131  138  132  136  140  126  140  125  124  135  137  127  142  155    9
ch: 111  138  127  125  126  130  135  135  135  133  132  139  139  132  140  136  146  139  132  122  150  146  132  141  142  147  141  147  141  150  154  155   23
ch: 112  120  126  127  121  123  126  120  122  125  127  136  124  135  132  121  123  145  131  139  140  146  141  141  136  140  130  136  150  148  142  140   13
ch: 113  117  132  125  126  136  140  117  137  132  125  141  118  135  148  138  133  135  142  141  131  133  138  137  138  140  142  140  150  150  150  153   33
ch: 114  126  132  120  126  123  123  127  133  121  123  130  143  139  126  132  126  122  135  140  132  133  124  137  139  131  140  149  137  141  140  141    7
ch: 115  134  132  140  127  127  123  120  135  131  138  134  130  131  124  134  138  147  132  139  132  145  149  154  148  156  146  147  143  152  133  153   24
ch: 116  133  131  123  132  111  134  133  132  125  124  137  136  126  127  129  135  141  132  137  142  135  133  131  134  148  137  146  137  150  128  143   21
ch: 117  119  126  125  133  131  136  123  136  132  140  132  134  137  122  139  142  138  137  143  126  135  137  138  147  126  140  153  147  151  142  142   36
ch: 118  123  129  126  140  126  130  122  140  136  136  117  126  136  131  134  140  125  136  131  136  132  139  140  140  125  139  133  150  142  141  148   10
ch: 119  125  126  116  134  125  136  139  136  132  136  136  132  131  135  135  125  140  134  134  125  135  132  142  138  133  138  146  135  148  154  139   31
ch: 120  136  124  132  135  137  124  124  133  132  130  126  125  115  137  132  126  129  132  121  132  135  135  141  140  135  124  140  147  131  143  140   10
ch: 121  133  127  136  122  134  127  122  132  126  136  136  131  132  132  135  130  136  136  137  132  139  135  148  141  130  143  139  141  152  150  150   19
ch: 122  132  133  140  126  122  129  124  132  137  131  121  124  136  133  137  127  133  146  130  129  132  124  123  139  141  137  141  151  130  142  145    9
ch: 123  123  121  133  125  131  121  138  132  129  118  122  134  138  121  140  136  136  141  138  135  145  149  143  146  142  144  149  142  139  141  140   22
ch: 124  125  138  125  107  125  124  124  132  133  131  127  134  135  125  119  131  121  139  120  133  126  124  133  139  134  137  139  139  147  148  146    2
ch: 125  131  132  131  121  120  133  136  133  132  133  148  134  135  142  133  139  139  138  147  139  137  140  137  142  138  143  148  163  156  157  141   15
ch: 126  123  135  136  119  132  120  130  124  123  132  130  127  132  126  125  135  135  120  125  135  138  143  134  135  133  133  142  139  140  133  140   -1
ch: 127  139  131  127  135  131  132  134  137  133  133  144  133  137  135  140  140  141  142  148  150  136  148  139  132  145  137  150  153  149  155  147   12
