# ID XA-000-08-003-000-001-214-01
# Tag _trim_
# Date 240624_12:17:33
# Vref_p 57
# Vref_n 22
# Thr2_glb 10
# Vref_t 118
# Vref_t_range 1
# Pol 1
# ADC range 30-247
# FAST disc 30
ch:   0  135  125  130  125  118  124  132  116  123  122  129  132  124  108  128  133  117  121  119  120  129  120  116  131  123  123   -1  119  141  137  137   -1
ch:   1  121  114  122  115  113  131  107  115  120  119  134  135  116  122  115  116  117  122  122  117  118  125  122  118  125  134  132  134  137  141  132   -1
ch:   2  135  123  129  121  118  122  119  121  117  118  123  120  117  118  109  123  116  120  124  119  115  119  125  116  120  125  120  133  130  124  133    4
ch:   3  111  122  120  118  124  120  121  120  120  118  123  119  119  122  135  126  132  121  139  119  132  131  131  135  131  131  138  125  139  135  138   17
ch:   4  125  116  119  120  117  125  121  111  119  120  116  120  120  109  121  115  105  120  118  122  124  116  118  120  109  123  119  116  133  116  131   25
ch:   5  124  123  119  115  131  119  116  114  122  123  131  118  118  116  123  123  124  134  122  118  119  133  131  126  132  132  131  122  132  146  139   28
ch:   6  118  131  121  124  122  120  132  133  123  122  122  116  119  120  124  110  110  118  108  109  124  121  118  114  121  129  129  120  119  134  140   12
ch:   7  118  134  124  123  120  130  130  133  123  125  124  116  127  136  123  122  117  120  118  124  124  121  122  137  126  132  126  124  124  140  134   -1
ch:   8  120  127  132  119  117  121  132  121  132  115  124  131  114  123  117  123  121  115  126  113  125  124  123  136  132  124  121  134  131  123  139   36
ch:   9  133  122  120  120  118  124  110  128  119  131  111  125  125  131  128  116  124  138  118  120  122  123  136  121  131  130  133  133  131  145  140   18
ch:  10  125  120  132  110  123  125  117  130  115  125  104  132  119  111  118  110  124  130  129  121  118  134  127  104  130  123  120  117  133  124  125   -1
ch:  11  122  124  130  123  116  121  126  123  113  124  124  115  125  119  116  124  118  120  123  121  126  134  111  122  139  131  125  131  136  136  148   -1
ch:  12  135  121  119  135  116  123  130  127  123  122  124  118  117  119  117  118  133  116  122  122  117  120  118  120  137  125  129  125  126  131  132   -1
ch:  13  131  124  120  118  122  115  117  116  123  109   -1  120  114  124  129  129  118  115  133  116  115  127  122  116  134  125  136  120  132  139  125   32
ch:  14  130  122  121  129  136  118  121  121  119  116  116  124  115  125  123  130  119  130  116  127  121  115  133  116  123  133  130  147  132  139  136   -1
ch:  15  129  122  131  130  124  122  117  116  116  113  134  130  121  122  122  120  122  106  121  114  124  122  122  119  117  131  134  136  133  133  133   18
ch:  16  131  124  123  104  119  120  116  120  133  121  116  118  119  121  129  114  109  133  120  119  117  123  125  137  122  129  122  134  127  132  129   44
ch:  17  134  124  126  120  120  123  122  128  142  119  124  137  126  124  116  122  112  123  132  118  125  116  118  123  129  133  133  122  125  130  135    2
ch:  18  127  134  136  119  123  113  131  123  113  108  122  119  122  116  114  129  107  116  124  124  125  123  131  123  130  120  123  122  128  138  137   -1
ch:  19  120  134  130  125  118  117  118  120  136  131  124  131  108  121  124  124  131  117  117  119  138  125  127  117  118  136  132  134  132  130  152   -1
ch:  20  132  109  122  133  125  132  120  124  121  123  120  120  122  121  132  121  117  127  134  123  121  118  123  125  119  135  133  123  137  137  135   55
ch:  21  137  132  128  122  126  131  123  124  122  123  119  120  124  122  120  111  116  120  123  135  124  119  127  123  126  126  132  131  139  137  137   24
ch:  22  131  123  126  121  121  126  125  114  115  123  119  124  121  117  119  106  115  119  129  125  122  126  126  117  105  126  130  125  126  130  126   41
ch:  23  126  123  134  129  120  120  125  122  124  122  121  134  123  132  123  135  121  127  133  141  140  131  132  124  137  127  135  126  142  137  138   44
ch:  24  123  123  124  122  129  122  117  126  133  122  124  124  121  122  133  127  132  123  123  124  128  124  135  126  122  125  124  122  121  124  139   -1
ch:  25  122  140  121  125  124  121  123  118  121  121  117  140  122  129  122  122  132  119  126  136  135  119  133  131  124  137  135  140  135  136  133   -1
ch:  26  123  125  122  134  116  124  118  127  110  120  124  111  119  119  117  134  130  132  101  118  121  130  123  123  133  135  135  136  141  137  132   -1
ch:  27  118  123  124  116  124  125  133  126  124  115  119  121  133  110  127  136  136  123  137  134  133  132  127  125  131  142  155  133  140  151  156   -1
ch:  28  141  136  125  123  127  125  123  125  125  126  120  129  124  117  125  119  119  117  126  131  118  122  140  122  126  124  137  134  124  139  123   -1
ch:  29  127  125  129  130  130  126  118  123  126  123  117  120  120  125  124  135  132  123  125  133  140  131  129  135  138  145  132  147  139  134  138   21
ch:  30  119  130  116  123  132  129  124  119  134  117  123  124  122  129  119  122  120  121  122  114  122  123  124  124  123  130  134  124  130  138  133   -1
ch:  31  133  130  126  125  115  135  123  123  118  135  133  123  123  126  131  134  129  133  129  123  139  132  138  127  141  135  136  146  142  135  139   -1
ch:  32  110  124  131  124  122  121  121  122  123  130  121  120  117  123  114  118  123  131  120  135  127  121  126  136  132  130  118  127  126  133  136   -1
ch:  33  126  130  121  117  121  116  130  128  134  126  114  123  130  125  122  125  126  132  133  133  132  132  129  135  139  138  138  136  151  150  142   17
ch:  34  139  114  127  123  123  129  126  130  121  119  121  108  124  111  119  117  135  118  120  118  109  127  135  125  135  117  130  133  140  137  126   -1
ch:  35  126  124  132  132  115  116  120  125  133  125  129  131  118  132  130  124  126   -1  129  129  133  140  135  137  126  123  140  131  134  149  139   -1
ch:  36  121  125  120  135  119  130  123  131  123  122  122  118  127  122  119  127  119  124  124  123  125  123  124  129  122  126  119  122  125  130  133   13
ch:  37  132  117  124  119  120  123  123  118  119  120  124  120  132  120  120  125  127  124  125  134  138  131  133  133  131  145  138  135  146  141  141   -1
ch:  38  125  135  127  137  121  116  107  129  120  126  125  126  119  120  120  111  129  122  134  120  137  132  119  125  126  123  126  130  138  138  138   53
ch:  39  126  124  126  124  124  116  124  118  125  132  117  123  138  137  136  131  114  136  124  127  131  129  124  136  141  135  138  152  155  163  147   -1
ch:  40  123  129  105  132  124  127  131  125  116  129  111  120  135  120  121  120  119  119  138  130  129  124  132  133  131  131  134  127  140  138  125   23
ch:  41  133  126  121  117  132  126  116  124  110  136  126  118  124  121  139  135  131  136  122  126  130  125  125  140  135  141  147  131  133  134  148   29
ch:  42  125  126  123  119  118  126  131  126  122  130  127  121  124  123  130  124  127  124  120  123  122  119  134  124  126  129  124  133  131  136  138   22
ch:  43  125  131  120  125  126  123  123  134  125  139  123  129  121  123  134  126  133  137  122  134  131  136  123  127  137  138  133  152  147  149  150   -1
ch:  44  129  118  135  124  125  116  118  124  123  120  117  123  131  121  119  111  124  121  129  120  127  123  131  124  120  126  133  139  132  150  141   32
ch:  45  132  132  122  122  136  124  137  130  118  125  132  133  125  132  121  129  121  130  153  125  123  139  141  133  136  142  137  151  140  152  152   43
ch:  46  121  122  130  119  123  116  125  133  133  131  117  132  118  133  123  123  117  136  124  122  132  131  125  117  122  124  138  135  133  133  139   -1
ch:  47  122  120  123  120  132  126  126  125  136  130  129  129  125  133  124  117  127  123  131  140  130  133  148  149  138  148  135  147  137  152  138   25
ch:  48  135  126  125  120  120  122  132  126  135  124  126  121  134  122  123  135  119  116  137  124  119  123  130  137  135  127  121  131  135  139  136   -1
ch:  49  137  131  120  124  115  122  119  123  132  123  119  131  133  130  123  132  125  131  125  126  137  124  140  133  137  135  132  142  138  139  149   35
ch:  50  125  120  129  117  121  121  126  131  134  124  125  123  124  119  119  115  131  121  134  108  121  127  115  123  129  125  124  134  132  132  132   -1
ch:  51  124  136  121  118  125  125  121  124  122  132  125  134  125  119  136  131  133  122  120  135  129  122  137  137  137  134  138  140  133  136  147    8
ch:  52  131  121  127  117  120  121  124  139  119  131  133  121  123  120  124  124  131  122  117  134  121   -1  125  124  130  131  121  134  132  132  138   35
ch:  53  133  138  124  120  125  133  124  117  120  130  124  136  123  128  120  124  134  121  131  124  133  131  132  135  133  124  132  131  134  135  145   30
ch:  54  124  133  126  131  131  122  117  126  125  126  116  136  125  120  120  116  132  128  136  129  117  124  121  116  131  136  123  122  127   -1  129   -1
ch:  55  132  129  120  136  131  139  121  115  120  130  118  140  130  121  122  123  125  125  135  120  125  122  133  129  131  133  131  140  132  140  133   14
ch:  56  118  131  125  127  125  118  109  127  133  122  125  124  120  118  121  126  125  131  121  123  132  122  134  126  133  134  126  132  136  139  146   -1
ch:  57  130  117  126  122  120  126  131  132  119  119  112  117  122  125  120  124  121  117  122  122  118  121  124  126  126  133  132  135  129  141  141   18
ch:  58  129  121  127  125  137  123  124  122  122  116  122  127  130  117  126  131  119  131  113  121  106  126  133  117  123  133  131  136  135  119  145   48
ch:  59  137  119  120  127  137  116  114  122  125  109  135  130  125  116  120  135  130  122  128  125  131  135  123  124  133  134  135  143  133  143  143    4
ch:  60  130  120  136  125  124  132  118  134  134  125  123  135  131  125  123  118  130  119  120  121  122  129  123  125  132  132  133  130  137  134  135   -1
ch:  61  125  134  134  125  124  134  120  129  117  126  131  124  122  117  133  136  122  134  121  133  132  129  132  139  125  127  137  131  138  149  149   -1
ch:  62  123  132  118  111  123  113  126  128  118  121  118  118  110  119  126  121  115  117  116  118  102  116  108  109  119  122  131  123  125  121  133   24
ch:  63  126  123  131  131  133  127  120  124  126  124  125  121  123  123  122  130  132  117  129  125  126  123  120  138  137  140  150  137  131  149  142   15
ch:  64  131  125  131  136  120  135  117  130  118  116  133  115  131  124  129  116  121  125  123  121  120  119  134  123  138  132  123  136  146  133  125   29
ch:  65  123  133  123  135  123  130  114  115  121  110  137  123  118  130  122  124  117  111  135  137  122  126  132  120  119  137  139  124  127  130  142   29
ch:  66  134  132  122  137  126  136  125  127  125  126  123  123  133  121  120  120  133  125  116  124  124  109  123  120  121  139  125  130  140  137  136   -1
ch:  67  127  132  126  124  130  130  120  138  121  127  126  115  123  132  123  125  127  123  124  118  124  129  136  122  134  136  131  130  120  137  146   14
ch:  68  125  130  124  132  119  135  120  123  130  124  126  136  121  125  132  122  114  120  125   -1  131  130  124  126  126  126  126  137  131  142  148   -1
ch:  69  123  132  120  123  123  126  121  122  117  119  117  117  129  129  121  121  125  130  125  132  130  132  122  143  126  136  133  133  141  131  146   17
ch:  70  150  138  119  125  136  132  116  124  124  118  130  120  124  122  123  123  127  123  134  124  120  115  132  120  117  124  119  132  134  133  142    5
ch:  71  122  117  123  119  121  135  123  121  123  127  126  126  122  124  131  131  125  124  119  124  126  126  136  133  133  133  149  139  131  139  153   -1
ch:  72  133  136  118  128  130  116  125  118  129  122  126  124  130  118  132  130  124  130  125  118  120  122  134  132  127  118  124  135  134  139  132   -1
ch:  73  123  120  123  125  136  120  135  123  125  122  130  124  110  116  132  124  118  116  137  123  120  124  137  131  133  127  137  149  135  142  136   -1
ch:  74  127  122  131  107  117  132  131  125  122  118  117  121  126  120  117  133  127  119  120  134  125  121  124  115  119  119  119  122  133  125  122   -1
ch:  75  117  132  133  123  125  133  119  116  130  132  120  135  126  123  127  125  126  120  133  126  125  118  131  132  135   -1  132  125  137  140  147   13
ch:  76  125  131  118  132  133  131  122  120  122  121  124  123  124  115  130  121  124  118  134  121  134  135  117  124  134  122  122  136  133  136  149   36
ch:  77  134  130  123  123  120  125  122  132  127  125  125  120  130  120  119  119  124  132  122  128  121  127  135  129  134  137  136  131  149  138  138   31
ch:  78  130  125  123  135  129  123  123  117  124  123  132  120  120  122  119  116  132  120  117  126  126  136  131  126  136  118  132  133  141  134  141    3
ch:  79  124  123  124  127  130  131  121  127  124  130  120  115  115  125  135  109  115  125  134  127  131  136  121  140  133  126  135  133  136  137  138   -1
ch:  80  126  123  120  123  119  122  130  125  124  120  116  107  130  120  125  125  139  136  123  131  125  133  120  123  121  136  147  142  137  134  141   28
ch:  81  129  122  123  132  132  122  116  125  120  125  126  123  114  121  123  131  120  122  108  122  118  124  130  122  131  132  136  133  137  138  139   30
ch:  82  133  118  124  138  120  141  125  124  128  130  133  122  111  117  130  116  121  123  132  122  129  132  124  122  130  136  127  146  139  135  132   20
ch:  83  133  120  110  133  117  121  123  132  116  125  127  123  119  125  124  118  131  129  115  122  130  134  140  137  139  127  139  130  142  140  133   42
ch:  84  135  114  125  132  150  125  120  125  123  116  119  133  118  123  127  114  132  129  122  137  114  125  130  131  126  135  132  127  132  138  139   25
ch:  85  132  120   -1  132   -1  118  124  126  124  124  126  123  134  132  125  124  133  129  123  124  124  119  129  136  133  137  135  139  128  140  146   22
ch:  86  124  116  120  123  119  121  124  123  116  134  132  122  120  121  122  125  103  118  119  132  109  122  115  127  127  130  146  131  127  132  148   49
ch:  87  139  118  138  125  130  125  121  123  122  129  131  130  132  135  124  135  124  123  117  132  123  132  134  138  132  123  135  137  134  147  139   -1
ch:  88  119  129  122  114  123  133  139  130  123  133  125  122  120  131  127  127  120  118  121  118  126  127  131  122  138  140  127  126  138  149  135   -1
ch:  89  122  130  138  134  129  128  134  131  124  129  124  117  121  121  115  126  138  133  124  136  135  125  125  125  124  137  123  137  139  146  145   21
ch:  90  121  137  136  124  129  123  131  119  119  124  126  111  129  117  117  133  121  125  117  130  123  119  131  121  119  147  119  142  132  138  134   14
ch:  91  125  119  116  118  115  116  120  119  127  123  133  117  124  132  129  132  126  120  131  126  139  133  138  141  134  134  147  153  140  149  163   -1
ch:  92  124  127  131  130  119  120  120  138   -1  124  121  130  119  130  124  125  125  125  123  122  133  118  133  131  122  134  121  138  143  137  146   -1
ch:  93  124  131  125  131  132  124  131  119  125  123  114  121  125  122  122  131  120  122  122  123  126  124  124  121  132  149  141  138  137  138  139   -1
ch:  94  130  127  121  126  125  117  123  124  125  139  129  125  137  126  124  130  118  135  131  125  134  132  118  126  131  135  136  134  133  124  133   30
ch:  95  133  137  122  129  121  123  125  137  124  123  126  134  122  125  134  137  123  123  132  123  140  127  127  132  132  139  139  138  135  149  136    9
ch:  96  119  122  137  130  119  123  117  121  121  123  122  121  119  131  123  125  125  123  127  119  126  134  124  122  134  126  124  125  141  137  149   -1
ch:  97  119  140  133  120  125  123  125  116  123  116  136  131  124  124  121  123  126  132  125  133  135  130  145  123  151  131  134  148  146  152  136   27
ch:  98  136  117  123  121  120  120  133  130  136  124  123  125  116  139  116  139  125  124  137  131  124  124  132  123  134  133  132  122  149  136  136    2
ch:  99  125  126  136  124  133  133  124  115  117  125  123  131  122  127  125  131  127  136  122  133  124  125  131  142  135  138  142  148  150  143  154   -1
ch: 100  122  123  119  126  129  120  123  126  125  118  123  120  127  124  119  131  120  124  132  122  129  124  133  127  125  125  138  139  131  131  135   -1
ch: 101  127  121  134  134  123  131  125  127  134  119  132  124  131  120  131  130  132  129  136  136  129  126  135  139  125  130  140  135  154  149  141    2
ch: 102  119  129  117  120  133  123  130  120  120  125  122  118  136  131  121  126  131  126  130  125  125  117  117  132  129  134  135  128  133  123  141   -1
ch: 103  121  131  124  128  130  131  132  123  120  123  124  122  138  134  125  130  125  136  135  127  132  123  131  141  139  133  137  133  144  153  149   -1
ch: 104  120  124  106  132  129  127  123  120  120  124  126  119  116  121  127  121  114  131  134  130  129  124  131  125  132  125  137  122  127  136  146   -1
ch: 105  130  136  139  132  106  123  136  122  119  120  124  118  123  126  135  133  124  123  111  136  120  122  120  122  134  131  135  140  139  139  138   -1
ch: 106  131  126  134  111  126  117  126  124  122  131  111  118  126  117  131  130  129  119  125  124  122  136  123  135  139  134  131  131  130  129  134   19
ch: 107  134  127  130  117  132  121  119  117  124  123  140  119  125  121  132  125  121  133  117  142  133  130  137  149  135  134  138  158  138  127  137   -1
ch: 108  119  121  139  118  123  120  122  124  119  117  129  126  134  125  114  125  136  109  116  132  125  133  124  131  133  137  132  134  131  131  140   28
ch: 109  121  125  124  122  126  125  119  124  126  117  126  121  123  130  133  117  129  125  125  131  130  127  118  130  126  138  131  137  148  138  142    4
ch: 110  137  124  133  127  125  119  124  122  122  113  119  120  117  136  129  121  118  121  134  124  122  132  130  124  117  136  127  136  139  139  122   37
ch: 111  123  120  124  136  117  124  110  132  126  131  120  133  134  118  121  125  122  118  121  116  122  124  132  134  135  122  134  134  131  140  130   -1
ch: 112  126  135  134  132  130  130  126  110  124  130  123  103  129  121  119  122  135  135  128   -1  123  134  131  140  134  130  139  142  150  126  138   -1
ch: 113  131  132  124  132  117  134  124  126  122  139  131  132  135  121  132  118  131  121  133  132  120  119  120  125  123  131  137  137  138  151  147   -1
ch: 114  121  120  119  135  117  117  109  130  115  132  111  118  119  122  132  126  109   -1  119  110  133  109  135  130  131  133  135  121  125  134  110   -1
ch: 115  136  131  123  121  130  134  124  138  119  114  121  110  125  131  130  130  122  123  132  124  127  135  139  141  140  134  130  137  128  126  149   34
ch: 116  108  140  131  132  129  120  141  121  115  136  123  121  123  125  132  134  127  108  119  124  127  124  128  124  132  133  142  132  126  143  136   -1
ch: 117  131  126  120  122  132  133  115  134  121  124  117  120  118  136  126  118  134  122  108  115  137  129  124  131  127  131  142  134  147  150  136   13
ch: 118  124  132  122  110  127  129  114  120  126  118  121  132  119  127  121  115  125  123  127  118  125  133  129  131  129  131  124  126  132  130  139   -1
ch: 119  120  130  118  123  127  127  134  129  126  127  130  130  121  124  125  120  134  132  135  123  124  123  130  131  128  134  130  136  151  130  150   11
ch: 120  133  121  111  135  136  131  109  122  124  138  123  125  134  130  121  119  140  118  121  137  122  132  133  134  127  123  134  131  132  134  137   19
ch: 121  135  122  126  125  125  132  136  118  119  125  133  121  117  122  134  126  127  127  117  132  130  129  123  128  138  134  133  136  136  149  136   29
ch: 122  122  117  115  139  122  119  122  130  125  106  123  124  131  118  120  123  121  122  133  125  119  123  117  131  137  132  127  135  129  135  133   -1
ch: 123  137  133  132  133  124  124  117  126  116  132  131  124  136  125  131  122  124  122  118  133  123  125  115  131  136  124  133  127  138  139  152   -1
ch: 124  134  130  122  116  120  116  130  123  133  117  124  120  124  123  123  125  120  115  126  126  123  127  123  131  133  125  132  135  119  148  137   -1
ch: 125  133  123  124  121  109  126  122  119  125  132  122  132  121  124  130  122  125  131  136  121  131  131  117  130  133  134  140  145  148  140  149   -1
ch: 126  117  137  113  124  131  126  122  124  124  118  122  132  131   -1  122  124  124  127  124  130  124  132  124  124  124  147  137  139  138  135  139    2
ch: 127  126  120  131  132  110  139  126  122  110  126  122  126  132  123  130  131  135  131  124  120  137  125  122  132  125  130  142  143  135  147  148   28
