# ID XA-000-08-003-000-001-197-06
# Tag _trim_
# Date 240710_20:24:38
# Vref_p 56
# Vref_n 19
# Thr2_glb 52
# Vref_t 118
# Vref_t_range 1
# Pol 1
# ADC range 30-247
# FAST disc 30
ch:   0  131  133  126  127  130  125  126  131  133  132  141  131  132  130  123  140  123  135  123  135  125  138   -1  126  134  131  135  143  138  141  139    1
ch:   1  139  142  124  125  141  133  111  130  134  127  122  126  129  128  131  130  127  142  131   -1  119  131  130  121  134  122  129  130  131  139  138   22
ch:   2  120  120  126  132  137  133  125  116  126  125  129  119  132  124  136  124  130  123  125  124  129  120  131  120  130  135  135  121  127  140  125    7
ch:   3  132  135  119  130  143  133  123  118  130  124  131  118  132  122  132  124  132  131  124  119  119  134  132  137  135  134  137  124  127  131  140   30
ch:   4  123  122  127  124  140  124  132  127  133  137  133  122  132  120  120  120  127  133  121  135  126  123  119  123  132  123  114  130  137  127  133   16
ch:   5  130  134  134  119  125  127  125  124  130  127  118  126  134  132  124  123  127  125  125  121  120  118  131  127  132  132  122  129  124  122  132   28
ch:   6  126  131  124  131  123  135  125  120  132  123  124  124  116  134  122  129  126  130  123  120  115  123  123  138  125  135  132  125  131  123  138   14
ch:   7  127  138  139  118  123  131  124  131  126  135  130  127  135  134  139  126  132  126  116  129  134  124  127  135  127  134  127  135  136  135  135   43
ch:   8  140  130  132  118  135  122  134  134  124  131  133  123  121  120  130  125  124  131  130  127  126  127  120  133  131  108  136  121  133  131  127   21
ch:   9  123  131  136  129  135  136  127  131  124  130  122  116  130  150  130  133  130  126  129  129  126  132  137  121  132  140  131  134  138  134  149   48
ch:  10  124  126  118  125  135  141  126  119  131  127  123  136  129  142  127  118  119  125  131  127  132  123  134  119  118  123  133  127  125  120  117   27
ch:  11  126  119  132  139  123  140  131  132  132  141  125  125  134  139  134  139  131  132  121  119  132  140  126  126  133  148  135  150  149  135  134   29
ch:  12  126  131  123  121  125  127  133  132  126  123  135  126  122  121  124  133  132  132  131  129  126  126  126  122  125  137  129  140  125  130  133   20
ch:  13  138  135  129  135  133  126  128  132  131  129  129  131  129  131  125  126  118  127  127  127  134  133  121  139  141  132  125  131  131  126  135   40
ch:  14  121  125  131  122  133  133  124  119  125  119  126  123  124  118  129  127  134  123  126  122  135  120  130  118  122  124  130  126  124  126  123   22
ch:  15  140  125  121  140  125  136  137  121  136  122  133  123  137  132  132  122  133  121  127  130  126  138  132  123  131  135  127  132  131  141  144   45
ch:  16  127  135  133  129  118  118  137  124  126  126  118  127  126  132  133  125  122  119  127  124  133  129  126  130  134  135  134  132  130  132  134   23
ch:  17  131  125  139  123  133  125  121  137  121  135  135  132  126  132  125  127  134  121  122  135  138  135  125  136  138  120  142  130  133  135  141   44
ch:  18  134  125  130  130  124  138  125  133  133  135  124  130  130  135  132  133  127  125  122  136  127  131  135  129  124  117  126  135  117  133  126   22
ch:  19  121  137  132  127  125  132  124  118  124  136  132  123  122  129  126  140  133  126  133  134  127  130  126  146  133  124  127  124  132  121  135   48
ch:  20  126  127  123  137  134  131  124  125  135  132  135  132  117  120  139  125  130  120  126  132  123  118  132  122  123  136  129  121  121  138  135   27
ch:  21  141  133  127  124  120  140  129  138  121  116  133  123  136  131  129  137  133  134  119  133  125  125  134  136  129  147  126  133  142  139  129   49
ch:  22  133  135  130  123  132  129  133  121  134  131  138  130  132  126  133  124  122  125  119  123  118  136  122  129  133  124  137  119  126  130  129   23
ch:  23  135  120  124  130  137  126  127  126  133  134  132  130  136  130  123  124  133  119  134  132  132  134  125  133  123  124  133  135  149  134  127   56
ch:  24  131  147  123  134  136  126  131  125  136  138  130  125  132  133  116  121  124  139  125  129  132  130  122  130  126  140  125  132  139  126  124   21
ch:  25  126  132  133  124  121  132  133  125  124  123  136  138  137  142  122  122  125  120  131  135  124  121  120  126  132  126  135  139  121  131  128   44
ch:  26  131  131  132  121  123  130  132  126  125  149  134  135  130  125  129  129  118  125  133  128  117  125  121  133  124  137  132  125  124  125  137   35
ch:  27  126  141  131  134  139  133  125  133  140  139  123  131  124  126  131  131  136  137  138  130  130  130  133  126  138  133  139  121  140  147  146   56
ch:  28  131  134  139  134  121  130  119  137  120  136  136  109  133  118  125  127  125  127  119  123  119  134  118  129  111  117  124  125  123  123  132   36
ch:  29  130  119  135  132  133  133  120  136  146  110  138  130  127  121  119  130  134  136  139  133  131  129  134  132  130  147  129  130  137  139  140   56
ch:  30  131  135  124  124  131  126  126  127  123  125  130  125  128  123  126  129  131  127  134  125  126  124  117  131  121  121  135  126  132  129  138   52
ch:  31  130  136  131  133  128  127  134  126  125  149  130  129  131  121  133  139  125  133  126  135  117  126  127  125  125  136  123  132  133  133  140   56
ch:  32  136  122  140  130  136  126  126  131  122  133  127  124  133  131  124  124  139  140  147  133  130  122  125  107  131  126  133  136  139  125  131   34
ch:  33  132  128  134  135  146  138  132  136  130  129  129  130  139  136  129  132  124  134  129  130  132  124  121  135  134  124  142  127  125  130  142   56
ch:  34  124  134  117  131  132  123  120  137  133  131  134  134  138  130  126  121  134  129  123  130  132  126  135  137  124  130  121  130  129  139  131   31
ch:  35  126  136  136  130  125  138  123  135  124  134  132  131  136  122  136  136  120  126  146  131  132  135  134  136  142  127  132  133  136  147  134   56
ch:  36  133  135  134  147  122  134  134  124  123  126  122  127  121  122  126  117  132  127  134  124  124  127  118  121  131  131  126  136  127  133  132   24
ch:  37  132  136  127  126  138  131  134  126  139  114  126  139  123  137  119  127  135  120  120  132  127  132  130  134  130  136  131  124  131  131  142   56
ch:  38  136  125  124  120  141  136  132  123  138  130  121  135  136  130  123  123  123  129  127  117  130  118  138  132  125  133  127  121  125  123  123   33
ch:  39  134  134  129  117   -1  134  132  132  131  135  136  136  122  140  124  136  123  131  136  127  133  135  122  133  133  136  127  136  126  139  130   56
ch:  40  139  144  133  121  126  135  135  136  126  132  134  131  134  132  121  131  132  125  133  126  133  118  133  137  139  125  133  142  135  133  135   44
ch:  41  139  133  132  125  117  121  127  127  137  127  122  129  122  126  136  121  127  138  131  118  119  139  134  124  133  132  130  122  131  139  134   56
ch:  42  132  136  134  140  136  124  130  136  132  127  127  123  131  131  133  135  127  123  130  133  133  130  124  127  130  125  124  135  126  125  131   39
ch:  43  122  133  129  129  136  141  124  133  129  130  145  126  139  133  146  124  138  121  130  135  120  137  126  122  135  132  140  129  132  134  133   56
ch:  44  132  124  125  133  131  132  134  116  123  127  134  118  136  121  131  124  125  110  123  125  125  126  131  122  134  131  136  137  133  132  125   25
ch:  45  132  132  133  121  124  136  131  131  134  136  121  124  122  121  139  136  123  126  126  132  125  131  122  127  136  131  135  133  131  130  125   56
ch:  46  136  131  133  123  123  137  139  125  135  124  130  134  137  122  130  126  118  131  119  131  115  131  124  132  129  136  133  132  144  134  136   34
ch:  47  124  124  119  139  126  140  133  123  140  134  124  131  130  136  143  138  131  140  125  131  125  123  131  131  134  125  124  132  117  131  150   56
ch:  48  123  130  121  125  137  126  137  140  134  126  123  124  110  136  130  138  132  130  129  124  125  131  123  123  136  131  127  129  127  142  123   24
ch:  49  123  131  123  133  126  139  135  124  125  131  134  134  125  133  124  123  133  127  124  134  124  132  134  130  136  122  131  136  125  136  134   56
ch:  50  132  133  126  140  135  137  137  126  131  122  121  129  131  121  132  132  136  136  122  124  127  126  125  125  137  134  129  130  127  140  133   35
ch:  51  136  124  135  136  136  130  139  127  134  126  121  125  137  129  135  135  132  131  134  125  138  123  118  126  133  135  137  136  141  139  141   56
ch:  52  141  126  121  129  136  136  128  129  124  120  131  131  140  121  130  120  131  135  119  125  130  131  116  137  127  125  123  132  131  140  142   35
ch:  53  139  123  132  132  131  134  123  127  131  132  126  132  126  124  124  122  124  131  131  122  130  134  124  133  139  131  129  132  148  129  142   52
ch:  54  126  148  129  132  126  131  132  135  129  121  120  126  130  129  119  135  131  123  121  125  132  115  129  134  131  123  117  122  129  124  139   31
ch:  55  132  136  139  128  130  123  123  137  133  139  129  125  121  118  131  126  140  129  132  123  134  131  138  141  136  139  135  141  140  137  132   53
ch:  56  135  131  138  147  126  125  140  137  124  132  122  122  136  126  124  140  132  124  132  124  124  120  124  125  121  120  130  133  134  137  124   26
ch:  57  141  123  129  131  126  124  125  132  132  135  134  126  140  129  127  131  132  124  129  130  138  137  123  137  124  131  147  133  138  136  148   54
ch:  58  134  134  123  122  132  136  130  135  123  134  121  130  130  129  127  127  123  131  131  136  120  131  121  146  130  124  129  137  121  146  155   36
ch:  59  130  136  122  124  148  131  133  129  136  136  135  139  139  126  121  142  136  140  137  134  127  132  141  137  137  131  134  136  138  142  139   42
ch:  60  124  134  127  135  132  134  132  127  127  132  131  132  133  137  123  134  133  134  124  126  137  132  131  133  134  130  122  134  135  134  127   26
ch:  61  131  135  138  137  138  132  133  133  135  138  127  131  132  131  130  119  131  136  141  127  139  131  137  134  132  123  132  138  132  131  138   50
ch:  62  134  126  137  134  134  133  139  131  120  133  135  125  134  134  133  126  124  117  136  134  126  123  131  136  126  134  137  139  132  134  131   34
ch:  63  138  126  122  128  124  141  130  126  131  135  140  131  139  127  125  137  135  135  136  131  132  136  133  122  130  137  133  135  131  137  152   40
ch:  64  131  130  136  130  135  125  131  130  136  131  140  135  137  130  136  122  131  135  136  132  125  133  130  123  132  123  133  138  139  138  132   28
ch:  65  136  133  137  132  126  138  137  131  138  134  129  140  133  130  141  132  136  131  137  139   -1  126  139  138  133  139  140  137  139  135  148   37
ch:  66  141  127  120  145  132  134  132  136  138  127  126  137  127  134  132  134  124  130  135  139  125  130  132  135  131  124  123  124  126  132  136   25
ch:  67  126  136  135  137  133  139  138  133  135  130  132  122  126  137  131  130  132  142  146  150  137  132  130  133  130  137  133  141  138  140  132   35
ch:  68  135  123  135  126  132  133  136  133  136  131  137  131  120  111  123  134  132  124  133  135  135  123  141  123  131  137  129  124  135  139  137   44
ch:  69  132  136  125  123  137  131  138  134  132  124  137  140  124  133  136  120  135  136  133  119  129  124  121  129  138  138  136  148  136  138  140   56
ch:  70  131  132  132  134  139  131  123  130  134  130  132  123  132  125  124  124  117  130  130  123  123  136  138  126  119  131  125  133  130  133  131   24
ch:  71  131  139  141  130  133  132  135  132  137  139  137  136  130  132  132  120  137  140  134  120  134  131  139  143  133  135  123  135  133  142  137   35
ch:  72  134  131  137  137  144  136  135  132  138  135  133  136  130  121  122  130  127  132  119  125  134  122  120  130  132  132  133  139  135  138  138   39
ch:  73  126  123  133  125  127  133  139  124  132  136  132  124  125  124  129  135  139  125  130  121  127  134  121  123  132  129  132  135  126  135  134   51
ch:  74  122  132  131  146  135  134  131  124  131  132  125  130  127  130  136  127  127  122  126  116  120  116  134  126  122  135  131  131  132  131  138   34
ch:  75  140  134  131  128  134  134  123  132  136  126  120  127  141  124  133  133  138  133  136  124  122  120  140  134  135  126  135  135  141  139  133   35
ch:  76  125  132  133  130  132  143  136  132  131  125  125  125  125  132  129  135  131  134  128  127  132  132  130  131  134  129  141  131  131  135  131   25
ch:  77  138  124  133  140  132  139  137  134  139  135  135  119  142  131  126  126  126  132  133  123  131  135  126  122  130  132  139  131  134  130  136   43
ch:  78  133  134  132  134  130  126  124  132  126  134  128  137  131  141  122  132  125  123  125  133  125  110  123  131  131  138  131  135  130  131  135   38
ch:  79  129  131  124  137  128  123  123  123  129  132  134  132  131  134  127  132  134  137  129  126  133  129  131  134  133  138  132  131  136  134  138   29
ch:  80  125  127  135  138  134  136  132  126  126  140  117  123  133  129  142  131  112  130  135  132  126  125  127  129  134  140  125  136  123  140  125   31
ch:  81  134  136  125  124  131  131  123  130  119  122  138  137  121  145  130  129  127  142  152  136  131  126  122  126  131  133  123  132  135  125  139   40
ch:  82  120  131  129  131  138  119  116  123  124  123  132  130  127  122  128  119  129  121  116  131  116  135  126  140  133  124  120  133  136  134  132   37
ch:  83  140  131  136  133  125  134  122  133  145  120  134  133  131  138  124  119  126  122  124  134  125  123  134  131  136  124  129  121  140  136  132   40
ch:  84  132  131  124  136  125  140  134  132  132  129  122  129  125  125  136  126  122  119  132  123  125  131  131  133  129  132  131  135  124  123  148   36
ch:  85  134  140  135  137  130  136  123  122  141  134  135  134  124  129  131  126  125  127  131  123  125  124  125  121  132  133  132  131  132  131  136   27
ch:  86  132  136  131  129  135  137  124  123  133  133  131  134  127  141  129  130  131  131  120  121  132  124  135  132  132  139  130  132  124  131  126   33
ch:  87  135  120  136  130  126  148  122  124  122  139  130  131  136  137  145  131  124  126  142  130  136  134  134  136  142  131  137  134  132  125  139   31
ch:  88  136  136  125  126  125  132  125  132  131  124  132  133  134  132  135  130  124  122  125  130  147  135  121  129  123  135  131  130  134  124  133   30
ch:  89  133  132  131  133  130  126  132  132  125  122  133  118  126  134  116  130  135  126  130  139  133  136  131  132  136  133  139  134  141  139  125   26
ch:  90  134  126  147  130  123  130  139  131  135  125  130  130  126  129  132  117  131  123  124  122  125  125  127  124  124  123  132  133  123  130  121   35
ch:  91  138  139  136  140  136  126  132  139  134  147  120  136  127  132  120  127  126  134  122  133  127  129  129  139  125  132  143  149  145  140  134   18
ch:  92  132  130  123  126  134  130  131  134  141  133  137  135  124  124  124  130  122  126  127  137  138  137  131  134  126  131  124  126  141  123  137   54
ch:  93  126  143  138  129  130  135  135  122  140  138  138  135  133  124  130  138  138  141  132  132  149  137  136  132  137  133  125  127  139  137  140   29
ch:  94  130  140  129  136  129  130  139  129  138  123  135  124  132  130  132  126  126  133  123  124  122  127  126  128  124  128  135  135  138  147  138   27
ch:  95  136  133  132  134  126  134  138  133  134  133  123  124  125  131  141  128  132  134  148  120   -1  135  124  130  124  142  142  125  126  133  155   29
ch:  96  140  125  137  137  131  138  125  127  127  120  125  124  122  124  125  110  130  135  134  134  131  118  140  118  124  125  130  131  134  140  140   36
ch:  97  133  132  135  135  125  125  144  133  140  127  130  134  138  137  133  136  131  136  136  132  140  131  139  147  123  142  132  138  131  150  140   20
ch:  98  139  139  126  120  132  129  134  123  136  131  135  123  140  125  132  124  125  135  134  135  125  124  123  124  132  133  145  133  130  130  129   35
ch:  99  133  125  152  138  137  124  142  138  133  135  131  131  134  131  131  141  135  134  134  134  133  126  131  132  135  136  139  139  138  147  138   24
ch: 100  135  132  138  141  135  130  133  126  136  125  135  140  125  120  129  130  130  135  136  127  134  136  133  122  132  126  135  134  135  130  140   35
ch: 101  127  130  135  134  146  131  135  137  132  143  138  123  144  138  127  132  132  124  136  124  133  124  131  135  131  122  135  147  142  149  148   20
ch: 102  132  131  122  126  134  136  133  130  130  135  134  132  132  119  126  131  136  124  131  127  123  121  135  121  126  127  126  132  135  127  136   27
ch: 103  138  136  133  124  136  134  137  148  133  135  136   -1  132  138  124  140  136  134  124  130  137  136  134  125  138  131  131  150  147  155  150   19
ch: 104  129  134  133  129  135  137  136  137  126  122  133  135  118  132  127  127  125  138  125  135  124  127  115  132  126  117  134  128  146  133  140   28
ch: 105  134  125  135  139  138  125  133  133  137  136  135  133  136  125  140  132  125  137  133  137  129  130  126  143  138  134  142  138  139  140  158   15
ch: 106  131  119  124  135  131  132  126  130  129  129  132  130  125  123  127  132  131  129  122  131  121  136  124  124  123  130  122  141  124  135  133   35
ch: 107  135  133  133  128  135  125  137  129  136  140  124  125  139  127  135  124  130  131  132  126  125  136  124  135  137  135  129  147  138  148  142   25
ch: 108  135  123  126  137  140  134  121  131  137  135  123  123  126  125  125  130  130  134  134  130  142  131  130  126  138  130  121  135  137  131  130   35
ch: 109  129  147  127  133  132  131  139  131  133  124  130  133  125  134  126  132  131  133  134  143  133  129  125  134  136  148  141  151  147  149  136   21
ch: 110  132  138  137  121  132  124  130  124  123  130  125  139  125  123  126  125  117  135  124  122  137  127  126  130  124  119  118  134  135  136  130   39
ch: 111  129  138  146  119  138  131  135  127  132  134  136  131  126  138  137  121  129  134  136  132  150  117  135  133  131  143  139  118  136  139  148   19
ch: 112  134  140  134  127  138  121  127  130  134  136  122  131  132  124  137  119  131  130  127  122  122  132  139  132  136  129  137  136  139  120  135   39
ch: 113  135  130  132  127  133  131  130  136  139  139  124  130  134  131  136  137  138  137  136  133  138  135  139  131  138  128  134  133  140  133  136   21
ch: 114  137  127  130  134  133  132  126  135  133  134  130  138  137  135  132  130  137  133  134  120  139  121  124  127  138  127  134  124  124  131  133   38
ch: 115  132  125  135  130  125  118  134  142  139  132  135  134  135  133  138  131  138  122  136  133  140  134  126  135  126  125  131  138  132  140  142   24
ch: 116  120  127  132  136  138  130  121  125  126  138  130  124  139  121  133  125  124  135  129  121  127  124  134  132  131  133  128  126  134  126  138   48
ch: 117  132  148  126  131  133  139  129  134  131  125  132  130  126  135  132  131  124  134  137  124  129  139  133  136  124  138  141  130  133  134  141   26
ch: 118  137  127  131  130  138  138  133  131  136  127  130  136  130  124  124  123  134  136  146  123  117  124  137  125  133  135  117  123  139  133  125   45
ch: 119  136  133  124  130  134  124  133  124  130  142  137  134  124  126  133  130  134  136  134  137  148  131  126  132  125  136  138  132  146  142  140   33
ch: 120  128  135  133  121  131  137  122  135  135  136  131  133  122  132  133  121  125  134  132  132  130  125  130  132  131  126  135  133  132  140  136   31
ch: 121  132  136  135  135  137  137  136  130  141  122  134  127  133  131  132  132  125  133  150  133  128  133  140  137  131  134  137  139  142  146  139   27
ch: 122  140  132  126  120  118  123  121  136  137  136  150  124  136  123  125  123  132  130  136  131  132  126  129  133  119  131  129  130  134  133  135   35
ch: 123  121  125  133  132  136  139  137  131  130  126  132  134  136  139  138  130  121  135  150  123  137  141  132  132  132  136  140  136  142  156  139   33
ch: 124  126  139  140  121  123  136  126  142  124  133  122  126  125  140  135  131  129  125  135  137  130  131  123  134  129  125  127  119  133  135  125   35
ch: 125  139  124  141  139  138  133  129  130  132  133  132  123  126  138  130  126  130  136  136  131  134  131  127  136  122  141  137  146  137  135  143   18
ch: 126  136  151  141  139  132  135  141  121  127  137  122  130  124  130  127  131  134  125  125  124  133  118  128  129  126  129  135  117  131  133  134   34
ch: 127  138  131  143  138  140  133  122  137  136  130  125  150  142  132  138  149  136  140  124  133  137  138  136  139  150  124  149  138  152  136  148   24
