# ID XA-000-08-003-000-001-201-06
# Tag _trim_
# Date 240710_19:57:48
# Vref_p 58
# Vref_n 20
# Thr2_glb 61
# Vref_t 118
# Vref_t_range 1
# Pol 1
# ADC range 30-247
# FAST disc 30
ch:   0  126  138  117  121  124  127  108  105  119  120  108  121  115  118  112  107  109  116  117  118  110  115  110  116  122  124  113  117  123  123  123   -1
ch:   1  120  120  116  123  117  118  119  109  114  107  116  120  126  116  115  120  115  107  116  121  122  106  122  111  121  119  109  121  122  130  130   56
ch:   2  115  117  124  108  122  118  104  117  118  118  115  111  124  123  109  117  115  113  116  105  117  120  105  120  118  130  118  119  118  113  124   22
ch:   3  107  123  124  115  122  115  107  131  125  115  118  105  102  122  105  113  109  108  104  121  110  120  105  122  118  116  122  129  124  131  132   56
ch:   4  115  117  120  123  108  119  122  124  134  119  106  107  116  114  118  109  105  117  110  115  106  116  106  119  115  114  105  126  118  134  116    7
ch:   5  110  124  111  115  123  123  117  104  119  121  122  118  126  125  114  107  106  118  121  120  115  114  116  117  121  111  108  125  120  124  125   56
ch:   6  107  125  129  117  124  118  122  108  115  120  107  117  109  102  120  115  111  104  122  115  114  115  105  114  103  104  119  121  124  125  121   13
ch:   7  121  122  124  116  120  118  123  126  121  117  107  110  123  104  125  117  118  104  116  102  123  105  116  121  118  117  131  125  127  127  132   56
ch:   8  130  114  107  120  120  123  122  115  119  120  120  107  106  105  107  110  107  116  102  114  117  109  110  120  126  117  114  118  126  124  136   11
ch:   9  107  122  118  124  120  113  121  123  118  108  118  121  120  122  114  114  118  118  124  127  120  122  117  112  111  109  119  120  130  136  109   56
ch:  10  125  118  116  110  116  123  117  115  115  121  128  105   99  116  122  117  116  106  106  112  108  115  110  106  121  116  107  110  110  121  111   14
ch:  11  105  130  121  125  124  115  116  121  117  117  129  117  105  118  109  122  107  107  111  121  115  120  106  104  120  123  131  124  110  123  119   56
ch:  12  116  117  120  116  122  119  128  110  115  119  117  110  107  118  113  109  115  110  110  107   99  109  116  114  122  115  125  120  119  115  121   19
ch:  13  106  117  123  110  125  108  121  118  122  116  119  105  118  116  115  104  112  119  108  110  110  117  119  122  103  108  121  124  114  125  117   56
ch:  14  121  120  124  117  108  119  118  120  115  129  119  119  120  103  125  116  118  123  114  117  115  103  105  116  119  107  108  109  118  121  125   28
ch:  15  109  129  116  117  123  117  114  123  119  114   94  115  111  119  118  115  119  107  111  117  111  120  126  118  126  108  111  126  134  111  124   56
ch:  16  108  121  118  119  123  117  116  116  116  106  126  119  109  117  104  110  116  116  121  115  103  106  109  119  123  120  120  131  117  118  122   19
ch:  17  119  115  126  117  122  123  119  119  115  118  119  119  116  117  107  110  115  113  106  102  120  116  126  105  117  122  122  122  122  124  121   56
ch:  18  126  115  125  109  106  120  113  127  120  118  120  120  108  117  103  117  116  110  118  120  114  124  121  117  120  119  123  120  123  121  126   29
ch:  19  129  131  119  124  120  115  117  121  117  116  110  114  110  114  100  124  124  110  107  118  117  138  113  133  124  119  123  107  122  134  126   56
ch:  20  118  119  124  117  125  127  115  124  123  118  114  110  119  117  118  111  110  109  106  107  120  108  109  118  125  116  111  122  120  127  129   22
ch:  21  130  121  121  121  126  124  115  120  124  119  115  118  122  106  118  125  100  119  121  109  116  120  115  121  118  123  115  133  129  116  115   56
ch:  22  110  122  107  121  119  124  124  119  117  115  120  126  108  120  121  121  117  118  116  115  113  120  115  116  119  116  127  119  118  115  123   23
ch:  23  137  118  110  111  125  125  123  119  128  116  116  114  121  114  126  123  115  117  121  121  125  110  111  119  125  118  122  129  109  127  124   56
ch:  24  130  119  136  123  125  125  123  123  121  108  115  118  121  100  116  110  104  125  118  118  121  108  107  126  115  120  110  121  120  122  126   21
ch:  25  122  123  108  119  121  123  116  119  119  126  129  124  117  120  111  125  109  118  118  119  122  119  120  121  121  118  119  123  118  105  121   56
ch:  26  119  124  120  121  117  126  119  114  126  122  116  126  117  108  108  116  124  115  109  103  120  102  105  124  127  107  117  104  117  125  127   30
ch:  27  120  121  108  124  125  126  121  115  127  115  112  118  116  126  115  128  126  119  123  106  131  118  123  123  119  118  122  124  119  130  120   56
ch:  28  134  126  110  124  122  124  108  122  121  108  115  122  105  118  104  120  120  114  120   99  119  119  116  119  118  107  120  120  123  108  130   19
ch:  29  130  117  123  120  118  122  126  120  122  110  118  119  121  120  102  119  124  125  119  110  127  106  116  132  124  123  128  117  123  125  125   56
ch:  30  116  117  116  124  126  109  104  128  111  113  122  132  116  129  114  122  120  114  110  116  124  122  119  120  109  118  122  121  124  123  118   23
ch:  31  120  122  121  124  119  123  120  106  131  102  123  118  122  134  127  121  125  126  116  126  118  122  111  127  108  117  129  122  127  125  147   56
ch:  32  115  124  119  116  122  120  100  120  117  114  114  121  106  110  116  122  119  110  111  123  122  124  115  119  124  121  112  118  102  118  119   32
ch:  33  122  120  122  118  119  117  111  116  122  129  121  123  122  118  123  118  119  120  117  130  111  115  119  115  125  122  116  129  123  132  127   56
ch:  34  119  118  115  127   -1  124  121  118  119  115   99  117  116  124  109  121  119  120  125  105  116  118  118  121  124  111  120  123  129  125  124   28
ch:  35  120  125  121  122  126  119  121  132  128  127  123  111  123  117  110  118  110  125  110  120  120  116  123  126  114  136  118  117  131  129  129   56
ch:  36  117  122  109  118  126  124  117  120  119  116  124  117  106  119  120  107  111  121  116  119  123  118  122  116  112  108  120  123  119  126  128   37
ch:  37  116  133  121  119  124  111  119  120  109  120  117  123  113  114  111  114  121  124  116  122  121  116  117  116  116  122  122  116  126  125  125   56
ch:  38  110  123  118  121  120  119  126  118  118  123  126  123  122  116  117  117  115  116  121  116  119  120  108  115  108  122  129  123  119  130  130   30
ch:  39  127  108  124  119  118  119  121  120  126  112  131  114  109  124  104  122  119  125  124  110  118  118  124  132  117  125  131  132  132  133  135   56
ch:  40  120  117  108  127  123  119  117  120  114  122  114  110  118  119  125  122  111  108  117  121  112  120  120  119  119  115  122  109  125  124  131   37
ch:  41  122  123  109  119  120  118  118  125  109  116  120  130  115  123  117  110  116  122  108  117  119  118  104  106  119  125  121  127  127  120  125   56
ch:  42  116  114  126  124  134  120  124  119  120  106  124  118  117  126  114  107  117  118  121  134  128  124  120  110  124  124  118  120  119  123  120   34
ch:  43  124  123  120  117  119  121  119  118  118  119  116  118  121  109  111  122  121  120  113  124  123  120  106  121  120  114  125  122  130  124  128   56
ch:  44  120  128  130  107  116  121  121  123  125  120  124  118  117  122  123  125  105  117  115  115  117  119  120  128  121  123  125  130  125  126  122   35
ch:  45  127  125  116  122  115  125  116  117  129  118  123  117  117  119  118  108  119  104  106  115  122  116  117  120  130  117  110  124  130  122  133   56
ch:  46  118  117  115  117  124  123  124  119  115  124  126  121  120  118  109  118  118  123  109  109  119  117  117  117  103  107  122  125  125  125  121   35
ch:  47  131  124  133  117  117  123  124  134  123  105  120  108  123  122  125  104  127  130  118  121  124  105  132  119  116  119  123  126  121  124  132   56
ch:  48  122  121  124  121  108  122  130  131  123  122  121  116  111  123  114  123  111  119  125  119  125  118  126  120  122  116  126  122  110  126  129   40
ch:  49  123  129  121  118  124  115  119  121  109  117  131  127  105  118  107  108  119  119  117  109  119  121  122  120  101  123  126  121  127  125  125   56
ch:  50  109  121  117  124  114  120  127  117  121  118  124  118  116  116  125  108  110  119  119  116  120  123  119  102  115  125  115  106  116  119  124   41
ch:  51  120  126  124  119  121  115  129  127  126  126  135  120  126  110  123  116  123  107  118  119  108  115  116  115  108  126  123  116  133  130  137   56
ch:  52  122  103  132  119  126  127  119  108  132  116  125  120  121  124  127  111  122  119  124  104  124  123  115  122  108  115  129  126  122  119  126   34
ch:  53  135  125  127  130  122  124  117  122  123  124  118  118  111  122  124  109  116  115  122  118  125  116  119  124  124  116  115  126  124  125  133   56
ch:  54  118  117  116  124  129  124  115  117  116  125  129  119  119  123  107  117  125  127  121  123  125  106  123  110  116  121  127  121  117  124  121   23
ch:  55  122  127  131  116  126  125  123  119  118  116  120  118  105  118  120  121  123  120  120  126  119  110  123  118  121  126  125  115  126  126  136   56
ch:  56  123  117  113  121  123  128  124  118  131  125  110  120  118  125  122  122  117  120  123  121  117  116  120  127  122  132  118  119  117  121  126   35
ch:  57  121  128  118  124  122  121  120  120  122  121  121  127  119  124  122  119  119  121  125  124  109  110  125  119  120  125  124  124  116  126  126   56
ch:  58  123  123  117  121  114  110  116  122  126  119  119  129  118  124  115  117  120  114  125  107  113  113  120  125  109  117  122  113  113  130  119   40
ch:  59  120  120  122  119  126  131  123  115  129  115  124  120  127  117  122  133  120  118  116  125  120  120  120  121  117  130  116  125  131  125  122   56
ch:  60  122  122  117  117  118  132  116  120  117  127  117  116  109  108  125  120  123  109  116  108  125  113  102  125  112  125  120  120  122  130  120   41
ch:  61  106  122  129  123  126  124  125  117  116  124   -1  116  115  118  109  107  120  119  119  127  110  133  116  118  130  125  130  131  120  133  134   56
ch:  62  114  125  124  109  116  115  109  134  123  118  114  117  121  125  119  121  120  117  126  123  120  126  105  122  120  111  121  117  127  125  120   33
ch:  63  123  126  115  120  134  122  125  124  123  119  119  119  111  120   -1  107  118  134  116  106  122  121  116  117  126  121  125  131  121  119  122   56
ch:  64  133  122  121  123  118  129  119  110  116  125  114  121  117  107  121  123  125  105  121  125  122  121  127  117  121  115  118  123  129  126  130   41
ch:  65  118  119  111  116  125  117  109  105  106  118  110  124  104  117  109  120  118  120  121  121  102  117  112  107  109  116  120  122  127  119  131   56
ch:  66  126  129  120  122  121  122  124  130  110  126  107  119  118  120  123  113  120  116  125  108  118  115  123  127  105  116  120  120  120  124  127   34
ch:  67  137  130  120  125  125  120  120  124  122  110  118  121  107  114  124  111  115  120  108  121  119  126  108  114  119  123  126  120  114  124  123   56
ch:  68  119  122  123  120  120  120  123  120  118  116  118  122  116  110  108  116  120  116  121  115  126  125  121  123  119  115  118  125  120  131  113   46
ch:  69  110  121  116  130  124  135  122  126  123  126  116  120  123  117  120  123  116  131  123  123  117  117  120  118  123  121  118  126  116  129  138   56
ch:  70  118  119  132  124  120  117  122  122  122  120  103  126  109  114  118  118  117  115  120  119  108  119  116  117  118  117  120  124  134  122  120   46
ch:  71  118  114  111  116  123  121  124  126  118  110  125  117  128  123  120  118  121  118  123  117  119  122  122  120  119  129  129  124  122  129  131   56
ch:  72  131  119  138  116  115  117  123  124  117  122  115  118  117  117  118  120  116  123  116  119  123  121  122  100  124   98  120  123  119  123  131   38
ch:  73  117  126  124  129  119  133  123  110  122  116  127  109  107  119  125  117  104  115  119  129  133  119  127  107  115  118  122  126  124  137  127   56
ch:  74  121  123  137  109  126  122  120  122  116  123  120  109  115  107  115  106  121  110  124  122  124  129  108  119  117  120  122  122  123  122  121   35
ch:  75  119  117  120  122  121  120  123  116  116  106  105  116  121  115  126  125  116  120  103  120  128  119  129  121  124  120  119  120  122  132  126   56
ch:  76  107  123  122  122  121  113  125  115  115  116  121  104  122  121  124  117  104  121  115  115  115  116  120  118  110  112  115  123  118  120  132   32
ch:  77  124  124  122  126  116  119  119  123  116  119  108  110  115  126  117  109  115  118  124  126  126  120  116  122  121  109  123  130  120  124  122   56
ch:  78  115  110  114  125  118  119  110  110  122  121  116  125  123  115  114  107  106  122  123  117  105  115  125  115  111  121  124  104  106  121  117   34
ch:  79  114  122  107  107  125  123  122  119  122  120  119  119  127  109  121  120  111  123  111  119  110  118  128  120  119  133  110  120  129  125  138   56
ch:  80  119  116  117  120  121  119  125  106  121  118  118  104  119  118  108  111  105  116  119  123  115  124  126  108  122  115  118  116  120  127  132   41
ch:  81  133  115  125  130  114  123  120  124  108  116  114  123  123  105  101  116  110  111  108  123  117  121  114   -1  117  122  124  136  128  135  122   56
ch:  82  117  125  119  126  118  123  123  121  117  121  127  104  109  119  122  108  119  122  119  123  126  111  120  123  124  118  116  132  120  123  123   56
ch:  83  125  119  123  133  119  133  115  115  115  118  125  119  106  119  125  129  115  108  105  119  120  120  104  122  121  119  123  115  122  121  127   56
ch:  84  121  114  115  122  127  123  117  125  117  121  114  118  106  122  118  119  120  117  121  109  125  125  124  114  113  117  122  117  123  113  132   41
ch:  85  118  121  124  118  125  126  122  123  122  113  111  127  117  118  120  122  122  111  122  119  120  117  108  124  115  123  119  121  117  127  134   56
ch:  86  118  123  121  122  115  119  120  115  125  117  123  110  106  124  119  114  110  114  111  116  120  119  104  102  118  128  125  114  119  124  107   33
ch:  87  117  125  120  123  124  116  107  132  120  116  115  109  119  105  106  123  119  121  133  117  104  123  115  114  116  119  124  130  127  129  125   56
ch:  88  122  118  122  116  117  124   94  119  121  121  119  123  125  118  122  122  126  122  119  117  119  101  120  119  105  118  110  111  122  125  130   35
ch:  89  119  118  125  122  121  121  118  117  120  116  117  116  120  119  109  119  117  120  120  125  115  107  117  131  126  114  124  121  121  133  116   56
ch:  90  130  117  126  120  128  122  117  124  106  114  120  119  123  111  115  114  126  125  107  110  118  115  121  117  114  110  126  121  120  120  118   30
ch:  91  122  113  127  122  121  108  116  122  128  114  119  110  124  125  119  122  121  115  127  121  116  122  117  121  123  115  119  123  130  123  139   56
ch:  92  126  122  131  123  122  116  125  123  116  109  118  123  120  119  123  130  119  119  107  118  118  122  124  116  116  120  127  118  118  122  129   49
ch:  93  130  120  103  108  125  123  124  118  108  125  130  123  118  125  124  116  123  118  119  122  122  111  119  121  114  111  122  129  123  123  127   56
ch:  94  122  127  122  102  123  118  121  119  116  106  106  111  119  117  124  115  108  115  116  123   -1  105  118  124  124  109  124  126  117  124  121   38
ch:  95  118  114  120  129  130  114  124  115  119  123  111  124  119  108  121  119  119  119  118  121  116  119  125  116  126  118  125  125  130  123  125   56
ch:  96  117  116  116  111  123  130  119  122  122  118  120  121  123  118  122  121  106  113  123  118  119  123  122  116  123  119  123  118  121  132  135   29
ch:  97  125  119  122  127  120  117  118  131  118  118  124  110  119  106  105   -1  109  116  116  124  116  115  126  119  123  131  134  125  124  119  133   56
ch:  98  108  114  125  122  122  123  122  110  117  106  118  117  113  122  116  115  117  113  121  117  118  123  122  121  126  123  117  122  123  124  134   39
ch:  99  121  128  118  123  126  111  122  105  118  120  120  127  120  117  120  110  119  107  121  133  124  128  123  123  130  119  122  127  128  123  129   56
ch: 100  121  117  113  109  119  122  121  126  134  121  115  116  119  115  123  107  114  121  119  119  118  117  119  127  119  124  111  117  125  127  129   35
ch: 101  122  107  122  118  121  116  124  126  115  115  126  127  120  116  126  118  126  131  125  109  116  127  123  120  122  129  129  120  127  122  134   56
ch: 102  110  118  117  115  116  123  108  117  110  118  121  120  108  115  122  110  109  113  128  119   98  120  109  108  124  119  117  130  122  120  129   44
ch: 103  125  109  120  114  121  121  119  118  126  121  132  117  122  122  124  108  119  125  116  115  121  118  124  131  115  121  122  133  121  138  135   56
ch: 104  122  125  115  124  118  126  120  123  110  121  118  119  104  116  121  114  122  115  120  109  117  114  114  108  112  121  123  120  114  118  121   41
ch: 105  124  123  123  132  126  108  125  104  120  116  120  120  117  122  134  122  116  129  123  117  123  114  129  125  127  121  124  122  123  138  132   56
ch: 106  107  118  124  120  121  116  110  121  131  114  122  120  118  116  115  118  109  119  107  121  117  108  124  128  119  121  121  120  122  122  130   40
ch: 107  122  125  111  117  121  122  120  124  118  121  123  122  119  123  128  118  116  123  119  129  122  128  107  119  113  119  121  123  126  123  129   56
ch: 108  117  118  121  111  115  119  119  123  107  122  117  122  120  116  117  116  123  110  117  109  119  115  116  129  123  131  118  126  124  123  128   48
ch: 109  122  120  114  115  117  130  120  118  123  120  118  125  111  121  124  108  115  123  125  126  124  119  119  130  133  118  127  120  126  129  124   56
ch: 110  122  111  120  118  127  115  124  116  121  119  120  109  124  114  121  119  119  118  117  116  114  104  119  119  113  116  121  110  116  116  119   34
ch: 111  118  110  117  125  129  117  124  130  121  122  125  119  115  123  108  118  108  101  117  116  120  122  121  128  120  118  123  123  133  131  135   56
ch: 112  124  131  122  116  126  104  116  122  117  124  119  119  109  119  111  116  122  117  118  105  118  118  115  110  122  129  116  111  126  120  127   31
ch: 113  125  129  114  132  123  120  120  115  127  113  109  117  118  114  120  116  124  122  129  107  116  127  122  116  123  118  131  115  131  122  117   56
ch: 114  125  119  119  121  132  116  102  120  118  123  109  118  109  115  120  120  127  108  116  109  116  113  118  108  114  119  120  117  124  120  132   40
ch: 115  120  119  124  116  121  123  122  109  117  118  120  120  131  121  121  119  121  109  118  118  115  124  116  109  122  119  128  132  126  124  133   56
ch: 116  116  120  118  117  116  122  130  121  121  119  124  115  114  121  116  126  118  122  102  119  119  124  114  118  116  125  115  120  122   -1  130   31
ch: 117  116  125  115  128  116  121  127  116  117  115  121  122  117  122  110  120  118  118  119  120  118  105  124  117  121  129  120  122  126  123  124   56
ch: 118  126  122  108  121  120  120  109  118  119  115  121  109  125  120  121  118  118  110  119  122  106  117  116  117  117  125  130  119  123  124  129   40
ch: 119  106  123  131  131  117  121  125  125  113  124  117  128  111  115  115  136  120  111  124  114  124  116  116  120  127  123  119  127  123  116  122   56
ch: 120  114  116  124  133  131  110  125  116  125  122  104  105  123  128  122  119  108  118  114  120  109  119  122  118  114  127  134  125  121  114  122   22
ch: 121  123  131  121  127  119  117  119  122  117  138  114  117  115  108  122  121  115  119  109  105  114  124  116  129  108  126  122  121  109  133  124   56
ch: 122  122  118  125  122  122  130  115  109  126  114  118  108  123  110  106  106  115  116  125  109  119  119  111  131  104  122  124  123  127  129  115   39
ch: 123  119  119  121  120  123  125  120  111  117  123  118  114  115  105  109  120  109  124  109  130  115  114  125  129  125  119  124  124  131  133  126   56
ch: 124  121  121  120  123  123  126  120  108  106  126  122  119  116  127  122  133  116  116  124  120  115  126  113  125  120  117  130  133  138  123  127   23
ch: 125  119  124  124  120  121  119  123  120  124  125  109  122  121  125  115  116  120  109  120  120  116  123  119  119  125  116  121  133  121  120  133   42
ch: 126  110  110  123  122  120  120  105  122  116  128  109  125  118  125  126  110  115  116  118  122  124  119  117  126  128  135  117  129  122  122  131   17
ch: 127  121  124  105  122  123  116  114  118  126  106  122  117  117  124  111  125  122  120  119  107  110  120  124  120  117  123  123  115  122  126  130   16
