# ID XA-000-08-003-000-001-196-06
# Tag _trim_
# Date 240710_19:39:54
# Vref_p 57
# Vref_n 21
# Thr2_glb 10
# Vref_t 118
# Vref_t_range 1
# Pol 1
# ADC range 30-247
# FAST disc 30
ch:   0  122  109  111  118  122  124  121  117  119  118  110  129  120  130  106  122  106   -1  118  108  104  117  106  107  116  114  109  117  121  106  120   -1
ch:   1  115  119  117  108  120  103  106  106  106  109  116  117  116  103  108  103  109  108  111  105  119  121  107  103  102  107  118  109  122  120  117   -1
ch:   2  127  116  124  126  123  114  107  115  118  124  116  121  117  124  114  105  100  116  113   92  114  115  112  122  104  114   -1  109  107  107  116   14
ch:   3  120  125  125  132  116  115  109  116  120  122  109  117  117  119  108  118  104  109  119  118  115  110  108  116  123  115  109  115  123  121  121   53
ch:   4  119  121  125  119  111  120  121  106  117  121  116  110  106  108  101  110  110  109  102  127  115  110  105  121  105  118  118  108  117  118  124   -1
ch:   5  121  111  126  119  121  118  114  130  121  120  108  114  111  115  118  110  104  117  106  117  121  106  119  123  116  114  107  121  115  115  129   26
ch:   6  117  125  107  114  122  105  119  124  113  118  114  123  120  116  107  106  122  115  113  111  107  113  116  117  117  107  102  104  111  116  120   31
ch:   7  120  121  120  110  120  123  117  131  115  117  121  114  106  116  120  120  115  108  113  119  121  121  118  101  120  113  116  115  124  130  119   -1
ch:   8  120  108  119  118  118  108  118  116  119  109  116  113  106  118  110  125  101  105  112  103  111  103  114  115  117  101  114  117  116  124  116   -1
ch:   9  131  117  111  123  125  120  126  120  131  125  119  117  123  110  108  116  115  108  103  116  109  121  106  107  122  109  111  122  107  123  108   52
ch:  10  120  108  130  113  116  119  122  115  121  122  102  103  115  121  108  100  118  110  108  108  105  109  116  107  114  114  119  116  110  110  103   50
ch:  11  120  119  115  115  127  122  123  131  121  125  118  126  103  119  116  124  109  115  123  114  117  118  110  127  120  108  109  121  121  119  114   -1
ch:  12  119  116  109  118  120  117  123  119  117  110  115  116  107  117  108  124  103  108  107  110  119  117  102  116  108  115  116  116  114  110  123   -1
ch:  13  116  116  121  118  130  124  116  114  115  125  110  124  117  109  110  117  116  104  121  115  123  117  113  118  117  107  121  118  123  122  120    4
ch:  14  109  119  120  124  138  118  116  117  123  109  118  119  124  122  114  116  113  117  114  117  115  122  110  109  116  102  106  110  123  123  119    3
ch:  15  125  131  133  108  121  117  121  125  110  120  121  104  117  100  114  120  120  116  104  122  102  125  117  113  106  109  118  115  126  118  130   -1
ch:  16  126  129  115  120  122  115  109  118  125  118  116  130  120  117  117  104  117  114  105  106  108  123  107  121  103  117  116  116  117  117   -1   23
ch:  17  124  115  123  133  125  121  113  123  118  122  107  126  123  111  119  106  119  107  104  109  114  116  130  117  109  110  107  117  116  120  109   -1
ch:  18  123  125   -1  116  104  120  129  116  121  118  119  114  107  102  110  116  106  116  121  105  106  122  102  110  106  119  121  117  115  126  118   17
ch:  19  120  119  126  110  121  116  123  108  121  122  116  122  103  117  101  124  110  107  111  104  108  121  116  121  111  119  130  124  120  115  129   -1
ch:  20  122  115  120  125  122  120  118  123  123  125  119  118  119  118  109  115  114  120  121  116  117  105  117  113  122  121  105  101  120  115  120   26
ch:  21  121  117  132  125  117  108  116  120  126  129  116  122  121  119  106  117  124  118  116  110  114  111  114  110  115  115  124  116  120  119  127   -1
ch:  22  122  108   -1  116  121  116  127  125  121  113  118  116  115  119  114  117  115  110  114  104  107  120  119  115  115  117  117  121  113  124  107   14
ch:  23  132  129  120  121  125  116  122  107  128  116  119  115  106  122  121  106  106  118  119  119  118  104  107  120  113  120  117  117  107  122  113   -1
ch:  24  134  107  123  129  119  111  122  116  123  118  122  121  115  124  120  115  114  120  106  105  121  117  115  118  116  110  113  117  122  123   -1   41
ch:  25  121  120  120  121  117  123  122  114  119  118  121  114  115  126  131  123  129  113  115  121  123  110  124  117  125  122  104  113  124  118  120    8
ch:  26  106  132  120  130  119  110  119  113  106  121  130  105  119  125  118  117  107  119  124  110  115  104  114  124  108  131  117  111  119  122  120   -1
ch:  27  126  123  125  127  124  115  110  125  123  120  126  124  117  106  127  119  121  125  111  109  117  113  105  109  122  124  119  132  121  123  122   45
ch:  28  124  127  119  119  123  110  122  123  123  121  116  117  116  122  107  121  124  122  102  132  108  107  120  117  101  120  121  117  121  122  118   44
ch:  29  125  123  135  118  119  124  120  117  124  121  124  121  122  120  108  118  118  108  116  110  123  122  109  124  108  121  117  122  118  123  116   56
ch:  30  125  123  110  118  119  122  121  120  134  118  106  122  108  119  116  108  115  118  104  117  107  106  116  115  108  116  115  106  109  104  114   -1
ch:  31  123  120  113  123  118  120  123  120  122  120  120  107  122  121  116  114  126  116  122  115  118  120  118  115  116  107  118  125  110  119  120   16
ch:  32  131  121  122  115  126  108  108  119  115  115  120  107  124  115  115  129  109  124  114  116  110  123  115  117  115  118  120  110  130  126  116   -1
ch:  33  121  123  119  120  125  119  117  134  122  122  106  120  113  122  124  116  117  123  121  111  114  129  124  111  119  123  119  122  122  125  123   30
ch:  34  126  120  129  123  108  122  124  121  119  114  118  114  125  116  113  107   -1  120  106  115  115  102  115  117  112  115  110  118  115  116  116   -1
ch:  35  138  134  124  130  120  117  131  117  120  123  120  133  121  114  121  118  132  121  123  119  120  117  108  118  115  116  118  130  127  124  140   -1
ch:  36  121  120  125  124  119  122  131  122  120  123  120  124  122  130  118  117  109  123  105  107  123  110  116  118  124  105  121  118  130  117  128   -1
ch:  37  132  130  122  131  116  119  104  117  117  124  121  118  116  119  110  109  119  120  117  106  114  118  116  119  109  106  114  121  110  123  123   24
ch:  38  127  125  120  117  120  124  123  118  121  125  120  113  120  118  119  117  108  115  129  120  119  119  119  119  119  125  119  118  108  110  114   -1
ch:  39  137  120  126  120  132  124  122  117  122  108  108  115  126  111  120  110  114  123  120  116  119  114  122  103  130  125  130  110  104  129  132   -1
ch:  40  126  122  129  136  124  129  124  132  120  125  119  111  115  117  110  120  108  104  108  109  114  117  119  118   99  118  108  129  115  104  108   27
ch:  41  125  116  118  116  115  107  125  106  115  120  116  124  120  121  122  122  118  117  118  114  119  120  109  125  122  120  123  120  120  115  117   11
ch:  42  125  130  129  126  120  129  116  119  122  121  121  126  120  100  119  118  119  119  114  117  117  124  118  112  105  100  118  118  115  121  122   -1
ch:  43  120  136  126  120  124  125  127  115  131  119  115  116  123  122  121  108  130  125  132  123  115  119  110  122  124  126  120  117  123  121  121    8
ch:  44  126  127  123  120  121  120  125   -1  133  121  113  129  123  125  119  123  105  102  123  119  119  124  103  121  104  104  124  120  116  119   -1   -1
ch:  45  119  122  120  130  109  124  117  119  118  124  110  126  119  117  121  122  121  121  110  113  112  106  123  122  119  123  121  124  119  117  123   -1
ch:  46  133  117  134  123  118  123  123  108  115  119  117  114  125  120  115  117  110  114  118  109  109  117  108  114  119  117  109  105  110  114  121   -1
ch:  47  133  123  135  118  122  122  130  121  117  125  118  121  125  113  108  123  129  125  117  117  122  115  114  127  126  120  134  120  121  125  136   44
ch:  48  124  137  114  118  125  124  123  123  126  120  122  115  120  122  116  103  117  130  120  124  110  116  117  109  115   -1  106  118  113  120  123   42
ch:  49  135  134  132  125  107  122  124  117  129  119  124  124  107  121  119  125  122  120  114  117  121  110  120  116  121  121  128  114  114  127  109   -1
ch:  50  123  135  118  120  117  131  127  118  117  118  122  121  115  122  110   -1  115  115  122  124  110  116  120  120  123  117  132  119  111  122  128   51
ch:  51  127  123  131  130  121  122  131  125  125  121  125  134  125  116  120  125  116  113  122  115  123  119  123  114  119  110  120  112  131  125  122   -1
ch:  52  116  124  132  125  115  122  123  105  117  120  130  123  116  117  119  105  117  118  118  119  119  119  120  116  119  115  110  118  123  122  120   -1
ch:  53  124  132  137  129  126  122  122  121  121  121  123  118  124  116  118  123  116  116  115  121  118  117  117  119  110  129  126  126  119  111  126   -1
ch:  54  125  120  117  131  126  125  116  118  116  115  120  113  117  122  132  121  118  117  121  120  119  120  123  110  120  119  115  107  123  116  122   43
ch:  55  136  122  126  123  125  122  123  115  124  105  119  127  125  111  135  109  121  126  107  118  125  121  115  123  126  102  122  122  131  121  132   -1
ch:  56  119  128  132  123  124  121  121  124  127  111  108  121  120  118  119  116  117  105  115  106  113  122  120  115  123  115  117  115  116  123  125   -1
ch:  57  124  123  130  119  105  115  126  117  126  122  115  121  120  119  124  115  116  119  109  117  117  118  118  121  121  124  107  124  130  104  126   36
ch:  58  125  109  120  120  110  122  121  116  121  135  114  123  129  117  118  119  133  117  125  116  104  120  129  116  109  125  116  104  119  116  124   -1
ch:  59  124  109  121  120  125  120  105  117  119  126  116  124  119  131  119  124  125  122  115  109  104  128  119  119  110  119  124  122  121  119  131   -1
ch:  60  132  121  125  119  127  125  108  117  125  115  116  119  120  124  116  101  125  114  118  109  108  122  116  109  124  115  121  113  104  121  112   -1
ch:  61  123  120  126  131  126  122  118  123  116  114  118  126  117  120  115  115  122  114  130  123  115  106  122  109  108  123  114  117  119  121  120   -1
ch:  62  124  120  121  110  118  120  125  120  108  124  110  115  110  115  105  108   99  109  125  115  116  114  109  108  119  107  121  118  122  117  117   21
ch:  63  126  126  118  115  122  133  122  110  130  118  121  130  116  115  131  124  129  120  121  118  115  117  123  124  125  134  124  123  125  118  124   56
ch:  64  127  122  121  131  126  116  122  128  128  120  111  117  116  118  125  123  117  122  118  125  125  106  118  107  115  107  115  123  119  125  128   53
ch:  65  125  122  127  122  123  129  116  126  117  117  124  119  116  119  123  106  123  119  115  133  123  132  117  117  122  117  132  116  123  121  115   -1
ch:  66  124  127  136  125  121  123  117  125  131  127  129  111  115  122  106  115  120  125  120  125  107  113  119  109  123  120  120  117  133  119  121   28
ch:  67  120  133  123  123  120  134  110  115  123  124  107  118  121  125  105  127  105  118  119  103  123  123  117  127  116  123  120  124  122  126  131   30
ch:  68  116  122  117  118  131  124  122  120  121  109  122  116  122  129  118  123  132  122  118  121  104  118  123  116  115  121  118  114  116  124  119    2
ch:  69  123  118  118  120  131  118  125  129  117  121  117  121  122  122  121  124  120  115  115  119  118  115  121  123  125  135  120  124  129  123  120   -1
ch:  70  120  120  120  117  123  116  115  129  117  130  123  120  119  122  123  106  118  117  119  113  107  116  116  110  106  113  129  106  106  126  116    6
ch:  71  124  131  131  122  132  115  124  124  131  118  119   -1  125  121  131  118  112  121  117  118  123  120  129  123  123  116  117  122  123  132  129    2
ch:  72  125  120  122  118  122  126  119  125  123  124  121  117  121  125  118  115  125  120  108  114  118  120  114  114  105  109  108  109  123  121  123   -1
ch:  73  134  122  126  134  122  111  123  109  125  126  125  123  120  121  105  123  123  126  124  108  115  132  120  109  122  123  106  120  119  119  119   -1
ch:  74  131  124  122  118  123  116  132  121  124  110  118  118  123  118  109  122  117  124  104  108  111  117  104  117  126  110  117  119  118  119  120   -1
ch:  75  122  135  121  124  124  126  123  124  109  109  117  114  120  124  120  115  121  122  117  105  123  121  107  115  121  116  125  119  115  119  138    4
ch:  76  120  133  121  124  125  116  118  122  135  118  126  130  122  125  120  116  104  121  121  103  134  124  124  121  114  121  119  122  119  136  122   -1
ch:  77  121  122  113  118  127  136  109  121  117  122  119  118  114  123  116  120  125  117  118  125  120  114  118  122  120  125  117  119  123  131  114   13
ch:  78  109  120  123  130  115  118  115  123  123  106  121  121  124  124  125  116  122  119  116  113  126  124  114  121  130  107  107  130  120  120  117   -1
ch:  79  134  130  119  146  117  124  138  114  124  125  108  119  117  114  123  114  118  117  119  114  119  117  113  121  124  125  114  118  129  123  129   -1
ch:  80  122  126  121  127  130  121  124  121  123  127  118  122  117  115  117  123  120  108  114  109  117  120  116  117  120  103  132  115  123  119   -1   -1
ch:  81  124  120  126  120  110  124  121  124  120  122  118  117  125  120  122  118  119  111  121  116  124  121  123  115  118  120  120  130  122  119  120   -1
ch:  82  134  120  133  121  124  118  131  116  122  101  124  123  114  114  115  108  125  111  110  126  113  126  116  116  119  123  118  119  114  116  115   -1
ch:  83  121  122  115  116  117  116  130  124  115  130  119  129  121  118  122  120  116  124  115  116  122  133  116  125  119  121  116  120  125  124  134   19
ch:  84  131  122  119  117  119  120  117  124  108  119  104  122  127  124  106  105  105  119  119  123  118  112  108  119  111  114  122  124  129  127  120   -1
ch:  85  124  123  123  123  122  128  121  116  121  110  126  120  120  119  118  117  114  117  116  110  115  123  108  115  116  122  108  119  124  126  124   -1
ch:  86  119  122  119  123  120  111  115  120  104  126  118  132  115  105  117  122  120  110  113  116  120  107  114  124  115  115  117  114  118  117  125    1
ch:  87  130  122  126  122  119  115  118  125  124  121  131  108  119  124  115  109  118  121  124  120  118  118  118  117  132  119  122  126  119  117  131   -1
ch:  88  125  135  121  113  136  120  118  124  121  107  126  121  117  125  110  111  117  125  116   -1  121  116  117  107  121  117  124  108  119  125   -1   42
ch:  89  124  119  123  124  117  107  129  120  121  131  124  131  120  124  119  118  121  115  115  121  119  129  122  121  131  119  107  120  122  113  121   40
ch:  90  132  119  120  130  120  121  118  133  122  122  122  122  121  119  106  122   -1  106  117  119  120  105  106  117  128  118  119  110  108  119  118   34
ch:  91  118  127  117  116  124  123  118  122  131  121  125  124  132  118  117  118  116  119  124  109  104  116  122  132  131  121  132  124  132  130  129    1
ch:  92  121  110  120  118  118  122  129  122  132  128  123  114  114  118  110  119  116  117  115  121  105  111  116  123  130  124  114  125  120  127  124   -1
ch:  93  130  117  130  118  121  111  119  122  121  106  128  115  131  118  110  118  110  113  116  124  123  127  116  122  116  123  120  114  119  106  121   -1
ch:  94  123  122  120  127  130  125  122  119  123  116  116  119  120  108  120  125  120  127  120  116  117  108  118  115  115  105  110  118  119  126  120   10
ch:  95  119  121  118  133  130  120  121  130  132  125  119  122  114  110  120  123  116  116  120  116  117  116  119  118  127  124  112  123  124  118  123   -1
ch:  96  124  130  115  123  118  118  124  123  122  121  130  125  108  124  120  121  125  115  119  117  120  121  121  124  109  118  119  118  120  122  115   47
ch:  97   -1  126  124  121  122  121  120  116  130  121  120  106  120  115  115  113  124  123  110  117  114  117  116  119  130  118  124  122  120  118  115   -1
ch:  98  123  120  125  133  117  118  125  132  121  124  118  108  120  132  116  126  122  117  119  130  122  131  120  111  122  113  121  124  131  124  119   31
ch:  99  123  135  117  122  113  113  123  122  127  119  123  124  119  118  119  121  118  107  119  108  122  114  132  122  114  134  122  124  120  118  123   -1
ch: 100  126  125  124  120  123  123  122  128  120  134  121  121  118  131  115  122  108  109  115  114  113  115  109  121  115  108  125  117  121  124  108   36
ch: 101  119  130  118  125  122  131  127  129  119  123  113  120  130  117  121  123  125  116  110  121  119  108  115  126  131  125  125  118  120  118  125   29
ch: 102  131  123  120  120  121  122  121  119  119  109  115  120  108  120  116  115  117  114  115  117  122  111  121  120  121  106  115  115  109  122  123   -1
ch: 103  123  131  117  122  119  115  132  120  126  120  115  125  124  122  118  132  113  104  122  124  121  125  115  117  117  126  121  120  119  135  131    6
ch: 104  126  117  137  132  123  119  118  121  117  115  121  117  122  118  121  119  117  127  121  117  116  104  109  116  110  120  124  114  119  124  125   -1
ch: 105  116  129  119  123  124  117  116  123  117  116  119  119  117  121  116  123  118  119  123  116  120  123  123  115  123  117  124  119  133  123  123   11
ch: 106  127  120  133  126  122  132  107  110  118  121  116  110  117  130  117  113  120  119  115  119  117  122  115  119  105  111  125  103  124  120  114   -1
ch: 107  123  126  130  124  125  116  126  123  127  123  133  130  134  124  124  105  125  105  120  118  134  123  124  108  120  115  129  123  128  123  129   -1
ch: 108  129  123  114  117  125  121  127  113  108  118  116  127  131  123  128  119  115  111  109  128  122  110  109  113  115  128  116  118  118  128  121   41
ch: 109  120  116  125  123  116  116  128  117  122  122  134  127  125  119  119  114  117  117  116  119  121  118  124  114  125  119  126  123  126  116  124   16
ch: 110  125  125  123  121  122  131  126  127  124  125  122  126  109  118  117  117  118  132  116  109  120  125  122  122  121  117  123  120  108  116  123   -1
ch: 111  123  136  123  124  119  122  123  125  128  123  119  109  119  120  105  119  122  122  117  115  118  115  116  122  122  118  120  122  126  134  124    6
ch: 112  116  129  124  115  117  125   -1  126  126  126  110  116  115  119  108  100  116  106  123  118  122  109  114  110  119  103  123  117  120  109  129   19
ch: 113  119  122  108  120  110  122  127  114  113  110  125  109  124  103  117  121  119  111  123  105  112  121  122  115  106  121  119  118  107  119  119   -1
ch: 114  132  119  116  117  132  121  117  120  116  105  115  132  119  134  109  107  122  118  117  111  116  118  117  125  119  117  125  109  119  120  126    1
ch: 115  122  118  121  125  123  125  125  131  118  116  120  125  107  132  124  121  119  121  123  116  120  124  121  121  122  120  115  116  124  138  124   29
ch: 116  109  118  121  119  133  132  122  119  121  125  119  119  116  116  123  121  110  106  118  109  121  118  110  109  117  108  106  122  121  133  118   -1
ch: 117  126  121  123  120  130  133  117  123  118  125  121  123  114  117  124  118  110  112  108  103  121  120  117  132  122  125  129  124  113  118  130   -1
ch: 118  119  122  121  117  125  123  121  121  122  123  132  117  125  114  117  114  104  117  119  119  108   -1  119  111  123  120  109  115  120  118  105   -1
ch: 119  135  119  119  132  119  119  125  130  122  119  128  125  119  124  130  118  120  121  123  110  125  123  119  115  121  124  123  123  124  110  122   -1
ch: 120  131  132  124  118  118  138  130  107  127  117  123  118  110  110  105  117  120  121  120  122  110  130  123  115  122  116  116  120  124  121  125   11
ch: 121  120  124  123  121  120  115  102  113  110  116  123  111  109  113  119  120  116  107  108  117  127  125  115  125  117  120  120  118  119  126  124   -1
ch: 122  126  132  124  130  136  124  123  111  123  116  115  107  123  121  110  122  107  120  121  119  118  107  106  122  106  125  110  126  118  121  114   -1
ch: 123  132  126  123  117  120  121  117  118  136  122  114  122  121  126  116  119  123  116  121  117  124  106  120  115  120  115  123  122  130  124  133   46
ch: 124  124  119  114  132  124  130  130  124  120  121  120  111  122  123  121  117  118  116  119  118   -1  123  120  109  128   -1  119  121  116  104  123   27
ch: 125  129  132  117  119  132  117  123  119  123  117  122  130  119  127  121  104  116  124  122  122  111  114  120  120  119  118  136  130  123  126  121   22
ch: 126  126  124  120  118  118  121  108  120  123  125  118  116  122  118  120  117  117  123  120  119  119  114  120  121  116  120  108  130  119  122  125   40
ch: 127  115  131  133  121  133  124  126  124  127  121  124  136  132  124  116  117  130  118  117  123  125  127  125  122  130  124  137  126  131  133  125   -1
