# ID XA-000-08-003-000-001-104-02
# Tag _trim_
# Date 240624_13:07:13
# Vref_p 55
# Vref_n 20
# Thr2_glb 58
# Vref_t 118
# Vref_t_range 1
# Pol 1
# ADC range 30-247
# FAST disc 30
ch:   0  137  134  138  137  133  125  134  138  135  138  131  129  147  137  113  122  136  129  121  135  135  121  127  123  124  125  125  129  133  130  131   16
ch:   1  133  133  133  135  139  138  141  137  123  127  130  130  129  125  127  119  117  116  123  132  116  116  119  125  132  119  133  119  125  139  132   56
ch:   2  135  138  137  140  136  147  151  133  137  146  138  111  122  137  132  133  136  125  123  125  131  123  116  131  126  130  131  123  133  135  110   -1
ch:   3  138  138  132  135  134  122  150  130  127  132  124  132  133  123  109  130  123  124  130  129  122  118  114  122  120  125  130  131  134  132  124   56
ch:   4  133  126  136  136  126  119  127  128  135  133  126  121  134  134  124  136  121  130  133  132  119  135  117  132  108  121  118  132  119  130  138   11
ch:   5  138  148  139  136  143  124  139  148  136  125  122  132  127  135  135  125  124  131  133  123  132  141  125  123  127  121  120  135  135  126  134   56
ch:   6  133  137  135  137  139  145  136  131  134  133  125  133  126  123  117  124  134  122  136  122  133  119  131  131  122  119  122  124  123  115  135   24
ch:   7  138  133  148  133  143  132  133  134  124  135  120  121  130  132  132  121  132  124  132  135  139  136  130  131  125  130  131  137  131  125  135   56
ch:   8  141  137  126  118  139  131  123  135  137  117  129  135  133  122  131  134  124  126  126  129  120  119  118  120  131  123  132  124  133  121  135   24
ch:   9  135  136  130  126  139  132  138  138  117  132  133  117  133  122  137  116  133  132  130  126  124  131  117  121  121  137  119  125  130  138  121   56
ch:  10  140  139  142  138  125  134  133  125  125  123  120  124  135  137  134  126  130  123  123  121  122  130  116  130  126  131  123  124  126  123  120   22
ch:  11  139  131  134  139  131  125  138  130  132  132  121  124  127  124  135  121  148  117  133  129  134  125  130  135  123  121  134  134  123  118  125   56
ch:  12  125  138  126  125  147  133  126  126  129  132  139  135  134  133  125  132  123  124  134  134  122  122  121  116  124  123  125  118  135  134  127   17
ch:  13  134  123  137  131  139  133  138  126  122  139  133  138  126  131  131  133  134  120  125  136  117  118  124  126  125  121  123  133  123  136  122   56
ch:  14  135  136  140  149  139  137  140  135  124  130  132  139  131  131  119  123  130  135  124  132  133  126  127  124  125  132  137  133  135  108  121   31
ch:  15  137  131  133  124  134  123  145  142  134  121  125  135  133  121  141  121  123  121  121  117  131  134  122  121  125  126  139  122  118  131  123   56
ch:  16  136  137  124  147  134  131  135  135  148  130  136  130  131  134  135  123  132  138  126  136  136  131  126  120  134  121  121  132  133  134  135   28
ch:  17  133  135  149  132  136  134  136  151  133  137  132  133  130  132  124  124  123  120  130  117  132  126  120  123  117  127  133  135  130  137  130   56
ch:  18  135  141  128  130  134  132  131  132  134  127  130  134  130  140  119  132  131  124  136  122  125  122  123  125  122  126  117  131  131  132  134   26
ch:  19  134  133  132  132  125  135  127  131  135  125  129  122  137  126  124  122  125  120  121  139  132  123  131  118  119  123  135  132  126  121  117   56
ch:  20  133  132  138  147  133  126  130  133  139  121  118  124  133  143  134  125  122  132  137  120  123  134  135  131  123  131  135  120  127  131  121   28
ch:  21  134  132  134  138  138  134  131  132  132  122  131  126  152  123  129  123  135  120  124  117  121  106  131  133  125  127  136  125  134  124  132   56
ch:  22  152  137  139  143  135  126  139  121  131  137  135  134  127  122  125  124  135  127  131  123  133  121  121  118  131  139  126  135  131  134  111   21
ch:  23  140  140  131  136  138  149  146  131  136  134  126  139  121  130  126  109  131  134  132  124  119  118  119  127  122  124  122  125  131  121  136   56
ch:  24  137  135  137  137  132  132  137  142  126  125  122  131  121  131  125  123  125  126  130  130  125  123  131  115  132  124  128  116  120  129  133   22
ch:  25  135  135  124  123  146  142  118  125  122  136  134  133  122  125  133  124  138  119  122  130  122  135  122  120  133  131  109  132  125  131  124   56
ch:  26  141  149  137  135  135  127  148  122  130  125  133  137  133  114  134  133  122  133  132  127  121  126  122  138  121  122  116  124  139  121  122   34
ch:  27  146  139  134  134  136  131  123  137  119  139  131  120  134  130  133  131  121  118  125  125  134  120  136  132  134  121  132  131  123  138  125   56
ch:  28  134  137  133  131  134  136  124  136  133  134  126  133  134  120  120  133  130  125  120  106  119   -1  131  127  125  130  121  135  120  119  132   25
ch:  29  139  126  140  140  130  133  124  123  126  132  134  123  124  118  139  131  139  138  131  122  126  125  123  120  118  118  136  119  133  118  110   56
ch:  30  145  148  140  135  140  147  124  149  139  129  136  125  133  126  122  121  118  119  123  125  125  124  136  125  122  126  132  125  123   -1  137   27
ch:  31  138  126  137  139  126  132  133  133  132  138  134  133  145  124  132  135  131  121  119  115  117  131  119  121  131  122  123  122  132  129  125   56
ch:  32  137  136  134  138  140  136  132  126  134  132  134  133  127  133  132  134  121  146  125  115  134  130  124  122  121  135  132  126  132  132  136   27
ch:  33  140  129  135  132  125  126  137  132  134  122  115  124  134  134  133  111  134  125  127  124  120  124  126  130  132  132  125  123  125  117  122   56
ch:  34  148  140  139  126  139  135  131  139  138  135  133  123  121  135  125  138  122  123  125  133  133  123  123  126  120  123  134  126  135  120  134   34
ch:  35  147  151  136  136  130  134  133  131  131  138  126  122  127  138  123  132  123  132  123  126  120  130  119  108  122  133  127  135  119  127  135   56
ch:  36  132  145  130  125  139  135  132  130  134  138  135  116  136  127  134  123  139  123  136  124  135  131  125  134  125  125  125  135  145  131  124   48
ch:  37  127  139  130  142  129  139  146  127  132  118  134  121  138  130  120  127  126  123  132  124  135  132  132  124  132  123  118  125  137  119  123   56
ch:  38  146  141  137  139  135  124  130  130  132  132  134  123  136  136  134  117  124  126  131  123  131  137  124  133  118  126  119  122  118  120  135   26
ch:  39  147  147  132  134  151  125  139  138  123  134  134  132  135  132  125  131  132  120  127  130  131  124  127  124  124  132  127  134  118  122  131   56
ch:  40  148  130  154  135  148  137  133  135  133  139  132  121  122  137  126  120  127  122  119  135  125  120  121  123  125  135  134  131  133  132  131   40
ch:  41  131  134  136  126  123  120  134  134  124  125  124  138  124  132  123  121  125  124  116  131  121  124  132  127  134  133  120  123  136  135  106   56
ch:  42  132  139  135  136  119  140  138  137  117  135  132   -1  123  126  131  136  118  123  131  130  120  116  120  122  134  135  126  123  133  125  123   37
ch:  43  137  138  135  125  131  141  143  134  130  150  134  134  135  133  131  125  130  120  123  137  130  120  131  118  125  127  125  127  121  122  129   56
ch:  44  139  139  133  137  124  140  136  139  142  133  136  137  132  125  125  126  132  110  125  114  125  121  131  119  130  125  121  133  118  131  131   36
ch:  45  141  139  134  137  133  131  124  131  124  134  118  138  134  121  120  108  117  122  132  123  129  125  131  125  123  120  139  123  133  127  124   56
ch:  46  147  142  133  140  123  136  137  151  122  124  125  126  117  129  125  131  126  137  133  134  129  130  125  122  133  130  126  125  135  132  122   31
ch:  47  135  135  142  136  126  135  138  136  127  146  135  123  132  126  124  122  135  130  134  123  123  124  127  135  126  127  120  119  139  131  134   56
ch:  48  149  124  134  139  146  139  139  126  127  123  129  132  125  130  130  131  124  119  125  125  127  123  123  132  122  120  117  131  135  133  127   47
ch:  49  133  132  133  140  132  137  142  132  131  140  139  139  126  127  126  126  124  135  135  133  127  115  134  136  125  129  135  134  132  127  138   56
ch:  50  135  141  136  133  135  140  131  134  120  137  135  133  124  139  133  123  133  125  129  134  125  135  126  120  131  138  125  131  137  133  134   38
ch:  51  137  137  133  145  135  137  131  130  131  125  140  138  138  127  131  126  121  134  126  133  123  132  117  124  125  126  136  132  125  132  146   56
ch:  52  136  145  140  133  138  134  125  130  138  136  135  136  134  134  133  131  129  122  127  121  126  125  118  127  130  134  131  125  136  127  119   47
ch:  53  135  130  124  134  135  138  127  132  137  124  122  138  123  123  127  134  132  125  124  123  130  126  138  129  133  122  123  126  140  149  142   56
ch:  54  130  143  126  126  131  135  132  133  134  139  119  139  137  133  131  126  131  137  134  138  125  122  125  131  124  133  127  120  125  133  131   32
ch:  55  137  130  125  140  135  134  131  126  138  133  140  134  132  140  119  123  134  126  118  130  121  122  131  118  123  126  121  124  133  134  125   56
ch:  56  139  139  133  124  126  126  134  129  135  137  124  136  136  124  131  118  124  130  131  117  131  122  131  121  134  124  130  124  121  124  135   40
ch:  57  147  141  139  134  147  138  140  141  135  136  131  132  135  125  130  131  135  129  123  124  127  129  131  125  132  135  135  135  135  126  140   56
ch:  58  132  132  140  135  139  129  140  131  136  140  134  133  123  133  130  134  137  124  131  126  121  123  121  137  123  124  117  131  138  132  130   50
ch:  59  142  132  150  132  151  137  127  143  136  132  137  133  131  139  132  122  126  132  132  134  119  133  135  125  138  123  138  135  134  124  139   56
ch:  60  135  132  139  139  131  130  133  135  126  134  131  126  133  135  135  121  132  129  134  122  139  131  125  120  107  126  119  138  136  134  120   55
ch:  61  148  141  135  137  131  131  139  134  117  137  132  139  118  142  133  122  133  148  132  133  135  133  137  132  142  138  124  120  135  138  146   56
ch:  62  140  140  135  133  140  127  147  120  137  133  132  124  124  135  119  125  121  125  124  110  124  119  134  133  130  133  136  138  136  134  132   42
ch:  63  134  135  143  149  155  136  133  142  140  137  121  130  131  132  136  134  132  137  132  130  131  133  133  123  125  132  145  135  135  134  142   56
ch:  64  127  135  147  130  133  147  137  137  131  133  123  132  133  126  134  136  129  132  132  126  133  124  127  125  124  121  126  121  124  131  126   43
ch:  65  130  135  135  141  126  137  131  140  134  137  131  132  134  131  135  133  126  125  132  134  126  133  132  136  135  127  151  129  132  134  137   56
ch:  66  141  135  137  141  138  133  135  134  124  126  124  136  135  122  136  122  140  134  127  126  123  131  127  126  134  134  131  125  121  134  132   45
ch:  67  137  136  137  136  126  134  146  133  134  137  131  125  123  136  133  141  124  137  142  131  134  125  139  132  132  139  127  138  136  133  137   56
ch:  68  137  145  133  136  134  131  124  140  132  131  129  125  124  126  130  134  127  129  132  133  121  122  123  134  119  122  136  140  121  120  126   47
ch:  69  139  139  147  139  137  131  125  130  148  134  137  135  134  138  122  135  135  133  131  137  133  135  130  136  122  118  136  139  133  140  139   56
ch:  70  131  132  136  137  130  132  136  131  131  130  126  139  139  124  136  124  134  132  122  124  131  120  124  123  132  125  123  133  129  138  137   50
ch:  71  133  155  142  133  142  136  133  133  141  126  134  130  132  136  133  121  149  130  135  127  130  126  137  139  126  133  127  137  126  131  126   56
ch:  72  132  139  137  135  137  129  131  132  135  107  122  131  121  131  122  123  122  123  125  118  133  122  127  130  131  116  136  127  135  126  126   49
ch:  73  139  142  138  135  137  143  133  132  138  132  148  136  126  148  135  124  131  122  136  130  135  132  136  135  137  131  139  148  138  134  136   56
ch:  74  126  140  138  135  131  124  135  133  132  135  136  123  133  120  127  118  118  121  121  133  110  131  137  121  139  130  131  126  133  137  133   47
ch:  75  142  136  151  136  146  133  133  140   -1  132  136  137  127  139  135  127  138  135  120  125  125  133  132  150  133  131  131  149  133  136  138   56
ch:  76  126  134  140  139  142  137  133  136  134  125  137  132  126   -1  133  133  124  135  122  122  131  124  125  133  133  127  122  123  137  132  134   42
ch:  77  137  140  140  138  127  132  137  126  133  136  124  132  137  141  131  124  132  130  121  131  133  131  146  133  138  124  131  141  132  141  133   56
ch:  78  131  134  135  125  134  123  129  137  125  138  125  126  127  134  127  122  130  124  124  116  120  130  121  126  132  122  121  120  126  122  126   47
ch:  79  134  148  134  129  146  135  137  137  137  136  132  126  134  132  131  131  133  134  130  130  125  130  124  127  131  131  137  125  130  145  133   56
ch:  80  139  125  134  137  138  133  125  126  134  131  123  123  132  132  117  122  123  138  104  119  123  122  123  123  119  119  129  125  134  124  135   48
ch:  81  139  139  133  139  138  149  135  135  132  126  137  136  137  126  126  127  134  132  133  132  136  136  132  132  134  130  133  127  125  141  142   56
ch:  82  131  153  138  134  139  147  132  125  137  124  125  124  123  137  133  126  124  135  127  118  121  136  118  126  117  105  123  121  135  123  120   39
ch:  83  149  144  138  134  127  140  134  136  133  132  134  123  136  131  134  134  141  132  127  132  119  126  133  149  131  137  133  137  126  148  134   56
ch:  84  153  148  141  137  136  123  132  141  134  119  135  134  136  136  133  126  130  120  119  126  118  121  121  126  123  126  126  124  131  138  134   47
ch:  85  139  121  136  137  135  140  136  134  131  139  135  132  124  138  138  125  140  129  133  138  121  135  127  134  122  138  127  139  142  133  138   56
ch:  86  139  137  133  147  125  135  118  137  136  126  133  124  125  123  136  124  132  126  132  119  124  119  125  122  131  116  122  121  121  127  142   49
ch:  87  147  132  138  140  150  138  134  151  126  134  137  138  127  123  127  126  122  134  132  135  138  134  130  119  124  132  126  137  148  136  140   56
ch:  88  133  134  138  123  125  126  126  122  141  134  124  118  120  126  121  125  129  135  133  129  125  126  123  123  130  118  121  122  120  131  137   36
ch:  89  131  139  132  141  138  137  133  137  133  131  131  122  133  137  135  124  131  121  131  126  127  124  123  118  131  122  132  134  133  138  135   56
ch:  90  140  139  140  134  140  125  141  140  132  134  135  116  130  125  123  122  122  132  122  134  130  130  118  132  125  110  127  123  123  120  140   37
ch:  91  138  140  148  150  142  150  123  137  148  125  145  131  126  141  135  136  119  145  131  142  136  133  125  124  138  142  140  134  137  136  145   56
ch:  92  142  133  125  137  125  131  134  125  125  133  130  136  133  137  132  140  127  127  125  134  126  131  133  127  125  131  120  131  142  131  126   30
ch:  93  133  131  134  136  139  140  137  132  138  133  126  148  133  136  125  134  126  139  135  135  133  137  131  137  136  125  134  148  132  137  139   56
ch:  94  136  147  126  134  139  138  138  132  135  132  125  121  130  132  138  125  133  126  134  114  125  126  122  111  123  117  132  134  130  129  132   51
ch:  95  148  138  136  136  137  148  147  138  133  151  133  133  126  127  133  135  139  127  130  132  133  138  132  126  139  133  130  139  139  133  145   53
ch:  96  141  137  145  127  133  135  126  138  132  120  132  120  127  125  134  135  131  134  131  126  139  132  131  127  127  122  127  122  130  133  132   41
ch:  97  145  133  138  122  148  146  147  134  135  132  132  135  133  132  124  140  130  126  139  135  135  138  135  138  137  130  136  138  157  130  140   56
ch:  98  137  143  136  135  132  137  138  145  136  133  120  126  124  133  125  142  117  122  124  135  125  130  133  131  111  114  119  138  131  130  140   34
ch:  99  145  135  140  148  138  137  132  139  135  135  142  132  149  139  154  137  137  139  133  134  133  141  138  134  153  139  134  146  153  145  139   56
ch: 100  132  138  135  140  131  137  134  132  127  137  122  133  130  130  141  124  134  120  121  124  125  126  132  123  119  123  131  132  106  142  137   38
ch: 101  136  135  138  139  139  138  138  125  135  134  135  135  125  137  133  137  138  133  135  131  139  125  133  126  140  139  145  148  149  126  149   56
ch: 102  140  139  142  156  133  134  135  134  123  126  131  140  134  129  124  125  131  132  121  134  123  117  131  136  126  118  123  136  135  125  126   35
ch: 103  131  127  130  142  140  133  131  134  142  137  125  134  131  149  131  131  137  149  121  146  134  135  136  140  139  138  139  149  150  138  149   56
ch: 104  132  139  135  137  134  145  121  137  127  139  138  123  126  125  133  135  121  135  133  106  133  130  107  122  124  124  141  133  131  134  125   45
ch: 105  147  162  139  139  136  138  149  133  147  138  124  148  133  139  122  135  135  124  137  133  146  138  133  145  138  149  134  135  130  137  133   56
ch: 106  121  136  147  132  137  133  136  133  131  135  137  133  132  125  118  126  123  120  124  121  133  130  121  122  125  121  121  120  125  134  133   34
ch: 107  135  151  141  146  131  138  140  146  133  139  146  131  136  138  131  136  139  133  133  138  133  142  140  136  133  134  150  149  139  136  140   56
ch: 108  150  140  138  135  137  135  126  147  137  136  132  136  122  134  131  132  125  127  131  134  132  126  137  123  120  131  133  146  125  125  126   34
ch: 109  138  132  145  148  148  136  145  144  145  131  130  138  134  133  133  146  134  135  146  132  136  136  136  133  122  125  136  142  149  135  126   56
ch: 110  133  137  136  125  151  139  136  131  131  136  132  125  131  137  131  133  134  126  131  135  117  125  123  120  124  133  123  124  123  120  126   38
ch: 111  131  145  141  142  147  147  146  132  139  138  142  133  137  133  145  135  127  135  146  125  132  140  136  135  138  147  131  139  147  145  147   56
ch: 112  131  135  137  135  126  136  134  133  135  126  126  133  124  123  129  127  114  132  136  125  124  134  131  131  133  124  120  138  135  134  131   50
ch: 113  138  141  123  140  137  138  125  132  125  134  129  131  133  138  140  134  134  131  132  151  135  137  135  134  138  130  133  138  139  132  148   51
ch: 114  141  148  136  136  132  123  134  131  131  136  123  124  121  137  136  119  123  132  132  115  131  118  117  132  130  131  120  132  119  139  125   38
ch: 115  127  137  135  137  139  137  140  125  147  131  148  124  127  132  132  129  135  136  133  135  127  139  122  132  137  138  137  134  139  141  138   56
ch: 116  124  134  133  137  134  123  134  139  135  138  138  126  122  147  141  121  133  121  125  109  120  131  108  133  121  133  132  124  126  145  135   35
ch: 117  134  140  131  135  138  123  132  125  127  132  136  118  131  126  124  133  124  130  133  126  132  135  129  118  120  131  136  133  130  140  136   56
ch: 118  139  133  135  134  126  133  131  131  125  135  134  124  133  136  114  122  129  125  122  132  132  121  123  121  133  134  134  125  118  127  133   45
ch: 119  139  149  146  131  146  137  123  122  137  134  137  125  141  124  125  122  122  124  135  134  122  118  132  123  135  136  124  150  122  145  135   56
ch: 120  132  138  141  138  137  137  124  122  143  126  132  138  129  135  136  132  131  120  131  124  131  121  127  132  114  123  122  116  125  122  130   26
ch: 121  139  134  130  132  133  135  137  127  135  126  126  132  124  131  134  136  126  136  137  120  123  136  130  125  133  133  126  133  134  125  126   54
ch: 122  138  133  132  132  135  136  138  138  133  126  123  125  135  125  132  121  125  126  135  118  132  120  135  125  137  126  136  133  125  134  126   37
ch: 123  140  136  139  138  140  137  138  120  125  131  138  140  125  134  140  125  136  127  121  127  133  131  125  133  128  124  131  132  135  124  124   53
ch: 124  149  134  138  131  125  136  133  146  138  142  131  133  134  127  120  137  122  125  134  117  131  125  117  135  124  124  124  133  138  134  135   20
ch: 125  131  145  138  134  148  135  146  137  132  133  138  131  132  131  138  132  140  127  133  123  131  135  137  136  127  122  130  134  140  136  127   45
ch: 126  131  140  120  140  146  137  124  134  149  133  125  134  140  133  138  126  131  130  108  129  135  121  131  133  124  125  133  140  138  134  131    9
ch: 127  137  145  132  139  134  138  143  136  136  135  142  137  150  135  134  134  133  134  125  123  132  136  140  134  139  136  149  142  145  146  148   46
