# ID XA-000-08-003-000-001-162-13
# Tag _trim_
# Date 240624_12:05:29
# Vref_p 57
# Vref_n 22
# Thr2_glb 60
# Vref_t 118
# Vref_t_range 1
# Pol 0
# ADC range 30-247
# FAST disc 30
ch:   0  124  126  107  124  117  120  103  108  103  118  122  118  110  108  118  104  117  118  117  118  116  117  117  107  118  108  108  116  122  129  123   11
ch:   1  117  117  127  106  144  124  119  127  118  115  125  105  127  122  132  125  131  118  119  127  117  117  124  129  120  130  130  125  134  132  135   26
ch:   2  115  112  118  116  110  123  116  123  118  108  108  122  121  118  103  108  107  107  121  118  110  107  116  104  109  121  117  120  117  125  120   18
ch:   3  133  120  120  133  126  123  119  125  133  123  123  124  125  113  121  115  121  137  119  125  119  119  121  120  125  122  126  132  136  134  136   52
ch:   4  123  115  126  133  125  116  115  117  122  107  117  115  117  115  106  118  106  116  116  114  121  102  118  108  106  119  123  119  122  121  135   33
ch:   5  125  131  120  124  123  124  108  121  116  117  122  119  118  118  125  117  119  116  131  109  104  131  116  122  119  106  125  117  133  122  132   56
ch:   6  109  117  116  111  120  104  118  106  117  115  116  124  118  116  102  107  106  114  112  114  107  106  118  108  120  117  119  120   -1  121  122   41
ch:   7  120  119  118  122  126  115  119  123  124  111  127  118  132  120  122  120  131  114  120  126  120  120  116  115  117  111  121  120  124  125  132   56
ch:   8  125  131  117  124  125  114  110  111  106  125  113  123  120  122  122  108  113  118  117  115  106  106  119  116  115  122  119  118  124  132  120   33
ch:   9  118  111  114  125  117  122  118  124  114  121  122  120  116  118  115  130  131  109  116  120  117  123  122  121  117  124  124  116  136  125  126   56
ch:  10  121  126  109  116  115  122  120  111  110  104   -1  120  115  114  117  118  119  117  115  111  116  118  115  106  118  105  117  121  121  122  122   38
ch:  11  116  122  119  121  110  118  123  122  122  125  112  118  117  107  120  115  108  118  122  111  118  118  115  107  109  120  121  124  120  116  121   56
ch:  12  117  118  117  121  117  117  119  110  117  116  124  126  110  123  113  118  102  123  117  119  109  110  120  119  105  108  107  108  108  125  108   25
ch:  13  123  116  117  110  118  123  109  124  118  106  118  122  116  115  108  125  117  117  119  118  123  134  120  133  124  118  122  115  123  119  125   56
ch:  14  125  123  127  121  120  122  120  120  117  120  107  116  117  118  117  112  113  121  108  120  116  121  116  119  110  115  118  117  120  123  111   38
ch:  15  119  131  120  132  116  126  109  123  115  119  118  114  123  122  124  122  109  118  124  110  123  116  123  125  130  136  115  124  118  121  145   56
ch:  16  124  118  116  114  125  126  117  109  114  118  101  123  121  115  116  109  116  115  106  125  122  116  109  118  118  121  116  122  118  111  115   38
ch:  17  109  116  110  125  116  114  119  118  106  120  115  115  122  125  106  124  119  125  120  115  116   -1  124  125  117  118  119  122  132  126  127   56
ch:  18  122  126  124  118  114  119  124  108  124  118  130  118  119  120  115  120  110  121  121  119  119  122  119  116  110  125  116  132  114  126  122   42
ch:  19  119  120  128  118  123  132  121  120  124  122  120  111  121  118  124  123  121  121  117  132  119  121  122  134  133  117  126  122  124  124  136   56
ch:  20  121  122  110  120  115  121  121  117  105  120  110  117  116  119  126  124  107  117  118  123  114  115  119  107  119  111  118  109  115  125  117   49
ch:  21  114  119  117  117  131  115  110  119  120  121  120  123  132  109  103  118  116  109  121  124  132  118  117  122  124  126  132  123  122  135  123   56
ch:  22  119  116  131  121  110  117  120  126  130  117  113  119  116  114  116  117  104  110  122  114  113  120  116  109  117  104  125  123  122  115  118   45
ch:  23  125  119  116  121  122  115  114  121  122  110  110  130  109  116  117  115  121  119  120  115  108  124  119  120  133  130  130  121  118  121  132   56
ch:  24  124  121  116  134  107  120  118  117  121  114  113  131  109  120  108  110  117  120  119  116  114  120  122  116  110  116  108  125  110  130  126   50
ch:  25  129  120  130  120  119  114  123  118  122  117  123  125  114  117  120  121  121  122  135  120  120  119  119  116  122  117  125  125  117  133  134   56
ch:  26  106  108  116  111  124  124  117  131  120  126  114  126  116  116  112  115  113  107  118  117  113  125  119  118  123  120  119  116  122  129  107   50
ch:  27  128  119  133  126  123  123  122  120  111  122  124  125  128  121  114  116  116  126  120  123  122  136  134  121  126  131  124  141  119  127  137   56
ch:  28  107  121  119  116  119  118  111  132  117  123  122  113  118  115  111  115  117  117  106  109  109  109  117  119  119  107  122  110  122  123  123   56
ch:  29  125  122  124  120  117  123  120  123  122  121  122  136  116  132  131  120  132  124  108  114  132  125  115  115  135  124  133  121  134  136  124   56
ch:  30  126  117  117  126  121  120  114  123  119  121  106  124  111  118  121  115  119  115  120  117  117  120  112  119  111  119  127  121  131  118  126   56
ch:  31  123  125  123  125  121  124  121  131  117  116  133  120  118  123  130  133  123  110  118  136  120  137  132  121  126  122  124  134  121  134  133   56
ch:  32  120  102  119  126  119  117  116  116  119  119  110  109  107  120  113  118  110  103  120  110  122  104  121  109  116  118  113  120  125  121  127   56
ch:  33  123  122  118  136  131  135  120  121  130  116  132  132  129  134  120  130  122  120  108  123  128  113  125  120  126  136  120  135  130  134  135   56
ch:  34  122  121  130  135  117  118  115  116  117  121  117  110  120  107  119  108  108  125  121  119  106  109  108  118  117  118  124  130  123  124  130   56
ch:  35  123  120  123  132  125  121  115  122  124  121  110  132  108  125  115  133  137  124  119  135  119  119  114  120  122  125  130  134  122  123  131   56
ch:  36  122  118  116  117  111  118  117  117  119  124  119  115  119  116  119  116  106  109  113  124  117  115  116  110  124  117  121  114  131  135  134   56
ch:  37  122  132  122  123  122  119  123  122  122  117  133  123  122  124  121  127  136  122  134  133  131  131  126  138  131  127  121  135  125  135  140   56
ch:  38  122  122  117  126  121  121  124  124  118  117  118  119  126  116  130  120  115  124  109  116  108  120  114  119  118  123  117  126  130  121  125   56
ch:  39  120  119  116  134  123  124  122  123  121  123  127  132  121  123  131  121  135  115  120  118  117  120  125  126  131  119  125  138  132  132  134   56
ch:  40  108  114  123  119  125  107  108  132  122  127  121  118  119  121  110  117  120  116  106  122  120  110  118  122  107  118  123  123  124  127  123   56
ch:  41  121  131  124  132  123  120  114  136  116  117  120  120  130  117  122  138  127  131  130  125  125  120   -1  121  131  120  115  124  127  134  134   56
ch:  42  132  131  125  116  116  124  120  129  116  125  123  117  116  119  116  120  124  118  122  117  115  108  118  123  120  119  116  125  124  125  134   56
ch:  43  130  123  132  131  132  131  135  133  121  133  126  123  145  126  118  135  136  121  134  129  138  133  124  126  137  137  135  130  142  142  137   56
ch:  44  116  115  119  121  119  124  134  122  119  120  125  124  121  127  111  120  118  117  131  115  134  115  114  121  133  118  124  131  124  131  137   56
ch:  45  119  123  120  117  126  117  124  120  119  116  125  114  119  118  127  126  118  126  140  129  134  122  133  131  132  134  141  135  138  130  137   56
ch:  46  134  109  125  116  121  132  125  119  121  133  124  114  119  116  121  122  116  125  119  125  132  120  115  106  110  120  121  131  131  121  122   56
ch:  47  125  125  130  120  127  127  131  119  127  117  122  118  124  124  122  120  118  135  109  132  125  130  127  136  136  130  131  134  122  123  140   56
ch:  48  121  124  117  123  124  122  124  109  121  107  106  109  118  109  115  103  109  122  110  133  122  117  121  118  115  121  123  121  122  131  127   56
ch:  49  118  121  122  109  122  126  133  122  125  122  133  121  116  124  126  124  134  124  131  109  130  126  122  134  119  140  134  124  133  136  136   56
ch:  50  110  130  119  118  117  124  121  121  116  121  111  117  117  126  126  124  116  121  116  122  124  125  123  129  126  127  126  123  131  134  133   56
ch:  51  124  125  123  124  121  131  117  125  124  127  118  122  125  125  127  133  127  118  130  120  138  132  126  133  136  139  133  135  141  138  141   56
ch:  52  123  119  119  116  106  114  116  119  123  119  115  130  116  116  126  130  123  118  123  126  116  116  118  134  124  126  132  125  123  127  126   56
ch:  53  135  121  122  125  131  121  124  121  123  115  117  123  130  117  124  132  139  122  125  120  130  135  122  124  131  122  137  126  145  125  138   56
ch:  54  116  116  132  126  118  116  121  118  118  119  122  119  121  114  119  121  116  118  126  121  122  133  122  116  116  124  135  131  130  122  124   56
ch:  55  118  127  134  120  121  127  117  121  124  124  123  136  131  124  136  132  127  124  131  136  122  126  138  136  132  135  135  148  151  138  139   56
ch:  56  122  118  121  107  124  124  123  120  119  118  124  123  111  118  120  126  127  122  129  121  132  119  127  126  118  124  133  123  133  132  132   56
ch:  57  135  122  131  127  117  116  125  116  138  121  138  124  124  123  125  136  124  124  122  126  136  132  123  131  124  119  139  138  132  137  126   56
ch:  58  123  120  105  121  122  123  127  124  116  106  116  121  119  119  119  116  123  115  115  113  109  104  120  130  106  133  110  117  126  125  133   56
ch:  59  126  132  142  124  117  124  120  127  132  125  120  133  124  118  136  126  118  124  126  142  127  133  130  135  133  141  127  140  127  135  133   56
ch:  60  127  123  116  119  122  123  118  117  124  119  115  123  120  120  113  118  123  123  117  121  124  119  121  111  131  123  116  135  116  140  132   50
ch:  61  120  124  118  130  120  116  121  122  125  136  118  121  133  123  123  123  124  129  133  119  122  133  121  133  134  120  116  130  138  130  132   56
ch:  62  122  133  122  122  122  121  114  116  118  121  124  117  116  120  119  114  105  123  119  118  124  117  125  125  121  124  101  121  126  124  122   49
ch:  63  118  124  130  138  120  122  119  130  124  110  130   -1  134  121  137  128  132  136  139  131  126  136  146  139  135  130  138  143  152  151  137   56
ch:  64  124  134  125  122  127  122  125  126  124  122  122  110  130  120  102  120  121  120  117  122  123  109  121  134  124  131  121  131  121  122  127   49
ch:  65  116  109  113  123  113  125  110  110  110  120  122  124  124  121  124  120  131  121  132  131  125  121  121  130  130  125  135  132  132  126  135   56
ch:  66  132  115  126  119  113  122  134  106  124  110  115  121  116  122  117  106  116  134  110  120  106  107  119  120  118  120  119  127  125  132  119   46
ch:  67  121  131  126  124  133  123  135  123  123  126  138  118  132  132  130  117  126  124  124  122  126  120  115  133  133  147  150  139  138  133  125   56
ch:  68  124  110  121  116  106  127  119  124  124  104  118  117  119  111  115  123  124  111  118   99  116  118  117  119  104  122  121  111  124  106  109   41
ch:  69  119  123  127  124  119  125  125  119  117  121  132  124  125  122  117  127  122  136  122  120  124  130  123  134  145  125  136  131  126  134  135   56
ch:  70  120  115  123  125  119  123  120  117  117  107  121  134  125  120  110  123  122  108  119  109  124  126  117  120  116  117  126  121  121  126  134   48
ch:  71  123  124  121  121  122  127  118  126  132  123  133  119  122  126  136  126  119  133  121  121  126  126  116  124  120  133  132  130  133  133  136   56
ch:  72  122  132  133  124  114  123  108  117  118  120  121  126  120  110  102  120  117  117  118  115  120  124  134  122  129  124  132  126  130  132  132   52
ch:  73  130  121  122  125  127  115  126  131  133  111  124  121  133  133  126  118  132  124  127  122  122  126  116  139  126  124  139  118  136  131  147   56
ch:  74  134  122  117  117  120  116  120  123  116  121  118  118  118  110  121  108  122  126  117  119  111  111  117  132  118  133  116  126  134  132  127   41
ch:  75  130  124  121  119  116  123  122  121  126  124  117  118  132  124  122  131  119  130  120  132  125  124  123  122  131  116  134  130  127  127  150   56
ch:  76  127  133  130  121  130  120  123  119  111  133  125  117  115  122  121  110  122  116  124  127  106  115  107  127  116  111  108  136  116  135  126   47
ch:  77  116  123  132  121  120  119  118  122  116  124  122  124  127  118  117  130  118  124  122  122  109  136  133  122  119  118  131  121  132  121  135   56
ch:  78  123  114  123  124  116  118  110  123  119  125  121  120  131  121  121  116  121  123  109  118  117  121  116  127  123  119  120  119  122  124  124   44
ch:  79  124  121  119  117  133  111  117  124  122  117  121  125  119  136  125  119  119  121  121  119  122  121  112  118  116  125  125  124  138  132  145   56
ch:  80  122  122  121  131  117  118  126  120  118  115  121  114  117  119  116  107  125  111  118  115  121  117  113  122  108  122  121  122  131  135  123   37
ch:  81  115  127  127  126  119  132  118  126  126  130  118  116  133  120  121  119  129  131  129  122  127  115  108  119  131  130  123  130  127  122  133   56
ch:  82  119  119  116  124  122  115  122  116  130  119  131  121  120  121  124  121  123  109  121  110  120  122  114  122  118  125  118  126  132  130  136   40
ch:  83  124  118  117  116  120  116  129  124  121  125  118  121  119  130  122  123  118  124  124  119  134  129  136  125  135  122  131  138  137  131  137   56
ch:  84  123  105  104  122  118  119  123  122  118  114  118  120  116  110  117  130  119  117  117  117  106  120  126  122  124  122  117  134  120  120  130   38
ch:  85  122  132  125  119  123  130  119  124  121  116  121  122  124  119  118  121  126  120  129  118  124  118  122  117  125  136  137  139  140  138  141   56
ch:  86  117  122  122  123  120  111  122  133  118  132  107  108  109  116  105  123  120  116  114  117  125  111  124  109  124  117  134  117  122  130  122   43
ch:  87  124  121  119  118  118  124  117  137  120  120  115  121  131  134  118  125  124  121  124  122  122  125  132  125  133  133  133  139  125  132  139   56
ch:  88  121  124  120  115  121  102  124  124  108  123  123  117  118  117  114  121  123  121  113  117  119  119  109  124  107  116  119  127  118  132  133   36
ch:  89  131  122  124  118  129  131  124  123  122  124  126  125  120  124  123  130  116  124  122  125  123  124  133  136  131  118  121  126  136  142  138   56
ch:  90  122  118  121  133  119  116  119  118  114  122  118  122  120  116  117  121  109  117  118  123  124  119  124  117  124  124  126  125  126  127  134   43
ch:  91  119  123  132  125  116  113  117  122  124  117  118  125  117  123  121  121  120  120  125  118  129  121  119  123  132  116  132  130  126  130  137   56
ch:  92  122  122  119  118  117  115  117  121  127  123  108  134  108  129  119  107  117  120  123  121  121  115  119  112  131  118  121  132  125  136  133   30
ch:  93  111  126  132  121  125  136  123  104  121  122  125  122  121  116  119  133  136  135  131  122  127  117  124  126  121  127  137  132  132  137  122   56
ch:  94  126  120  126  118  130  115  126  107  122  119  124  124  124  124  119  119  118  117  108  119  129  134  121  109  118  120  119  126  118  122  130   24
ch:  95  120  119  115  126  126  119  123  126  119  116  121  130  124  117  124  130  131  117  118  120  121  133  122  135  131  135  139  137  138  137  135   56
ch:  96  111  125  124  104  123  122  117  124  123  123  117  120  130  122  122  114  119  116  121  116  127  123  125  125  119  123  122  119  132  131  132   23
ch:  97  121  126  127  121  122  118  131  113  117  120  110  123  122  132  125  125  119  121  123  126  119  124  127  119  135  132  134  134  132  137  124   56
ch:  98  121  108  123  116  117  122  121  117  124  115  116  121  116  118  106  108  116  125  127  127  120  115  115  132  121  116  120  122  131  125  117   26
ch:  99  118  132  119  118  108  133  130  118  120  120  121  131  120  124  121  132  123  123  137  116  132  117  133  118  123  127  118  124  139  133  136   56
ch: 100  119  133  115  119  118  114  119  118  124  110  130  128  108  117  111  120  121  118  119  121  125  121  118  125  123  119  131  119  130  126  123   22
ch: 101  131  120  125  123  118  120  122  122  123  134  121  131  122  120  122  110  137  120  125  122  125  126  126  132  123  120  131  138  141  126  140   56
ch: 102  126  110  115  119  121  115  118  130  127  126  130  125  119  116  121  126  118  108  125  120  124  124  122  120  126  113  114  123  125  134  125   26
ch: 103  121  124  125  136  125  121  108  119  126  119  113  119  139  123  126  122  125  130  119  120  121  125  124  130  126  122  134  121  135  136  132   56
ch: 104  120  122  119  121  121  120  118  105  125  116  106  107  119  116  124  116  120  124  121  120  116  116  116  117  115  116  124  120  132  122  122   32
ch: 105  125  121  111  118  125  120  125  122  123  125  122  123  121  135  123  110  118  121  120  119  123  124  135  134  120  116  122  131  133  119  137   56
ch: 106  116  127  136  132  109  119  114  120  122  119  115  118  121  116  119  107  120  115  121  110  109  124  125  117  115  115  121  124  119  125  136   25
ch: 107  116  118  132  124  127  120  126  123  130  116  126  119  134  120  130  121  132  131  118  136  130  132  130  133  117  137  124  136  130  128  139   56
ch: 108  110  121  122  115  136  118  119  125  127  120  133  114  127  125  125  119  125  119  119  125  116  119  119  125  116  124  122  123  126  122  137   28
ch: 109  121  122  124  117  132  117  123  123  117  116  120  118  120  122  116  109  119  117  126  117  118  122  119  125  131  116  131  137  136  133  137   56
ch: 110  118  123  119  123  127  122  122  118  122  125  123  122  118  119  118  120  122  116  108  121  125  133  111  114  121  119  131  132  125  124  137   25
ch: 111  119  115  123  110  118  126  119  116  131  124  111  127  118  122  124  117  136  114  122  119  122  131  125  120  126  125  124  119  132  131  133   56
ch: 112  118  122  123  119  127  117  124  110  134  110  123  115  108  101  117  119  108  121  126  114  125  120  120  121  134  116  122  126  124  122  124   21
ch: 113  121  123  124  110  131  111  119  137  111  120  123  110  122  125  118  118  120  122  122  120  114  117  121  122  131  122  127  133  126  126  130   56
ch: 114  121  117  116  125  132  119  119  131  131  118  130  122  124  131  110  121  111  121  105  108  115  110  122  113  119  117  120  122  121  125  124   29
ch: 115  126  126  120  104  123  120  122  116  123  120  119  126  113  119  117  125  117  118  119  120  116  117  120  115  127  117  117  124  143  126  133   56
ch: 116  133  125  104  122  127  108  119  118  119  124  108  118  104  120  116  117  125  125  116  115  116  123  129  120  106  131  105  123  126  125  125   32
ch: 117  123  119  127  122  119  117  121  116  123  123  121  121  123  122  124  122  134  120  122  126  120  122  121  127  120  132  137  126  132  132  126   56
ch: 118  116  120  115  115  125  122  110  121  126  117  121  124  109  108  113  109  106  105  118  120  116  116  118  121  121  113  124  115  127  122  123   28
ch: 119  106  122  127  119  104  125  116  124  121  125  132  117  118  119  120  124  121  126  120  123  125  118  124  120  122  136  124  125  124  138  132   56
ch: 120  126  110  120  132  118  107  116  119  108  118  125  115  117  122  123  122  108  118  115  119  124  120  120  123  116  117  115  125  125  126  130   29
ch: 121  131  124  124  118  124  123  130  137  119  122  120  122  132  133  130  118  106  123  124  133  114  120  126  120  135  133  132  118  123  148  134   56
ch: 122  119  111  117  109  123  124  114  123  106  117  116  119  124  124  127  115  119  113  115  102  120  117  114  105  118  119  126  118  125  109  118   33
ch: 123  120  122  129  125  119  123  130  113  131  136  117  106  120  109  125  123  123  114  129  123  121  121  125  118  124  123  125  130  124  127  133   52
ch: 124  115  120  110  131  130  108  120  108  114  118  119  115  120  116  120  118  114  130  116  119  121  123  115  120  113  122  121  119  118  111  131   13
ch: 125  121  126  120  125  110  120  133  124  121  121  125  119  120  117  117  124  121  120  123  122  118  126  121  122  131  127  125  135  135  122  137   40
ch: 126  110  109  121  112  118  119  109  117  116  122  107  118  117  118  103  107  121  117  121  116  117  109  120  109  127  132  116  122  131  129  132   15
ch: 127  121  120  121  116  122  123  120  109  121  121  109  119  120  120  119  120  109  124  131  120  123  126  110  122  122  117  118  123  134  122  124   52
