# ID XA-000-08-003-000-001-164-13
# Tag _trim_
# Date 240624_11:19:31
# Vref_p 58
# Vref_n 23
# Thr2_glb 46
# Vref_t 118
# Vref_t_range 1
# Pol 0
# ADC range 30-247
# FAST disc 30
ch:   0  121  108  106  107  110  109  105   93  107  115  104  120  107  115  108  107  102  105  115  110  107  111  105  127  110  109  118  122  118  123  120   31
ch:   1  120  117  124  119  121  118  106  120  108  115  124  110  119  107  121  107  114  116  120  116  119  131   -1  122  121  124  126  120  132  135  135   26
ch:   2  109  118  106  109  120  117  112  109  109  108  106  108  118  115  114  115  114  117  102  116  118  109  122  119  115  115  116  105  122  118  124   -1
ch:   3  116  106  117  107  117  117  113  113  113  119  110  115  126  121  109  117  122  106  109  119  108  119  122  116  114  132  119  134  135  122  133   45
ch:   4  115  122  117  116  103  102  104  108  118  112  114  114  110  102  102  101  114  109  112  107  116  118  104  108  108  116  116  115  118  120  116    9
ch:   5  109  104  114  108  118  118  118  109  109  120  116  124  104  116  116  117  103  117  105  120  118  119  124  124  107  124  132  125  132  133  118   56
ch:   6  108  116  106  103  110  118  110  114  105  117  105  105  105  114  105  106  108  109  107  116  107  104  115  119  118  106  116  133  117  117  118   27
ch:   7  112  111  106  101  106  119  122  108  105  120  115  107  120  133  116  107  124  108  106  115  125  120  123  117  114  140  136  134  139  137  125   56
ch:   8  109  117  117  120  107  108  104  116  108  122  102  105  115  108  103  107  102  116  108  120  117  120  110  111  117  118  119  117  117  118  122   34
ch:   9  133  107  118  117  116  118  118  120  117  126  121  113  117  118  120  119  120  123  109  113  139  124  119  131  120  121  139  121  125  135  133   56
ch:  10  123  108  118  107  108  109  116  107  116  115  115  104  103  108  117  110  100  110  115  102  111  103  122   98  119  117  107  116  120  120  120   20
ch:  11  119  113  120  116  119  120  117  108  110  111  108  110  115  116  117  134  105  108  119  119  131  125  124  122  138  121  121  121  134  122  126   56
ch:  12  106  118  107  116  119  120  108  103  115  107  107  115  121  107  105  115  109  105  114  116  119  118  106  116  108  119  116  131  121  125  125   26
ch:  13  117  116  110  121  115  107  117  123  110  117  118  114  125  118  114  119  116  133  118  121  119  117  123  116  126  120  133  138  127  137  125   56
ch:  14  107  109  103  123  114  119  110  121  107  106  110  104  116  118  113  105  108  110  116  103  107  118  116  116  113  123  119  125  123  123  132   25
ch:  15  110  116  103  104  110  121  118  115  121  132  133  115  135  108  126  125  132  108  119  108  121  110  123  124  124  124  132  119  146  138  136   56
ch:  16  118  104  110  118  113  116  113  117  117  119  114  108  115  105  106  118  106  115  108  116  102  107  119  113  116  118  135  114  121  119  124   24
ch:  17  116  108  119  118  105  120  116  115  115  116  107  102  109  123  119  124  132  123  120  117  111  118  140  134  121  120  148  133  137  133  133   56
ch:  18  108  108   99  108  115  115  116  119  110  105  113  102  124  116  108  105  106  108  114  114  115  115  108  109  115  117  138  134  121  135  124   25
ch:  19  132  117  113   93  107  115  109  109  119  113  121  106  118  117  106  111  121  124  138  133  124  124  120  119  135  133  138  140  116  133  141   56
ch:  20  120  119  116  115  101  104  108  110  118  107  108  115  116  104  106  117  104  117  107  105  113  121  104  118  116  110  107  115  120  108  117   19
ch:  21  110  115  107  123  122  110  111  115  116  115  116  111  113  115  123  111  111  118  120  119  117  120  122  124  117  125  133  121  123  137  124   56
ch:  22  116  109  110  107  108  109  118  115  120  116  105  102  107  109  109  119  114  107  115  119  121  114  126  118  118  117  122  125  132  123  124   19
ch:  23  118  115  120  110  117  107  118  122  120  123  108  107  119  122  125  116  118  116  125  121  121  116  137  135  145  133  134  133  123  120  138   56
ch:  24  111  115  123  117  107  115  109  106  116  113  103  117  105   98  121  116  116  108  106  118  109  115  116  117  107  115  121  116  120  122  124   23
ch:  25  107  115  115  104  119  121  110  121  120  116  116  121  120  123  118  121  126  115  120  119  117  134  125  132  133  133  134  120  139  135  134   56
ch:  26  132  107  116  101  112  120  111  116  113  118  116  110  121  107  120  117  121  107  116  124  118  114  118  125  105  120  115  123  120  138  139   20
ch:  27  121  121  119  117  108  117  118  111  109  110  119  119  113  114  115  116  102  123  117  108  137  116  132  122  108  115  118  120  136  132  136   56
ch:  28  105  115  117  114  117  110  112  109  115  116  106  110  115  115  119  111  113  119  120  109  114  122  105  115  114  125  123  138  122  140  132   28
ch:  29  116  122  119  103  114  115  110  119  117  120  116  122  115  117  114  119  135  116  114  124  125  121  121  132  134  117  132  134  131  135  147   56
ch:  30  100  117  121  108  115  120  110  102  108  108  116  119  121  109  105  107  118  118  119  117  115  105  112  116  122  125  116  132  120  134  135   25
ch:  31  104  110  119  106  120  121  115  122  124  123  113  118  117  124  121  124  123  131  110  124  122  119  124  124  137  139  141  141  137  134  136   56
ch:  32  119  115  119  109  105  115  113  106  113  103  111  113  108  114  114  121  118  119  105  103  124  115  117  123  110  124  121  134  136  117  136   28
ch:  33  109  116  109  110  108  121  119  121  109  120  122  131  114  114  108  118  120  111  136  133  134  117  132  134  119  132  121  139  124  138  142   56
ch:  34  118  117  108  106  116  105  114  116  110  105  124  119  105  120  108  103  120  122  113  115  116  119  122  116  124  125  117  123  124  124  133   32
ch:  35  115  121  110  123  116  116  111  107  123  133  117  137  120  123  122  120  123  133  124  125  125  124  130  136  146  135  141  132  148  141  137   45
ch:  36  117  122  120  112  120  120  118  110  105  106  114  117  111  119  135  105  117  109  122  116  110  118  111  122  118  116  119  121  124  126  123   34
ch:  37  124  110  121  110  107  119  122  118  124  117  110  114  126  121  120  125  122  123  134  117  115  108  120  126  141  122  123  121  137  125  147   56
ch:  38  120  107  115   93  123  108  106  120  118  124  109  116  117   99  117  115  105  111  120  117  117  114  118  116  123  110  132  121  122  121  135   28
ch:  39  123  118  119  115  114  119  116  123  108  116  109  124  119  124  118  115  122  122  123  120  120  124  120  132  121  137  134  134  135  136  123   56
ch:  40  103  124  108  116  110  110  116  123  105  116  115  110  109  117  121   -1  115  109  104  108  107  117  108  110  122  122  117  122  132  132  136   34
ch:  41  110  108  115  120  118  119  118  121  120  109  116  108  108  116  121  125  120  118  120  126  117  134  123  124  138  120  122  117  136  127  123   56
ch:  42  105  109  106  121  115  117  102  107  107  115  108  116  106  119  106  108  108  110  107  117  119  117  116  116  105  114  119  110  122  120  137   26
ch:  43  119  120  116  121  124  116  124  111  121  122  109  121  117  113  133  124  116  123  120  122  118  131  126  140  134  146  132  142  134  136  147   56
ch:  44  120  120  120  114  105  120  104  109  117  116  116  109  115  117  123  116  117  119  111  117  111  118  116  117  122  125  116  120  135  122  133   23
ch:  45  117  120  117  110  114  120  122  123  133  126  121  119  133  135  118  123  121  133  123  120  119  116  123  132  123  123  132  147  131  139  142   56
ch:  46  110  119  108  122  111  107  121  107  118  117  115  116  107  116  116  120  115  116  116  118  114  113  127  118  115  136  120  137  137  133  136   30
ch:  47  115  114  126  123  116  125  116  116  118  134  118  111  118  120  124  121  118  110  118  137  122  123  123  123  120  122  126  123  143  135  140   56
ch:  48  120  121  125  114  107  132  107  122  120  108  118  104  104  120  118  110  123  107  104  118  108  121  111  113  119  121  123  118  114  119  134   37
ch:  49  110  115  112  120  114  121  108  116  116  122  122  107  120  123  124  125  120  122  122  119  134  132  119  118  131  121  136  121  137  134  140   56
ch:  50  116  106  117  118  111  115  110  109  107  108  118  103  116  104  113   -1  123  113  107  117  116  117  119  117  125  123  135  133  134  116  122   34
ch:  51  118  110  122  119  119  110  123  108  117  120  108  110  118  120  117  117  117  122  133  122  119  136  133  126  120  138  136  124  136  150  137   56
ch:  52  117  114  122  119  107  116  113  117  104  114  113  111  108  107  119  112  105  115  111  116  103  125  118  105  125  115  115  133  137  122  121   30
ch:  53  117  113  118  116  106  116  120  108  100  115  117  117  132  121  135  121  123  115  122  117  125  125  126  124  135  134  134  141  124  138  123   56
ch:  54  114  119  109  113  116  104  120  102  123  116  116  108  118  111  110  116  105  109  118  115  123  124  105  119  118  123  122  123  141  121  132   35
ch:  55  125  122  119  118  117  133  111  121  121  121  125  121  119  118  124  136  123  124  118  116  118  132  118  120  133  135  132  134  137  149  140   56
ch:  56  121  117  122  116  109  116  121  118  106  117  116  116  108  107  118  110  117  107  118  120  115  110  115  117  119  112  116  120  123  131  125   26
ch:  57  120  115  116  116  115  113  108  123  120  133  105  120  119  121  132  134  119  136  123  131  123  124  123  136  120  124  138  134  133  136  148   56
ch:  58  120  118  107  120  119  119  109  122  100  121  115  115  118  132  103  117  114  118  109  125  116  116  114  116  123  121  123  133  123  118  135   27
ch:  59  110  135  118  116  118  123  118  111  120  117  123  119  135  119  115  125  124  134  125  136  123  143  124  118  137  133  140  125  137  135  139   56
ch:  60  104  110  110  114  122  106  106  118  118  108  121  111  118  119  106  122  113  119  111  120  120  111  115  123  117  119  120  134  122  125  142   27
ch:  61  124  125  117  120  125  115  115  109  123  118  123  121  115  115  115  109  124  121  126  135  122  134  132  132  132  115  126  133  133  137  149   56
ch:  62  116  108  115  100  118  120  111  107  109  116  114  106  117  116  117  108  107  122  119  111  123  108  122  123  135  135  111  121  123  122  123   26
ch:  63  106  100  113  115  117  117  116  116  115  124  105  118  117  131  118  133  136  108  125  121  117  122  131  124  136  134  133  134  118  134  132   56
ch:  64  133  105  112  106  117  116  126  110  104  117  108  117  123  132  119  121  116  109  116  113  122  135  117  125  120  131  114  110  134  138  124   32
ch:  65  123  121  119  117  119  118  116  121  111  121  119  122  104  133  115  106  117  119  122  123  120  115  132  119  125  123  120  123  125  115  135   56
ch:  66  121  103  111  113  123  118  118  104  110  108  131  116  113  117  108  115  117  113  117  115  120  118  124  120  121  120  119  119  124  127  133   22
ch:  67  119  121  116  124  120  107  122  116  120  121  132  117  120  122  115  121  110  123  119  124  117  117  137  123  131  133  122  136  143  141  150   56
ch:  68  117  119  117  103  119  119  105  116  104  107  109  119  115  120  114  106  114  120  109  113  116  119  117  122  116  121  125  122  135  135  148   37
ch:  69  118  110  121  119  118  132  123  120  120  119  110  115  119  111  125  113  133  120  123  120  131  121  133  125  131  135  125  135  123  139  136   56
ch:  70  108  116  118  117  120  121  116  115  107  103  108  114  116  110  108  123  111  119  108  124  114  118  123  120  124  125  121  130  120  125  136   34
ch:  71  110  119  118  118  119  118  118  107  107  115  126  116  120  132  122  122  121  115  124  115  121  120  125  133  134  133  135  140  135  139  148   56
ch:  72  110  110  120  119  118  116  118  118  115  116  107  116  121  108  110  110  108  137  122  121  123  134  108  117  117  122  135  119  121  142  139   37
ch:  73  117  116  118  118  120  122  133  121  119  117  116  110  120  116  125  121  122  140  116  120  125  119  136  123  126  137  135  135  136  137  151   56
ch:  74  108  115  116  119  104  112  122  119  119  119  117  107  119  115  116  114  111  111  111  117  108  106  106  122  107  111  119  120  131  124  135   38
ch:  75  122  121  116  122  115  120  123  117  109  122  119  118  123  125  123  122  133  126  121  133  137  123  124  149  124  145  136  123  141  152  140   56
ch:  76  113  113  117  114  112  110  104  111  119  118  118  109  119  106  105  120  101  118  115  118  117  121  120  115  124  121  124  123  120  126  132   29
ch:  77  120  117  119  121  111  118  117  121  121  115  132  121  119  121  119  133  107  123  137  138  133  119  119  136  120  133  133  143  137  136  143   56
ch:  78  106  116  118  110  108  106  115  108  123  115  101  120  121  114  109  111  119  117  116  112  117  121  111  117  120  133  117  124  116  120  125   34
ch:  79  120  118  113  121  119  106  108  106  121  122  109  105  118  121  118  124  120  115  118  124  111  109  125  121  120  124  124  121  125  135  141   56
ch:  80  117  118  122  110  117  107  103  116  120  107  121  121  104  102  109  117  113  122  116  118  107  118  118  106  116  109  123  107  122  125  121   37
ch:  81  120  116  117  123  122  131  109  107  117  108  111  115  116  116  125  119  122  122  123  120  121  151  137  135  126  117  132  134  134  138  146   56
ch:  82  116  109  117  110  118  109  110  118  123  105  113  117  120  111  107  122  108  110  122  114  122  108  119  120  118  121  118  105  124  119  120   34
ch:  83  121  116  107  113  123  146  124  120  104  119  122  115  116  136  121  117  121  124  134  125  123  108  126  124  133  132  122  133  141  135  151   56
ch:  84  132  107  116  119  108  119  107  109  101  104  116  116  107  115  107  107  116  116  107  118  116  118  116  118  115  123  121  122  133  133  133   34
ch:  85  120  120  115  115  123  117  116  122  119  122  110  119  135  117  121  116  109  123  114  108  119  123  124  132  139  133  122  131  141  133  135   56
ch:  86  118  106  107  122  118  108  118  120  109  101  117  123  124  117  115  117  121  109  109  122  106  125  123  113  104  125  124  121  124  123  136   28
ch:  87  120  117  119  119  114  106  110  119  118  115  121  119  118  114  122  120  119  125  119  122  134  121  125  119  134  133  133  134  135  138  135   56
ch:  88  121  115  101  115  116  108  104  118  110  102  104  113  118  115  123  115  117  118  110  108  116  121  120  107  115  123  122  115  110  121  137   31
ch:  89  119  119  107  116  109  112  123  116  121  110  124  107  118  117  121  114  116  124  119  117  117  119  117  125  118  134  133  120  126  125  132   54
ch:  90  116  118  106  108  115  118  124  107  111  117  116  109  116  119  115  110  116  125  118  106  124  116  106  126  121  138  131  125  122  141  124   31
ch:  91  108  108  116  119  121  117  108  119  119  105  116  121  120  114  119  120  117  132  122  122  116  124  116  121  123  117  123  133  124  123  136   51
ch:  92  118  118  107  120  102  115  108  116  104  118  119  108  114  118  115  109  108  114  101  115  117  115  117  107  132  125  110  123  125  120  133   22
ch:  93  119  122  117  116  114  124  119  116  122  119  118  123  124  125  124  117  110  116  132  123  118  119  119  125  125  124  132  132  138  139  141   56
ch:  94  118  107  122  118   -1  120  105  113  103  115  115  109  116  116  122  109  114  116  118  120  119  108  121  121  125  104  135  139  132  132  131   29
ch:  95  123  108  132  116  120  109  116  117  120  119  126  121  121  121  118  110  108  133  113  114  135  126  134  124  134  120  137  134  136  120  138   56
ch:  96  116  107  107  114  110  107  115  115  110  115  114  120  119  110  118  120  107  108  123  116  124  119  131  107  123  125  124  134  120  134  131   21
ch:  97  119  110  106  123  117  122  110  112  117  110  107  126  121  122  116  105  118  113  117  120  119  123  117  136  117  121  122  123  120  136  139   53
ch:  98  102  108  107  116  115  115  122  117  114  102  108  114  114  110  107  116  117  115  108  118  117   -1  120  112  108  109  120  123  121  134  121   24
ch:  99  123  121  119  114  116  107  116  121  115  122  118  120  118  120  117  137  116  117  122  118  119  136  134  124  132  132  133  125  136  141  138   55
ch: 100  108  105  110  118  109  106  122  110  125  110  122  117  121  117  118   -1  118  116  115  117  115  120  119  115  119  121  124  119  134  133  138   18
ch: 101  117  120  107  114  119  134  118  125  106  116  121  119  114  131  120  115  118  117  131  119  108  132  131  133  141  139  133  139  139  148  139   56
ch: 102  122  123  105  105  106  119  120  118  117  108  108  119  109  106  121  119  125  106  116  121  108  124  119  120  117  111  121  133  111  123  125   15
ch: 103  115  124  117  115  116  113  106  122  118  120  120  116  124  125  124  120  117  118  117  126  124  125  133  138  131  136  136  138  138  136  137   44
ch: 104  133  107  106  116  121  115  111  119  105  104  103  104  108  112  113  120  106  102  108  108  119  121  116  123  113  122  118  124  121  120  138   22
ch: 105  121  116  107  117  116  120  126  118  119  106  133  118  118  132  119  109  125  115  135  134  133  134  141  132  133  124  137  133  146  148  139   56
ch: 106  108  106  121  106  105  117  109  107  108  119  119  108  106  110  118  118  122  125  115  109  117  116  119  120  108  125  120  133  123  133  122   26
ch: 107  114  124  131  117  117  115  122  118  118  115  116  111  124  131  131  124  135  107  124  111  118  121  119  119  125  133  135  135  133  148  132   42
ch: 108  115  118  121  110  117  117  124  110  122  124  120  117  108  123  120  115  136  114  122  121  116  117  110  133  120  121  121  119  135  125  133   20
ch: 109  116  120  121  100  121  124  106  111  111  120  121  115  123  125  108  135  126  116  119  121  117  133  124  120  133  119  140  135  135  131  136   40
ch: 110  121  123  116  119  100  116  106  112  117  117  115  115  113  114  119  114  119  120  125  108  118  120  109  123  107  121  121  126  131  126  138   14
ch: 111  121  118  125  119  119  119  108  115  117  121  124  123  119  125  124  109  124  120  118  122  119  123  135  124  122  138  145  136  136  138  140   48
ch: 112  125  118  115  116  118  104  106  107  116  108  121  121  120  116  117  119  119  116  121  110  115  118  117  119  123  118  123  122  124  132  125   13
ch: 113  123  116  123  116  123  123  116  124  109  116  122  123  117  125  119  118  116  119  117  122  119  131  141  132  139  135  135  141  137  148  135   40
ch: 114  114  124  117  109  122  116  110  118  116  116  123  109  108  106  119  119  104  107  118  104  106  121  121  124  120  117  122  114  116  120  122   20
ch: 115  116  103  115  118  115  119  119  123  122  109  121  125  119  117  117  120  137  132  107  120  120  117  124  126  123  135  123  133  120  142  149   43
ch: 116  117  118  114  120  121  113  114  114  105  109  123  111  115  109  122  100  116  114  114  110  117  109  108  110  115  116  124  122  115  131  133   16
ch: 117  119  118  119  119  105  115  116  122  116  117  115  124  120  116  106  121  110  119  122  122  116  124  123  122  116  124  125  125  136  132  138   40
ch: 118  114  106  107  111  118  108  108  105  117  117  117  110  110  121  109  104  102  103  118  115  119  117  114  108  104  120  116  119  122  124  124   19
ch: 119  116  105  110  117  116  112  122  121  114  115  119  121  115  124  120  121  116  119  115  124  135  124  123  121  119  134  135  136  137  134  136   40
ch: 120  108  121  122  118  118  120  115  121  116  104  107  124  111  118  117  116  109  111  120  116  120  111  121  120  117  123  136  117  134  133  124   10
ch: 121  117  122  123  122  106  120  124  119  118  100  109  105  116  116  123  115  114  116  108  120  122  126  125  120  134  121  124  132  124  143  126   33
ch: 122  123  115  119  121  108  118  109  120  114  116  107  109  106  118  123  120  120  109  117  106  117  119  115  105  117  123  114  118  119  124  121   10
ch: 123  132  102  115  114  114  109  105  109  120  119  110  120  117  119  118  109  118  110  123  108  116  118  119  133  123  108  117  117  132  132  136   25
ch: 124  115  121  115  118  110  109  113  119  115  106  123  106  116  102  113  122  115  107  117  109  117  108  109  118  132  111  125  137  124  125  140   37
ch: 125  118  134  116  118  116  120  125  123  120  121  125  106  106  118  113  124  117  111  136  123  120  134  125  118  134  124  124  125  132  135  134   11
ch: 126  116  115  110  116  106  123  122  105  123  117  109  116  115  121  102  108  108  117  117  106  109  110  118  121  124  121  132  120  123  133  133    6
ch: 127  116  120  119  119  120  101  119  107  121  115  125  118  123  126  119  122  115  103  117  114  108  124  118  120  116  121  136  126  121  126  148    5
