# ID XA-000-08-003-000-001-166-13
# Tag _trim_
# Date 240624_11:47:15
# Vref_p 56
# Vref_n 21
# Thr2_glb 55
# Vref_t 118
# Vref_t_range 1
# Pol 0
# ADC range 30-247
# FAST disc 30
ch:   0  132  125  117  123  116  135  122  116  116  110  109  123  123  121  123  124  124  108  124  123  113  115  120  126  123  120  125  122  126  135  141   44
ch:   1  129  123  116  127  122  118  132  119  125  120  127  126  123  119  126  124  123  120  135  126  121  127  123  131  126  137  130  125  134  140  148   22
ch:   2  124  116  115  125  121  102  121  121  110  105  119  123  118  116  121  126  109  119  116  114  117  121  131  123  125  131  116  130  122  125  117    2
ch:   3  125  123  117  122  136  132  131  127  121  115  108  118  126  134  123  121  115  122  124  122  121  126  132  127  141  133  127  122  145  119  139   29
ch:   4  118  117  132  122  124  122  104  120  120  120  106  109  118  115  116  109  120  121  112  118  120  119  117  117  112  117  119  115  106  130  114   18
ch:   5  126  134  120  138  125  121  132  133  124  127  110  124  121  127  119  123  130  119  104  121  122  121  126  133  126  123  134  126  127  140  131   44
ch:   6  124  125  120  119  124  123  118  117  115  116  123  116  120  125  122  123  106  123  124  121  116  118  130  119  104  118  131  124  138  122  135   22
ch:   7  122  111  114  121  120  117  115  121  119  120  122  124  117  117  121  121  118  125  127  118  124  120  122  133  127  136  132  134  125  135  134   40
ch:   8  117  121  123  116  119  122  121  121  119  122  122  121  119  122  121  124  118  107  111  122  119  123  124  123  129  128  121  138  120  134  122   19
ch:   9  117  118  124  122  124  110  134  118  131  126  125  124  125  120  132  126  145  123  131  105  130  135  124  123  137  137  122  119  136  137  126   45
ch:  10  120  119  127  119  119  122  120  119  124  120  103  109  117  127  123  123  125  119  118  121  123  116  118  123  126  126  129  126  122  126  124   25
ch:  11  136  115  120  120  127  120  121  115  127  117  118  130  115  117  109  116  123  116  123  119  111  122  110  130  133  119  126  123  134  124  133   39
ch:  12  118  130  110  121  120  130  119  121  120  117  116  117  118  110  115  118  123  133  122  116  106  115  123  121  122  122  130  123  133  133  132   18
ch:  13  124  132  123  119  120  122  118  110  120  119  113  121  124  117  124  118  125  113  114  124  123  116  119  119  120  124  124  125  122  125  138   56
ch:  14  127  125  121  118  125  124  122  123  109  120  123  108  118  120  125  118  134  127  131  125  116  126  120  123  122  127  119  126  135  119  147   22
ch:  15  122  124  131  123  126  115  130  123  123  121  115  124  121  121  116  124  122  120  120  134  120  126  119  125  119  121  124  131  124  132  126   52
ch:  16  121  131  123  121  117  116  115  117  110  118  125  124  116  120  121  126  124  119  120  124  116  130  123  124  119  135  121  124  126  122  118   28
ch:  17  125  121  121  134  122  123  121  121  120  120  116  131  115  126  130  119  125  117  121  109  124  111  134  129  110  133  123  133  120  137  132   49
ch:  18  123  124  118  122  132  116  126  107  123  123  123  116  116  121  120  119  123  108  120  124  126  107  120  133  120  120  115  120  127  122  126   37
ch:  19  129  129  127  139  138  139  133  139  140  148  136  148  151  139  155  165  150  170  167  154  164  179  176  186  174  185  187  189  188  205  198   24
ch:  20  125  131  124  123  122  119  125  123  125  138  125  121  118  115  102  116  125  119  129  126  130  123  126  116  130  126  123  131  130  126  127   29
ch:  21  119  119  127  124  123  122  119  119  118  123  117  127  125  119  108  116  135  126  124  121  134  121  124  116  133  137  124  141  134  139  135   39
ch:  22  121  123  121  125  119  124  129  121  119  116  119  122  122  113  110  119  108  124  124  118  131  116  130  122  132  130  124  119  123  133  132   32
ch:  23  125  134  117  124  131  123  123  122  123  116  120  124  123  116  121  118  119  116  126  124  118  122  129  135  125  117  137  129  150  146  130   38
ch:  24  118  117  121  124  124  130  115  119  127  125  110  114  115  116  111  117  119  120  116  126  119  121  123  118  116  135  109  125  117  136  135   28
ch:  25  131  122  130  122  133  119  138  115  124  110  119  123  123  123  125  125  126  119  108  124  125  124  123  121  132  131  133  136  134  132  137   56
ch:  26  126  122  126  120  126  125  125  133  107  121  116  123  120  132  123  133  115  107  117  119  117  131  124  121  126  120  130  123  125  130  124   31
ch:  27  120  134  122  125  125  110  117  118  134  119  119  114  119  119  118  117  124  114  116  121  107  117  125  119  125  116  123  117  132  133  136   52
ch:  28  127  118  130  123  118  125  126  108  126  124  120  117  124   -1  118  113  116  116  129  115  117  119  129  109  124  131  120  127  133  129  140   28
ch:  29  121  121  125  121   -1  118  136  130  118  123  130  126  115  124  114  124  117  126  124  116  131  122  117  117  135  121  131  133  125  123  132   54
ch:  30  126  119  127  124  118  110  118  111  120  118  103  117  120  126  119  125  121  114  117  107  127  118  119  105  135  133  122  132  131  135  133   30
ch:  31  118  116  124  109  121  122  124  126  120  125  132  122  122  119  118  133  126  134  125  125  119  124  115  132  133  124  139  135  137  137  140   53
ch:  32  129  126  121  121  135  123  104  134  125  122  115  119  126  123  119  124  118  115  126  110  108  121  125  126  121  124  131  145  135  132  135   29
ch:  33  121  134  131  121  126  124  125  127  130  116  115  127  115  132  125  121  118  123  119  116  131  123  132  121  121  132  124  133  127  140  136   56
ch:  34  115  125  125  122  121  123  124  120  119  125  107  119  129  117  124  120  113  120  117  123  121  121  123  130  132  121  126  118  123  126  121   20
ch:  35  122  119  123  124  125  122  123  125  119  122  119  130  110  124  117  130  119  122  131  118  120  124  124  118  126  123  119  119  136  133  118   48
ch:  36  120  120  120  120  119  125  121  119  115  122  123  111  119  123  126  119  120  133  125  116  131  127  124  123  123  131  133  132  138  136  137   36
ch:  37  126  129  124  127  119  124  123  109  123  120  128  132  125  121  124  130  125  125  116  123  123  138  133  135  126  126  132  140  136  137  137   49
ch:  38  129  123  127  131  118  123  122  127  123  123  122  118  130  123  110  118  120   -1  130  119  123  120  130  120  119  108  121  140  129  121  131   42
ch:  39  129  119  131  107  117  120  121  123  131  124  114  124  124  125  125  116  125  141  126  134  125  134  135  134  137  123  133  125  138  136  138   45
ch:  40  130  120  122  124  116  118  110  124  126  118  120  121  121  115  132  126  115  120  122  132  116  137  119  120  132  120  130  135  131  125  135   35
ch:  41  119  124  125  132  119  120  123  131  122  114  116  119  123  123  118  124  122  127  124  124  121  118  119  133  131  125  136  133  135  133  145   48
ch:  42  129  131  121  121  120  131  122  120  126  132  122  120  123  123  117  123  116  116  122  119  116  124  126  114  120  131  124  125  130  139  126   27
ch:  43  123  126  133  107  134  130  120  121  126  126  117  125  136  121  131  119  129  122  126  125  126  124  122  138  132  133  135  132  138  151  132   48
ch:  44  133  125  117  116  117  123  124  123  115  120  125  132  121  108  119  130  119  123  119  119  117  131  124  120  108  133  122  126  133  135  131   28
ch:  45  125  126  121  118  125  123  126  124  124  117  123  118  118  120  118  133  125  130  134  122  131  133  117  123  126  126  126  132  132  127  136   47
ch:  46  124  125  129  125  130  124  118  116  117  115  124  122  121  124  121  134  121  108  126  120  133  118  122  120  105  119  126  123  140  124  130   43
ch:  47  127  122  120  122  126  126  130  133  123  120  126  131  133  131  119  120  130  127  123  126  131  126  121  125  137  129  129  132  141  142  136   51
ch:  48  121  130  120  135  132  117  122  123  121  118  116  119  120  122  124  116  130  115  108  115  108  124  118  122  123  131  126  122  135  135  131   35
ch:  49  129  129  133  135  124  125  120  115  126  121  119  126  125  133  121  121  121  127  122  126  128  124  131  125  121  125  125  134  134  136  142   53
ch:  50  120  121  120  119  121  122  117  133  121  117  130  116  120  120  109  124  123  125  125  116  120  124  130  116  119  132  119  120  124  126  138   45
ch:  51  122  121  126  131  116  127  123  118  121  119  123  126  121  118  123  123  134  124  133  123  117  126  121  117  126  125  121  135  132  139  149   42
ch:  52  116  126  126  115  120  122  117  115  117  123  117  136  123  126  132  137  130  121  124  120  119  131  120  120  125  129  131  125  135  138  137   53
ch:  53  125  127  126  134  130  119  122  121  134  122  131  126  120  132  122  123  132  133  135  126  131  132  134  125  134  132  130  127  134  141  130   45
ch:  54  130  123  106  117  117  118  106  132  106   -1  125  124  115  127  122  122  122  123  125  122  131  139  121  134  117  116  122  126  139  148  132   43
ch:  55  125  124  134  126  124  138  119  132  117  125  120  126  131  115  124  122  118  119  133  135  127  132  134  133  123  132  138  141  131  137  135   53
ch:  56  118  135  123  134  121  120  125  122  121  125  118  132  120  122  133  108  123  130  131  120  122  124  134  129  123  134  133  132  133  132  134   32
ch:  57  120  126  131  137  125  120  127  119  124  120  127  133  126  120  124  135  133  134  130  118  125  125  123  126  131  127  132  136  131  132  148   52
ch:  58  131  126  120  125  133  131  130  121  121  122  131  127  125  116  120  119  121  122  115  117  123  125  119  123  136  133  126  117  127  130  123   26
ch:  59  124  134  126  129  123  127  120  126  136  123  125  129  127  130  121  126  130  126  123  132  122  129  130  129  134  148  135  145  137  140  134   56
ch:  60  123  121  129  130  126  121  135  114  135  122  116  131  123  131  111  118  125  126  121  125  132  122  125  133  123  130  132  137  135  145  124   43
ch:  61  121  132  122  124  137  124  132  120  132  124  122  130  123  125  120  121  126  131  137  132  133  126  130  137  126  129  139  138  126  134  147   46
ch:  62  131  120  126  122  120  106  120  119  123  120  119  124  116  117  122  123  123  120  116  116  127  120  135  132  133  137  130  140  131  134  133   36
ch:  63  132  133  120  123  123  123  117  122  120  121  131  122  132  131  125  120  132  135  125  131  125  150  126  135  133  122  136  137  148  133  145   53
ch:  64  124  117  118  132  105  130  125  126  126  116  122  114  135  127  118  116  125  118  119  127  138  116  126  122  131  120  122  122  134  133  127   35
ch:  65  122  126  124  123  123  126  121  116  122  124  125  127  134  131  134  125  136  126  126  122  131  134  125  130  133  146  133  136  134  138  137   51
ch:  66  118  118  123  132  124  117  129  116  122  115  124  129  120  136  119  132  124  119  111  118  122  131  131  120  137  123  130  135  130  141  135   37
ch:  67  129  124  123  133  118  136  122  130  123  122  136  125  132  123  126  132  135  135  131  142  130  130  137  136  142  134  129  134  150  141  139   53
ch:  68  122  109  129  122  131  122  122  110  124  123  124  123  116  130  131  130  133  130  122  119  122  122  132  126  115  127  128  137  138  124  138   32
ch:  69  117  132  119  122  124  132  131  139  121  136  129  122  138  131  137  131  130  125  132  126  133  141  121  134  132  137  135  135  140  143  137   53
ch:  70  122  108  123  121  122  117  124  126  121  124  118  117  123  127  115  126  118  121  124  122  125  123  129  129  127  124  117  130  150  131  134   30
ch:  71  125  124  135  115  126  134  124  119  132  129  123  137  123  117  125  127  131  134  138  132  135  123  141  137  122  136  136  148  136  152  147   56
ch:  72  126  123  135  114  126  121  125  122  123  130  122  124  124  138  121  114  123  118  121  132  119  117  126  123  121  125  131  125  132  130  134   30
ch:  73  133  130  121  127  122  139  127  130  121  121  126  110  135  117  139  123  122  124  132  131  131  120  126  141  134  136  136  136  136  135  137   52
ch:  74  118  133  115  120  124  132  127  123  126  118  124  121  130  125  107  130  125  125  126  119  123  124  130  117  132  126  132  133  142  134  141   35
ch:  75  125  136  130  130  125  125  126  122  123  124  125  132  134  126  129  131  130  133  136  132  134  137  124  126  132  138  141  142  136  148  155   56
ch:  76  130  122  122  122  127  120  132  131  109  117  121  125  126  119  126  120  120  130  127  118  121  125  131  137  125  123  125  146  133  139  136   32
ch:  77  136  132  132  125  129  126  121  137  120  134  121  120  116  125  124  126  131  131  134  122  131  135  132  137  136  133  135  134  139  135  151   42
ch:  78  131  126  116  124  124  122  121  116  127  123  120  121  120  111  121  134  123  115  127  127  120  125  120  131  133  116  134  137  139  138  135   30
ch:  79  132  132  131  131  129  132  132  125  127  126  122  123  125  131  118  127  131  137  126  133  139  134  136  148  125  143  147  140  140  139  148   45
ch:  80  121  121  131  125  109  132  121  123  117  116  124  115  119  130  107  118  124  121  122  125  130  123  117  120  122  130  130  122  133  134  127   31
ch:  81  126  126  125  132  131  137  121  131  125  127  136  134  116  121  132  126  138  135  131  136  139  125  135  135  132  141  134  147  151  135  146   48
ch:  82  118  126  121  133  125  123  127  126  131  122  120  131  118  123  123  119  130  119  132  126  124  124  124  130  122  123  123  126  126  136  150   31
ch:  83  122  126  127  129  125  114  130  124  135  126  131  129  132  118  127  129  131  136  132  126  128  124  133  137  121  148  142  149  139  141  137   38
ch:  84  124  131  116  120  119  119  116  119  127  126  121  125  120  123  120  124  125  117  122  120  124  132  125   -1  131  127  123  122  138  133  118   26
ch:  85  120  123  131  126  122  137  131  140  132  121  116  141  126  124  133  135  125  140  137  119  145  131  134  149  132  139  141  133  138  155  148   49
ch:  86  133  125  122  118  125  116  119  124  127  120  107  115  119  120  137  125  133  116  124  117  107  121  121  120  121  122  120  130  131  132  124   28
ch:  87  117  134  119  130  127  130  130  122  126  146  125  133  130  120  130  132  134  135  138  123  117  127  136  125  121  135  144  139  149  139  147   48
ch:  88  133  121  121  123  114  120  122  119  120  118  114  130  117  118  115  120  120  116  122  118  132  131  120  122  119  122  125  132  135  133  138   30
ch:  89  131  124  122  131  131  125  125  123  134  131  126  131  127  130  126  125  133  132  127  139  136  124  119  125  140  136  135  136  135  138  133   40
ch:  90  132  126  108  124  119  119  119  118  116  120  119  122  110  124  119  120  106  134  105  125  126  126  131  138  137  130  133  124  131  131  131   36
ch:  91  121  118  121  130  129  133  124  135  131  130  135  134  121  138  126  141  137  131  138  138  131  148  136  143  141  137  142  142  141  148  147   54
ch:  92  133  130  123  114  127  121  125  123  129  110  110  136  131  119  121  118  116  133  135  136  117  131  125  135  132  136  130  123  131  146  132   26
ch:  93  133  126  132  124  123  121  135  132  122  123  128  122  136  125  130  130  136  133  124  131  132  131  125  137  143  136  136  149  142  138  137   44
ch:  94  122  121  122  121  122  118  109  120  119  120  123  117  132  121  118  120  121  117  123  132  124  118  124  124  122  124  122  130  124  138  124   19
ch:  95  131  124  124  119  130  136  135  124  122  137  132  132  132  125  133  124  138  125  125  131  138  134  133  148  133  151  141  148  137  135  153   43
ch:  96  132  118  124  119  132  115  126  123  119  126  116  119  134  122  131  116  120  125  126  126  119  110  124  129  123  124  118  122  118  125  119   32
ch:  97  133  131  138  129  123  133  133  123  134  131  126  131  133  138  128  135  136  119  136  132  138  132  152  138  129  136  136  147  136  129  151   43
ch:  98  123  118  126  119  122  119  124  123  118  122  122  120  124  126  115  132  123  119  122  121  118  119  134  121  119  121  127  129  119  123  137   19
ch:  99  134  134  124  121  125  135  127  131  131  127  123  123  135  123  132  132  125  130  142  132  134  132  136  138  133  131  142  142  137  139  141   52
ch: 100  131  131  123  125  116  122  118  118  120  123  126  122  124  110  120  126  125  116  126  132  134  128  127  131  124  131  126  125  129  139  127   21
ch: 101  138  132  125  125  132  134  123  134  120  122  126  119  127  125  110  124  131  134  130  135  133  137  137  136  132  136  139  147  139  126  150   34
ch: 102  130  124  123  125  122  125  110  123  115  115  131  122  125  121  123  123  107  121  114  130  108  117  124  120  116  117  121  127  132  134  130   23
ch: 103  127  131  123  125  133  125  120  131  133  129  133  123  125  130  133  130  134  127  124  132  138  133  134  131  137  136  139  134  148  147  153   38
ch: 104  123  123  114  123  118  131  130  124  121  121  122  115  117  116  116  116  118  123  132  145  129  124  126  126  119  125  135  132  122  142  132   23
ch: 105  135  126  133  131  133  138  124  134  120  130  135  131  130  123  130  130  136  133  132  133  133  120  141  147  143  143  138  146  149  143  151   51
ch: 106  118  120  121  131  125  128  129  125  123  124  120  118  120  125  123  130  124  121  125  125  124  120  117  134  123  125  120  146  120  142  137   21
ch: 107  120  123  120  123  124  120  107  129  136  125  133  126  127  130  140  124  123  130  141  122  130  124  137  122  126  136  135  139  133  140  141   42
ch: 108  126  119  132  115  123  118  126  118  125  121  125  122  135  127  131  125  132  121  129  123  120  126  121  130  134  122  126  127  131  136  127   17
ch: 109  127  135  127  134  123  120  124  123  133  126  131  131  133  121  130  133  131  116  126  122  121  136  133  142  141  123  142  135  133  145  147   31
ch: 110  131  129  121  122  120  120  107  123  120  132  129  124  117  126  110  126  116  125  123  130  117  123  120  131  117  122  119  137  133  142  122   18
ch: 111  119  130  124  125  123  123  125  136  127  124  116  130  122  120  120  123  130  126  123  130  126  133  142  131  135  131  142  147  146  138  142   50
ch: 112  116  127  131  118  133  125  120  116  118  123  123  118  130  124  106  114  120  121  134  117  124  126  120  124  117  121  132  127  135  130  140   15
ch: 113  132  124  123  127  133  125  124  133  123  135  135  126  125  119  137  119  119  126  131  123  138  133  136  134  133  133  148  141  148  151  142   37
ch: 114  124  130  120  121  127  127  119  121  116  123  119  122  122  119  119  118  115  122  119  116  125  121  120  124  126  134  123  125  118  127  130    7
ch: 115  120  132  117  130  131  126  135  134  130  129  130  125  125  135  127  138  124  126  133  131  124  130  132  137  138  136  130  133  137  139  139   41
ch: 116  134  127  118  120  118  124  126  132  111  126  117  120  120  118  121  109  122  114  121  120  132  123  125  124  117  134  117  131  129  125  135   17
ch: 117  137  124  124  125  126  121  119  127  121  131  130  138  130  138  123  126  126  134  123  126  139  130  138  133  135  123  135  139  140  140  152   36
ch: 118  121  116  125  123  118  117  123  109  122  125  122  115  120  115  118  119  116  115  120  120  107  125  125  119  130  117  134  126  123  129  140   18
ch: 119  133  132  126  131  123  120  132  123  123  120  118  133  133  122  123  122  124  121  129  125  132  127  135  126  122  138  134  133  137  134  149   37
ch: 120  132  137  131  127  113  120  110  117  117  122  105  124  122  124  123  114  125  121  124  119  110  122  129  121  123  133  125  123  122  126  126   18
ch: 121  125  120  135  130  134  136  126  121  124  121  133  110  124  134  118  121  133  124  127  122  122  124  131  138  131  134  125  136  132  129  148   41
ch: 122  126  118  132  126  124  115  119  116  110  115  117  131  123  126  110  107  121  112  123  116  120  125  132  123  121  117  117  121  134  129  125   21
ch: 123  134  121  125  130  124  137  124  116  116  135  124  130  131  130  130  132  133  127  132  123  126  141  127  130  134  138  140  125  153  127  139   31
ch: 124  123  118  126  123  123  118  123  133  117  124  119  132  119  121  122  120  118  125  110  120  125  121  129  117  119  129  124  122  123  136  136    7
ch: 125  125  122  134  120  130  117  110  135  125  123  125  118  130  131  128  132  133  132  125  133  133  134  130  132  132  139  135  138  137  143  137   17
ch: 126  116  118  119  129  124  127  120  117  119  126  120  121  123  137  114  123  117  132  109  110  133  125  116  124  109  123  131  130  130  120  131    3
ch: 127  132  121  133  132  124  125  122  131  121  135  124  123  121  130  109  140  126  131  130  122  131  133  136  126  140  133  135  139  154  131  150    7
