# ID XA-000-08-003-000-002-011-07
# Tag _trim_
# Date 240624_18:15:24
# Vref_p 58
# Vref_n 24
# Thr2_glb 37
# Vref_t 118
# Vref_t_range 1
# Pol 0
# ADC range 30-247
# FAST disc 30
ch:   0  114  110  117  114  118  115  117  124  117  116  123  116  115  129  126  125  121  118  116  121  117  115  110  107  124  124  121  116  120  121  124   13
ch:   1  119  109  115  121  121  125  124  120  120  124  116  123  137  123  131  125  116  131  125  118  138  121  131  125  131  125  130  134  122  131  137   23
ch:   2  117  119  116  113  114  106  117  113  116  123  113  101  125  119  116  116  114  117  117  107  118  106  116  132  117  110  117  122  120  118  132   18
ch:   3  104  104  121  118  107  117  121  136  123  122  120  115  114  123  126  124  121  125  131  131  134  133  124  131  134  132  136  137  136  140  140   36
ch:   4  107  110  104  109  117  109  109  121  116  123  111  119  119  116  118  113  119  116  114  100  118  122  123  124  114  119  120  138  120  122  127   22
ch:   5  115  115  118  123  105  114  109  138  121  121  118  125  121  124  106  122  121  120  120  131  131  131  127  135  132  131  134  142  133  133  138   34
ch:   6  109  120  108  117  121  114  116  121  118  122  125  113  106  105  119  107  113  121  117  120  133  122  122  115  108  126  125  115  121  130  118   23
ch:   7  122  114  119  104  106  116  110  122  122  127  119  122  118  120  113  119  121  120  121  128  131  122  121  126  124  122  132  125  136  122  139   30
ch:   8  103  118  116  120  115  120  116  115  101  118  118  120  126  106  119  107  119  119  118  116  120  122  116  115  122  110  109  120  121  111  119   26
ch:   9  118  117  107  118  124  121  121  131  115  123  116  124  119  131  132  122  118  121  117  127  139  131  119  136  137  136  135  151  139  126  139   34
ch:  10  100  117  105  118  107  116  117  122  120  106  120  123  116  122  111  107  125  121  108  123  105  108  108  121  121  111  109  122  116  123  108   15
ch:  11  120  121  119  111  121  118  123  123  122  130  119  120  118  125  118  123  134  130  125  122  139  125  139  132  131  137  132  119  136  134  147   28
ch:  12  119  118  116  117  117  115  123  130  122  132  114  116  117  120  123  117  120  119  118  114  140  127  130  120  125  115  124  130  125  123  122   17
ch:  13  115  124  118  118  114  116  118  114  122  131  118  119  131  117  126  122  124  124  123  130  122  127  127  126  123  121  133  120  131  132  136   38
ch:  14  118  117  108  108  108  119  122  123  124  125  108  118  114  113  107  109  120  115  120  124  106  124  119  110  120  118  124  122  125  121  124   31
ch:  15  119  108  107  110  124  123  120  107  129  120  125  118  113  124  127  125  129  138  134  125  121  131  138  138  131  132  148  137  136  139  134   28
ch:  16  111  108  120  125  118  116  115  111  120  115  107  110  121  123  127  121  118  125  116  119  126  118  118  123  121  115  104  118  119  123  124   19
ch:  17  118  121  105  110  118  116  118  115  123  119  124  123  110  127  131  125  127  126  122  127  135  125  122  122  120  137  132  140  141  136  133   24
ch:  18  108  119  117  114  131  118  122  115  113  119  111  114  117  114  119  117  114  116  120  120  124  123  111  124  125  116  120  116  116  119  119   20
ch:  19  122   -1  115  117  126  132  122  110  115  117  120  123  126  120  123  130  123  118  125  133  118  120  132  118  125  126  129  130  135  136  127   30
ch:  20  113  124  115  119  121  119  118  118  119  118  119  116  119  110  108  121  126  118  122  121  131  120   98  120  119  123  125  103  124  125  136   21
ch:  21  110  116  117  123  111  121  136  116  125  126  116  121  129  118  141  126  118  120  128  134  130  121  125  127  133  132  130  131  137  121  136   24
ch:  22  108  116  123  122  116  123  113  117  117  119  122  117  114  118  118  118  121  115  118  139  137  125  123  119  131  123  124  120  118  129  129   21
ch:  23  119  124  108  107  120  130  120  117  124  121  122  121  118  118  121  125  133  135  125  133  135  132  129  123  146  141  127  149  131  138  134   34
ch:  24  118  118  117  116  116  118  122  122  108  108  121  125  122  114  123  123  122  116  123  126  119  125  122  123  115  119  139  121  125  121  132   24
ch:  25  106  121  117  123  123  117  109  110  123  122  119  120  133  115  125  131  121  123  122  123  125  125  124  135  125  125  133  130  132  135  134   31
ch:  26  119  104  116  122  118  119  116  123  123  115  119  118  118  106  119  106  114  116  124  120  121  116  109  114  121  121  122  121  126  117  122   26
ch:  27  104  117  120  117  122  107  121  121  118  118  120  119  123  122  137  131  131  127  132  137  120  132  125  123  117  138  122  136  137  139  133   31
ch:  28  118  118  110  105  122  122  107  122  132  111  125  131  118  120  131  118  136  133  132  121  118  131  109  125  134  117  124  137  123  117  134   21
ch:  29  119  118  119  117  121  117  120  132  108  118  121  121  130  122  119  123  139  131  124  116  118  133  119  137  123  124  132  124  131  146  136   23
ch:  30  108  116  119  126  108  115  122  114  116  121  123  123  119  117  121  123  122  120  116  121  122  122  127  107  117  119  117  131  121  123  133   30
ch:  31  116  108  104  105  105  124  110  125  131  121  123  121  119  131  125  120  125  135  123  119  124  130  121  130  135  135  121  127  131  137  139   13
ch:  32  113  121  124  122  125  108  110  115  124  124  115  108  125  130  117  124  116  109  120  124  121  114  120  120  126  132  118  124  136  125  135   24
ch:  33  123  114  110  110  117  118  117  127  124  116  114  112  125  121  116  115  125  132  124  122  124  125  134  124  139  123  130  139  141  149  131   27
ch:  34  117  121  116  110  115  124  114  127  117  107  117  122  110  131  126  117  104  124  114  124  117  119  114  126  120  122  106  119  123  123  125   27
ch:  35  119  120  115  131  117  106  122  126  116  116  124  132  120  117  125  122  115  132  117  121  123  123  137  133  132  138  138  142  142  147  132   17
ch:  36  120  107  120  121  107  107  122  124  109  115  114  122  126  121  117  120  122  109  131  124  125  134  120  132  130  138  122  138  117  124  134   29
ch:  37  105  124  105  120  131  124  124  130  134  131  124  111  121  118  134  134  118  123  119  133  138  134  133  133  132  141  122  136  137  138  134   18
ch:  38  120  101  112  123  119  121  113  126  123  108  123  130  133  115  116  123  108  127  138  120  110  127  119  130  131  122  120  138  135  125  124   31
ch:  39  108  118  111  125  114  124  129  136  118  114  122  135  134  118  123  134  126  126  133  136  138  118  126  122  135  131  130  138  136  140  134   21
ch:  40  111  113  122  124  135  122  117  122  118  118  120  125  120  119  118  117  122  125  129  124  117  116  126  122  122  127  126  131  122  131  123   27
ch:  41  115  125  116  116  104  120  115  116  123  123  120  120  123  127  123  119  124  123  131  122  139  126  135  120  131  132  124  126  130  137  136   17
ch:  42  119  118  121  120  121  108  115  111  107  120  124  111  108  117  119  116  122  122  120  118  125  134  117  122  132  127  119  124  132  116  132   28
ch:  43  107  120  119  114  121  116  105  119  121  118  117  119  132  131  127  119  132  137  138  126  133  131  137  134  138  139  126  137  137  137  132    7
ch:  44  118  119  120  125  121  130  115  132  124  123  120  111  121  119  117  101  121  125  108  109  117  120  118  118  115  107  120  109  116  110  119   26
ch:  45  119  119  120  109  131  102  116  120  125  118  123  127  124  119  122  123  127  126  137  121  122  133  121  131  134  123  131  136  134  147  137   20
ch:  46  117  110  103  118  117  118  123  120  123  117  135  122  123  130  122  123  121  124  126  119  124  132  136  125  125  124  132  127  133  138  131   21
ch:  47  116  115  131  122  119  123  125  125  116  131  119  121  115  125  135  134  122  122  131  132  124  134  130  119  133  134  137  132  147  138  126   13
ch:  48  116  115  121  113  116  114  110  121  118  120  111  117  124  132  117  115  115  126  120  121  130  106  133  119  118  117  125  119  131  124  124   26
ch:  49  118  123  107  123  104  110  121  119  117  119  120  131  123  120  121  117  132  120  126  124  127  126  124  124  126  138  122  134  140  137  124   12
ch:  50  125  103  118  121  106  118  105  125  123  122  126  120  126  118  126  127  116  126  117  110  124  135  130  120  133  122  134  125  124  147  122   38
ch:  51  116  126  117  111  120  115  102  123  126  136  118  126  121  126  114  118  124  123  117  132  134  131  129  138  132  134  126  139  143  129  135    6
ch:  52  107  118  123  108  105  122  121  123  104  115  120  121  107  117  111  122  121  118  133  124  116  124  118  114  134  135  118  131  119  132  121   29
ch:  53  115  116  109  120  109  126  126  117  122  120  122  120  130  116  129  125  131  132  124  133  134  133  134  127  127  134  133  133  139  148  141    6
ch:  54  109  109  118  117  118  105  118  110  116  131  120  114  113  121  114  117  122  114  134  124  122  124  127  116  122  120  113  118  118  123  124   30
ch:  55  123  117  119  126  126  108  125  122  123  125  126  123  131  124  121  131  124  127  135  135  117  137  138  132  129  134  130  138  137  141  152    3
ch:  56  115  122  124  115  120  116  120  121  117  122  127  122  136  120  133  120  117  105  133  110  122  125  118  124  134  124  132  141  135  135  143   29
ch:  57  106  116  109  125  118  117  106  136  120  123  131  126  132  121  137  122  131  124  121  136  132  138  127  132  119  124  136  136  120  131  141   10
ch:  58  122  117  116  116  102  123  132  121  107  120  127  130  123  119  122  123  110  115  122  122  105  125  135  124  123  125  116  125  122  125  139   31
ch:  59  115  124  131  126  131  122  137  121  135  120  120  124  125  122  132  137  132  123  125  133  131  138  126  136  130  133  125  135  138  148  140   15
ch:  60  116  121  124  124  119  120  120  116  118  117  126  115  118  122  124  125  123  123  123  133  131  126  120  132  125  130  125  138  131  133  130   32
ch:  61  123  116  124  120  121  124  121  118  122  126  121  132  131  133  122  130  123  126  137  126  130  132  127  135  131  138  134  136  152  148  136    8
ch:  62  119  118  118  125  115  114  118  120  120  122  120  119  123  132  116  120  130  123  132  126  115  121  132  127  126  124  126  127  121  131  136   26
ch:  63  122  144  105  126  119  122  122  120  119  120  123  118  118  123  126  124  125  124  122  131  125  134  133  148  132  132  136  127  131  147  153   14
ch:  64  125  104  118  129  118  115  126  107  120  122  109  125  123  116  124  123  133  122  122  122  116  124  124  125  113  120  136  140  136  129  131   36
ch:  65  107  119  115  131  116  138  125  122  134  117  132  130  132  137  130  125  124  139  137  126  131  133  127  132  149  147  138  127  137  140  152    8
ch:  66  120  108  116  121  122  133  115  134  131  119  110  119  123  122  121  111  125  133  120  120  135  114  131  120  140  130  125  137  126  123  132   45
ch:  67  107  123  117  122  125  117  127  118  120  137  125  118  123  134  126  127  129  120  125  135  136  130  147  133  135  138  133  135  138  140  136    7
ch:  68  119  106  116  109  109  102  123  126  116  121  124  122  123  121  125  122  126  120  123  131  122  124  114  132  127  124  122  131  119  133  136   26
ch:  69  122  122  119  123  120  122  136  111  124  131  130  126  125  118  117  122  130  127  138  130  133  146  136  132  135  138  122  137  137  138  141    6
ch:  70  104  110  122  117  130  108  117  121  118  119  121  122  123  118  123  134  116  115  132  133  118  131  133  129  118  119  138  125  136  133  131   38
ch:  71  114  109  118  113  118  116  104  122  124  108  124  133  124  132  131  136  135  137  122  130  136  136  132  134  150  133  148  136  147  136  132   -1
ch:  72  117  122  119  119  119  109  118  108  114  115  120  120  119  119  124  116  126  119  118  120  131  117  133  126  119  141  124  122  119  140  129   38
ch:  73  108  115  117  118  129  122  122  119  119  125  127  116  126  116  132  123  127  125  115  135  125  131  138  133  146  125  140  136  132  137  147    3
ch:  74  107  108  120  125  117  123  126  122  115  122  119  115  116  119  124  109  118  123  120  133  126  133  126  108  117  123  131  125  125  124  135   24
ch:  75  124  121  110  119  125  119  131  119  123  118  119  115  122  121  137  126  123  135  122  136  121  133  125  135  135  143  137  140  127  141  142    6
ch:  76  118  116  116  107  116  118  116  131  131  105  133  132  114  116  119  122  127  123  118  126  132  109  132  125  125  123  133  131  140  138  138   40
ch:  77  117  107  121  114  123  130  124  125  122  120  122  122  124  130  134  137  121  140  126  133  141  130  135  139  139  133  139  133  135  147  147    2
ch:  78  109  124  117  109  103  117  116  109  117  121  107  109  133  104  119  115  108  122  120  121  135  120  116  134  116  117  131  123  130  135  136   36
ch:  79  121  104  104  127  119  116  118  118  121  123  119  124  123  131  122  130  134  119  136  126  123  124  140  133  135  132  134  131  136  124  124    2
ch:  80  105  117  117  106  129  122  110  127  117  121  119  119  115  126  123  133  118  117  124  127  122  123  122  132  115  111  123  121  116  131  121   36
ch:  81  109  124  117  119  109  124  121  120  120  130  132  126  133  136  130  126  111  126  135  122  137  125  132  127  120  135  137  137  129  148  132    3
ch:  82  115  105  110  113  121  124  126  119  116  120  108  130  124  121  120  120  111  113  121  111  120  131  118  125  125  118  118  117  126  116  139   38
ch:  83  123  103  120  127  121  119  124  121  122  123  132  125  133  127  116  119  119  134  135  125  131  123  131  132  131  141  139  150  133  135  133    2
ch:  84  117  122  126  128  108  109  114  124  116  134  119  123  122  120  117  122  119  123  116  125  124  123  122  119  133  136  132  135  135  141  137   34
ch:  85  116  124  102  117  110  117  117  115  123  134  119  131  125  125  137  124  130  132  135  130  123  127  138  132  125  133  134  135  141  136  139    8
ch:  86  106  104  123  119  117  131  118  118  119  121  133  109  124  116  122  121  122  116  122  124  104  126  121  126  126  134  118  123  132  131  130   55
ch:  87  115  116  119  126  124  119  135  123  121  117  125  118  132  138  133  127  136  119  122  135  137  134  131  143  135  131  131  132  140  141  134    6
ch:  88  105  116  109  121  121  117  123  124  120  122  111  122  121  115  122  121  132  123  113  123  125  111  126  126  135  122  133  125  121  131  140   27
ch:  89  110  117  123  123  117  125  118  122  120  123  131  120  126  139  123  121  134  125  121  125  126  127  133  127  136  122  136  137  138  133  148    4
ch:  90  115  111  123  120  120  116  118  116  118  106  122  133  133  118  132  120  124  122  126  120  122  118  109  123  121  125  124  107  124  124  125   34
ch:  91  119  119  123  125  130  106  124  124  109  121  125  133  121  131  127  131  120  130  132  138  139  137  126  119  131  130  123  135  136  139  140   -1
ch:  92  106  123  113  110  119  110  105  128  117  117  118  117  117  118  118  117  117  123  123  121  131  108  120  121  131  121  115  121  121  133  132   40
ch:  93  111  120  122  108  122  119  125  123  121  137  119  123  123  118  123  123  132  123  124  133  123  134  123  126  133  134  138  130  132  141  127    3
ch:  94  119  119  123  123  117  126  125  115  109  111  110  121  121  125  132  125  120  133  124  106  121  125  136  124  132  125  126  117  132  121  133   40
ch:  95  124  120  126  119  123  123  147  121  125  127  134  127  133  131  133  134  130  130  131  126  126  124  138  137  125  123  130  140  127  148  133    7
ch:  96  113  118  107  114  108  116  121  129  125  113  114  115  119  109  116  115  109  117  116  119  118  131  123  118  123  122  121  126  123  122  134   32
ch:  97  125  116  131  131  117  121  118  113  130  125  118  118  120  123  123  130  135  126  134  105  126  123  120  137  139  123  140  138  148  149  137    2
ch:  98  110  108  123  118  115  117  120  135  130  115  134  124  123  126  120  120  124  120  124  121  124  135  119  125  124  130  136  121  132  120  118   30
ch:  99  121  123  106  116  120  117  121  123  120  117  124  139  130  119  138  134  138  123  123  126  134  115  126  124  136  134  132  127  132  147  134    2
ch: 100  107  104  130  119  113  116  116  118  118  116  130  102  120  122  123  121  105  118  117  125  126  116  121  111  124  122  120  125  124  124  126   39
ch: 101  119  126  118  113  115  118  124  119  120  126  123  132  115  125  116  131  109  118  133  134  109  138  139  138  125  132  132  125  127  145  134    5
ch: 102  123  106  123  116  125  109  122  125  125  119  129  125  125  120  129  121  108  119  121  122  135  110  114  122  123  127  119  119  122  117  122   34
ch: 103  122  127  122  116  130  125  116  131  132  116  125  119  124  124  118  124  127  122  124  137  132  132  125  125  139  135  137  136  140  146  149    2
ch: 104  121  122  119  113  120  118  116  114  117  105  125  115  121  124  123  117  123  120  117  117  119  123  124  121  122  119  116  121  131  122  136   25
ch: 105  111  120  114  129  122  115  122  121  133  118  120  134  124  119  136  127  134  131  123  125  135  131  136  125  134  134  138  139  124  139  136   25
ch: 106  121  106  108  116  109  116  124  117  117  116  113  109  114  124  123  118  108  120  124  121  129  116  114  118  120  132  122  121  124  126  134   38
ch: 107  111  122  120  115  125  134  121  131  123  117  121  116  123  118  124  119  121  123  122  126  121  131  136  137  131  137  126  132  135  136  139   -1
ch: 108  111  108  117  103  117  131  117  119  121  125  124  121  121  129  133  121  131  123  121  115  116  121  111  125  132  127  122  127  127  122  130   33
ch: 109  116  119  116  119  117  121  133  119  122  124  117  133  119  121  121  122  138  124  123  131  133  132  125  132  124  139  131  131  136  137  142   -1
ch: 110  117  124  121  121  107  119  112  117  119  120  123  121  117  116  118  117  118  119  125  117  117  125  124  121  132  121  124  121  136  123  133   27
ch: 111  126  124  116  120  118  124  118  120  107  122  127  118  125  122  134  116  141  132  122  136  134  119  137  126  127  131  132  132  145  136  134    3
ch: 112  117  120  110  120  133  118  117  120  122  116  119  122  135  124  122  124  123  110  123  115  118  127  119  127  120  107  117  122  123  115  120   25
ch: 113  117  126  117  112  121  131  125  129  121  124  118  132  124  140  132  137  131  123  130  139  140  124  135  131  137  141  146  150  142  132  142    3
ch: 114  106  131  115  119  106  123  117  121  123  108  122  115  122  116  123  120  116  117  122  131  121  120  120  116  131  119  120  119  106  123  119   23
ch: 115  117  103  110  127  118  122  119  118  119  134  131  133  134  123  131  115  134  132  131  132  131  132  133  138  126  121  132  147  125  134  148    5
ch: 116  123  119  123  114  121  122  125  118  109  126  116  119  122  119  118  111  117  110  123  123  123  121  122  133  122  125  119  121  133  125  127   25
ch: 117  121  109  124  125  126  122  118  124  122  127  124  124  110  137  120  121  131  118  122  132  136  148  137  132  133  135  137  133  149  147  139   28
ch: 118  110  118  121  118  109  121  120  105  119  124  126  121  124  116  116  108  103  125  114  127  119  120  117  119  122  133  125  134  120  117  132   38
ch: 119  124  121  119  117  117  121  119  107  131  121  116  110  120  133  122  122  121  120  123  136  125  131  126  126  120  131  116  134  139  140  133    3
ch: 120  117  117  117  124  114  119  110  117  123  118  138  127  122  120  115  132  119  117  121  133  122  126  117  125  124  108  137  123  132  132  132   19
ch: 121  122  118  121  107  115  126  123  121  116  123  125  123  132  124  126  115  131  132  132  134  130  125  134  134  119  132  135  126  141  137  132    3
ch: 122  104  124  119  117  130  119  110  122  120  119  133  118  132  123  118  114  107  125  117  119  117  122  111  107  134  123  126  134  136  134  123   19
ch: 123  119  122  125  118  118  125  123  121  110  117  123  125  124  118  131  126  119  126  132  130  125  125  130  125  133  121  127  136  136  131  141   16
ch: 124  119  119  113  105  117  116  132  117  116  120  103  119  126  125  123  120  125  117  125  121  122  132  121  121  129  127  121  121  122  134  137   15
ch: 125  119  108  121  118  131  118  124  119  120  123  120  121  117  131  106  126  124  120  126  123  132  138  131  134  132  150  131  140  123  136  139   -1
ch: 126  118  119  105  115  106  121  122  117  122  125  118  116  121  117  116  114  115  120  122  138  123  124  118  116  131  124  130  121  119  115  129    7
ch: 127  117  120  118  122  120  122  130  121  118  132  122  122  135  124  133  124  137  127  131  141  126  135  123  132  127  126  133  117  147  130  141    6
