# ID XA-000-08-003-000-002-047-09
# Tag _trim_
# Date 240624_18:24:07
# Vref_p 57
# Vref_n 25
# Thr2_glb 44
# Vref_t 118
# Vref_t_range 1
# Pol 0
# ADC range 30-247
# FAST disc 30
ch:   0  120  125  129  116  120  119  126  132  123  117  123  126  118  124  122  118  128  132  122  131  116  119  116  121  123  110  115  122  108  119  122   21
ch:   1  123  124  124  118  130  124  123  125  124  133  124  119  123  125  117  138  127  134  134  133  127  141  140  124  125  136  121  135  134  134  137   21
ch:   2  137  131  122  125  123  120  121  115  109  124  115  127  125  121  118  123  124  117  124  115  124  121  118  114  117  115  115  115  110  122  117   28
ch:   3  134  126  118  122  116  111  133  123  126  126  134  125  121  119  135  121  119  123  122  134  133  127  132  126  125  122  133  134  134  137  134   23
ch:   4  120  134  133  132  123  126  120  119  127  127  127  119  115  124  121  116  111  122  120  121  118  125  123  124  123  117  119  124  108  116  130   30
ch:   5  123  115  116  136  132  124  126  134  124  126  131  117  133  135  136  130  117  124  124  123  143  121  122  133  123  131  141  133  131  136  125   24
ch:   6  119  118  131  130  124  124  122  124  124  122  110  130  125  121  119  108  115  127  118  115  110  125  117  116  118  115  110  109  122  130  131   37
ch:   7  125  125  123  123  131  121  125  126  133  124  134  136  121  124  130  135  120  122  122  110  126  120  121  124  124  132  121  138  122  126  136   27
ch:   8  134  120  124  131  121  118  125  124  122  136  136  123  119  124  119  120  106  122  116  115  121  109  106  119  135  131  115  110  116  122  123   21
ch:   9  126  121  123  132  125  133  136  125  118  136  136  124  118  115  134  124  131  127  133  121  132  123  137  123  118  131  132  136  136  121  137   24
ch:  10  125  125  117  110  115  131  122  134  122  124  126  122  122  117  118  115  115  120  118  119  120  110  114  122  117  118  115  121  121  125  123   32
ch:  11  137  131  124  131  126  121  132  131  125  126  125  122  135  122  132  123  126  133  130  123  124  121  126  122  118  139  135  122  132  133  132   29
ch:  12  119  119  127  122  120  125  121  123  123  117  124  136  132  123  118  118  119  104  124  108  116  121  131  123  126  119  109  119  130  117  114   31
ch:  13  131  123  121  120  122  134  139  117  126  133  135  135  115  120  135  131  135  135  122  137  127  127  132  147  123  130  134  132  133  131  132   17
ch:  14  121  119  126  133  120  133  121  135  124  124  123  133  120  121  123  119  107  117  122  117  124  116  118  121  109  126  123  122  120  125  116   29
ch:  15  121  134  119  127  138  127  117  122  132  126  116  135  123  123  121  126  133  133  131  124  134  133  124  124  119  132  127  117  126  142  136   19
ch:  16  116  139  122  118  124  117  130  123  121  124  119  121  119  119  109  110  124  108  115  125  116  123  116  109  123  117  109  117  119  115  119   34
ch:  17  126  122  141  118  123  131  124  126  115  124  119  120  123  133  125  121  122  119  132  123  132  119  121  136  141  126  135  127  119  140  125   33
ch:  18  126  126  125  118  125  124  114  118  134  119  121  136  109  123  132  139  123  124  134  120  120  125  134  125  119  119  119  123  132  119  133   32
ch:  19  126  119  133  119  111  123  125  136  124  138  123  134  122  125  130  121  124  127  131  124  122  135  126  120  138  131  133  120  140  135  135   30
ch:  20  122  119  122  131  122  134  131  136  123  121  125  121  126  122  123  120  118  136  122  120  114  115  110  124  120  111  111  121  109  132  133   34
ch:  21  135  133  137  119  131  131  127  134  136  129  121  134  124  132  121  132  120  127  120  121  132  130  126  130  119  137  131  120  123  145  123   27
ch:  22  121  130  121  129  127  119  125  123  119  120  127  120  120  124  109  122  124  121  125  123  122  129  124  123  117  107  122  119  117  121  118   35
ch:  23  131  133  122  123  131  136  134  125  119  133  121  122  127  123  117  134  123  126  120  122  133  136  122  133  122  125  132  126  120  132  130   28
ch:  24  123  123  136  127  133  133  124  120  125  119  124  134  119  130  118  119  131  125  121  121  124  117  132  125  121  126  125  113  110  130  122   35
ch:  25  135  125  120  122  130  139  139  123  126  122  128  124  132  132  137  116  118  133  135  133  142  131  119  125  127  123  126  130  133  139  123   34
ch:  26  126  126  135  124  130  124  116  124  126  130  124  124  133  118  121  119  116  133  122  123  121  120  118  122  126  121  122  120  124  133  132   38
ch:  27  119  119  140  122  134  123  131  122  132  122  126  123  133  116  125  126  126  136  120  121  133  111  131  132  124  132  122  132  126  120  124   20
ch:  28  129  126  135  122  127  118  133  119  138  118  139  123  115  123  109  115  114  118  120  119  120  124  121  123  121  124  120  114  125  121  116   31
ch:  29  127  127  122  120  133  124  122  134  124  122  133  131  132  109  134  122  139  124  119  119  126  123  125  138  125  137  123  139  129  126  132   45
ch:  30  122  131  131  114  121  122  125  123  125  119  122  137  122  120  119  119  117  117  113  123  122  118  122  121  114  118  123  120  108  108  122   34
ch:  31  124  122  124  122  120  125  122  127  116  122  124  121  126  123  134  126  137  127  133  134  130  127  124  124  137  120  121  123  127  125  123   36
ch:  32  120  119  121  123  130  115  124  131  116  111  132  124  116  130  122  123  127  121  124  127  117  132  124  127  124  121  110  120  119  123  131   39
ch:  33  134  119  122  126  124  116  123  124  127  137  128  124  119  119  122  132  119  123  130  135  130  131  137  126  121  132  133  122  132  126  122   25
ch:  34  126  132  134  123  121  119  122  117  117  120  131  130  131  123  120  120  119  132  125  120  115  123  134  136  118  124  121  118  126  132  137   34
ch:  35  123  120  124  131  138  116  116  122  133  126  122  121  119  137  136  123  119  124  123  126  131  131  119  133  122  121  116  121  138  131  129   32
ch:  36  124  131  123  119  116  126  126  126  122  124  119  132  115  130  120  131  114  106  122  121  116  106  122  113  115  108  122  123  132  108  127   24
ch:  37  131  131  141  115  123  122  125  126  133  114  132  119  122  119  132  123  124  122  125  132  132  124  132  127  136  130  125  121  137  135  122   28
ch:  38  122  119  116  123  123  119  115  125  120  119  133  119  121  123  120  120  110  126  119  119  121  120  118  115  131  119  121  119  110  134  112   33
ch:  39  133  125  121  125  131  132  130  139  133  111  125  126  139  122  132  118  120  126  131  134  118  123  133  123  123  137   -1  133  121  137  134   34
ch:  40  121  119  117  117  132  120  127  125  121  131  120  123  120  119  121  125  124  119  118  123  120  117  135  119  127  120  109  117  130  121  115   33
ch:  41  136  122  131  121  129  138  132  123  132  124  124  132  122  123  122  127  125  134  120  136  136  133  124  125  138  133  139  136  124  136  137   42
ch:  42  121  126  120  119  132  117  118  118  119  133  125  132  117  118  113  120  120  124  116  132  125  122  116  120  116  123  110  116  108  115  109   29
ch:  43  125  124  131  118  121  132  123  133  119  126  115  132  131  120  131  123  122  127  120  125  132  127  131  122  123  131  127  143  126  132  142   40
ch:  44  132  135  123  136  135  124  120  122  131  115  135  121  122  117  122  120  126  130  119  130  121  131  120  133  116  134  135  140  127  131  125   33
ch:  45  134  130  125  134  127  132  121  124  133  134  119  132  122  133  122  125  131  122  133  136  124  118  136  134  146  130  118  126  134  139  136   28
ch:  46  119  121  123  120  110  126  118  135  125  121  116  132  134  126  134  125  124  117  119  121  122  120  120  120  126  128  118  134  125  132  120   19
ch:  47  119  137  122  125  131  130  136  122  124  124  134  125  125  125  141  120  141  127  125  141  126  132  135  136  130  140  134  135  143  140  136   41
ch:  48  125  137  137  132  116  130  121  125  124  126  115  121  133  123  120  113  111  108  122  131  126  121  117  120  124  119  129  121  120  123  131   34
ch:  49  114  118  123  118  124  131  125  129  125  126  114  122  139  135  125  123  126  140  121  140  130  139  125  135  138  138  132  126  133  126  146   40
ch:  50  134  123  134  132  124  121  132  133  131  125  127  125  126  133  131  135  124  122  119  121  125  124  118  129  124  122  125  120  130  124  131   39
ch:  51  133  125  133  126  124  130  130  131  127  124  123  130  130  124  122  121  134  135  119  122  138  132  138  141  120  134  132  131  127  133  138   39
ch:  52  113  132  123  123  130  134  122  118  121  118  124  123  124  116  122  125  123  109  126  132  111  133  121  125  118  123  124  122  116  121  120   34
ch:  53  133  119  126  116  134  126  136  116  119  133  124  139  110  126  135  136  121  119  122  127  136  121  131  133  115  132  123  118  125  134  141   31
ch:  54  116  125  137  124  134  126  131  119  122  117  122  124  131  126  124  130  123  119  117  129  132  126  132  123  124  124  125  124  134  131  135   26
ch:  55  118  132  120  122  137  140  121  123  131  135  127  123  135  138  125  137  135  146  121  127  118  133  130  149  127  140  133  131  147  141  137   44
ch:  56  125  129  132  120  125  123  118  116  127  134  118  120  123  126  119  114  115  120  122  124  117  119  125  131  124  116  130  125  120  118  119   21
ch:  57  125  137  126  135  131  134  125  130  119  133  127  139  126  123  125  136  126  130  136  119  133  138  139  138  131  120  140  135  135  136  124   34
ch:  58  132  135  125  124  134  131  117  118  121  123  122  131  114  121  122  124  116  125  115  122  135  126  120  120  118  131  120  118  124  125  127   32
ch:  59  124  125  126  121  139  134  122  131  122  121  119  133  126  131  137  138  138  134  138  120  138  137  121  133  132  132  137  139  139  139  137   37
ch:  60  122  123  131  124  132  141  123  123  117  115  123  132  121  124  126  116  123  120  137  124  110  120  122  122  116  123  134  118  133  115  119   29
ch:  61  123  125  133  119  121  118  133  116  138  125  124  126  125  135  120  129  125  135  132  126  140  131  115  131  134  131  132  126  131  132  122   32
ch:  62  134  121  131  133  137  124  117  133  126  117  118  123  125  118  136  123  131  122  121  122  119  124  123  121  131  121  120  122  132  137  122   38
ch:  63  125  133  124  130  122  135  124  127  126  133  121  121  124  135  130  129  140  131  137  125  121  118  133  130  126  136  123  124  136  136  137   39
ch:  64  122  124  133  131  132  118  135  134  132  119  124  131  120  133  126  120  121  133  123  120  119  125  136  115  116  119  123  132  119  131  125   35
ch:  65  127  137  124  119  116  127  126  133  131  125  133  141  123  123  124  132  127  135  133  116  134  125  126  147  132  116  122  130  124  133  138   28
ch:  66  138  122  126  136  117  137  125  131  118  126  118  117  119  124  120  113  119  120  121  121  124  121  118  126  125  120  120  117  121  118  123   31
ch:  67  129  117  125  131  125  121  124  121  133  123  117  137  139  143  134  119  134  131  124  124  126  134  133  130  120  138  132  127  133  146  138   41
ch:  68  131  120  123  119  135  116  114  124  131  120  123  130  125  126  124  124  126  140  131  123  132  132  135  110  126  121  138  125  127  133  132   31
ch:  69  119  130  116  122  130  131  126  115  132  126  119  141  124  116  122  120  124  134  131  124  122  131  125  135  127  132  132  136  132  138  133   34
ch:  70  116  130  125  135  116  126  132  121  133  120  141  122  129  126  126  117  133  126  133  123  129  119  122  124  115  126  122  133  121  132  127   23
ch:  71  141  122  134  125  132  126  115  135  142  132  125  125  125  133  136  139  135  135  134  120  136  136  131  127  135  141  132  131  138  133  136   32
ch:  72  120  132  125  114  134  123  122  118  123  133  135  124  118  133  120  119  132  121  140  120  120  125  123  116  122  124  125  116  132  124  126   26
ch:  73  125  124  121  132  120  132  133  120  110  118  130  136  140  119  126  147  133  127  117  137  130  127  138  137  132  133  134  134  135  132  142   28
ch:  74  124  120  122  123  117  115  114  118  120  127  118  134  121  122  126  125  118  123  118  119  113  123  124  120  134  118  121  117  115  122  115   38
ch:  75  117  122  132  135  131  118  122  138  139  133  137  121  137  120  124  136  125  123  132  138  135  125  147  123  132  134  122  134  125  139  142   52
ch:  76  119  122  131  137  131  141  123  132  120  121  130  132  126  132  116  121  120  118  126  123  134  118  123  123  122  130  119  122  125  137  124   29
ch:  77  133  131  132  118  122  135  124  123  130  131  131  131  125  125  124  130  131  132  125  124  119  125  133  132  123  127  124  136  133  135  136   52
ch:  78  117  126  123  110  135  119  118  110  127  114  122  124  117  127  116  119  115  120  132  119  118  134  118  125  116  107  117  117  108  123  108   25
ch:  79  127  124  127  126  118  126  124  136  133  133  133  122  139  133  133  140  136  124  130  136  134  132  134  119  121  139  125  132  123  126  137   52
ch:  80  137  123  123  132  125  111  131  115  139  123  117  122  125  127  121  123  131  116  121  114  121  117  114  130  126  123  123  117  122  124  125   18
ch:  81  125  131  123  125  133  134  124  137  124  131  140  133  116  122  135  137  133  139  132  117  138  134  135  122  143  136  127  137  138  136  132   35
ch:  82  124  124  120  136  122  125  116  135  120  124  124  120  124  120  120  125  126  125  119  129  122  117  120  127  133  117  138  134  132  126  125   44
ch:  83  124  122  142  132  122  125  126  126  126  132  136  134  131  138  126  135  124  137  124  121  133  118  133  135  138  140  133  132  137  137  136   35
ch:  84  122  131  117  123  117  124  122  124  117  141  131  117  124  132  131  118  134  120  118  121  141  132  124  125  134  132  121  125  125  123  134   32
ch:  85  115  126  123  121  124  125  134  131  120  106  132  122  125  125  121  121  137  125  127  132  134  137  140  135  133  139  138  130  136  133  150   41
ch:  86  132  117  121  117  117  115  121  123  122  121  127  119  130  125  123  124  132  120  118  124  118  116  125  117  116  123  121  121  127  123  127   20
ch:  87  131  117  126  121  123  122  120  122  135  115  125  125  135  144  134  123  125  116  136  128  121  129  115  121  123  126  133  122  130  139  136   41
ch:  88  134  131  118  121  120  122  124  126  119  117  121  109  113  132  122  121  116  118  119  121  124  115  114  124  126  137  124  125  129  132  123   27
ch:  89  136  126  120  135  124  127  139  134  138  118  134  130  125  138  134  123  138  125  120  133  125  122  134  137  139  124  126  135  137  132  138   41
ch:  90  124  118  120  124  118  125  127  123  123  123  133  127  118  123  120  124  118  120  114  121  131  125  124  125  129  123  121  120  121  116  117   23
ch:  91  134  131  119  125  113  121  121  132  114  124  123  126  117  132  138  127  109  119  119  130  133  120  125  136  117  125  121  123  126  124  134   45
ch:  92  121  133  115  117  119  117  120  120  127  125  137  121  132  137  125  119  122  116  133  124  119  124  117  120  116  120  129  118  126  125  123   26
ch:  93  120  131  131  125  125  130  133  134  125  122  135  121  130  124  123  123  116  135  124  132  136  132  122  124  121  134  134  137  122  120  129   32
ch:  94  121  122  117  126  125  133  131  122  132  115  124  133  121  133  127  123  124  126  123  118  116  115  116  124  109  124  119  126  119  123  123   26
ch:  95  130  122  124  124  123  133  134  133  122  138  133  137  131  133  132  122  125  136  120  126  126  126  127  136  134  131  124  133  134  130  131   37
ch:  96  133  124  123  126  125  132  131  123  124  137  131  116  131  126  130  118  111  116  116  112  133  132  135  136  122  121  124  110  126  125  115   25
ch:  97  123  125  134  134  135  121  123  122  136  134  123  119  133  135  124  123  123  135  121  123  119  125  118  120  135  121  116  125  136  127  120   32
ch:  98  124  140  120  123  123  118  123  109  119  125  116  120  134  127  131  120  122  119  108  125  122  119  121  130  120  121  106  117  116  121  119   22
ch:  99  119  126  137  133  131  119  123  124  119  134  132  124  133  140  131  134  132  117  123  118  126  138  131  136  125  129  123  125  132  137  132   32
ch: 100  130  127  120  135  134  118  126  131  124  132  117  118  124  119  126  115  121  111  117  103  134  130  131  117  127  117  123  126  115  122  107   15
ch: 101  131  121  121  126  126  125  136  132  136  131  133  122  127  133  134  137  125  132  124  121  138  133  133  139  126  124  133  137  130  139  134   35
ch: 102  125  114  123  132  123  131  136  124  125  124  117  122  109  122  138  125  121  111  131  131  120  121  116  113  122  109  118  120  114  106  121   24
ch: 103  123  130  124  123  123  123  122  123  119  126  120  126  124  135  121  120  127  119  124  124  127  122  120  124  118  135  138  126  140  134  126   36
ch: 104  131  120  119  131  125  138  117  122  120  125  117  118  120  122  123  116  122  110  122  117  119  121  131  110  120  118  110  107  131  126  117   22
ch: 105  136  124  134  124  142  123  120  125  124  125  122  120  131  124  136  139  131  136  131  116  120  138  122  126  132  119  131  137  135  130  133   35
ch: 106  116  125  124  125  122  118  119  122  116  118  133  125  118  135  124  126  110  131  108  123  119  122  124  118  123  124  111  120  115  107  121   25
ch: 107  125  132  123  132  122  132  125  123  123  131  123  134  123  136  136  117  120  134  133  131  118  132  121  130  125  140  136  120  126  124  132   44
ch: 108  122  125  129  117  130  122  131  135  118  121  117  121  125  133  125  127  136  121  116  124  132  125  125  118  121  108  124  120  115  122  134   23
ch: 109   -1  125  124  115  133  137  131  132  120  131  126  121  127  133  131  124  131  125  132  123  129  125  126  132  123  135  128  125  118  133  119   45
ch: 110  132  123  109  119  118  123  131  133  119  122  129  127  119  131  135  126  121  113  123  123  124  119  121  122  121  122  114  115  118  115  115   33
ch: 111  122  134  124  132  121  120  132  120  123  124  121  123  121  119  125  125  122  124  124  124  123  133  123  124  121  132  123  126  118  123  122   52
ch: 112  125  125  120  132  114  123  124  120  135  121  124  115  118  132  126  122  124   -1  117  119  116  122  127  123  106  114  118  122  130  118  131   24
ch: 113  122  118  142  125  136  126  132  126  121  115  132  121  134  126  126  130  123  115  119  124  116  121  118  124  129  134  122  137  139  132  136   33
ch: 114  134  121  121  120  117  132  135  119  122  134  126  123  134  122  121  118  127  136  115  126  130  130  117  119  117  120  116  132  132  123  124   20
ch: 115  121  132  126  126  136  125  127  125  119  117  124  139  124  133  126  133  136  124  122  137  129  115  126  124  125  118  126  123  119  133  133   41
ch: 116  131  132  123  122  120  121  132  122  133  122  118  136  124  127  129  125  120  132  122  124  121  116  125  110  125  116  121  119  126  122  111   23
ch: 117  123  121  133  124  126  127  121  136  121  123  126  133  136  133  119  137  125  131  121  120  119  122  125  121  121  124  131  132  133  139  135   33
ch: 118  123  124  134  110  122  131  119  118   -1  123  113  131  124  123  118  116  122  121  136  106  131  108  124  116  119  121  115  121  135  131  117   19
ch: 119  120  120  120  133  133  124  132  132  124  135  121  117  132  133  122  124  123  132  131  111  120  125  122  133  126  123  127  126  131  133  139   41
ch: 120  137  122  109  133  122  123  124  121  125  118  118  135  117  130  122  125  121  126  122  117  121  122  120  132  116  120  111  137  122  127  109   29
ch: 121  132  135  135  123  136  120  120  117  134  120  123  120  131  118  132  106  137  121  125  118  126  137  122  131  135  131  120  115  134  137  136   28
ch: 122  119  122  121  123  115  122  119  124  115  116  130  119  126  125  125  118  115  120  121  122  114  124  131  117  116  121  120  123  117  131  122   23
ch: 123  135  130  127  124  125  116  124  124  118  120  124  121  131  131  135  125  131  135  120  124  126  125  125  123  135  127  126  124  122  132  137   39
ch: 124  119  117  124  119  132  121  119  131  118  126  118  124  127  126  138  133  130  123  117  106  125  119  114  118  106  124  120  115  105  105  116   14
ch: 125  124  122  120  123  122  117  126  123  132  142  133  131  137  122  122  128  122  123  135  133  115  123  125  133  131  121  111  121  131  133  123   40
ch: 126  133  136  124  123  135  126  122  121  119  118  121  110  118  110  113  120  122  116  127  118  114  122  119  114  103  110  118  125  107  122  109   18
ch: 127  124  130  135  123  126  122  135  123  124  133  124  132  124  136  120  123  132  132  110  132  120  128  135  135  135  127  133  139  133  135  123   27
