# ID XA-000-08-003-000-002-015-07
# Tag _trim_
# Date 240712_10:14:17
# Vref_p 56
# Vref_n 28
# Thr2_glb 47
# Vref_t 118
# Vref_t_range 1
# Pol 0
# ADC range 30-247
# FAST disc 30
ch:   0  149  153  157  172  163  181  197  186  198  209  209  209  209  209  209  209  209  209  209  209  209  209  209  209  209  209  209  209  209  209  209   18
ch:   1  154  164  171  168  185  187  201  200  205  207  209  209  209  209  209  209  209  209  209  209  209  209  209  209  209  209  209  209  209  209  209   12
ch:   2  151  155  158  169  181  182  195  197  206  209  209  209  209  209  209  209  209  209  209  209  209  209  209  209  209  209  209  209  209  209  209   18
ch:   3  151  149  166  178  183  187  202  188  201  209  209  209  209  209  209  209  209  209  209  209  209  209  209  209  209  209  209  209  209  209  209   12
ch:   4  142  165  166  171  181  187  190  203  209  209  209  209  209  209  209  209  209  209  209  209  209  209  209  209  209  209  209  209  209  209  209   29
ch:   5  139  168  166  166  180  179  187  191  200  209  209  209  209  209  209  209  209  209  209  209  209  209  209  209  209  209  209  209  209  209  209   12
ch:   6  164  156  158  166  189  185  196  206  207  205  209  209  209  209  209  209  209  209  209  209  209  209  209  209  209  209  209  209  209  209  209   32
ch:   7  148  167  167  173  187  187  196  202  204  209  209  209  209  209  209  209  209  209  209  209  209  209  209  209  209  209  209  209  209  209  209   16
ch:   8  153  162  166  170  186  190  195  195  198  209  209  209  209  209  209  209  209  209  209  209  209  209  209  209  209  209  209  209  209  209  209   31
ch:   9  153  153  170  171  180  195  187  196  204  203  207  209  209  209  209  209  209  209  209  209  209  209  209  209  209  209  209  209  209  209  209   18
ch:  10  156  166  168  167  175  179  194  201  199  209  209  209  209  209  209  209  209  209  209  209  209  209  209  209  209  209  209  209  209  209  209   29
ch:  11  150  154  168  171  184  188  196  201  207  209  209  209  209  209  209  209  209  209  209  209  209  209  209  209  209  209  209  209  209  209  209   16
ch:  12  158  164  157  172  178  190  196  202  198  201  209  209  209  209  209  209  209  209  209  209  209  209  209  209  209  209  209  209  209  209  209   27
ch:  13  151  163  166  182  185  199  196  202  206  209  209  209  209  209  209  209  209  209  209  209  209  209  209  209  209  209  209  209  209  209  209   22
ch:  14  163  159  165  180  185  183  204  202  205  209  209  209  209  209  209  209  209  209  209  209  209  209  209  209  209  209  209  209  209  209  209   41
ch:  15  157  165  166  169  181  172  189  199  205  202  209  209  209  209  209  209  209  209  209  209  209  209  209  209  209  209  209  209  209  209  209   18
ch:  16  152  153  169  174  182  183  186  189  202  209  206  209  209  209  209  209  209  209  209  209  209  209  209  209  209  209  209  209  209  209  209   33
ch:  17  151  162  167  179  186  195  189  198  209  210  209  209  209  209  209  209  209  209  209  209  209  209  209  209  209  209  209  209  209  209  209   17
ch:  18  158  154  167  171  186  184  188  197  209  205  209  209  209  209  209  209  209  209  209  209  209  209  209  209  209  209  209  209  209  209  209   33
ch:  19  151  159  168  163  170  185  186  206  204  210  209  209  209  209  209  209  209  209  209  209  209  209  209  209  209  209  209  209  209  209  209   12
ch:  20  156  162  163  181  180  185  186  197  202  209  209  209  209  209  209  209  209  209  209  209  209  209  209  209  209  209  209  209  209  209  209   28
ch:  21  154  153  173  181  187  186  199  202  207  209  209  209  209  209  209  209  209  209  209  209  209  209  209  209  209  209  209  209  209  209  209   16
ch:  22  140  155  162  169  175  196  190  198  202  200  209  209  209  209  209  209  209  209  209  209  209  209  209  209  209  209  209  209  209  209  209   33
ch:  23  155  143  171  169  182  196  190  201  209  209  209  209  209  209  209  209  209  209  209  209  209  209  209  209  209  209  209  209  209  209  209   15
ch:  24  156  165  158  180  181  189  189  196  209  209  209  209  209  209  209  209  209  209  209  209  209  209  209  209  209  209  209  209  209  209  209   26
ch:  25  155  170  171  178  184  180  195  204  206  209  209  209  209  209  209  209  209  209  209  209  209  209  209  209  209  209  209  209  209  209  209   12
ch:  26  149  164  164  171  183  200  183  190  200  209  209  209  209  209  209  209  209  209  209  209  209  209  209  209  209  209  209  209  209  209  209   29
ch:  27  152  163  178  173  179  182  197  197  209  209  209  209  209  209  209  209  209  209  209  209  209  209  209  209  209  209  209  209  209  209  209   14
ch:  28  151  167  163  164  180  187  186  199  203  206  209  209  209  209  209  209  209  209  209  209  209  209  209  209  209  209  209  209  209  209  209   29
ch:  29  147  166  167  178  171  183  200  203  204  209  209  209  209  209  209  209  209  209  209  209  209  209  209  209  209  209  209  209  209  209  209   12
ch:  30  154  153  167  163  173  182  188  201  202  209  209  209  209  209  209  209  209  209  209  209  209  209  209  209  209  209  209  209  209  209  209   30
ch:  31  169  165  171  179  185  183  190  203  198  209  209  209  209  209  209  209  209  209  209  209  209  209  209  209  209  209  209  209  209  209  209   10
ch:  32  157  149  154  179  191  188  195  190  209  209  209  209  209  209  209  209  209  209  209  209  209  209  209  209  209  209  209  209  209  209  209   33
ch:  33  154  162  170  187  181  183  199  188  209  209  209  209  209  209  209  209  209  209  209  209  209  209  209  209  209  209  209  209  209  209  209   16
ch:  34  148  155  167  174  187  190  191  199  209  209  209  209  209  209  209  209  209  209  209  209  209  209  209  209  209  209  209  209  209  209  209   39
ch:  35  161  159  161  173  173  186  196  188  209  209  209  209  209  209  209  209  209  209  209  209  209  209  209  209  209  209  209  209  209  209  209    9
ch:  36  156  163  166  168  178  184  197  188  205  204  207  209  209  209  209  209  209  209  209  209  209  209  209  209  209  209  209  209  209  209  209   33
ch:  37  148  166  173  179  183  181  195  198  209  209  209  209  209  209  209  209  209  209  209  209  209  209  209  209  209  209  209  209  209  209  209    9
ch:  38  148  149  165  174  178  182  200  195  209  209  209  209  209  209  209  209  209  209  209  209  209  209  209  209  209  209  209  209  209  209  209   23
ch:  39  151  165  174  171  182  189  199  202  206  203  209  209  209  209  209  209  209  209  209  209  209  209  209  209  209  209  209  209  209  209  209   18
ch:  40  157  159  180  173  182  181  197  199  202  209  209  209  209  209  209  209  209  209  209  209  209  209  209  209  209  209  209  209  209  209  209   30
ch:  41  164  155  166  173  184  190  189  196  202  209  209  209  209  209  209  209  209  209  209  209  209  209  209  209  209  209  209  209  209  209  209   10
ch:  42  150  161  159  173  185  179  187  199  204  205  209  209  209  209  209  209  209  209  209  209  209  209  209  209  209  209  209  209  209  209  209   21
ch:  43  148  157  158  171  186  194  198  191  206  209  209  209  209  209  209  209  209  209  209  209  209  209  209  209  209  209  209  209  209  209  209   11
ch:  44  152  153  165  172  170  181  197  204  199  207  209  209  209  209  209  209  209  209  209  209  209  209  209  209  209  209  209  209  209  209  209   31
ch:  45  154  157  161  184  185  195  188  198  202  209  209  209  209  209  209  209  209  209  209  209  209  209  209  209  209  209  209  209  209  209  209   11
ch:  46  155  164  149  167  173  186  186  195  205  203  209  209  209  209  209  209  209  209  209  209  209  209  209  209  209  209  209  209  209  209  209   28
ch:  47  154  165  157  174  179  182  205  195  197  209  209  209  209  209  209  209  209  209  209  209  209  209  209  209  209  209  209  209  209  209  209   15
ch:  48  156  150  162  184  182  183  201  195  203  209  209  209  209  209  209  209  209  209  209  209  209  209  209  209  209  209  209  209  209  209  209   28
ch:  49  152  158  179  187  189  187  188  188  198  209  209  209  209  209  209  209  209  209  209  209  209  209  209  209  209  209  209  209  209  209  209   15
ch:  50  135  159  167  174  181  182  196  188  204  209  206  209  209  209  209  209  209  209  209  209  209  209  209  209  209  209  209  209  209  209  209   29
ch:  51  155  164  167  171  173  173  196  194  206  206  209  209  209  209  209  209  209  209  209  209  209  209  209  209  209  209  209  209  209  209  209   16
ch:  52  149  158  158  174  182  180  197  202  209  209  209  209  209  209  209  209  209  209  209  209  209  209  209  209  209  209  209  209  209  209  209   29
ch:  53  155  156  167  168  195  197  189  207  207  203  207  209  209  209  209  209  209  209  209  209  209  209  209  209  209  209  209  209  209  209  209   13
ch:  54  151  152  159  172  182  183  194  200  199  209  209  209  209  209  209  209  209  209  209  209  209  209  209  209  209  209  209  209  209  209  209   27
ch:  55  158  157  179  174  184  186  198  196  201  209  206  209  209  209  209  209  209  209  209  209  209  209  209  209  209  209  209  209  209  209  209   16
ch:  56  157  156  165  175  179  193  188  202  198  209  206  209  209  209  209  209  209  209  209  209  209  209  209  209  209  209  209  209  209  209  209   24
ch:  57  152  162  184  174  185  188  195  198  209  209  209  209  209  209  209  209  209  209  209  209  209  209  209  209  209  209  209  209  209  209  209   12
ch:  58  150  153  169  167  178  185  199  204  198  203  209  209  209  209  209  209  209  209  209  209  209  209  209  209  209  209  209  209  209  209  209   31
ch:  59  163  164  153  169  166  190  190  194  209  209  209  209  209  209  209  209  209  209  209  209  209  209  209  209  209  209  209  209  209  209  209    5
ch:  60  149  157  163  173  179  185  200  203  203  206  209  209  209  209  209  209  209  209  209  209  209  209  209  209  209  209  209  209  209  209  209   28
ch:  61  163  162  172  168  190  187  195  202  198  209  209  209  209  209  209  209  209  209  209  209  209  209  209  209  209  209  209  209  209  209  209    9
ch:  62  158  157  173  171  173  189  190  202  209  204  209  209  209  209  209  209  209  209  209  209  209  209  209  209  209  209  209  209  209  209  209   32
ch:  63  153  157  171  169  185  189  196  209  209  209  209  209  209  209  209  209  209  209  209  209  209  209  209  209  209  209  209  209  209  209  209    5
ch:  64  158  162  166  174  173  196  195  196  204  202  209  209  209  209  209  209  209  209  209  209  209  209  209  209  209  209  209  209  209  209  209   35
ch:  65  164  152  172  184  185  182  190  201  203  209  209  209  209  209  209  209  209  209  209  209  209  209  209  209  209  209  209  209  209  209  209   10
ch:  66  152  154  163  166  176  184  183  198  209  209  209  209  209  209  209  209  209  209  209  209  209  209  209  209  209  209  209  209  209  209  209   26
ch:  67  150  158  166  178  184  184  190  202  209  202  209  209  209  209  209  209  209  209  209  209  209  209  209  209  209  209  209  209  209  209  209   14
ch:  68  154  152  166  164  183  184  183  207  204  204  206  209  209  209  209  209  209  209  209  209  209  209  209  209  209  209  209  209  209  209  209   27
ch:  69  142  154  171  170  188  190  195  205  209  209  209  209  209  209  209  209  209  209  209  209  209  209  209  209  209  209  209  209  209  209  209   14
ch:  70  152  163  158  179  185  175  189  187  206  209  209  209  209  209  209  209  209  209  209  209  209  209  209  209  209  209  209  209  209  209  209   26
ch:  71  148  158  169  165  190  184  196  196  195  209  209  209  209  209  209  209  209  209  209  209  209  209  209  209  209  209  209  209  209  209  209   11
ch:  72  142  157  173  164  185  180  190  196  204  209  209  209  209  209  209  209  209  209  209  209  209  209  209  209  209  209  209  209  209  209  209   26
ch:  73  141  154  166  169  172  197  191  194  202  209  209  209  209  209  209  209  209  209  209  209  209  209  209  209  209  209  209  209  209  209  209    8
ch:  74  151  165  154  180  169  196  191  200  209  204  209  209  209  209  209  209  209  209  209  209  209  209  209  209  209  209  209  209  209  209  209   30
ch:  75  164  174  175  179  173  183  184  204  209  209  209  209  209  209  209  209  209  209  209  209  209  209  209  209  209  209  209  209  209  209  209   15
ch:  76  152  162  168  184  185  187  189  198  203  205  209  209  209  209  209  209  209  209  209  209  209  209  209  209  209  209  209  209  209  209  209   25
ch:  77  158  165  168  184  182  186  189  201  205  209  209  209  209  209  209  209  209  209  209  209  209  209  209  209  209  209  209  209  209  209  209    8
ch:  78  156  164  159  172  182  178  189  202  189  205  209  209  209  209  209  209  209  209  209  209  209  209  209  209  209  209  209  209  209  209  209   40
ch:  79  155  168  161  174  185  179  181  189  202  209  209  209  209  209  209  209  209  209  209  209  209  209  209  209  209  209  209  209  209  209  209    9
ch:  80  156  153  172  168  179  184  183  199  204  201  209  209  209  209  209  209  209  209  209  209  209  209  209  209  209  209  209  209  209  209  209   25
ch:  81  153  155  171  172  183  196  175  199  209  209  209  209  209  209  209  209  209  209  209  209  209  209  209  209  209  209  209  209  209  209  209    5
ch:  82  147  155  162  169  180  185  200  190  206  196  209  209  209  209  209  209  209  209  209  209  209  209  209  209  209  209  209  209  209  209  209   33
ch:  83  149  157  163  179  171  187  200  209  203  203  205  209  209  209  209  209  209  209  209  209  209  209  209  209  209  209  209  209  209  209  209    9
ch:  84  153  157  171  168  172  186  195  199  200  209  209  209  209  209  209  209  209  209  209  209  209  209  209  209  209  209  209  209  209  209  209   25
ch:  85  158  162  157  172  183  186  197  202  209  201  209  209  209  209  209  209  209  209  209  209  209  209  209  209  209  209  209  209  209  209  209   13
ch:  86  148  157  167  167  179  188  200  197  196  209  209  209  209  209  209  209  209  209  209  209  209  209  209  209  209  209  209  209  209  209  209   27
ch:  87  157  162  157  166  181  184  197  196  199  209  209  209  209  209  209  209  209  209  209  209  209  209  209  209  209  209  209  209  209  209  209   13
ch:  88  149  158  170  170  181  181  195  201  209  209  209  209  209  209  209  209  209  209  209  209  209  209  209  209  209  209  209  209  209  209  209   28
ch:  89  156  156  171  172  178  183  196  204  207  209  209  209  209  209  209  209  209  209  209  209  209  209  209  209  209  209  209  209  209  209  209    9
ch:  90  166  153  168  172  172  188  202  191  199  201  209  209  209  209  209  209  209  209  209  209  209  209  209  209  209  209  209  209  209  209  209   31
ch:  91  158  150  166  180  188  196  184  203  205  206  209  209  209  209  209  209  209  209  209  209  209  209  209  209  209  209  209  209  209  209  209    9
ch:  92  153  154  161  165  183  182  185  203  200  209  209  209  209  209  209  209  209  209  209  209  209  209  209  209  209  209  209  209  209  209  209   32
ch:  93  158  157  163  181  186  186  194  204  209  209  209  209  209  209  209  209  209  209  209  209  209  209  209  209  209  209  209  209  209  209  209   14
ch:  94  152  152  159  172  168  189  189  198  204  200  209  209  209  209  209  209  209  209  209  209  209  209  209  209  209  209  209  209  209  209  209   24
ch:  95  152  167  164  179  186  188  209  195  204  209  209  209  209  209  209  209  209  209  209  209  209  209  209  209  209  209  209  209  209  209  209   17
ch:  96  142  158  164  183  182  184  183  186  203  209  209  209  209  209  209  209  209  209  209  209  209  209  209  209  209  209  209  209  209  209  209   26
ch:  97  148  165  163  173  184  187  195  198  205  200  209  209  209  209  209  209  209  209  209  209  209  209  209  209  209  209  209  209  209  209  209   12
ch:  98  149  165  159  166  173  174  189  201  209  205  207  209  209  209  209  209  209  209  209  209  209  209  209  209  209  209  209  209  209  209  209   32
ch:  99  141  156  169  166  179  180  197  195  199  207  209  209  209  209  209  209  209  209  209  209  209  209  209  209  209  209  209  209  209  209  209    9
ch: 100  155  154  169  179  173  174  187  190  204  209  209  209  209  209  209  209  209  209  209  209  209  209  209  209  209  209  209  209  209  209  209   32
ch: 101  148  153  169  174  170  181  200  172  200  209  209  209  209  209  209  209  209  209  209  209  209  209  209  209  209  209  209  209  209  209  209    9
ch: 102  151  152  169  172  183  185  196  196  185  203  209  209  209  209  209  209  209  209  209  209  209  209  209  209  209  209  209  209  209  209  209   24
ch: 103  149  165  172  162  180  174  195  197  204  207  209  209  209  209  209  209  209  209  209  209  209  209  209  209  209  209  209  209  209  209  209    9
ch: 104  152  163  165  168  172  188  201  201  201  209  209  209  209  209  209  209  209  209  209  209  209  209  209  209  209  209  209  209  209  209  209   24
ch: 105  149  155  167  170  186  194  188  202  196  209  209  209  209  209  209  209  209  209  209  209  209  209  209  209  209  209  209  209  209  209  209    9
ch: 106  162  161  166  169  180  181  189  189  201  209  203  209  209  209  209  209  209  209  209  209  209  209  209  209  209  209  209  209  209  209  209   33
ch: 107  148  157  174  163  171  183  194  200  209  200  209  209  209  209  209  209  209  209  209  209  209  209  209  209  209  209  209  209  209  209  209   11
ch: 108  164  153  165  171  156  184  187  191  206  209  209  209  209  209  209  209  209  209  209  209  209  209  209  209  209  209  209  209  209  209  209   23
ch: 109  139  166  163  168  168  185  188  196  207  209  209  209  209  209  209  209  209  209  209  209  209  209  209  209  209  209  209  209  209  209  209   18
ch: 110  150  153  182  182  173  173  188  200  198  209  209  209  209  209  209  209  209  209  209  209  209  209  209  209  209  209  209  209  209  209  209   27
ch: 111  147  154  164  172  188  188  188  202  209  209  209  209  209  209  209  209  209  209  209  209  209  209  209  209  209  209  209  209  209  209  209   17
ch: 112  153  157  164  179  173  193  182  196  204  205  209  209  209  209  209  209  209  209  209  209  209  209  209  209  209  209  209  209  209  209  209   18
ch: 113  150  163  152  168  179  183  185  200  197  201  209  209  209  209  209  209  209  209  209  209  209  209  209  209  209  209  209  209  209  209  209   10
ch: 114  150  156  167  167  184  187  191  184  209  209  209  209  209  209  209  209  209  209  209  209  209  209  209  209  209  209  209  209  209  209  209   24
ch: 115  153  153  175  183  168  182  174  202  201  202  209  209  209  209  209  209  209  209  209  209  209  209  209  209  209  209  209  209  209  209  209    6
ch: 116  153  154  162  164  171  183  182  196  197  200  209  209  209  209  209  209  209  209  209  209  209  209  209  209  209  209  209  209  209  209  209   35
ch: 117  157  163  167  187  184  197  195  196  205  209  209  209  209  209  209  209  209  209  209  209  209  209  209  209  209  209  209  209  209  209  209    9
ch: 118  155  148  157  170  183  171  196  196  197  206  209  209  209  209  209  209  209  209  209  209  209  209  209  209  209  209  209  209  209  209  209   21
ch: 119  163  147  174  171  184  182  195  201  201  209  209  209  209  209  209  209  209  209  209  209  209  209  209  209  209  209  209  209  209  209  209   10
ch: 120  150  157  164  173  186  184  197  199  199  209  209  209  209  209  209  209  209  209  209  209  209  209  209  209  209  209  209  209  209  209  209   23
ch: 121  148  158  171  173  184  189  188  198  201  209  207  209  209  209  209  209  209  209  209  209  209  209  209  209  209  209  209  209  209  209  209    9
ch: 122  140  147  156  167  181  182  204  191  209  209  209  209  209  209  209  209  209  209  209  209  209  209  209  209  209  209  209  209  209  209  209   16
ch: 123  140  155  158  172  174  185  203  197  205  209  205  209  209  209  209  209  209  209  209  209  209  209  209  209  209  209  209  209  209  209  209    5
ch: 124  143  166  163  166  178  173  190  188  198  202  206  209  209  209  209  209  209  209  209  209  209  209  209  209  209  209  209  209  209  209  209   13
ch: 125  152  153  162  168  171  179  187  196  205  209  209  209  209  209  209  209  209  209  209  209  209  209  209  209  209  209  209  209  209  209  209    7
ch: 126  137  150  157  168  174  170  180  199  199  200  202  209  209  209  209  209  209  209  209  209  209  209  209  209  209  209  209  209  209  209  209   15
ch: 127  149  155  159  161  179  176  183  188  205  209  209  209  209  209  209  209  209  209  209  209  209  209  209  209  209  209  209  209  209  209  209   27
