# ID XA-000-08-003-000-001-255-15
# Tag _trim_
# Date 240710_19:13:12
# Vref_p 58
# Vref_n 26
# Thr2_glb 39
# Vref_t 118
# Vref_t_range 1
# Pol 0
# ADC range 30-247
# FAST disc 30
ch:   0  124  115  130  122  106  105  110  103  120  114  117  117  114  123  110  111  117  113  103  105  115  120  100  108  114  112  109  121  108  105  113    7
ch:   1  117  123  129  121  110  123  125  118  108  110  110  124  115  115  124  116  110  123  117  120  105  126  120  136  131  117  118  107  118  124  118   26
ch:   2  117  126  106  116  133  125  119  102  117  117  130  116  106  116  124  117  117  108  102  114  119  114  109  116  114  111  111  115  116  110  107   22
ch:   3  116  123  115  114  130  123  114  119  123  122  116  116  123  111  133  120  119  126  117  117  115  118  133  115  116  124  117  120  118  122  127   34
ch:   4  123  118  119  118  129  119  121  116  108  124  119  117  118  108  115  106  105  117  114  118  114  114  119  109  117  108  115  103  101  104  109   24
ch:   5  118  125  116  131  119  105  117  118  120  118  113  130  120  113  127  109  115  119  123  116  115  110  116  107  119  119  109  126  105  110  116   36
ch:   6  122  121  116  115  124  114  108  106  125  115  117  110  116  116  108  118  106  106  117  106  114   91  111  106  104  108   90  113  109  116  102   42
ch:   7  108  134  118  121  119  120  115  120  122  116  115  125  117  118  122  116  121  119  121  118  109  119  115  117  119  114  120  117  124  108  122   35
ch:   8  116  118  120  107  102  111  118  115  114  117  115  117  118  109  104  108  115  109  109  117   99  115  108  107  119  107  111  119  121  115  108   30
ch:   9  119  130  109  114  117  116  120  117  113  120  106  122  122  122  119  116  123  133  125  123  134  123  115  116  120  117  107  121  123  130  126   36
ch:  10  109  106  122  121  105  118  117  122  108  117  116  111  116  104  116  118  104  114  119  117  115  108  110  119  116  110  121  104  111  109  104   28
ch:  11  116  130  118  119  118  122  132  115  132  125  115  115  123  120  110  116  126  124  121  125  123  122  120  125  110  120  120  121  133  132  122   38
ch:  12  118  123  124  119  121  116  125  117  121  111  118  117  122  124  107  118  108  115  105  111  116  118  111  116  120  121  111  115  111  114  116   33
ch:  13  121  118  109  115  124  115  118  124  121  116  122  111  124  119  120  109  122  115  124  120  117  119  120  116  110  119  120  108  124  116  122   43
ch:  14  117  124  109  121  107  118  105  119  111  121  113  113  120  106  110  109  110  105  118  104  109  108  114  110  114  118  115  117  109  104  120   42
ch:  15  121  118  123  117  118  106  124  118  115  116  116  121  124  116  114  122  125  119  122  124  118  110  115  115  115  130  121  116  119  122  109   40
ch:  16  121  113  116  115  124  131  115  116  107  107  116  121  112  109  109  122  119  108  126  115  106  103  105  106  107  116  120  106  119  107  106   42
ch:  17  107  134  106  118  108  134  116  119  117  117  121  106  132  126  123  116  130  106  124  126  116  126  131  123  130  114  119  111  121  134  120   36
ch:  18  126  118  107  111  117  114  132  120  114  120  109  111  112  122  110  100  116  108  111  111  110  116  109  115  108  102  117  108  118  102  105   39
ch:  19  129  125  116  117  125  124  127  117  121  116  124  119  122  126  117  123  123  133  118  123  122  132  124  114  119  110  123  122  125  118  123   38
ch:  20  118  126  122  110  114  115  106  122  115  124  120  116  109  108  120  123  119  120  126  109  122  123  107  116  103  119  120  111  119  107  119   34
ch:  21  122  118  116  125  119  124  117  115  124  123  123  119  121  118  126  123  115  110  123  123  109  131  125  117  120  125  127  124  121  125  122   38
ch:  22  117  121  137  118  115  110  117  117  125  116  119  120  123  123  117  117  124  122  113  118  117  103  118  120  118  118  120  115  121  117  117   40
ch:  23  122  122  122  122  123  122  117  116  124  121  131  118  132  120  114  114  120  123  124  117  118  115  122  122  123  121  108  130  121  126  134   35
ch:  24  124  117  114  121  108  114  116  118  106  115  123  123  129  119  116  118  110  116  119  105  105  101  110  107   92  110  122  116  116  121  107   30
ch:  25  108  118  114  118  121  117  115  123  126  126  116  133  115  134  107  120  117  121  118  119  120  121  116  122  125  115  133  111  131  129  120   44
ch:  26  104  110  119  119  110  110  116  117  110  117  123  117  123  121  107  112  108  123  119  113  105  107  113  115  115  105  103  117  115  118  105   44
ch:  27  120  133  130  123  118  127  117  120  123  125  109  126  125  120  136  129  130  118  122  102  115  118  122  124  138  118  130  125  133  120  124   42
ch:  28  107  133  132  119  116  115  118  126  117  134  121  120  107  121  115  124  119  115  118  122  117  110  124  122  120  107  104  114  114  134  125   30
ch:  29  115  120  120  123  126  115  114  122  122  125  120  123  117  117  118  118  121  111  116  115  127  123  123  115  126  140  125  110  127  124  134   32
ch:  30  132  106  109  116  116  117  110  118  116  116  119  121  120  119  121  114  109  117  103  113  114  116  109  103  121  109  108  119  116  114  119   42
ch:  31  132  116  122  123  124  114  118  125  119  117  115  117  109  120  123  123  111  121  125  119  132  123  125  121  125  122  120  110  115  121  121   41
ch:  32  125  120  119  118  122  124  119  121  121  119  106  110  117  116  119  117  109  117  118  104  109  112  109  110  110  110  104  130  122  108  126   33
ch:  33  110  123  123  122  117  131  117  119  133  114  120  115  122  108  123  121  115  121  130  119  116  124  131  122  119  123  121  123  124  119  126   26
ch:  34  122  121  116  107  120  118  116  123  114  117  104  115  117  115  117  114  116  111  119  114  120  113  114  116  117  110  111  114  109  119  113   35
ch:  35  123  117  117  120  107  106  123  117  126  132  120  124  133  124  127  121  119  123  123  125  117  117  120  121  123  132  126  124  121  138  127   38
ch:  36  121  118  118  123  115  121  123  121  116  113  114  120  107  115  111  120  123  118  111  115  117  123  120  125  117  110  105  114  116  114  124   39
ch:  37  132  131  125  121  120  122  120  108  137  123  116  120  123  124  129  132  129  135  115  124  124  119  125  123  121  118  123  134  121  127  140   33
ch:  38  119  108  116  123  117  114  119  124  115  123  116  117  115  119  115  102  118  120  122  124  115  109  122  111  125  114  105  106  113  114  111   39
ch:  39  125  123  124  126  111  122  132  129  105  124  124  120  126  119  119  117  119  129  122  122  130  119  119  122  127  111  122  114  120  113  121   41
ch:  40  125  126  107  115  111  120  108  107  118  113  118  115  110  117  115  120  107  121  113  111  102  117  121  118  117  116  115  118  117  109  108   33
ch:  41  136  126  126  132  131  122  117  117  123  120  124  122  121  123  121  110  120  121  111  108  117  124  110  124  124  115  115  132  130  133  122   33
ch:  42  119  121  119  120  117  117  125  130  120  123  114  109  125  115  122  126  121  108  126  123  116  121  106  113  122  120  115  121  114  122  117   28
ch:  43  115  134  120  123  132  121  110  115  118  126  111  126  127  118  116  131  130  126  120  126  121  118  139  131  124  125  133  125  122  131  131   35
ch:  44  122  117  108  115  122  121  118  115  122  127  122  107  121  125  111  122  118  115  105  108  120  117  115  110  118  113  109  116  125  117  116   42
ch:  45  122  126  123  130  125  122  118  119  130  123  121  117  118  133  116  110  123  116  120  130  106  109  115  123  122  137  115  114  122  114  133   42
ch:  46  124  108  131  118  117  120  119  124  123  104  126  116  107  105  123  116  119  107  118  131  124  120  123  120  108  122  122  123  121  118  104   40
ch:  47  106  108  115  115  138  127  119  122  125  125  124  111  124  119  114  119  118  121  119  115  119  125  121  119  116  130  125  130  125  121  122   28
ch:  48  116  122  118  120  117  110  119  114  120  110  118  125  121  109  110  124  126  127  105  122  122  115  111  118  121  110  109  119  119  116  122   40
ch:  49  121  115  123  118  117  125  122  131  135  125  125  121  119  123  119  122  124  110  110  121  113  120  126  121  117  121  125  127  121  127  132   27
ch:  50  117  132  123  118  119  118  122  120  122  109  116  110  119  118  121  118  122  108  119  115  119  115  111  109  117  124  134  106  114  116  124   38
ch:  51  130  120  119  120  123  118  109  121  115  123  130  120  119  114  110  125  124  117  120  122  119  123  122  119  131  120  120  130  126  133  123   37
ch:  52  134  118  113  119  118  126  119  117  119  114  121  124  116  113  123  121  111  115  114  123  124  114  119  116  105  113  125  117  137  123  119   36
ch:  53  122  124  123  122  121  126  132  120  120  127  124  115  114  121  126  123  122  132  112  123  124  125  125  132  124  119  132  130  126  130  138   24
ch:  54  121  110  108  120  109  111  118  133  121  123  123  123  119  116  106  116  115  114  123  110  116  119  111  118  110  108  114  115  102  107  129   34
ch:  55  124  117  137  125  122  125  124  117  121  118  121  110  117  124  106  126  123  116  120  125  125  108  125  125  123  125  108  121  123  130  124   28
ch:  56  111  123  118  132  122  122  116  121  109  126  126  109  109  109  116  123  120  118  114  109  120  119  125  117  122  117  121  129  122  121  120   36
ch:  57  123  126  117  119  126  120  121  123  118  124  121  126  133  134  123  132  122  122  117  125  116  119  125  126  124  119  131  138  134  134  122   26
ch:  58  116  125  121  114  117  119  131  113  118  122  110  109  115  105  102  117  122  123  109  113  121  118  109  126  116  114  127  114  124  116  124   34
ch:  59  116  117  126  133  121  114  120  111  124  118  121  116  109  126  116  110  121  117  115  118  125  131  120  128  125  121  123  116  123  131  134   21
ch:  60  132  121  121  126  116  131  120  122  129  118  114  116  125  124  119  115  110  132  115  118  133  118  122  120  111  123  125  126  121  119  116   30
ch:  61  116  119  122  130  121  124  124  124  125  115  126  125  131  122  126  127  123  126  134  137  124  131  132  120  121  130  128  135  138  134  126   26
ch:  62  115  123  121  115  116  115  119  117  123  115  123  119  125  122  109  115  118  117  115  114  118  117  107  123  114  132  123  117  122  118  116   29
ch:  63  115  123  121  113  115  123  123  123  125  123  119  130  122  110  135  115  110  121  113  121  119  126  130  124  122  119  120  126  122  131  127   34
ch:  64  126  130  117  123  120  123  116  121  120  126  117  116  118  118  117  124  117  122  122  125  114  125  114  114  123  115  121  131  109  126  127   32
ch:  65  131  131  119  125  124  124  108  109  111  118  126  117  116  130  132  127  135  115  129  124  133  122  131  133  124  129  123  131  122  136  134   24
ch:  66  121  125  116  127  122  123  118  121  119  131  120  116  115  130  126  114  118  121  117  110  119  110  117  118  109  121  117  117  111  116  122   39
ch:  67  126  109  121  123  130  127  124  120  126  124  120  129  114  120  118  122  114  132  119  119  126  132  115  123  121  122  126  135  127  120  137   28
ch:  68  125  126  109  108  120  119  115  121  116  108  106  123  116  119  117  114  114  108  120  120  119  118  117  111  122  122  110  120  120  125  132   36
ch:  69  122  123  116  124  121  118  119  118  111  114  130  124  125  108  116  122  118  129  122  123  108  118  125  133  125  125  132  135  124  123  126   23
ch:  70  108  118  123  123  124  116  132  130  115  116  108  119  118  120  112  116  113  113  119  123  116  116  112  109  116  112  120  119  132  120  124   42
ch:  71  121  124  133  125  124  114  131  120  115  121  125  133  124  136  126  116  127  118  120  134  121  121  130  124  138  132  121  131  133  129  138   22
ch:  72  116  124  123  133  118  119  131  116  107  116  122  116  127  121  123  120  113  119  119  106  124  119  119  117  114  120  107  118  136  124  121   29
ch:  73  126  120  117  132  116  131  122  122  124  122  119  107  125  119  124  114  117  132  114  124  133  118  126  134  120  131  127  131  135  121  132   25
ch:  74  115  124  132  125  123  115  120  123  122  117  124  123  121  121  114  116  114  116  126  107  119  118  111  121  113  115  127  119  122  121  126   35
ch:  75  121  120  123  137  119  118  121  119  115  122  116  126  118  116  119  132  131  111  124  126  127  137  120  115  133  120  121  121  131  119  124   28
ch:  76  108  122  127  115  118  121  126  117  124  106  115  120  133  117  114  126  118  118  119  125  111  115  117  122  119  120  118  124  123  122  123   23
ch:  77  130  123  119  122  122  106  121  122  122  136  122  121  132  118  116  121  121  124  118  123  117  126  130  117  119  130  127  117  124  126  130   30
ch:  78  116  107  123  118  121  115  124  120  123  122  115  132  113  116  116  133  103  122  112  123  101  123  106  123  123  108  127  120  116  119  119   34
ch:  79  120  118  122  121  121  117  135  114  123  115  117  131  126  118  129  119  138  135  118  125  122  134  116  132  127  124  126  121  132  130  132   28
ch:  80  123  123  118  120  121  122  117  124  114  108  122  117  118  118  120  123  112  106  118  115  110  120  125  124  108  120  111  121  115  118  121   31
ch:  81  117  119  131  120  110  120  110  126  126  123  120  131  122  118  124  116  121  137  123  123  117  122  131  123  122  135  132  122  124  136  131   22
ch:  82  122  123  123  119  120  106  119  120  117  115  122  118  118  115  121  118  116  114  120  120  121  120  114  117  121  117  117  117  116  116  120   33
ch:  83  120  137  134  125  115  115  125  114  118  121  136  117  117  107  119  121  130  135  121  126  125  126  130  135  123  123  134  124  133  130  133   31
ch:  84  119  123  121  124  118  124  116  120  114  120  118  109  124  115  102  120  119  124  124  119  116  127  106  102  116  113  118  119  114  120  110   26
ch:  85  117  124  124  124  115  116  121  126  128  122  119  133  122  130  117  131  131  115  130  120  120  120  119  118  124  120  124  118  110  133  116   33
ch:  86  120  127  123  122  131  121  118  110  116  124  115  119  119  119  117  118  106  118  103  121  118  110  107  120  120  114  115  117  125  117  118   34
ch:  87  114  126  108  120  132  130  114  121  118  130  120  116  117  134  123  135  118  108  122  123  117  118  115  116  121  122  135  132  133  109  119   28
ch:  88  131  127  120  119  122  123  130  119  105  119  116  124  131  135  117  121  121  119  106  107  119  120  113  111  108  121  121  118  118  118  121   29
ch:  89  125  110  127  124  125  135  118  117  122  124  119  123  116  122  109  120  130  114  131  121  118  122  121  120  118  117  123  119  133  122  134   26
ch:  90  119  118  121  119  123  124  117  119  110  109  110  120  121  117  115  109  116  117  131  122  115  116  117  121  109  119  123  120  109  117  131   34
ch:  91  126  125  134  123  134  119  106  116  138  124  118  123  126  124  125  124  105  121  118  125  118  110  116  123  123  122  125  124  126  122  132   29
ch:  92  117  116  104  112  128  127  114  120  122  131  120  114  112  108  115  118  113  123  118  115  117  117  121  121  111  117  127  125  116  119  124   30
ch:  93  130  124  110  117  120  133  126  123  124  115  126  135  122  117  122  121  123  124  118  117  126  136  133  133  123  127  131  125  130  145  126   24
ch:  94  116  125  116  118  131  117  125  115  122  118  117  115  119  122  119  117  125  126  114  123  111  120  110  119  110  109  121  105  106  121  120   25
ch:  95  120  124  126  115  119  116  129  122  118  118  132  125  117  132  108  131  115  117  134  120  118  125  122  127  133  121  124  124  116  137  127   21
ch:  96  121  121  117  133  124  118  122  123  114  111  116  119  120  121  121  119  122  116  129  116  114  118  118  108  116  119  114  132  120  121  124   21
ch:  97  124  119  125  131  130  125  136  125  124  123  117  117  121  136  120  130  117  115  131  123  122  123  134  120  122  123  133  126  120  136  122   18
ch:  98  125  119  124  125  122  122  109  120  123  125  115  109  104  106  116  115  117  115  104  119  116  106  117  119  115  116  110  118  116  115  120   17
ch:  99  122  124  134  118  134  119  121  123  108  122  130  118  132  129  124  117  120  130  111  115  117  120  124  133  122  131  118  122  128  120  119   20
ch: 100  123  125  123  116  124  121  117  132  118  126  126  122  117  123  115  119  122  110  118  110  125  120  116  110  120  124  116  119  126  108  132   21
ch: 101  125  118  124  131  120  117  122  120  131  118  127  122  122  120  123  119  124  118  123  124  117  121  121  119  131  117  118  129  122  127  136   24
ch: 102  133  117  134  132  111  121  122  116  126  116  120  111  127  111  120  123  110  118  126  116  125  111  118  111  119  103  120  115  116  122  119   18
ch: 103  120  116  121  122  117  126  132  126  117  121  122  118  117  131  133  123  119  122  135  129  126  119  123  115  121  119  134  127  129  119  118   30
ch: 104  117  126  123  115  123  126  119  116  120  114  127  120  109  116  116  125  119  118  111  120  101  117  114  114  115  101  105  112  114  114  117   14
ch: 105  122  123  127  127  125  133  102  126  124  127  118  120  131  132  114  119  126  116  116  133  119  117  121  117  118  124  122  133  126  122  125   12
ch: 106  116  116  119  122  111  126  123  117  118  122  119  124  114  119  121  117  124  114  116  116  117  108  115  120  118  111  108  119  117  109  100   18
ch: 107  115  129  125  107  118  132  127  123  120  120  119  115  122  123  131  122  120  116  124  114  121  123  127  117  119  116  123  123  124  115  123   17
ch: 108  133  120  125  135  122  116  134  123  117  117  125  132  117  123  123  123  127  115  118  115  132  114  118  116  116  107  121  136  119  111  125   18
ch: 109  124  122  129  116  121  114  128  118  134  130  125  119  120  121  131  123  130  119  131  121  127  117  126  119  133  116  127  123  116  124  132   18
ch: 110  126  122  127  120  128  110  121  115  119  113  101  119  123  108  118  110  114  120  108  117  123  116  121  114  116  114  122  115  118  109  116   14
ch: 111  123  131  136  108  123  125  124  118  121  123  122  129  130  122  125  119  122  114  126  129  127  107  120  117  125  117  120  117  132  124  122   18
ch: 112  112  120  109  118  122  118  117  116  136  122  116  120  122  119  117  117  115  125  119  118  125  124  115  119  125  115  122  117  119  130  120   12
ch: 113  126  125  120  121  123  122  123  118  124  120  130  114  127  116  128  123  115  116  120  119  110  134  121  121  122  125  121  124  119  119  124    6
ch: 114  116  115  119  131  121  119  118  117  119  124  120  126  116  115  115  109  119  106  116  111  118  106  116  106  119  106  117  120  120  122  103    2
ch: 115  121  118  118  121  127   -1  122  121  124  122  121  124  123  119  125  131  124  116  121  120  114  116  123  119  117  123  127  118  130  118  107    7
ch: 116  121  120  114  116  124  119  126  127  123  117  108  115  108  115  116  117  116  114  118  117  118  117  116  108  117  124  105  110  134  107  101   11
ch: 117  117  122  115  127  119  131  124  130  125  121  103  136  119  124  116  123  131  131  121  125  122  124  124  114  121  116  114  124  126  115  134    5
ch: 118  123  117  115  109  116  110  119  120  120  121  120  113  115  111  111  104  115  116  120  117  111  119  105  116  116  104  108  115  120  116  103    4
ch: 119  117  126  132  116  124  120  120  123  116  120  120  126  127  122  117  120  119  120  121  131  120  121  117  118  124  122  122  129  124  122  134   13
ch: 120  123  121  119  119  120  126  116  122  120  115  110  124  123  123  122  110  107  120  121  133  111  116  116  107  116  116  111  105  118  116  110    9
ch: 121  117  123  122  124  124  118  120  132  132  125  114  117  130  119  117  126  118  114  130  121  116  124  122  123  117  126  124  116  120  123  123    6
ch: 122  123  127  117  117  108  125  125  120  111  115  129  118  116  114  122  113  118  108  110  123  119  121  111  123  119  120  120  108  118  118  113   -1
ch: 123  134  136  125  113  122  126  121  114  124  124  117  131  125  121  123  117  118  122  130  121  117  133  131  123  133  122  121  132  123  117  123    1
ch: 124  109  117  126  126  122  126  106  118  121  109  118  116  113  121  114  110  104  114  110  117  114  108  106  109  110  111  109  123  110  119  103   -1
ch: 125  124  131  127  124  124  124  115  120  132  119  126  128  123  115  135  108  125  136  132  111  114  121  117  121  124  105  123  122  136  124  136   -1
ch: 126  118  125  116  133  125  114  117  121  115  118  131  113  107  119  122   -1  119  107  115  115  108  113  115  116  109  110  124  100  114  114  114   14
ch: 127  133  119  124  123  120  125  130  126  125  122  120  119  124  119  127  127  123  121  127  119  123  132  122  119  127  115  120  106  122  130  123   38
