# ID XA-000-08-003-000-002-003-07
# Tag _trim_
# Date 240710_18:20:02
# Vref_p 58
# Vref_n 26
# Thr2_glb 38
# Vref_t 118
# Vref_t_range 1
# Pol 0
# ADC range 30-247
# FAST disc 30
ch:   0  116  121  133  131  133  129  133  140  123  135  134  118  134  129  123  120  138  121  121  139  121  122  123  129  116  122  126  132  122  122  131   34
ch:   1  114  124  133  119  141  134  131  133  118  138  130  134  131  124  138  132  135  123  123  133  134  134  142  115  133  137  136  139  122  132  127   49
ch:   2  137  116  123  124  127  121  121  126  132  141  119  125  126  133  132  122  124  135  124  124  122  134  124  123  123  122  137  130  136  142  131   23
ch:   3  118  132  134  132  120  138  126  121  127  123  123  130  132  122  121  125  135  133  136  124  139  127  138  139  140  142  125  139  135  135  135   47
ch:   4  125  117  120  130  107  131  135  127  123  137  136  140  119  128  124  135  126  137  127  131  123  133  135  118  126  136  131  127  132  139  125   39
ch:   5  122  124  119  124  127  122  123  142  135  131  133  133  139  124  137  127  138  133  140  132  125  134  134  136  124  133  150  132  134  139  149   47
ch:   6  136  135  126  131  124  124  133  126  140  123  123  136  132  126  121  135  123  125  133  137  133  123  116  129  135  122  135  133  125  122  124   33
ch:   7  122  125  123  121  123  115  136  123  134  127  126  131  131  134  139  118  131  132  141  136  135  137  139  125  136  129  132  125  146  136  133   39
ch:   8  130  126  125  138  122  135  137  125  132  131  120  127  126  131  126  138  123  126  133  135  134  135  137  127  132  120  133  123  124  131  131   28
ch:   9  119  135  122  124  125  131  138  139  123  118  135  124  134  134  139  139  133  127  136  135  134  133  131  132  136  131  137  122  140  137  142   37
ch:  10  126  125  124  121  117  123  120  138  118  126  136  139  117  136  123  133  130  133  130  121  123  131  131  132  138  127  132  131  134  136  127   25
ch:  11  132  124  122  133  131  126  127  122  121  132  120  127  137  136  134  122  133  137  134  120  124  124  142  139  123  132  124  141  136  138  131   45
ch:  12  118  122  121  131  125  117  123  131  131  121  135  122  125  127  120  138  136  127  133  135  116  133  134  126  133  133  113  133  131  139  138   30
ch:  13  126  123  118  122  121  131  121  129  123  119  133  134  125  124  133  121  139  123  137  126  125  132  137  135  139  138  135  127  130  136  136   34
ch:  14  134  136  131  131  139  137  137  139  125  123  129  135  129  124  123  119  131  129  130  125  123  124  121  135  127  133  125  121  122  122  125   26
ch:  15  118  130  131  135  123  122  124  138  134  121  125  123  134  136  139  122  119  132  138  131  132  127  134  140  132  139  136  133  138  136  125   48
ch:  16  122  120  122  136  122  133  121  133  118  130  124  125  132  121  123  133  132  123  120  121  124  133  134  130  121  134  123  119  121  121  131   19
ch:  17  126  111  134  126  122  116  123  119  129  136  135  124  123  124  132  124  122  126  139  118  137  131  129  134  126  126  122  123  125  117  131   45
ch:  18  130  134  123  120  122  119  128  123  121  132  135  137  119  116  121  132  132  135  134  124  131  131  123  123  126  134  118  122  124  126  129   23
ch:  19  121  123  120  130  132  135  135  133  137  121  129  113  127  137  126  132  131  121  126  122  137  137  133  133  134  137  142  131  140  136  146   50
ch:  20  123  117  124  131  121  111  131  132  131  124  124  131  119  142  122  135  127  133  125  123  132  134  129  120  126  136  127  141  132  134  124   26
ch:  21  121  137  125  124  136  121  117  124  131  138  127  130  124  131  125  137  135  136  139  124  138  135  126  133  134  131  131  133  124  122  124   43
ch:  22  123  133  106  122  124  137  119  132  121  119  124  133  125  127  121  134  132  125  120  124  119  132  145  118  126  121  116  131  135  119  132   19
ch:  23  108  122  123  138  138  127  137  130  132  132  133  124  138  128  131  126  133  136  142  135  127  135  130  146  134  137  134  147  142  152  125   48
ch:  24  118  115  121  121  115  118  119  127  124  135  130  126  131  123  123  121  131  122  131  115  123  123  124  132  131  135  117  124  120  133  126   16
ch:  25  123  116  123  119  120  125  119  131  124  134  136  126  126  124  124  133  134  137  125  122  127  131  137  132  133  138  135  137  136  137  141   41
ch:  26  133  118  134  123  115  125  119  126  117  130  140  140  132  129  123  121  145  126  124  121  122  132  132  133  131  135  135  125  127  140  124   27
ch:  27  129  118  123  124  124  135  132  126  123  123  136  148  131  132  147  131  131  132  137  139  125  147  134  147  138  137  139  141  143  147  147   40
ch:  28  115  120  135  123  114  105  120  121  123  123  140  124  131  132  127  133  131  121  133  137  117  125  123  127  133  126  123  123  124  139  127    7
ch:  29  123  126  119  133  124  137  116  141  126  124  133  130  139  136  118  133  125  135  121  141  136  137  135  140  133  134  134  135  141  138  138   43
ch:  30  118  123  123  120  130  123  121  134  123  133  138  135  126  119  115  124  135  132  131  129  131  121  120  137  124  135  125  135  124  139  132   22
ch:  31  122  124  131  117  119  119  123  122  125  119  147  131  137  133  117  137  135  122  134  127  129  142  126  137  137  142  136  133  147  148  136   32
ch:  32  118  127  120  117  124  122  118  124  125  130  119  122  129  121  125  125  130  108  141  125  121  116  124  134  137  125  126  133  140  133  137   17
ch:  33  125  122  132  120  133  125  133  138  119  132  139  138  134  138  133  126  130  142  135  137  132  136  143  138  132  150  140  139  140  149  146   41
ch:  34  123  119  122  124  119  124  131  136  135  137  132  105  131  130  120  121  124  133  127  127  126  133  122  118  126  120  122  134  125  125  133   15
ch:  35  117  120  123  112  126  125  121  123  136  122  142  130  125  138  132  141  123  137  142  138  136  137  131  139  151  120  125  139  130  146  142   40
ch:  36  118  132  116  130  125  131  115  131  122  129  122  119  135  136  121  124  136  125  123  122  117  137  131  131  134  130  132  130  125  134  127   17
ch:  37  117  117  119  127  133  125  132  129  125  123  136  132  148  133  132  136  129  137  126  133  132  135  138  147  154  136  141  143  138  142  146   29
ch:  38  122  117  121  132  134  135  131  130  122  125  131  124  133  126  131  115  127  125  120  134  131  121  133  126  136  121  134  131  140  136  134   18
ch:  39  131  132  125  125  123  130  121  124  131  137  137  132  133  136  131  135  149  138  141  133  133  130  146  137  142  140  141  146  147  139  147   40
ch:  40  119  130  127  114  131  125  119  132  125  110  138  136  130  115  123  124  131  122  134  126  116  125  130  134  129  135  125  140  131  138  135   26
ch:  41  114  130  125  130  134  125  132  121  129  129  131  141  132  132  138  133  138  147  137  132  137  131  138  136  134  147  145  143  142  135  141   43
ch:  42  118  123  124  126  126  120  121  120  134  130  124  123  123  134  134  122  132  118  125  141  132  131  122  122  136  133  130  124  134  138  135   13
ch:  43  124  133  140  133  126  127  132  127  126  131  133  131  124  132  127  143  136  142  137  131  137  139  136  141  138  141  136  134  136  147  143   38
ch:  44  133  122  136  134  129  121  134  125  122  131  124  125  122  135  120  133  137  125  126  136  132  125  125  126  135  121  133  135  135  136  138   20
ch:  45  122  120  124  124  135  138  126  127  132  131  124  125  122  125  135  127  135  135  133  135  133  138  134  138  136  140  137  135  148  152  142   37
ch:  46  117  125  114  134  121  118  133  118  126  139  133  131  129  129  123  136  123  131  123  132  124  137  132  125  135  139  134  124  135  134  124   23
ch:  47  116  121  126  130  134  124  132  117  132  114  133  135  120  140  129  131  130  124  132  132  140  150  135  139  141  137  131  140  127  141  146   40
ch:  48  122  114  125  130  122  123  122  124  132  133  125  129  126  132  132  133  132  125  125  135  131  135  121  134  129  147  122  133  138  133  131   19
ch:  49  119  119  114  124  138  130  132  131  136  135  136  130  121  135  149  133  132  142  138  139  135  140  125  141  148  136  126  153  141  134  150   32
ch:  50  130  122  121  122  132  131  133  121  133  124  129  130  119  126  136  134  130  123  124  130  131  130  124  138  124  124  136  139  135  137  136   16
ch:  51  132  125  115  121  135  136  136  116  131  135  127  135  134  142  154  135  133  119  149  127  135  137  147  141  147  141  136  135  142  142  143   39
ch:  52  120  116  133  125  125  124  134  136  124  141  123  121  122  137  134  123  132  146  125  131  126  142  134  122  138  139  122  137  137  133  145   18
ch:  53  124  121  123  124  131  124  134  133  126  132  132  123  133  120  134  133  130  138  129  135  130  134  139  130  136  136  141  142  150  142  155   32
ch:  54  118  123  123  126  138  127  132  132  132  123  135  137  137  125  131  123  138  133  120  130  120  135  132  138  138  138  145  138  133  131  137   15
ch:  55  123  123  122  126  130  131  124  137  140  143  134  133  133  125  140  146  138  146  141  137  146  137  140  140  148  153  133  155  148  146  157   34
ch:  56  120  136  126  126  126  131  116  132  134  123  125  124  116  125  121  133  118  127  124  123  125  136  122  134  132  140  119  136  127  123  141   17
ch:  57  126  125  137  135  132  129  133  133  135  133  140  141  132  135  127  133  141  138  140  134  151  137  137  134  150  144  141  140  148  152  148   29
ch:  58  120  131  130  127  126  122  125  134  123  126  132  131  141  131  123  139  137  121  124  135  134  137  125  132  127  137  130  125  138  140  139   27
ch:  59  127  132  123  126  135  131  132  125  138  133  134  138  139  130  140  148  134  146  135  139  139  148  138  152  142  145  139  135  154  152  149   39
ch:  60  133  117  123  126  121  124  137  116  123  116  134  133  136  125  126  138  136  122  132  123  120  142  130  134  131  134  121  127  139  147  137   22
ch:  61  134  132  120  135  117  132  133  124  141  141  127  142  131  138  138  123  136  123  131  123  137  142  137  149  133  134  142  143  148  146  149   37
ch:  62  112  125  107  135  133  124  125  125  118  141  120  134  117  119  122  134  132  142  134  122  137  135  130  145  124  132  126  131  132  126  138   27
ch:  63  134  125  122  135  124  123  131  132  139  132  136  135  139  132  121  122  134  147  141  150  132  141  139  138  141  139  153  146  151  151  148   25
ch:  64  132  131  123  131  129  129  131  127  122  136  124  130  127  134  134  137  125  135  130  137  124  134  134  140  127  132  141  141  146  133  129   30
ch:  65  126  125  125  140  132  120  123  129  123  134  132  137  120  145  137  133  139  127  134  140  147  138  149  152  153  142  152  142  149  138  143   31
ch:  66  125  120  129  126  141  120  132  132  136  133  131  134  119  141  132  129  136  140  124  129  130  134  135  137  126  130  139  129  132  140  133   34
ch:  67  116  124  122  136  136  135  124  125  132  133  129  126  134  135  149  126  147  142  141  147  142  150  140  154  149  139  142  150  154  150  148   38
ch:  68  119  127  122  125  120  135  135  125  127  130  134  121  131  130  130  115  129  123  133  140  121  124  135  121  122  125  126  147  138  135  133   26
ch:  69  134  134  119  139  136  134  125  135  125  129  141  138  142  142  125  139  134  145  139  146  136  147  129  148  146  143  146  131  148  136  142   41
ch:  70  118  121  126  139  115  121  135  127  131  126  123  125  135  133  141  120  133  133  131  140  132  134  125  137  120  130  134  125  129  140  136   24
ch:  71  121  126  130  124  131  132  118  124  134  141  123  124  134  134  137  139  136  147  132  133  147  141  135  143  127  154  148  145  150  140  131   36
ch:  72  119  121  119  121  136  128  134  120  135  123  130  134  126  134  122  124  136  126  133  133  119  133  134  125  132  132  125  124  136  124  123   28
ch:  73  115  129  127  123  123  122  125  132  127  133  132  143  150  140  155  135  117  137  134  139  140  138  153  139  145  141  132  147  141  137  141   44
ch:  74  127  130  123  130  124  126  130  135  126  132  133  123  126  125  129  137  122  132  140  126  126  139  132  132  133  135  142  132  138  130  135   34
ch:  75  134  134  115  124  132  124  122  136  134  135  136  142  121  138  135  132  125  135  148  136  138  146  141  138  132  138  147  148  140  142  142   32
ch:  76  123  121  129  133  125  125  124  133  122  117  122  123  124  128  125  119  131  136  119  121  121  124  135  120  134  134  121  127  130  126  134   30
ch:  77  124  129  116  129  135  135  141  132  129  125  137  135  132  139  139  134  145  122  146  131  143  137  138  142  141  143  143  147  148  151  141   44
ch:  78  138  131  115  132  126  138  124  124  120  131  124  134  116  133  116  134  122  133  121  141  132  131  126  125  136  121  137  130  138  133  122   35
ch:  79  123  125  125  137  124  130  127  137  131  126  132  140  142  141  140  125  135  135  143  123  133  150  154  134  135  148  147  153  149  153  151   33
ch:  80  129  131  126  125  135  120  126  133   -1  138  134  131  132  119  134  121  136  134  130  143  133  137  121  125  136  134  133  137  137  139  141   33
ch:  81  125  126  124  122  124  131  131  131  138  136  136  140  136  133  131  137  133  135  141  137  147  140  137  146  147  151  140  132  148  143  140   35
ch:  82  123  123  121  119  125  123  116  126  134  129  134  149  134  122  134  138  133  116  120  124  126  124  136  147  140  132  134  125  126  125  136   34
ch:  83  123  135  135  137  131  142  123  134  133  135  142  145  139  134  131  141  134  139  146  138  151  153  150  147  156  142  148  155  161  141  150   34
ch:  84  127  126  125  126  138  126  140  133  118  136  125  136  132  119  123  123  132  133  132  131  132  118  132  133  123  125  120  122  133  134  138   34
ch:  85  133  115  136  123  124  135  133  127  142  131  133  127  137  137  136  136  124  138  122  148  142  136  140  138  140  138  142  140  150  147  134   41
ch:  86  134  116  133  118  124  131  120  123  124  125  131  119  133  134  130  124  135  126  137  133  117  125  130  124  137  135  124  132  125  131  135   19
ch:  87  123  123  143  131  137  133  121  125  140  133  123  149  139  134  142  134  130  130  137  126  139  148  136  135  135  148  142  141  143  142  137   28
ch:  88  122  122  123  127  133  134  118  124  136  134  123  127  132  123  127  130  131  122  120  137  135  124  132  140  133  135  137  120  135  125  132   26
ch:  89  135  131  135  130  132  122  124  130  116  141  137  126  139  137  124  131  135  135  135  131  133  139  139  136  132  153  139  157  150  138  153   35
ch:  90  121  116  124  127  121  118  132  126  141  133  131  132  137  126  132  127  148  137  121  121  127  147  137  140  140  132  134  137  146  137  127   27
ch:  91  125  131  136  134  131  131  134  136  136  135  135  141  140  133  131  136  124  139  142  137  137  142  135  142  152  142  148  148  132  148  150   33
ch:  92  119  132  124  137  127  141  125  118  139  133  138  134  137  135  127  125  136  134  132  126  133  148  136  141  125  132  140  137  140  138  125   20
ch:  93  122  135  118  131  129  132  137  138  123  132  136  131  136  130  142  133  123  134  142  133  141  152  141  147  139  136  148  136  132  148  139   33
ch:  94  130  138  118  114  125  137  133  132  133  123  129  118  131  130  131  123  141  139  130  126  118  133  118  130  130  138  139  140  119  139  132   27
ch:  95  124  124  137  120  130  121  130  136  142  136  138  140  132  141  136  131  131  142  135  130  151  148  146  133  131  148  140  147  141  137  152   31
ch:  96  131  122  123  123  136  123  122  139  123  124  125  132  132  131  126  139  122  125  126  132  135  120  127  133  109  132  131  134  123  133  136   13
ch:  97  115  133  126  125  134  126  135  141  133  145  142  141  122  130  131  125  135  135  135  133  134  135  135  132  146  139  147  147  138  138  146   31
ch:  98  124  134  131  122  122  134  122  133  113  133  121  120  121  134  126  119  140  134  123  133  135  142  132  124  126  122  131  134  130  142  132   25
ch:  99  117  130  125  126  124  126  132  124  127  135  135  125  140  137  138  150  133  134  138  139  151  150  125  149  136  140  146  156  141  145  138   32
ch: 100  122  124  125  135  126  130  123  118  126  125  124  126  132  138  119  127  130  135  125  125  123  132  135  132  137  137  136  134  132  127  135   21
ch: 101  125  124  116  121  126  121  123  115  125  131  132  135  138  130  139  132  136  132  138  138  134  137  136  132  137  147  140  141  138  155  147   23
ch: 102  123  131  119  116  131  125  124  123  117  132  122  132  133  119  124  132  134  126  124  135  122  121  120  124  127  122  122  135  116  133  137   11
ch: 103  119  135  120  131  136  134  133  127  145  146  126  140  137  138  139  141  150  127  140  146  152  133  143  140  138  135  149  151  143  151  154   22
ch: 104  124  122  127  119  108  135  123  123  124  128  126  125  136  126  125  125  130  136  129  127  123  118  141  135  132  123  135  131  134  122  124   21
ch: 105  131  131  116  126  134  126  126  137  136  136  135  136  134  140  135  133  123  142  141  133  135  138  132  129  136  125  138  133  142  134  152   19
ch: 106  118  115  127  127  122  135  126  132  124  118  135  135  119  122  120  130  138  122  111  123  132  122  126  118  131  133  139  133  122  135  134   23
ch: 107  140  126  120  114  125  132  127  126  132  125  133  136  140  136  139  131  138  127  141  137  132  138  143  148  143  142  142  152  149  155  148   25
ch: 108  125  110  123  125  122  133  126  125  132  126  126  132  124  130  123  121  131  119  125  132  131  136  126  139  133  132  123  131  129  138  132   17
ch: 109  129  118  123  132  129  131  133  135  130  121  133  133  137  142  138  139  138  130  140  149  136  131  137  141  147  141  148  138  147  138  130   27
ch: 110  121  116  122  123  116  120  122  119  125  132  132  138  125  119  127  127  136  123  134  125  131  133  131  122  133  142  131  122  127  131  123   11
ch: 111  133  130  124  121  118  119  122  122  142  122  137  140  126  138  135  147  134  132  123  139  141  134  133  131  142  138  133  138  135  127  150   18
ch: 112  131  117  126  123  120  139  122  132  110  114  124  131  132  130  130  126  125  122  119  131  125  125  122  134  134  126  124  138  121  135  135    7
ch: 113  127  118  123  124  132  138  125  131  138  136  120  136  138  131  123  137  141  136  146  137  122  138  133  141  141  131  146  135  138  149  139   17
ch: 114  132  131  116  123  125  131  122  123  123  124  128  124  123  118  117  124  124  118  124  124  125  139  131  121  121  121  134  140  126  124  134    3
ch: 115  132  124  119  125  116  139  124  127  138  133  134  127  123  127  134  136  140  133  136  132  132  134  140  140  146  139  135  138  134  142  140   20
ch: 116  126  118  132  125  122  135  134  120  122  133  141  123  140  127  124  125  133  137  131  129  124  131  141  127  135  130  135  135  139  141  148    6
ch: 117  135  124  118  130  130  123  123  131  137  126  142  132  135  140  120  133  127  129  135  140  137  140  133  132  130  131  141  141  130  140  141   13
ch: 118  126  123  115  126  126  124  120  124  118  124  122  127  124  135  121  131  118  115  129  122  126  122  120  121  132  126  124  132  129  131  124    5
ch: 119  133  125  119  127  124  126  135  125  130  121  137  136  134  132  140  124  130  137  133  131  119  140  133  136  137  150  140  137  142  132  134   10
ch: 120  135  129  125  130  133  132  125  127  123  129  136  121  123  136  129  119  132  131  126  120  125  123  123  134  124  119  120  134  132  131  127   -1
ch: 121  118  123  125  131  117  127  136  124  133  131  132  138  127  138  120  126  126  130  123  142  131  140  125  148  140  141  127  134  137  127  137   10
ch: 122  122  120  126  123  108  120  124  119  113  124  121  126  124  118  131  131  126  115  120  116  126  131  124  124  120  132  130  121  118  133  124   40
ch: 123  117  121  135  131  124  124  143  131  125  125  132  125  125  117  130  134  134  131  131  131  140  134  138  130  137  137  140  141  143  147  149    9
ch: 124  135  117  123  127  118  125  123  119  110  118  118  119  135  120  134  123  129  124  122  124  124  137  126  120  131  119  134  131  130  127  132   42
ch: 125  135  132  134  126  121  134  119  130  119  134  142  142  130  127  132  135  126  129  138  133  134  141  133  124  134  141  139  138  132  130  140    4
ch: 126  111  120  123  124  122  120  133  133  126  120  123  125  132  122  110  124  128  136  127  126  132  131  120  119  120  125  130  132  125  131  130   44
ch: 127  120  118  138  126  121  130  126  121  109  126  133  134  123  126  127  139  138  129  145  133  140  132  137  137  142  146  148  134  146  148  146   -1
