# ID XA-000-08-003-000-001-253-15
# Tag _trim_
# Date 240710_18:46:36
# Vref_p 58
# Vref_n 22
# Thr2_glb 37
# Vref_t 118
# Vref_t_range 1
# Pol 0
# ADC range 30-247
# FAST disc 30
ch:   0  122  126  126  125  121  126  129  127  126  120  113  117  134  132  124  122  133  127  120  131  131  134  139  125  122  135  135  123  123  134  135    4
ch:   1  116  124  122  127  124  121  132  119  132  139  125  133  132  131  138  139  133  142  134  137  142  138  137  141  136  151  142  148  150  146  148   -1
ch:   2  126  117  133  129  113  113  127  123  120  131  125  125  133  131  122  120  133  134  124  119  122  120  133  119  127  132  133  130  134  138  136    7
ch:   3  117  118  136  118  117  134  111  119  126  135  123  126  127  135  134  133  137  135  133  133  134  139  153  153  148  151  141  151  141  159  150    5
ch:   4  125  127  108  118  118  121  127  117  123  134  124  124  116  138  123  125  136  122  126  129  134  122  126  123  125  123  134  133  148  132  133   23
ch:   5  117  132  121  123  121  124  118  119  115  124  127  124  120  132  120  134  122  132  125  133  131  137  143  139  134  133  137  136  129  143  134   12
ch:   6  122   -1  119  134  138  119  121  122  126  136  120  125  119  119  124  130  123  124  133  116  130  118  132  121  117  132  132  131  131  136  139   24
ch:   7  124  123  119  115  118  131  123  122  134  127  121  122  136  125  132  151  130  125  125  138  135  139  132  126  133  130  141  140  135  135  150   13
ch:   8  130  119  108  125  114  124  133  121  132  129  123  132  118  119  134  123  125  123  120  123  127  131  148  131  134  119  137  136  132  145  140   17
ch:   9  118  131  120  114  131  126  130  133  139  136  121  130  142  125  133  131  137  139  137  134  135  142  140  140  127  140  141  139  148  138  149   14
ch:  10  111  120  119  120  124  122  122  124  127  122  122  116  116  118  120  122  132  114  115  123  125  126  121  136  130  123  134  138  125  124  138   18
ch:  11  125  118  121  129  115  120  123  122  129  133  126  125  125  124  131  137  133  139  135  139  130  138  132  136  136  138  153  154  152  143  152   18
ch:  12  121  120  119  125  130  134  122  130  112  119  123  122  132  119  118  135  126  126  132  123  136  127  135  134  139  136  134  122  146  149  141   22
ch:  13  121  120  132  125  121  124  124  123  129  123  124  142  136  132  138  129  125  129  139  140  139  139  129  147  136  143  148  149  141  147  143    7
ch:  14  109  113  115  117  117  120  123  125  126  119  138  129  136  131  137  124  124  134  139  131  122  120  139  129  133  136  144  140  135  132  133   24
ch:  15  118  123  134  132  135  127  121  132  132  131  123  134  125  132  136  132  147  124  131  135  139  149  137  146  140  140  140  140  150  155  137    6
ch:  16  117  121  108  121  131  108  133  137  130  130  131  115  131  129  125  138  122  137  133  137  128  140  137  129  133  130  146  130  149  136  148   25
ch:  17  120  123  111  127  122  134  122  133  132  130  139  132  146  133  129  133  138  135  141  140  138  139  135  133  139  147  152  162  150  132  152   10
ch:  18  132  118  121  110  130  132  124  126  119  118  124  124  123  119  124  134  124  135  123  121  134  134  139  136  133  149  135  137  149  151  154   24
ch:  19  120  117  136  131  124  125  123  124  137  135  124  139  123  127  133  138  124  139  137  136  131  136  154  135  135  154  142  140  146  164  157    8
ch:  20  123  117  115  131  130  117  133  111  121  124  137  133  114  132  133  125  123  131  132  121  134  124  135  138  132  129  133  140  134  138  140   23
ch:  21  131  132  124  125  130  118  132  125  122  124  124  131  133  134  134  145  135  137  142  143  137  137  139  147  147  126  140  143  156  151  150   11
ch:  22  126  125  123  109  125  121  125  133  123  120  121  133  126  124  121  118  123  126  129  120  119  132  135  135  136  139  140  140  131  140  136   38
ch:  23  123  134  125  126  124  130  132  125  126  139  125  136  136  122  137  137  139  135  130  135  136  154  151  140  138  135  142  141  148  147  154    5
ch:  24  118  120  120  121  116  124  114  124  125  137  123  133  120  123  121  137  110  131  120  119  132  126  133  131  129  135  127  133  135  120  139   25
ch:  25  119  118  126  133  130  141  125  131  117  110  137  127  134  140  137  132  125  140  134  138  140  131  148  139  143  150  142  142  151  153  156    7
ch:  26  135  123  118  105  123  134  123  115  126  123  124  125  132  132  126  119  125  125  130  126  134  124  141  134  132  140  126  131  143  136  153   21
ch:  27  126  129  131  110  134  138  136  129  136  127  133  138  133  131  133  130  124  146  137  148  143  147  142  147  149  148  149  149  156  154  152    2
ch:  28  116  104  120  122   -1  120  106  119  117  132  124  147  125  122  127  129  136  124  125  126  119  136  135  138  139  140  138  147  134  134  136   17
ch:  29  120  130  132  124  131  121  135  127  136  126  131  127  135  147  138  137  139  133  132  125  136  127  142  137  151  148  140  148  140  158  155    7
ch:  30  118  119  119  127  117  123  131  121  125  133  118  121  119  131  123  127  135  132  130  140  125  133  125  130  133  132  130  134  134  138  130   26
ch:  31  120  124  114  120  131  131  134  122  138  120  139  124  124  142  125  143  138  136  122  142  153  139  134  140  146  151  149  140  140  156  161    6
ch:  32  120  123  131  119  116  124  116  124  120  124  126  121  131  133  127  127  147  131  136  134  136  131  139  127  138  136  132  142  142  134  140   31
ch:  33  120  124  138  137  136  116  131  123  131  131  131  132  135  135  140  135  135  135  153  149  142  138  141  147  140  151  154  163  150  148  156    6
ch:  34  126  136  125  122  111  122  117  124  133  120  139  129  121  107  125  122  121  125  128  138  133  136  120  123  131  130  135  137  124  142  130   24
ch:  35  123  126  115  130  125  125  135  121  119  132  131  141  147  145  132  120  135  126  132  141  126  125  137  153  134  132  140  153  135  140  149    4
ch:  36  122  117  130  118  121  119  123  125  134  117  132  123  131  126  121  124  132  133  125  131  125  137  140  139  135  131  139  135  132  132  147   30
ch:  37  106  120  130  126  126  138  135  131  125  138  124  132  131  122  139  134  137  134  134  136  141  135  136  136  144  148  147  147  153  154  150    5
ch:  38  124  132  127  127  122  135  121  127  122  121  119  138  127  127  133  125  138  121  128  124  136  132  126  123  132  133  130  146  132  142  139   30
ch:  39   -1  131  120  133  134  132  127  117  130  137  131  136  137  138  139  137  132  142  133  148  138  136  139  139  134  152  154  156  153  149  167    7
ch:  40  122  124  116  110  119  121  123  131  127  126  124  122  129  135  131  138  139  131  117  126  130  135  119  134  131  145  135  140  137  146  152   31
ch:  41  132  127  115  118  126  132  122  140  132  132  139  128  132  133  135  133  129  137  136  135  149  146  141  135  139  145  153  143  151  148  146    5
ch:  42  119  121  110  123  119  131  137  135  122  131  130  133  127  121  133  124  133  134  123  136  137  126  132  140  126  136  139  140  147  136  139   32
ch:  43  127  133  130  120  123  131  141  124  138  133  121  140  133  125  137  138  136  151  134  149  139  138  139  149  152  140  148  150  138  148  151    8
ch:  44  131  131  122  123  118  120  125  127  124  134  126  131  138  129  126  120  136  125  139  133  136  138  133  130  137  142  137  146  150  136  148   38
ch:  45  131  136  117  121  130  131  131  118  134  149  135  136  136  129  126  136  134  139  146  147  141  134  132  142  146  142  143  148  162  155  156   13
ch:  46  119  123  120  124  130  123  120  136  126  123  145  138  131  122  124  121  110  134  125  132  137  140  135  130  130  136  134  135  136  131  131   26
ch:  47  122  132  121  126  125  134  122  146  131  123  119  133  135  136  123  134  139  136  139  139  149  137  141  140  143  141  152  166  154  154   -1    4
ch:  48  119  123  115  116  131  132  115  133  120  124  126  138  133  130  136  137  125  137  133  126  135  138  132  143  140  143  140  136  139  148  147   29
ch:  49  130  123  124  122  127  122  118  134  132  133  123  150  137  136  134  133  136  132  136  138  135  141  150  155  149  140  151  149  151  151  148    2
ch:  50  119  105  108  130  120  120  121  123  131  120  132  130  131  132  130  134  135  124  138  124  132  139  132  141  137  131  130  139  131  142  140   25
ch:  51  125  120  122  126  132  118  124  137  139  123  138  133  138  131  131  140  134  151  141  146  150  152  139  140  147  147  152  149  152  148  166    1
ch:  52  117  129  108  124  129  119  118  120  131  125  124  130  139  137  131  120  132  121  127  132  139  138  141  125  133  147  139  134  141  142  141   25
ch:  53  121  122  119  130  132  118  121  137  124  125  137  124  131  136  135  131  122  136  148  153  139  137  138  146  146  152  139  152  139  147  151   10
ch:  54  133  125  132  111  132  122  118  118  125  127  130  133  118  121  124  119  130  119  136  137  129  131  136  133  132  133  141  136  150  146  145   21
ch:  55  125  120  118  129  124  117  134  131  130  137  121  135  133  132  137  131  134  137  123  145  150  135  123  131  147  140  156  142  159  141  156    8
ch:  56  118  127  110  119  121  121  131  126  125  118  130  133  123  118  125  127  122  122  125  133  124  137  135  139  126  137  133  141  152  141  148   24
ch:  57  123  126  130  123  127  122  139  120  133  131  121  132  132  127  133  137  135  122  146  148  147  148  131  136  137  151  142  157  153  154  157    5
ch:  58  123  121  118  123  126  132  130  120  131  133  132  133  137  130  130  151  133  130  130  139  141  134  150  139  149  131  131  148  141  155  146   27
ch:  59  116  129  131  134  125  132  136  130  134  137  132  141  125  146  136  134  147  133  141  134  138  139  146  149  141  142  150  140  151  143  163    6
ch:  60  127  123  121  125  129  126  125  128  120  126  119  131  126  141  127  134  131  136  137  138  121  139  136  132  143  143  134  132  137  152  140   24
ch:  61  122  118  122  121  125  134  138  131  132  142  134  133  130  132  140  138  133  138  133  147  134  135  142  142  137  147  139  139  147  149  163   -1
ch:  62  120  132  121  120  136  117  127  133  125  133  116  122  132  125  137  135  122  129  135  133  125  132  136  131  134  134  133  147  152  134  146   26
ch:  63  125  130  131  131  132  132  119  123  138  131  125  132  131  136  135  132  134  139  140  146  135  139  135  140  134  150  141  135  149  140  154   13
ch:  64  129  120  122  121  125  121  132  135  132  125  134  132  134  131  136  127  131  125  133  126  137  138  123  135  133  139  132  141  142  146  125   33
ch:  65  125  124  126  132  123  133  120  121  124  123  139  133  134  137  129  134  141  151  141  136  149  138  134  150  149  151  143  152  151  141  154    4
ch:  66  124  123  135  121  139  129  126  131  132  121  130  129  135  141  136  135  137  131  146  142  122  138  138  135  132  136  132  136  149  140  133   26
ch:  67  124  124  136  124  126  124  133  120  125  131  132  127  142  117  139  131  137  137  139  139  140  137  143  136  140  140  138  137  151  150  147    5
ch:  68  120  118  118  125  127  130  121  127  122  132  124  131  135  130  124  126  135  126  133  135  137  133  136  148  138  149  138  150  148  134  154   25
ch:  69  134  121  133  130  121  126  139  140  123  141  134  131  132  135  134  137  137  126  141  130  137  143  142  154  139  147  156  150  153  163  152   -1
ch:  70  117  118  125  127  121  125  120  130  131  134  118  133  135  126  132  133  132  123  131  130  137  133  137  134  126  139  145  136  140  158  131   32
ch:  71  124  137  123  134  134  131  134  131  126  124  131  121  140  123  139  135  141  141  148  137  140  139  137  145  145  149  157  150  156  156  157   10
ch:  72  119  117  123  127  122  121  120  126  124  134  124  126  138  138  121  117  131  136  126  134  125  138  123  134  140  148  134  153  139  138  149   21
ch:  73  131  117  123  122  130  139  135  132  125  131  138  137  137  136  135  133  151  141  132  153  153  140  147  149  138  151  155  150  158  151  152   29
ch:  74  124  133  123  118  136   -1  121  126  126  130  125  131  132  123  124  132  125  131  138  134  125  121  147  134  126  138  132  135  148  134  140   33
ch:  75  111  110  123  124  127  122  120  138  121  131  133  145  142  130  134  142  135  142  136  124  141  141  148  147  149  154  135  156  141  152  163    1
ch:  76  124  137  137  143  150  149  157  152  165  174  172  169  175  178  184  188  179  190  203  198  202  209  209  209  209  209  209  209  209  209  209   -1
ch:  77  121  131  133  121  133  127  134  137  120  125  134  135  137  131  131  147  138  139  133  154  137  139  133  153  140  137  146  154  151  158  148   -1
ch:  78  118  133  125  119  117  130  134  133  132  132  127  133  132  129  137  124  135  133  121  137  141  140  126  134  141  146  140  142  141  137  146   24
ch:  79  125  121  124  124  122  141  124  138  135  126  127  122  141  137  141  139  129  136  132  136  141  141  153  141  152  151  152  136  150  156  156   34
ch:  80  118  133  131  126  129  122  122  125  123  121  129  126  134  124  138  122  135  119  133  131  137  135  135  137  137  138  138  132  145  149  142   25
ch:  81  126  136  126  126  124  120  121  132  124  124  137  138  141  149  139  145  148  136  149  136  139  148  149  148  143  156  148  165  149  153  154    4
ch:  82  117  122  122  126  122  130  133  124  124  122  126  125  130  136  129  133  134  123  136  122  141  138  134  138  150  135  126  147  146  133  141   26
ch:  83  121  122  125  126  129  135  137  127  126  124  135  149  137  140  137  149  133  145  142  141  138  147  148  149  148  149  149  153  151  159  165    1
ch:  84  108  120  136  129  122  132  124  122  124  133  130  134  125  126  130  125  137  125  121  124  130  120  123  126  141  132  152   -1  127  136  155   24
ch:  85  117  123  134  127  122  132  137  124  130  131  130  134  135  146  131  137  150  134  138  150  138  150  143  149  141  147  146  151  149  155  159    2
ch:  86  117  131  123  125  121  132  121  119  132  136  136  124  122  125  126  136  126  126  137  140  131  133  132  124  134  137  131  146  149  149  137   22
ch:  87  126  125  116  123  133  133  125  123  120  116  138  134  140  140  132  139  134  139  141  133  142  138  153  154  153  153  152  153  151  153  158    1
ch:  88  121  120  131  131  123  125  116  132  130  138  136  133  134  134  131  125  123  121  135  136  149  136  137  151  133  142  151  150  137  137  151   20
ch:  89  118  126  131  126  138  131  137  136  132  135  136  134  134  129  133  133  146  140  140  140  134  140  157  140  142  150  156  156  153  162  148    5
ch:  90  120  124  131  116  117  115  119  125  124  133  129  137  127  130  126  124  133  134  132  125  132  136  131  146  140  135  125  130  152  136  150   33
ch:  91  108  139  132  118  125  123  139  131  133  133  137  141  137  125  151  134  150  145  147  137  150  146  151  153  155  147  155  162  161  142  150   47
ch:  92  121  121  124  127  134  122  122  136  126  124  130  131  134  123  120  134  132  127  131  134  131  124  135  138  133  135  135  140  139  137  137   17
ch:  93  122  122  119  121  130  131  132  124  136  126  126  147  138  125  147  142  140  130  146  146  139  137  142  143  138  158  157  157  155  164  147   -1
ch:  94  115  127  109  115  119  125  121  131  119  124  125  125  125  137  120  129  116  124  132  135  133  135  122  124  140  133  134  140  137  147  138   20
ch:  95  119  126  122  132  132  127  137  131  132  138  133  131  136  140  133  130  148  139  133  143  151  142  153  148  142  146  147  158  150  157  139   43
ch:  96  120  123  131  120  124  123  125  123  123  118  121  121  132  118  121  124  131  133  130   -1  126  124  131  133  137  138  126  140  132  146  152   35
ch:  97  122  121  122  131  137  132  137  124  125  133  132  125  147  134  134  135  135  137  135  141  132  156  141  136  149  151  155  149  148  150  154   -1
ch:  98  132  115  133  117  121  140  127  134  127  113  126  126  125  135  130  134  118  130  130  121  135  126  135  142  123  139  124  139  146  150  149   30
ch:  99  123  136  126  135  132  120  125  137  138  136  134  132  124  139  135  120  147  147  139  148  139  150  140  156  140  147  148  152  156  148  151    1
ch: 100  127  117  124  125  133  131  129  132  138  127  124  126  122  123  124  132  136  126  135  133  139  131  138  135  140  132  140  134  157  148  149   37
ch: 101  129  122  129  135  124  116  131  124  136  126  129  125  131  120  135  136  133  146  141  136  145  142  133  133  139  151  138  152  141  158  146   25
ch: 102  122  118  119  119  123  120  123  134  132  130  123  124  125  131  120  132  134  142  131  126  134  135  138  137  137  135  137  147  138  137  137   28
ch: 103  126  119  123  135  125  134  139  122  115  136  131  147  137  145  139  139  134  139  138  131  148  135  142  151  149  146  147  147  148  152  167   48
ch: 104  131  122  124  109  115  120  123  131  134  122  124  125  145  120  134  119  120  124  139  132  134  132  134  126  147  138  142  128  132  143  142   18
ch: 105  122  123  122  132  134  124  132  133  139  139  127  125  138  122  139  136  127  123  139  133  140  139  135  146  146  151  131  136  139  156  156   29
ch: 106  136  134  121  123  123  127  117  120  134  129  119  127  131  134  132  136  134  132  122  133  137  123  130  134  134  126  145  148  148  136  148   25
ch: 107  133  122  134  120  131  125  130  130  148  136  127  126  122  124  134  146  138  139  139  142  133  141  147  151  148  143  148  155  149  149  157   -1
ch: 108  108  119  134  131  113  122  126  127  133  132  129  122  127  128  122  139  127  135  131  134  133  143  131  130  131  149  133  147  142  152  156   26
ch: 109  118  123  138  119  130  127  120  123  121  123  133  118  135  137  135  135  131  131  143  138  140  151  143  137  147  145  140  152  150  156  154   47
ch: 110  122  121  124  123  122  121  122  131  122  132  123  138  125  125  131  127  119  139  127  125  117  124  118  132  134  137  127  147  139  142  147   20
ch: 111  120  116  124  123  127  120  122  124  133  132  135  139  135  133  124  120  123  149  129  138  131  147  138  134  151  142  141  148  163  148  150   -1
ch: 112  123  121  117  122  136  132  132  117  123  122  115  122  123  136  134  135  125  126  126  125  127  133  139  134  127  134  137  146  140  152  138   26
ch: 113  130  113  125  127  141  116  131  139  130  130  141  131  126  137  147  132  132  151  139  141  141  134  139  147  150  147  147  150  162  154  152   -1
ch: 114  123  123  115  118  124  117  123  127  126  121  123  123  119  132  135  139  130  136  132  125  135  137  126  138  133  140  135  149  147  152  140   22
ch: 115  126  119  132  122  126  120  126  133  123  120  147  127  123  124  138  141  135  137  142  149  148  131  142  138  138  143  153  143  149  149  139   36
ch: 116  120  122  124  120  127  130  126  126  121  128  129  119  123  127  140  133  126  124  127  134  129  131  122  127  131  135  142  127  132  136  136   21
ch: 117  122  122  130  127  122  139  123  122  132  130  125  126  126  122  136  135  132  127  137  132  143  147  133  148  152  143  142  149  153  150  159   27
ch: 118  114  132  123  121  115  120  119  124  126  125  114  125  114  120  126  125  115  130  134  122  130  126  133  135  138  134  130  134  139  141  130   16
ch: 119  134  136  125  123  132  135  132  131  131  123  138  135  139  133  133  121  133  138  123  131  150  146  148  137  146  146  142  146  161  149  162   -1
ch: 120  125  133  117  120  127  118  115  119  125  124  120  137  121  133  122  125  145  131  137  119  124  141  129  141  141  126  136  135  132  147  126   19
ch: 121  123  124  116  123  134  123  127  122  134  131  125  125  132  134  127  123  134  133  140  137  138  138  140  142  148  152  151  147  148  164  152   -1
ch: 122  122  127  127  131  123  124  118  126  125  117  130  135  121  136  122  131  130  132  125  122  132  137  135  133  138  139   -1  139  135  140  143    9
ch: 123  125  125  135  123  126  120  131  132  135  133  130  129  131  135  126  136  132  133  140  141  141  131  141  147  135  141  153  148  158  148  152   -1
ch: 124  127  117  120  123  126  120  129  134  129  123  124  133  120  136  132  126  133  137  136   -1  126  139  133  130  137  132  137  137  134  146  138   27
ch: 125  131  124  120  123  134  132  125  121  136  121  134  131  146  126  136  133  129  125  130  136  152  141  142  135  151  155  154  155  154  153  153   14
ch: 126  125  134  108  120  122  120  114  134  125  124  133  131  142  126  114  133  124  119  139  120  131  122  125  126  130  131  136  136  148  143  139   -1
ch: 127  127  118  130  125  130  136  125  126  124  137  137  134  139  132  131  126  139  136  131  138  142  140  141  151  132  142  136  148  153  155  139   -1
