# ID XA-000-08-003-000-002-000-07
# Tag _trim_
# Date 240710_18:55:27
# Vref_p 55
# Vref_n 24
# Thr2_glb 38
# Vref_t 118
# Vref_t_range 1
# Pol 0
# ADC range 30-247
# FAST disc 30
ch:   0  124  121  124  138  124  126  129  116  135  115  124  117  116  138  119  109  111  105  108  103  115  106  102  105  103  108  104  109  102  105  102   26
ch:   1  139  135  141  141  133  135  127  122  121  111  121  123  130  121  122  133  116  127  119  114  117  117  115  120  126  116  107  109  116  115  125   34
ch:   2  125  133  132  120  120  122  127  115  125  111  120  123  124  119  114  107  120  124  119  116  107  109  113  105  106  109  108  116  108  106  109   34
ch:   3  140  135  126  140  136  131  117  133  134  132  125  124  121  133  119  118  123  122  133  123  126  108  125  116  122  123  123  133  133  110  134   29
ch:   4  131  137  126  118  125  133  119  120  121  118  125  113  122  108  108  111  109  117  121  105  104  113  106  117  104  114  109  107  115  106  104   25
ch:   5  133  132  133  138  134  132  124  133  123  137  130  116  126  123  130  127  124  115  119  108  108  110  120  122  117  123  106  121  116  120  122   48
ch:   6  125  121  126  131  133  122  133  132  126  120  116  122  121  117  115  112  110  117  117  109  108  103  110  107  104  103  110  106  116  117  108   36
ch:   7  141  133  125  131  132  126  124  120  132  122  133  123  126  120  127  119  126  116  122  115  119  118  117  125  109  123  121  115  107  116  107   40
ch:   8  126  129  132  134  120  118  121  122  121  120  126  122  115  120  119  120  117  111  116  116  103  106  107  114  108   90  116  119  101  106  119   36
ch:   9  123  126  134  132  126  132  123  125  126  122  132  123  122  126  120  126  123  117  117  119  121  126  124  121  123  116  119  110  109  124  132   34
ch:  10  132  134  124  134  137  120  124  133  120  125  122  121  109  125  116  124  118  113  105  109  109  110  100  105  108  114  107  108  103  110  107   28
ch:  11  134  147  119  124  122  115  119  124  118  125  109  129  119  122  122  132  120  116  109  123  123  111  117  115  109  116  116  115  118  115  121   27
ch:  12  132  133  131  138  122  132  134  131  124  106  109  124  115  120  109  118  120  118  105  106  107  101  103  119  119   91  110  121  109  101  120   24
ch:  13  132  137  127  127  137  118  131  124  127  123  125  126  138  132  124  123  122  118  107  122  115  120  116  123  105  122  119  102  120  115  108   49
ch:  14  121  117  130  133  124  125  126  135  120  120  122  120  121  116  117  120  108  114  114  118  107  104  106  107  102  115  109  115  110  102  107   36
ch:  15  135  131  132  137  136  119  134  122  123  132  120  121  131  116  117  134  123  125  130  117  119  121  117  119  133  116  126  118  121  125  110   30
ch:  16  125  137  134  136  121  121  128  119  119  121  118  115  115  131  121  125  117  110  108  107  111  113  110  106  121  120  102  106  114  121  114   37
ch:  17  131  126  123  116  124  134  131  121  132  115  122  117  127  119  115  116  125  119  123  122  124  120  114  116  119  121  106  118  117  107  121   39
ch:  18  136  136  133  123  119  131  136  118  130  124  118  121  114  118  110  110  113  120  111  116  116  116  114  119  106  110  116  120  117  109  115   18
ch:  19  139  125  130  122  131  120  116  122  119  136  127  125  135  130  121  126  124  125  111  123  125  130  123  115  121  119  122  123  118  126  116   44
ch:  20  140  125  131  125  118  122  134  131  118  119  124  117  121  124  118  118  119  118  105  113  102  110  110  107  106  114  102   92  116   99  107   26
ch:  21  133  127  116  123  133  125  126  119  118  134  124  121  122  119  118  119  120  125  110  111  131  124  120  115  120  111  122  122  111  121  120   31
ch:  22  137  117  127  118  134  123  135  119  134  123  126  111  110  118  114  116  122  121  120  118  107  122  106  125  108  103  108   98  105   99  111   35
ch:  23  126  131  132  122  127  127  125  123  119  125  119  113  121  123  120  114  118  123  122  116  131  110  115  116  119  117  117  121  121  131  108   38
ch:  24  137  133  133  124  123  126  122  118  110  121  122  119  118  116  120  114  107  122  108  104  117  117  118  117  102  116  119  113  108  105  121   28
ch:  25  131  131  125  137  132  127  126  125  131  119  121  111  108  116  119  110  124  125  125  125  118  104  119  121  105  107  126  109  118  125  110   25
ch:  26  135  138  123  123  125  121  126  118  122  124  123  123  129  120  106  121  120  114  126  118   -1  120  103  118  100  122  110  109  109  117  117   28
ch:  27  134  123  123  122  132  136  121  124  126  123  127  123  124  132  117  124  122  118  121  119  117  131  121  124  120  120  118  126  117  114  115   27
ch:  28  123  125  139  117  135  136  121  121  121  124  122  115  124  122  118  122  120  123  105  122  116  115  133  119  105  115  103  120  115  110  120   37
ch:  29  134  137  135  134  133  122  132  125  119  122  134  125  125  117  122  112  122  119  122  123  120  115  120  123  121  131  116  130  121  134  123   37
ch:  30  134  123  119  121  143  131  130  124  116  118  114  109  111  124  121  124  118  133  118  117  106  115  114  107  110   93  114  109  124  122  120   36
ch:  31  150  136  122  134  137  133  147  126  126  129  123  132  136  132  131  126  126  130  130  120  133  119  132  132  125  139  114  131  132  133  125   35
ch:  32  127  122  131  134  131  123  133  121  130  125  110  122  124  131  109  119  107  116  124  116  121  114  126  117  116  110  116  118  121  116  118   32
ch:  33  151  131  137  126  120  132  123  124  130  134  124  121  122  133  121  127  132  131  131  127  124  127  122  132  121  124  133  121  118  123  123   37
ch:  34  130  135  135  120  126  124  131  120  133  126  116  125  123  126  134  133  125  125  129  115  134  120  109  123  107  110  121  114  108  116  108   35
ch:  35  134  125  131  138  123  133  132  126  132  119  115  127  120  118  119  121  115  135  119  123  132  117  120  109  110  123  121  117  121  125  122   34
ch:  36  136  134  146  135  124  130  133  125  123  123  116  110  125  123  119  121  121  116  123  113  115  120  118  113  117  117  103  116  109  116  108   35
ch:  37  133  126  127  146  125  125  133  123  118  126  130  119  136  127  115  123  116  133  119  122  120  117  125  136  111  118  127  118  122  131  131   37
ch:  38  125  132  126  127  122  126  119  113  106  127  110  121  119  117  126  109  104  114  123  116  117  121  114  119  123  115  117  118  123  105  118   39
ch:  39  135  134  126  135  138  127  122  125  125  137  123  133  124  123  133  132  131  120  117  132  135  116  119  133  127  125  117  117  132  122  120   27
ch:  40  125  135  125  123  131  135  130  131  124  116  125  125  123  120  121  117  121  115  121  123  120  127  119  118  114  107  122  119  109  117  124   33
ch:  41  140  133  132  124  120  127  132  123  142  135  123  116  135  125  132  132  137  130  132  121  125  131  124  111  134  123  123  114  119  125  123   34
ch:  42  136  124  120  125  133  122  134  122  123  136  123  114  125  126  116  131  115  121  121  109  118  105  115  106  124  125  125  134  111  110  118   33
ch:  43  139  136  134  123  120  137  131  134  122  137  131  136  120  123  132  125  136  125  134  139  122  132  121  121  119  121  130  134  123  133  133   33
ch:  44  142  122  123  130  133  117  134  124  129  125  121  115  130  114  123  119  116  110  113  115  113  122  130  114  108  111  120  119  109  117  118   27
ch:  45  148  133  123  138  123  135  137  132  139  121  142  120  136  126  123  117  125  124  121  132  119  120  116  105  118  124  130  116  120  120  126   30
ch:  46  146  139  132  133  124  125  136  119  118  126  109  131  125  122  115  124  119  118  103  117  119  115  121  108  121  118  102  117  111  116  108   40
ch:  47  147  138  130  127  137  135  132  140  137  133  135  123  133  130  122  133  122   -1  119  125  131  125  123  119  132  121  129  124  135  130  123   23
ch:  48  134  127  126  119  120  140  110  118  118  115  123  122  130  121  121  116  121  119  111  120  105  115  116  107  122  109  109  119  108  114  116   32
ch:  49  131  117  127  138  143  121  137  138  123  121  124  116  125  122  120  126  124  124  132  125  122  123  119  114  123  123  114  114  129  117  121   38
ch:  50  131  126  126  120  119  133  134  132  124  124  136  125  124  121  121  115  118  121  109  119  119  115  121  120  111  124  118  124  107  115  107   33
ch:  51  136  138  140  125  126  131  131  133  134  137  131  124  136  131  130  130  124  121  124  126  116  123  135  120  123  118  123  124  124  123  127   39
ch:  52  120  135  126  132  119  117  133  124  132  119  114  124  116  123  117  117  109  117  117  115  116  111  107  109  106  107  120  108  111  124  106   39
ch:  53  137  137  124  138  134  126  133  131  133  122  123  122  132  126  124  109  117  123  122  124  136  119  123  124  115  125  123  131  122  119  132   12
ch:  54  135  146  136  127  131  132  123  114  123  120  125  123  132  123  115  105  115  118  121  124  116  103  116  114  109  124  119  104  120  120  119   33
ch:  55  133  136  135  131  129  133  134  125  132  123  134  122  140  124  135  123  133  110  118  122  127  124  119  126  131  121  123  121  124  116  127   40
ch:  56  131  120  136  120  126  130  135  130  118  119  122  127  115  124  119  120  118  116  109  115  115  125  109  120  118   99  119  117  115  116  118   34
ch:  57  138  123  136  138  138  123  120  122  125  135  126  118  132  126  117  121  120  131  126  131  124  123  118  123  122  134  119  129  113  121  122   11
ch:  58  149  125  125  120  124  138  132  119  132  124  123  125  121  125  118  126  120  123  119  124  121  117  115  126  122  122  113  115  111  122  120   30
ch:  59  151  142  131  127  137  120  125  132  124  120  122  130  134  138  122  123  120  130  118  126  120  126  132  123  133  131  121  134  134  131  126   35
ch:  60  125  132  123  131  133  124  123  131  124  114  133  121  131  120  120  136  119  117  107  117  118  119  122  118  123  110  111  125  132  118  108   27
ch:  61  131  138  131  119  126  131  141  135  137  122  133  138  130  132  134  131  147  125  132  126  122  133  132  124  129  123  120  124  134  118  136   12
ch:  62  131  123  127  133  124  134  132  126  135  122  119  124  129  130  119  125  118  116  135  121  121  117  118  114  114  115  108  124  121  118  119   34
ch:  63  146  139  135  135  138  122  131  122  135  125  133  132  139  122  126  121  133  121  127  136  127  109  125  121  117  126  131  136  124  124  117   46
ch:  64  124  146  121  138  136  138  136  134  132  124  124  131  123  120  123  122  130  108  116  120  116  111  118  116  107  124  115  119  120  109  130   37
ch:  65  135  141  131  136  123  131  133  120  134  132  129  113  119  134  117  139  125  126  142  134  125  140  131  134  119  116  119  107  121  126  118   11
ch:  66  138  139  126  133  134  121  127  132  123  134  126  136  118  120  131  122  122  119  123  115  131  103  106  113  115  108  120  120  114  119  119   28
ch:  67  125  139  132  132  134  139  129  126  134  131  124  122  137  121  135  133  123  120  120  121  120  131  123  135  115  121  120  132  134  121  134   30
ch:  68  130  139  136  127  133  134  122  120  121  120  111  123  133  122  116  124  121  124  121  122  119  120  115  116  108  124  116  108  121  107  125   26
ch:  69  146  124  134  136  137  126  142  131  126  127  134  136  122  124  118  141  134  132  123  136  130  120  122  137  132  132  140  125  132  120  132   12
ch:  70  133  131  133  147  125  119  122  130  131  124  123  130  126  118  121  122  121  129  111  113  125  120  120  124  121  118  107  117  110  117  122   35
ch:  71  132  134  136  127  126  138  132  131  137  131  133  139  122  141  135  124  121  122  122  130  134  119  125  125  117  135  134  122  129  122  138   45
ch:  72  134  132  115  135  134  131  133  126  126  118  117  132  124  120  115  117  131  119  119  110  122  110  104  107  121  116  109  117  110  111  117   33
ch:  73  138  137  137  140  137  125  142  140  138  140  133  120  137  124  133  131  116  124  133  125  123  135  118  126  117  127  123  124  116  122  124   11
ch:  74  136  133  138  126  132  121  134  126  134  127  120  116  120  116  124  132  117  118  123  111  121  118  108  121  108  118  120  113  119  118  115   32
ch:  75  141  136  137  138  131  136  133  147  138  134  131  135  121  126  126  126  132  133  135  127  125  131  134  122  131  120  122  126  132  124  122   30
ch:  76  134  132  136  141  125  119  132  116  124  125  121  118  117  115  123  119  117  118  115  110  120  119  121  118  102  118  119  123  116  133  117   34
ch:  77  134  143  136  146  134  134  133  135  119  131  132  127  126  126  136  132  111  125  119  125  120  130  121  111  125  118  126  133  127  122  125   11
ch:  78  145  134  131  125  134  138  131  123  123  122  131  125  123  126  127  122  122  125  121  118  126  114  125  121  124  123  117  119  114  122  119   40
ch:  79  139  134  136  137  124  133  140  134  138  134  124  133  134  131  122  124  138  119  132  130  124  133  138  123  132  126  122  130  136  115  110   40
ch:  80  131  138  124  137  121  126  127  132  116  121  127  124  125  124  120  127  118  135  117  124  118  115  115  117  114  107  118  121  120  118  110   30
ch:  81  133  148  136  132  142  137  124  134  129  139  126  127  136  133  125  116  132  135  134  123  132  125  121  123  131  125  126  115  134  117  135   11
ch:  82  136  126  137  122  119  136  132  136  129  119  114  120  125  133  133  122  121  116  103  117  111  117  117  112  116  120  117  114  115  106  110   28
ch:  83  135  134  136  139  138  142  133  142  134  134  117  132  119  137  134  125  122  117  139  126  131  136  132  135  127  130  131  127  136  134  138   29
ch:  84  141  135  133  125  124  117  124  131  131  125  121  123  117  119  109  134  124  110  119  122  121  107  107  105  119  109  124  118  121  117  108   30
ch:  85  135  135  136  136  126  135  126  124  124  138  134  122  136  133  119  142  124  134  121  129  132  122  125  121  139  132  123  123  127  133  138   12
ch:  86  141  142  127  126  125  125  119  139  140  123  122  124  116  116  112  121  116  117  107  124  119  121  121  118  119  115  107  105  104  121  109   25
ch:  87  141  134  133  120  138  133  139  133  132  134  126  143  134  104  132  123  114  125  132  126  140  133  133  131  124  141  131  124  118  134  132   26
ch:  88  136  125  130  147  132  120  134  134  122  121  116  119  125  128  115  124  122  123  116  121  117  108  120  108  113  115  121  107  109  116  116   41
ch:  89  133  135  131  125  138  137  139  127  136  123  140  125  133  127  122  134  125  123  109  117  127  125  120  121  122  123  122  125  125  122  133   11
ch:  90  120  127  126  127  121  127  122  126  130  116  123  123  122  117  127  118  108  116  117  132  117  101  126  109  119  120  109  124  120   99  110   21
ch:  91  132  135  131  135  123  124  126  137  142  124  125  123  132  125  139  131  138  125  107  110  124  113  137  132  112  122  127  139  122  123  117   29
ch:  92  123  133  135  121  135  124  118  133  124  117  123  132  126  115  132  117  120  119  115  111  126  110  109  110  108  119  114  108  119  116  118   34
ch:  93  133  131  137  141  134  122  124  134  136  130  126  124  135  140  133  132  136  122  135  122  120  131  131  131  126  119  124  136  115  114  134   12
ch:  94  126  138  137  132  131  130  136  123  116  123  131  122  110  123  135  109  115  105  108  110  108  119  131  111  101  123  117  116  120  111  110   28
ch:  95  133  134  135  140  131  120  135  137  135  134  122  122  123  127  137  130  137  132  121  137  137  122  133  123  137  133  130  122  124  129  140   24
ch:  96  131  124  134  122  139  124  119  125  134  124  125  116  114  133  106  108  102  118  117  125  121  123  108  119  115  120  119  118  119  120  110   24
ch:  97  139  127  137  124  132  133  142  137  124  126  125  132  134  127  133  133  122  126  132  116  123  126  121  119  121  121  132  120  116  131  109   11
ch:  98  136  122  140  118  132  133  134  121  131  117  118  121  115  117  134  116  118  121  134  119  108  118  124  108  116  131  114  117  115  115  114   18
ch:  99  130  134  138  130  123  131  135  136  142  130  136  136  136  121  123  136  119  132  131  127  129  125  125  124  123  133  124  120  121  132  124   18
ch: 100  132  133  140  122  130  140  136  122  125  122  126  121  125  123  118  121  120  117  119  118  121  119  125  124  107  126  115  122  118  135  124   17
ch: 101  136  136  140  127  148  135  122  125  134  136  124  132  139  135  122  125  130  123  123  125  120  120  124  120  123  133  117  136  124  125  124   12
ch: 102  137  126  123  132  127  131  122  118  131  127  109  118  136  119  119  116  124  126  115  115  116  110  109  121  122  108  119  108  125  123  119   18
ch: 103  139  137  131  125  125  132  124  133  135  132  121  118  133  134  118  130  123  131  138  119  125  119  121  118  132  120  116  131  118  123  120   27
ch: 104  125  126  134  138  122  117  125  132  108  125  121  120  105  117  119  116  119  119  119  120  104  127  107  110  117  119  116  113  109  109  106   10
ch: 105  134  139  126  143  133  139  133  136  138  131  123  135  132  136  131  123  127  132  132  116  134  131  121  126  126  117  116  123  123  132  132   11
ch: 106  127  123  136  131  132  117  136  126  110  134  124  134  135  126  117  121  121  107  118  118  113  130  117  118  121  119  110  101  122  118  122   14
ch: 107  138  121  132  137  134  126  114  136  137  135  123  133  131  135  131  119  120  130  127  129  118  132  126  124  134  135  119  127  135  134  131   23
ch: 108  129  124  123  119  127  125  123  130  123  125  133  113  125  130  125  126  116  115  119  122  114  124  119  115  107  103  104  109  115  116  116   16
ch: 109  129  132  132  136  132  131  137  121  131  124  134  130  132  134  123  124  125  123  113  124  114  117  134  114  124  132  125  121  135  122  131   12
ch: 110  125  119  136  132  122  123  131  124  130  132  116  111  123  125  118  114  121  120  118  108  113  108  114  108  121  124  110  106  118  116  113   17
ch: 111  132  143  141  134  134  135  136  124  126  130  123  133  132  119  135  124  134  124  131  133  123  129  126  133  125  120  123  121  120  123  137   14
ch: 112  121  136  132  126  124  122  131  133  124  126  124  126  122  125  110  120  122  120  113  115  115  126  116  114  120  105  119  121  119  110  117   19
ch: 113  135  140  122  135  123  130  130  127  129  134  133  134  132  124  132  120  121  121  132  124  119  122  118  127  122  121  125  132  136  125  131    9
ch: 114  127  133  126  122  125  123  120  122  122  118  110  122  123  120  124  119  124  119  110  116  108  121  120  122  124  121  116  124  120  123  130   17
ch: 115  135  136  124  137  138  125  122  139  133  129  132  134  124  124  119  139  119  134  119  124  135  118  132  133  125  126  133  126  124  141  135   14
ch: 116  132  139  132  123  126  131  116  123  122  119  122  119  119  134  115  125  118  110  107  107  108  114  117  121  120  110  110  105  104  112  115   13
ch: 117  136  136  126  139  137  127  137  126  123  131  121  132  136  123  119  122  123  119  134  123  124  124  118  119  122  135  122  132  122  117  120    5
ch: 118  136  131  135  124  131  123  132  122  119  122  125  131  117  115  119  118  124  118  120  108  108  107  111  115  102  108  118  107  116  126  124    8
ch: 119  141  129  132  133  123  127  135  142  135  121  126  125  125  121  126  134  122  135  124  123  134  120  131  122  115  119  131  136  121  120  118    8
ch: 120  138  121  132  135  134  121  122  126  125  121  127  127  116  111  128  115  125  120  101  122  129  117  117  115  120  115  108  111  113  122  107   11
ch: 121  131  149  123  126  134  141  133  123  135  125  131  125  123  126  123  131  134  134  121  121  120  123  118  126  130  123  124  130  118  134  130   -1
ch: 122  124  125  138  131  126  123  121  135  121  125  119  122  121  120  125  131  119  115  111  118  119  123  126  115  116  122  119  122  117  117  118   -1
ch: 123  135  123  137  131  136  123  134  124  127  123  123  124  124  129  140  129  126  119  109  127  131  141  137  130  124  115  130  126  125  108  124   35
ch: 124  137  138  118  134  132  121  133  121  122  134  123  118  138  127  121  118  122  119  116  121  121  123  119  116  108  117  111  115  120  117  115   -1
ch: 125  132  136  117  148  122  124  124  123  119  127  133  134  136  135  136  132  118  122  130  116  125  134  122  117  117  121  126  121  124  137  125   -1
ch: 126  130  134  122  134  131  133  125  135  136  122  125  123  119  122  119  118  120  118  118  131  118  112  105  107  118  124  115  117  117  116  113   -1
ch: 127  148  125  133  124  119  127  142  124  142  132  145  118  125  134  126  126  136  125  119  127  120  132  121  148  126  121  119  119  123  124  146   -1
