# ID XA-000-08-003-000-001-172-13
# Tag _trim_
# Date 240710_20:03:10
# Vref_p 58
# Vref_n 24
# Thr2_glb 46
# Vref_t 118
# Vref_t_range 1
# Pol 1
# ADC range 30-247
# FAST disc 30
ch:   0  133  119  126  120  122  131  120  125  116  114  117  108  107  124  115   -1  114   98  122  102  103  115  111  104  107  104  118  107  106  109  112    4
ch:   1  106  116  109  116  120  114  105  108  108  115  102  107   95  104  101   94  102  100  101  108   86   90   88   91   93   93   92   87   92   92  101   25
ch:   2  111  108  121  124  131  120  106  109  115  118  116  122  117  103  108  104  121  101  103  105  114  105  108  114  120  107  115   92  103  107  103    7
ch:   3  121  117  119  118  118  115  104  113  107  106  102  100  107  102  116  103  103  110  119  105  116  113  107  119  110   99  117  106  105  101  119   48
ch:   4  116  125  113  115  113  117  117  123  121  115  106  119  115   -1  104  114  114  101   99  101   91  102  104   91  105  101  114  103  104  107  105    5
ch:   5  109  108  118  115  117  122  116  120  107  120  116  108  108  106  110  116  110  105   99  115   99  105  101  105  102  107  103  117  106  102  116   56
ch:   6  108  122  117  114  123  116  125  103  116  110  109  115  109  116  104  106  104  105  109  114  108   98  100  105  101  100  111  110  114  114  106    7
ch:   7  121  119  115  122  118  119  103  110  108  112  101  102  119  107  118  101  114  104   98  104   92  107  106  108  102   93  103  101  105  106  104   53
ch:   8  123  118  119  121  124  118  102  124  108  107  109  115  116  107  115  106  102  104  105  105  104  104  104  104  103  101  109  107  116   92  105   15
ch:   9  103  106  109  119  115  119  117  117  110  108  124  111  117  108  108  100  114  106  103  100  114  108  103  104  100   83  102   94  108  119  116   56
ch:  10  117  130  109  122  123  120  121  107  120  107  110  115  108  118  102  117  105  102  101  110  102  102  100  102  103  110  114  102  109  105  117   10
ch:  11  130  109  118  108  118  107  114  120  117  121  109  112  110   99  119  112  104  105  116  116  115  103  102  103  112  103  110  115  105  109  104   52
ch:  12  118  106  116  117  119  119  108  109  109  116  116  116  106  115  107  104  116  105  107   99  104  107  111  107  105  106  108   93  107  104  104   11
ch:  13  123  117  104  116  125  103  120  105  117  114  116  105  105  119  102  108  103  103  104  115  119  104  105  103  104  108  103  111   93  108  107   54
ch:  14  121  119  107  122  117  122  116  114  115  111  117  115  118  118  101  105  104  113  103  107   98  105  106  104  109  103  104  100  104   99  115    8
ch:  15  123  122  117  117  106  116  120  110  114  121  122  119  109  109  108  103  103  116  104  109  104  104  113   91  105  108  107  107  108  107  106   56
ch:  16  112  121  121  131  109  122  122  123  109  109  105  109  104  120  121  100   91  103  106  105  120  108  103  109  102  109  103   93  103  106  111   16
ch:  17  124  120  126  124  105  122  108  109  108  116  123  106  106  116  104  104  100  100  105  124  107  109  105  109  101  106  115  121  103  106  115   56
ch:  18  119  131  118  122  105  110  113  114  102  118  107  110  106  120  116  109  109  104  114  107  104  105  100  108  110  117  110  110   98   99  119   23
ch:  19  118  117  119  123  119  121  115  122  109  107  108  105  115  103  110  110  109  108  107  116  104  116  101  103  106  115  105  107  108  104  108   56
ch:  20  118  135  108  121  118  116  133  113  118  126  119  105  122  117  105  110  105  106   98  110  107  104  106  104  112  103  117  105  109  102  123   14
ch:  21  124  120  119  119  118  119  119  107  114  111  113  105  102  110  116  114  124  102  116  100  107  103  106  105  108  103  108  116  114  108  110   45
ch:  22  117  129  123  122  123  118  123  118  109  126  105  100  118  115  108  108  120  105  101  104  100  101  107  114  117  115   92  114  117  114  109   28
ch:  23  122  125  131  123  120  115  118  110  106  115  106  106  105  106  110  106  101  102  105  104  103  117   92  105  106  100  104  104   94  121  102   56
ch:  24  118  118  129  117  117  119  118  119  109  116  109  118  105   94  109  104  114  101  105  104  106  106   99  105  115  102  106  119   91  101  105   20
ch:  25  116  123  117  116  120  119  109  123  122  124  107  115  120  105  101  106  113  104  102  120  120  103  106  104  116  100  110  106  103  109  115   56
ch:  26  119  132  120  122  106  115  107  115  121  104   97  108  110  119  106  104  117  103   98  104  114  103  106  104  102  101  107  119  103  104  111   22
ch:  27  132  124  122  124  120  118  118   94  118  118  124  106  105  103  104  121  118  112  115  106  105  102  101  109  107  109  107  109  117  103  109   56
ch:  28  119  122  119  117  132  118  123  107  120  118  115  103  111  102  112  119  106  107  103  105  118  106  111  109  105  117  108  106  105  105  118   35
ch:  29  120  117  124  119  108  110  118  106  106  122  116  116  120  103  111  117  108  105  102  115  101  104  109  108  118  105  108  109  119  118  106   56
ch:  30  124  119  123  131  121  131  110  119  119  116  120  102  115  105  107  118  116  109  105  107  105  117  102  106  112  109   86  120  107  118  109   23
ch:  31  119  116  123  130  116  114  123  105  119  105  119  108  132  115  108  120  119  104  108   99  107  103  107  113  110  109  105  107  114  122  108   56
ch:  32  124  125  120  126  124  117  108  121  118  114  121  115  119  121  116  105  107  106  108  100  117  102  113  100  117  105  115  114  119  108  117   29
ch:  33  123  131  130  119  120  122  123  114  114  103  117  118  114  110  116  133  119  116  116  106  117  115  123  105  120  101  117  109  117  116  119   56
ch:  34  131  135  121  118  120  119  122  118  124  118  120  120  108  123  106  105  104  117  121  115  110  107  115  119  122   94   92  106  118  120  113   23
ch:  35  115  123  109  121  120  122  116  118  110  104  121  104  106  114  110  110  108  103   99  106  108  107  105  106   99  103  105  105  101  107  102   48
ch:  36  120  118  118  118  118  134  114  122  116  117  121  118  122  122  105  114  101  103  108  104  116  108  109  105  115  111  114  108  110  120  121   24
ch:  37  116  119  122  101  116  124  120  114  113  113  108  122  104  108  107  121  116  116  110  109  102  116  105  103  105  102  103  119  106  103  104   44
ch:  38  132  119  117  124  122  120  125  118  116  114   99  120  121  110  118  122  108  107  104  108  105  117  105  105  105  108  111  102  121  107  115   21
ch:  39  108  107  115  125  108  106  117  119  117  116  108  115  113  120  117  113  106  115  111  105  101  106  118  105  111  110  106  115  118  102  120   43
ch:  40  124  122  120  114  122  124  114  111  117  105  117   -1  114  111  110  120  113  109  104  103  121  102  117  106  104  115  118  119  100  106  102   32
ch:  41  121  125  117  127  123  121  110  109  102  116  109  116  116  103  109  103  120  105  115  115  106  105  103  104  114  107  105  103  117  107  107   50
ch:  42  123  121  124  120  131  115  114  122  125  121  110  125  117  120  101  101  117  105  102  108  109  117  101  116  116  118  124  106  104  120  110   32
ch:  43  109  123  117  120  115  116  114  114  118  107  119  104  119  119  109  112   93  107  107  105  109  101  103  107  109  116  108  108  112  110  116   39
ch:  44  123  122  118  117  115  125  109  116  123  117  118  107  119  112  107  113  102  114  111  115  102  105  116  108  116  119  103  106  119  117  115   28
ch:  45  117  117  117  126  114  126  114  123  117  115  111  119  114  107  108  108  117  105  105  108  104   -1  116  115  102   96  114  107  103  111  118   43
ch:  46  122  121  122  124  123  118  120  117  109  130  119  107  121  118  105  105  115  122  114  106  107  109  106  118  104  108  108  106  110  115  109   28
ch:  47  121  137  117  119  116  116  120  122  110  122  116  122  110  119  117  108  109  117  107  119  103  108  117  103  114  118  102  115  115  117  121   49
ch:  48  120  119  125  124  118  123  120  103  116  122  103  117  108  121  108  115  119  116  102  107  106  116  113  116  101  107  106  108  116  107  120   30
ch:  49  125  100  117  136  118  122  118  118  117  106  108  118  109  115  107  101  108  107  107  117  106  109  103  109  111  109  116  107  106  117  115   28
ch:  50  121  115  130  124  124  131  106  119  123  119  123  110  118  116  116  118  107  102  108  105  100  121  108  118  116  127  108  108  104  114  107   25
ch:  51  124  123  133  136  109  122  118  120  105  116  119  120  116  114  117  115  103  105  100  105  104  121  105  106  104  106  104  109  110  109  107   39
ch:  52  122  118  121  125  123  122  121  117  118  120  119  118  123  109  108  123  115  117  121  114  111  115  116  115  110  107  116  113  107  119  105   25
ch:  53  107  106  122  125  118  126  120  103  121  126  107  111  107  113  110  121  116  110  108  106  101  116  108  116   93  107  109  101  109  123  117   49
ch:  54  120  121  126  116  118  110  118  122  117  118  119  114  106  125  116  119  114  109  118  115  119  105  109  118  118  114  116  124  122  110  123   27
ch:  55  118  123  114  126  114  117  103  118  118  117  107  108  116  123  124  107  106  120  108  105  105  101  111  105  115  106  104  104  117  125  116   29
ch:  56  125  133  117  117  114  132  124  119  129  122  107  117  120  121  118  114  107  103  118  110  107  114  118  106  108  106  108  115  110  120  111   19
ch:  57  123  133  123  121  123  116  133  105  109  116  109  109  105  125  116  118  110   94  108  114  119  112  102  114  106  106  116  119  108  118  112   27
ch:  58  116  120  132  123  123  116  118  110  116  118  116  118  123  106  115  120  122  115  102  108  108  105  100  104  102  104  108  122  116  118  117   34
ch:  59  129  109  126  116  131  116  134  121  122  118  126  116  117  108  106  102   90  105  111  116  113   99  118  115  110  116  105  111  114  107  110   36
ch:  60  121  124  118  121  123  122  114  121  119  118  118  120  121  120  104  118  100  107  108  106  114  108  106  107  117  108  108  108  116  111  113   35
ch:  61  123  116  131  135  126  131  116  107  106  125  103  121  117  120  110  107  117  105  111  120  117  112  121  112  110   92  107  110  109  109  114   29
ch:  62  115   -1  120  119  127  108  118  115  116  120  117  120  111  116  112  118  100  105  122  116  100  118  104  102  108  111  110  107  104  111  107   43
ch:  63  119  120  134  117  110  117  107  122  111  108  106  115  110  117  104  106  115  105  110  109  115  118  117  105  109  118  106  108  106  117  113   43
ch:  64  124  121  124  131  124  121  117  108  122  124  126  117  124  115  114  107  107  107  122  107  104  101  104  116  116  109  133  109  105  118  124   32
ch:  65  131  123  121  108  119  122  116  121  119  123  119  110  108  110  118  120  109   -1  110  105  106  115  102  109  105  111  102  106  101  117  113   38
ch:  66  123  131  121  116  124  118  123  118  104  119  115  116  117  111  109   93  104  119  103  109  112  104  104  114  115  109  109  119  106   99  109   29
ch:  67  123  108  115  119  119  124  124  116  103  115  118  117  107  116  108  115  119  122  104   93  105  109  106  106  118  105  118  101  115  109  120   56
ch:  68  111  133  109  121  131  132  117  109  110  109  116  109  109  110  109  105  102  114  106  104  109  104  117  104  109  117  105  115  104  107  111   29
ch:  69  121  119  125  123  121  125  120  119  120  120  125  132  120  119  115  119  104  119  104  117  118  121  116  108  106  106  119  107  119  117  101   31
ch:  70  119  116  121  117  122  121  134  120  119  116  111  116  121  116  108  104  113  114  116  107  114  109  106  118  118  109  106  115  107  105  109   27
ch:  71  120  117  117  118  121  135  108  109  120  110  122  111  119  109  117  109  107  111  104  112  104  101  107  101  106  115  106  111  108  105  109   28
ch:  72  125  122  107  120  116  109  119  123  115  119  118  111  105  112  116  108  116  119  118  108  103  106  106  109  118  109  102  101  107  115  105   30
ch:  73  135  127  118  121  118  118  125  120  120  116  116  115  118  100  105   94   92  117  110  119  118  107  110  107  102  107  107  110  113  115  108   37
ch:  74  115  116  123  123  123  121  119  132  117  116  120  117  108  123  102  111  119  122  119  104  121  114   99  110  117  108  107  108  102  107  116   23
ch:  75  123  130  118  120  118  121  115  118  109  117  104  101  116  121  117  115  104  108  118  106  107  105   98  113  119  116  117  108  108  109  116   41
ch:  76  125  125  125  126  124  117  106  122  110  122  116  116  108  112  119  126  107  109  109  115  112  106  108  105  104  115  115  106  120  108  119   28
ch:  77  133  127  118  123  117  131  120  122  121  104  117  124  111  100  106  106  105  109  107  102  108  110  107  107  105  110  105  105  122  104  115   34
ch:  78  125  119  133  122  130  116  119  119  117  121  101  106  116  104  106  117  108  108  102  115  106  116  105  108  120  109   99  118  102  109  116   24
ch:  79  118  121  124  117  119  119  126  120  125  116  117  121  122  105  117  115  117  100  107  113  107  106  101  105  104  108  121  118  116  114  116   41
ch:  80  126  126  121  121  115  122  128  120  119  120  119  122  114  106  117  120  107   99  115  107  120  115  104  118  100  105  115  115  112  118  107   28
ch:  81  120  122  119  116  120  119  118  107  120  115  120  111  114  118  116  107  118  108   99  109  107  107  104  107  112  106  103  112  109  109  107   38
ch:  82  118  120  121  126  120  116  118  120  117  104  105  120  111  104  103  107  105  119  115  100  106  105  107  114  103   98  109  102  100  101  107   21
ch:  83  116  125  120  107  124  118  118  103  116  105  120  121  111  118  116  118  105  117  103  118  107  105  133  106  119  114  103  111  118  116  119   44
ch:  84  122  117  125  130  122  120  109  126  118  119  117  103  117  115  123  113  111  101  106  122  107  113  111  109  106  115  105  108  105  116  103   25
ch:  85  125  116  117  120  125  119  115  120  124  119  104  106  116  115  121  108  107  108  125   99  105  125  105  106  105  115  114  116  106  108  123   47
ch:  86  122  114  115  118  115  121  119  106  129  101  123  109  120  119  103  108  108  108  105   93  103  117  110  115  102  107  109  100  103  115  104   23
ch:  87  119  123  123  104  121  129  122  119  117  111  118  115  107  117  111  107  102  106  118  101  111  115  111  114  109   98  108  115   99  116  119   43
ch:  88  124  116  117  109  116  119  117  117  117  116  120  116  105  107  122  119  117  115  103  116  108  110  105  115  114  104  114  111  112  115  117   20
ch:  89  119  122  121  110  116  118  109  122  115  116  117  118  109  104  114  118  116  102  108   97  110  103  104  108  106   99  116  115  116  111  116   41
ch:  90  118  117  123  122  133  117  119  121  114  123  123  116  120  103  123  104  106  105  109  104  110  105  102  108  107  107  100  104  102  111  118   28
ch:  91  117  129  123  116  123  119  109  103  118  118  120  108  114  103  107  116  110  110  124  110  104  117  100  120  120  108  116  103  104  120  103   44
ch:  92  125  115  122  119  118  105  118  106  126  105  120  111  116  108  117  115  109  108  117  110  120  103  106  109  100  101  108  115  100  107  110   27
ch:  93   95  117  123  116  117  120  115  108  110  109  106  103  110  108  109  119  108  103  105  103  102  109  105  102  106  115  119  113  117  113  120   40
ch:  94  120  123  118  120  117  121  108  117  118  110  114  109  108  111  108  104  107  115  110  109  100   94   98  101  110  114  110  117  103  108  106   19
ch:  95  127  121  118  120  118  121  121  107  115  117  108  107  107  114  113  108  113  117  109  112  108  102  118  107  108  118  117  108  111  109  108   40
ch:  96  109  130  117  117  118  126  108  118  114  125  107  120  106  120  108  103  108  109  107  105  102  106  107  105  108  105  116  103  107  107  129   29
ch:  97  118  122  133  109  107  109  108  117  105  118  115  110  112  117  115  107  120  100  115  105  107  111   94  106  113  104  103  103  123  122  111   37
ch:  98  119  120  121  122  130  119  122  117  104  118  119  107  119  104  122  110  115  115  103  107  105  102  102  104   95  104  105  103  103  115  112   34
ch:  99  110  124  129  121  125  116  123  113  115  114  106  108  123  107  106  107   99  105  106  115  101  119  113  113  123  118  108  118  104  109  109   44
ch: 100  120  118  123  105  121  116  121  101  118  104  110  120  105  116  103  101  121  119  102  108  117  104  103  109  108   89  106  113  109  103   98   30
ch: 101  120  121  115  126  121  123  125  121  122  104  106  117  117  121  116  102  109  106  114  106  115  106  115  108  106  108  107  105  104  113  115   45
ch: 102  124  118  123  120  122  105  120  119  104  122  115  119  108  106  119  111  104  122  120  105  104  109  119  116  114  115  109  105  117  103  121   19
ch: 103  122  134  119  119  115  119  119  118  117  122  118  109  116  122  107  101  105  100  119  106  119  101  108  114  104  105  117  107  109  104  119   37
ch: 104  122  114  131  120  123  121  108  122  114  120  107  108  104  109  116  106  103  104  101  104  110  108  109  109  101  103  102  107   99  111  117   22
ch: 105  124  121  124  120  109  120  114  114  109  107  108  112  111  107  117  103  105  109  104  114  109  105  106  118  107  100  109   97  101  109  110   38
ch: 106  119  120  117  108  119  116  131  115  120  118  114  115  104  107  114  104  102  110  107  105  117  100  101   94  101  104  121  100  108  111  104   21
ch: 107  122  121  121  123  117  124  124  116  114  115  121  108  101  109  101  114  117  122  115  108  106  120   99  113  105  116  118  114  113  123  115   55
ch: 108  125  124  118  124  124  122  100  117  117  115  103  114  120  112   98  108  102   95  109  117  104  100  102  106  106  105   95  100  116  111  107   29
ch: 109  122  109  130  133  117  123  124  119  109  118  116  119  102  114  101  116  123  117  116  107  107  114  121  119  118  124  100  120  117  124  116   56
ch: 110  123  120  118  118  121  120  118  115  119  116  108  101  131  120  106  119  116  104  106  105  104  120  105  113  104  107  104  106  114  110  103   20
ch: 111  120  123  116  116  122  110  113  105  122  119  110  109  114  108  118  119  108  117  103  106  112  118  107  105  107  109  110  122  115  110  107   41
ch: 112  116  119  129  118  130  124  111  122  109  109  120  110  118  101  118  106  120  111  106  108  100  106  102  120  107  110  106  109  110  107  122   20
ch: 113  134  121  107  123  118  132  136  120  104  114  107  109  108  121  109  103  117  103  109  108  108  104  105  100  104  101  120  119  105  102  106   56
ch: 114  119  129  124  122  119  114  117  110  106  114  116  115  115  114  110  108  107  109  108  104  108  106  119  106  107  115  102  100  109  109  109   17
ch: 115  119  117  120  121  120  109  118  125  122  116  120  110  119  110  103  105  107  104  111  102  117  109  113   99  113  103  100   95  110  108  116   40
ch: 116  124  122  121  122  136  124  120  118  105  106  109  114  115  103  104  101  103  105  100  114  100  105  111  109  110  105  104  104  107  100  108   26
ch: 117  127  119  119  116  108  120  116  113  121  123  121  114  107  116  119  103  119  107  101  120   94  106  118  102  116   97  117  105   98  118  114   56
ch: 118  122  124  125  122  130  130  121  122  125  117  109  118  108  104  121  102  106  109  107   91  102  102  108  116  105  106  104  103  108  115  119   19
ch: 119  132  125  125  107  114  114  122  119  115  108  106  117  109  107  104   99  108  128  111  115  121  120  100  105  118  119  113  108  106   99  109   48
ch: 120  123  123  117  130  125  109  119  115  114  107  105  116  123  117  103  112  107  113  105  103  108  115  103  108  106  109  105  104  109  116  120   20
ch: 121  118  117  116  114  132  122  108  120  114  123   99  117  114  106  125  117  114  106  116  109  103   99  115  104  105  100  104  117  107  107  102   50
ch: 122  115  118  119  123  135  125  119  125  118  107  108  119  122  115  104  108  100  101  101  104   98  101  108  103  103  102  109  115  113  108  109    6
ch: 123  123  132  124  118  123  107  106  107  106  110   94  108  109  109  101  116  117  115  105  103  103  115  108  116  120  102  101  101  106  108  118   37
ch: 124  124  135  135   -1  123  116  110  104  117  115  110  108  110  108  114  105   93  106  111  113  101  117  109  103  108  102  104  120  119  118  103    8
ch: 125  132  133  125  116  122  120  120  120  120  120  122  116  122  103  123  113  109  108  117  103  118  104  107  119  119  109  115   92  124  115  124   45
ch: 126  130  118  122  120  137  116  124  134  103  108  118  117  107  106  116  107  108  109  105  104  104  102  112  102  113  105  107  104  101  122  107    5
ch: 127  126  121  134  130  127  123  122  118  132  122  121  133  133  118  110  115  123  113  122  118  107  105  109  105  124  109  121  114  119  107  120   24
