# ID XA-000-08-003-000-001-191-10
# Tag _trim_
# Date 240710_19:26:02
# Vref_p 56
# Vref_n 25
# Thr2_glb 38
# Vref_t 118
# Vref_t_range 1
# Pol 0
# ADC range 30-247
# FAST disc 30
ch:   0  133  131  127  141  126  138  131  126  131  123  122  127  127  123  123  122  133  117  114  125  114  115  115  108  102  110  117  104  109  115  124   21
ch:   1  130  133  126  135  130  134  131  135  136  127  130  123  125  121  126  123  119  110  126  131  120  121  120  124  123  115  122  120  116  120  126   43
ch:   2  123  123  116  127  131  124  130  106  121  117  125  125  116  121  130  117  118  119  107  117  120  114  112  117  116  107  107  110  120  119  110   33
ch:   3  135  132  130  132  131  136  132  125  132  130  118  129  133  116  120  118  120  130  116  125  117  125  123  122  108  119  122  121  120  119  115   56
ch:   4  139  123  135  131  126  139  125  126  118  120  124  121  120  115  114  126  115  120  117  121  122  121  124  115  116  108  116  117  107  116  121   39
ch:   5  130  130  133  127  133  134  127  126  115  137  130  133  131  130  119  113  131  118  119  121  127  126  126  130  123  124  130  122  117  129  120   56
ch:   6  126  122  124  132  124  136  135  130  129  129  122  122  118  134  109  121  106  108  121  118  107  130  118  116  117  133  118  108  108  116  124   41
ch:   7  123  132  127  130  134  132  117  121  131  130  121  119  128  124  113  121  114  125  116  116  128  116  101  110  129  119  110  115  119  115  131   56
ch:   8  123  138  129  131  126  130  136  126  129  132  124  132  121  124  130  118  133  124  122  126  109  124  118  120  124  115  126  122  103  106  121   48
ch:   9  137  131  124  126  134  135  127  123  129  124  130  123  132  126  127  122  114  121  136  130  125  121  120  123  122  119  121  123  133  123  131   56
ch:  10  122  130  131  125  133  133  133  130  133  130  133  121  122  114  130  116  121  121  111  104  121  123  109  113  116  119  123  118  117  122  109   49
ch:  11  133  132  126  127  137  133  126  124  131  126  126  115  123  122  124  127  130  126  132  131  134  121  121  125  120  121  119  130  124  124  130   56
ch:  12  134  124  134  136  123  127  132  130  133  118  123  122  123  115  116  117  117  115  118  121  123  124  119  120  120  115  114  116  111  109  121   46
ch:  13  135  139  122  123  134  138  121  106  132  132  126  129  126  125  121  136  124  124  122  118  126  120  123  117  132  124  121  110  117  132  123   54
ch:  14  132  136  138  134  127  126  131  125  122  123  135  121  123  121  135  121  122  117  117  117  123  111  119  130  118  126  118  120  117  123  118   33
ch:  15  137  131  125  132  133  122  122  124  133  127  133  120  114  119  123  132  122  132  122  123  127  118  122  122  122  121  132  126  134  119  131   56
ch:  16  138  123  127  124  130  127  132  125  124  125  122  135  130  119  133  123  117  116  124  123  121  122  116  121  121  106  117  120  118  113  124   39
ch:  17  148  146  124  134  124  122  123  136  131  132  125  125  129  129  125  120  126  122  124  127  121  109  124  121  123  118  118  119  124  118  125   56
ch:  18  126  123  132  132  133  121  118  120  135  123  122  131  121  117  124  124  124  107  132  116  118  121  120  116  110  121  121  123  121  106  121   38
ch:  19  131  139  124  136  132  131  133  126  124  138  122  133  133  119  132  123  133  127  126  134  117  108  124  125  116  127  127  140  125  121  125   56
ch:  20  134  123  132  136  125  133  137  130  130  125  121  132  125  122  126  118  108  120  121  132  117  119  111  120  125  106  115  114  108  124  105   41
ch:  21  123  137  133  143  119  124  123  133  131  121  132  123  135  127  130  132  133  138  116  126  127  120  125  126  119  120  125  133  125  123  131   56
ch:  22  125  133  136  124  125  126  119  136  135  129  132  122  123  118  134  121  121  120  117  106  116  118  119  127  120  117  114  118  127  116  119   26
ch:  23  126  133  138  140  123  134  135  136  130  136  133  142  131  132  136  126  122  126  126  121  135  131  129  121  122  131  136  116  125  122  131   56
ch:  24  138  122  122  131  124  125  119  120  122  116  130  115  131  132  125  131  119  119  123  111  118  118  120  108  108  118  116  125  121  130  123   46
ch:  25  126  124  133  132  127  134  125  134  131  132  132  131  133  123  133  122  139  132  124  126  126  122  132  126  127  141  137  122  130  124  138   56
ch:  26  124  129  132  119  121  132  122  134  118  135  127  121  125  130  116  122  117  133  125  116  120  109  120  122  120  118  110  120  124  126  118   56
ch:  27  132  137  132  127  131  130  131  133  125  135  124  134  131  124  125  121  117  114  116  131  127  109  120  129  117  116  123  120  121  121  123   56
ch:  28  134  118  130  125  132  125  129  122  135  121  125  125  125  117  120  124  126  131  122  122  126  123  120  121  120  133  121  121  117  128  117   38
ch:  29  134  122  124  134  135  140  130  123  134  124  126  141  132  119  124  132  122  126  121  126  116  119  129  129  119  124  132  126  121  125  131   46
ch:  30  134  121  135  135  125  124  138  131  125  133  121  120  123  118  123  125  132  118  117  112  118  121  113  120  121  111  121  114  122  116  119   46
ch:  31  122  134  132  135  134  126  127  132  126  124  127  121  132  119  125  126  123  121  123  125  132  117  124  120  117  121  131  126  121  132  138   56
ch:  32  117  134  129  119  123  122  121  124  120  126  121  124  121  122  120  124  126  118  123  118  117  130  125  120  119  120  120  111  114  117  118   39
ch:  33  137  122  132  129  132  132  124  132  120  131  130  132  121  120  130  132  125  125  130  124  119  121  137  132  118  119  125  131  123  123  116   50
ch:  34  134  134  130  117  135  122  135  133  116  132  126  119  131  133  130  130  131  122  123  125  115  119  118  120  127  117  126  124  109  121  123   52
ch:  35  126  130  132  123  137  133  141  125  133  137  135  127  136  131  127  121  116  125  130  121  135  132  130  126  119  121  132  125  133  134  137   56
ch:  36  133  124  136  129  130  120  135  133  126  131  133  126  121  125  124  123  119  118  126  127  121  131  116  114  122  118  124  112  114  120  110   45
ch:  37  130  136  135  134  137  125  132  132  126  130  126  133  134  134  138  120  125  141  133  134  122  130  131  136  131  130  134  121  134  130  137   56
ch:  38  133  122  136  126  126  123  120  130  137  127  137  121  132  122  124  126  122  124  117  115  115  116  126  123  121  117  109  114  123  106  116   44
ch:  39  136  134  131  137  122  152  141  137  130  132  125  118  126  124  126  131  120  141  129  126  122  131  123  127  130  135  125  119  119  123  130   56
ch:  40  125  123  129  124  131  140  118  131  128  128  132  128  123  125  124  120  121  126  108  110  126  115  115  124  122  109  117  118  122  124  123   54
ch:  41  125  134  150  138  131  131  134  134  126  124  123  125  135  126  133  131  126  125  130  121  117  126  126  125  126  124  134  124  121  124  140   56
ch:  42  137  123  126  129  127  110  115  134  121  132  126  127  126  123  123  126  132  125  133  127  116  126  130  122  121  125  120  105  118  120  130   33
ch:  43  133  121  124  122  123  133  131  132  122  126  127  125  118  132  133  123  120  125  134  121  121  123  130  127  124  134  126  127  126  123  124   56
ch:  44  132  140  120  131  132  133  121  130  132  129  130  121  132  126  115  107  132  131  121  117  125  118  123  117  121  107  122  119  125  127  120   55
ch:  45  136  131  135  136  134  134  124  131  126  122  131  135  123  122  118  135  133  119  135  123  123  136  129  139  124  125  122  137  135  123  125   56
ch:  46  133  124  136  133  140  126  137  129  139  126  122  131  140  123  128  123  124  129  131  138  120  123  120  126  119  134  125  119  120  133  124   39
ch:  47  136  131  133  134  134  132  131  134  119  134  139  136  128  129  125  134  123  130  125  130  120  139  132  121  132  135  134  126  123  129  134   56
ch:  48  135  121  137  127  130  130  121  130  124  125  132  121  119  125  120  130  124  122  110  118  123  116  122  116  106  125  105  125  115  119  117   45
ch:  49  136  134  133  141  137  133  125  138  121  138  136  133  132  136  122  135  125  124  124  126  137  134  146  120  124  133  122  124  118  126  130   56
ch:  50  125  122  130  132  130  134  119  122  125  133  122  133  125  121  127  133  120  123  133  120  120  126  117  123  124  116  121  123  117  124  117   45
ch:  51  133  139  127  127  121  135  124  125  138  132  137  126  131  126  136  135  136  121  131  131  136  132  127  132  119  120  117  140  120  139  137   56
ch:  52  140  139  132  118  125  134  124  124  122  132  120  124  122  119  123  124  123  107  114  123  123  118  114  125  106  121  124  124  110  117  107   49
ch:  53  141  124  131  132  134  135  131  119  125  129  119  131  126  126  120  127  122  126  127  140  132  125  131  132  132  139  130  119  118  118  137   56
ch:  54  137  126  134  134  134  130  124  138  119  122  117  135  124  121  121  120  123  116  125  118  118  121  103  110  118  114  121  130  122  120  109   49
ch:  55  133  133  131  116  135   -1  132  136  117  127  136  139  130  136  133  134  130  123  134  126  120  121  126  122  135  133  121  133  119  126  131   53
ch:  56  136  118  123  134  127  134  131  125  127  130  126  125  125  124  123  121  121  118  118  110  118  119  121  115  122  117  126  116  119  119  121   48
ch:  57  124  127  123  130  134  127  138  125  134  141  126  129  130  139  133  136  130  124  121  129  121  114  132  126  122  123  130  136  125  124  130   56
ch:  58  133  125  132  131  125  129  143  122  123  125  125  122  122  124  125  135  122  138  125  120  123  124  123  120  119  120  132  125  119  105  110   49
ch:  59  136  134  139  133  138  137  132  125  120  134  133  136  131  135  132  133  123  132  116  129  138  125  125  126  122  125  137  135  121  126  137   56
ch:  60  134  132  127  118  125  131  133  146  134  122  137  123  123  123  124  132  136  136  116  132  123  134  117  124  127  139  116  123  121  120  141   46
ch:  61  136  133  129  134  128  135  140  131  136  125  126  136  123  133  135  136  137  127  138  125  137  136  125  133  140  125  129  122  126  134  125   56
ch:  62  135  124  125  129  131  131  136  135  137  135  128  126  119  117  125  113  120  116  119  122  122  105  115  106  113  117  105  109  115  124  119   48
ch:  63  136  134  130  134  134  127  125  131  132  136  135  138  130  126  124  122  114  139  125  130  126  129  131  108  132  118  122  127  118  131  132   56
ch:  64  124  123  137  135  126  133  134  122  124  118  133  131  121  125  117  122  118  126  130  110  117  120  124  117  120  124  121  123  116  125  126   40
ch:  65  137  140  126  133  132  132   -1  133  133  142  133  126  131  137  123  137  130  135  131  126  138  119  125  133  127  131  133  120  123  125  125   56
ch:  66  126  132  125  127  121  126  123  127  122  134  124  121  125  129  121  117  119  115  120  115  117  122  122  119  119  125  111  125  122  129  123   46
ch:  67  137  135  127  132  134  129  124  131  140  136  131  135  137  130  134  132  125  130  120  131  129  127  132  130  125  133  117  137  134  133  132   55
ch:  68  122  126  129  124  123  122  133  133  123  127  134  117  134  124  122  125  125  117  121  116  122  116  130  105  128  118  125  116  131  124  121   56
ch:  69  132  130  124  137  123  127  131   -1  126  132  131  126  131  131  130  131  122  132  131  138  111  122  124  125  124  125  138  129  125  126  126   55
ch:  70  133  133  123  141  130  130  123  132  115  131  124  133  125  122  121  122  136  129  116  124  123  121  114  120  131  118  130  122  122  120  116   45
ch:  71  137  134  134  127  134  133  140  131  142  135  132  125  125  132  132  137  130  131  130  142  133  134  134  131  124  131  140  130  123  125  130   52
ch:  72  124  135  129  135  124  130  126  125  126  134  123  123  116  131  125  116  116  131  124  126  120  135  125  116  118  116  119  122  125  119  123   35
ch:  73  139  125  137  133  140  135  133  136  133  124  142  132  123  138  124  131  125  136  136  134  132  131  133  135  120  119  136  137  138  131  117   56
ch:  74  137  126  135  126  121  125  133  130  135  122  131  134  124  123  137  122  137  121  133  116  115  134  130  107  106  124  121  119  124  108  123   44
ch:  75  130  136  130  135  131  136  131  129  134  140  134  124  131  123  137  132  132  131  134  138  130  126  134  136  142  132  132  123  130  127  138   55
ch:  76  132  136  135  122  132  132  127  133  128  126  140  117  124  125  126  133  118  122  132  132  120  117  132  121  120  127  133  117  125  127  118   47
ch:  77  120  134  133  139  129  130  131  121  133  137  126  136  126  132  123  133  126  124   -1  123  134  136  129  119  123  129  134  133  132  123  137   56
ch:  78  127  134  139  132  123  124  133  131  123  134  131  121  122  125  122  131  133  116  126  131  116  119  120  126  130  119  124  120  123  123  125   43
ch:  79  135  125  132  140  134  130  120  132  132  137  123  137  134  123  130  135  132  131  124  130  125  131  138  132  126  123  123  122  134  132  123   56
ch:  80  125  137  132  133  134  117  132  136  135  115  119  127  117  135  115  117  125  119  118  124  122  111  118  117  123  119  109  105  123  131  120   41
ch:  81  132  134  148  137  122  137  140  131  125  137  127  134  132  140  127  124  124  131  130  129  130  120  122  119  116  131  130  127  131  133  130   56
ch:  82  138  126  125  133  124  130  124  116  133  121  130  135  132  128  120  130  116  125  135  122  117  124  108  114  108  120  115  133  119  117  110   37
ch:  83  126  126  125  132  125  134  133  127  137  142  132  121  130  132  125  135  140  116  126  121  132  121  135  132  122  135  123  121  122  127  132   54
ch:  84  127  136  137  134  133  123  136  120  121  126  124  127  130  123  120  119  119  116  117  107  121  106  126  116  124  122  117  125  108  122  123   46
ch:  85  124  138  139  123  130  120  130  145  132  126  136  133  124  140  132  131  134  138  132  121  124  121  129  131  133  126  138  121  125  134  116   56
ch:  86  137  130  137  135  125  127  132  124  127  115  126  126  124  130  121  124  120  118  136  127  106  120  114  119  123  114  124  115  126  116  122   34
ch:  87  124  125  136  134  132  125  126  137  130  118  131  137  135  131  130  124  130  125  124  126  133  123  131  126  136  123  126  135  139  133  132   56
ch:  88  131  135  125  131  137  127  125  131  134  132  126  134  121  125  116  118  123  124  131  124  115  119  129  125  126  126  121  133  124  122  120   40
ch:  89  125  147  136  136  128  124  133  135  126  141  129  123  126  125  127  135  131  125  134  125  136  134  122  135  130  126  130  133  123  134  135   54
ch:  90  124  132  126  140  130  134  121  134  121  123  129  127  133  121  132  125  117  117  111  110  117  122  119  126  132  135  115  121  111  124  124   52
ch:  91  135  136  125  135  125  132  138  139  134  125  123  136  137  138  136  131  122  133  126  139  131  135  117  131  132  138  133  130  129  126  129   55
ch:  92  119  136  121  134  132  120  142  125  131  125  130  123  127  135  127  123  130  122  123  120  126  120  122  109  117  120  124  132  118  126  123   46
ch:  93  135  133  133  132  126  132  125  133  125  124  136  123  131  134  136  127  123  117  123  131  130  129  124  124  136  125  129  126  123  131  134   56
ch:  94  134  135  122  132  130  132  133  123  142  131  132  132  126  126  116  119  125  123  137  120  121  115  134  123  124  119  116  121  113  117  127   52
ch:  95  122  126  125  136  134  132  126  120  136  126  132  126  119  124  132  131  120  131  124  137  117  132  138  126  132  130  125  126  124  121  132   55
ch:  96  139  137  131  127  133  127  124  124  122  118   -1  124  122  119  120  121  118  118  113  132  115  116  120  122  115  119  117  105  108  117  123   49
ch:  97  138  130  133  132  136  120  135  125  142  124  131  124  132  135  132  120  132  127  126  126  123  133  120  126  107  130  125  126  129  124  132   56
ch:  98  124  134  135  126  122  122  126  135  111  133  121  133  132  129  131  116  117  133  127  118  109  116  118  120  123  119  123  118  130  125  117   53
ch:  99  127  136  140  125  134  133  136  130  133  135  139  124  132  127  126  125  129  127  124  136  126  132  119  137  124  122  126  124  137   -1  126   56
ch: 100  123  134  133  134  130  134  124  123  114  123  116  121  124  121  124  122  120  117  119  132  107  121  110  117  123  119  116  122  100  116  116   49
ch: 101  127  136  135  134  133  137  119  132  139  134  133  121  127  124  136  139  131  127  124  132  125  122  124  115  122  125  138  122  119  131  136   56
ch: 102  130  124  133  141  133  123  127  122  123  134  133  129  125  119  123  122  130  119  125  122  122  119  115  110  125  109  117  129  108  117  117   44
ch: 103  130  131  136  135  133  135  122  123  126  141  141  134  124  147  131  125  132  126  119  129  120  127  127  121  123  118  131  140  129  132  132   56
ch: 104  136  135  124  119  122  134  136  126  121  131  123  125  130  120  123  115  120  123  123  119  127  121  115  124  121  119  116  130  117  115  123   50
ch: 105  140  138  129  133  134  135  135  126  127  121  133  134  125  126  122  123  122  110  125  127  126  125  119  122  146  120  122  131  130  116  124   56
ch: 106  124  124  120  118  136  126  130  129  125  121  117  116  120  113  134  123  126  122  123  119  121  108  118  117  110  116  123  110  106  121  131   44
ch: 107  123  136  138  135  133  124  131  132  123  126  133  138  123  118  124  132  130  119  115  132  124  131  121  126  135  133  124  124  116  130  131   56
ch: 108  131  132  130  117  139  132  134  130  122  135  123  125  122  131  124  133  125  118  121  130  136  130  123  123  124  122  118  119  134  122  121   31
ch: 109  122  131  126  137  136  137  138  131  137  120  123  125  135  123  137  137  123  116  134  127  119  133  124  124  131  126  106  119  121  126  117   56
ch: 110  123  136  124  125  137  132  130  124  118  125  127  119  122  116  126  122  110  118  116  121  123  117  115  114  119  124  115  125  108  124  126   38
ch: 111  132  133  138  132  137  140  125  133  124  129  134  124  132  135  134  133  134  133  118  120  119  131  125  121  123  120  131  125  123  119  118   56
ch: 112  131  132  126  127  124  131  131  123  122  123  120  131  127  132  124  119  124  132  121  110  122  123  131  124  125  119  117  108  116  116  106   49
ch: 113  127  133  140  134  126  148  126  136  135  137  132  137  136  126  120  134  125  133  132  125  120  123  135  138  131  132  131  123  124  122  124   56
ch: 114  121  125  132  122  122  124  136  132  133  126  117  119  123  115  120  125  121  118  131  117  122  113  110  124  114  108  125  105  116  118  121   46
ch: 115  132  126  138  125  133  126  135  133  120  126  133  130  131  129  128  132  131  118  126  123  122  122  122  117  119  119  121  123  116  119  116   56
ch: 116  134  130  127  131  130  134  124  125  122  121  122  132  131  117  127  116  123  123  122  122  108  114  116  133  107  122  120  116  110  111  118   50
ch: 117  133  124  146  136  122  141  133  138  126  120  138  136  131  131  136  121  131  123  119  131  119  120  123  130  109  119  132  126  132  118  130   56
ch: 118  140  136  132  132  126  124  132  122  123  130  122  123  121  126  124  129  119  117  123  124  117  118  121  119  119  123  117  109  119  130  110   55
ch: 119  141  133  133  130  121  134  130  139  131  121  131  126  125  136  122  119  123  128  130  134  124  127  125  129  121  123  149  123  125  118  120   56
ch: 120  136  131  134  133  134  125  131  131  131  126  134  118  108  116  139  127  124  124  110  117  107  116  115  106  116  120  117  110  113  123  119   54
ch: 121  138  132  119  137  123  125  137  131  127  125  130  131  118  124  130  124  119  130  123  124  121  121  120  123  124  125  125  121  122  123  130   56
ch: 122  134  131  136  124  135  146  132  139  132  116  126  124  122  121  131  121  124  126  119  120  117  119  110  117  133  123  120  120  124  124  118   56
ch: 123  133  138  132  134  145  127  122  123  125  137  131  131  137  135  131  116  132  133  130  125  118  126  122  121  114  126  120  125  118  124  123   56
ch: 124  135  124  126  136  125  132  122  132  118  124  132  122  123  118  116  120  115  132  118  121  118  117  113  120  116  118  120  114  115  105  117   45
ch: 125  138  135  134  131  127  139  126  132  133  130  126  122  127  130  115  125  121  123  126  125  127  125  123  133  121  115  131  121  120  123  116   56
ch: 126  130  123  125  132  133  135  125  127  129  136  131  121  131  123  121  126  126  119  130  119  123  113  117  120  124  115  126  100  121  126  123   46
ch: 127  134  131  135  124  124  123  131  133  120  134  138  124  134  134  118  117  123  123  118  130  119   -1  123  121  130  118  126  123  123  123  132   52
