# ID XA-000-08-003-000-001-178-10
# Tag _trim_
# Date 240620_17:39:18
# Vref_p 52
# Vref_n 27
# Thr2_glb 10
# Vref_t 118
# Vref_t_range 1
# Pol 0
# ADC range 30-247
# FAST disc 30
ch:   0  109  131  132  140  144  125  141  138  134  139  133  138  131  134  126  118  120  123  125  131  122  121   99  131  120  123  120  122  126  133  126   -1
ch:   1  139  155  154  155  153  158  152  131  143  150  152  148  136  122  119  142  136  134  134  122  122  131  120  117  115  117  116  133  109  120  130    5
ch:   2  120  134  137  138  143  141  158  154  140  137  140  136  130  149  124  131  139  123  137  121  121  123  127  122  107  123  124  120  108  118  123   -1
ch:   3  138  155  157  157  153  146  156  130  151  153  146  125  141  131  131  135  142  124  130  131  126  127  118  121  131  124  122  119  124  130  122    2
ch:   4  134  140  134  150  138  138  147  139  138  135  137  135  136  134  129  132  132  124  130  120  120  118  128  126  123  127  120  119  129  107  119    4
ch:   5  141  151  153  163  161  156  145  137  149  148  142  136  135  133  137  134  122  132  139  132  138  133  123  125  124  124  118  132  124  137  133   -1
ch:   6  149  138  141  144  154  148  149  135  134  149  150  136  138  140  121  125  119  116  118  124  124  120  107  120  118  121  124  121  125  115  120   15
ch:   7  138  149  156  140  149  145  149  151  138  142  145  135  139  137  133  134  131  133  133  130  131  135  126  126  121  124  124  118  118  123  126   23
ch:   8  124  114  141  141  148  138  140  135  150  137  138  130  140  149  125  132  132  124  132  123  129  123  122  122  117  122  122  118  120  121  132   15
ch:   9  153  151  153  152  149  141  147  139  148  150  139  126  131  132  134  134  124  136  123  126  131  119  125  119  125  126  119  123  121  124  130   -1
ch:  10  132  132  132  138  154  154  142  134  137  148  137  131  138  129  121  138  126  122  119  132  119  124  120   -1  131  117  119  124  125  114  115   -1
ch:  11  155  154  151  158  156  162  147  147  154  152   -1  133  136  134  133  139  134  133  126  130  132  127  131  125  133  134  131  124  148  123  129    9
ch:  12  128  134  142  147  144  149  147  139  150  136  141  124  137  138  139  126  134  137  124  118  111  127  128  122  110  110  120  118  121  124  126   -1
ch:  13  162  155  154  151  151  150  137  136  153  144  132  152  150  130  136  137  126  125  120  135  124  131  125  123  124  134  125  137  126  124  123   43
ch:  14  133  138  131  137  150  140  152  138  146  141  143  126  132  124  123  118  130  131  119  118  122  123  126  123  118  124  115  123  115  122  126   34
ch:  15  152  140  142  166  155  155  149  153  146  135   -1  152  138  129  121  136  137  124  131  137  121  136  122  126  119  132  133  123  131  132  126   19
ch:  16  128  125  146  150  150  149  155  147  152  147  136   -1  145  133  132  131  133  123  129  133  129  132  117  133  115  131  130  124  121  121  132   28
ch:  17  159  147  152  153  155  143  146  136  139  134  144  139  135  126  137  131  127  129  123  125  124  133  122  133  127  123  117  124  125  122  123   -1
ch:  18  124  126  137  141  149  139  137  160  156  141  140  140  137  122  120  131  122  132  132  122  120  122  132  137  119  117  125  127  130  135  130   -1
ch:  19  150  152  136  152  155  150  147  152  149  148  132  145  151  145  152  124  133  131  139  135  138  127  135  123  123  126  120  131  120  146  146   28
ch:  20  134  124  146  140  138  143  152  156  154  139  150  133  126  133  134  132  138  127  135  135  130  124  119  126  123  122  128  121  117  117  121   32
ch:  21  156  149  156  151  161  155  153  152  151  145  139  146  136  148  132  135  127  141  118  120  127  136  121  136  130  133  122  131  124  123  124   -1
ch:  22  134  114  122  137  157  142  146  148  134  147  135  134  135  136  135  135  141  122  123  138  122  133  107  136  114  119  135  117  121  124  116   -1
ch:  23  141  150  164  149  146  166  146  148  131  151  132   -1  148  148  136  146  122  137  131  131  133  138  131  134  123  151  122  132  131  124  125   53
ch:  24  128  132  140  155  138  159  157  155  141  139  134  137  145  134  135  133  134  136  131  118  132  135  120  126  121  125  114  133  121  124  121   -1
ch:  25  151  149  156  165  141  151  155  151  145  137  149  135  130  138  124  130  131  121  135  121  132  129  124  134  133  120  125  135  137  137  133   16
ch:  26  136  128  131  154  153  149  140  129  136  134  134  143  133  145  135  138  136  127  146  138  126  118  131  136  132  121  126  126  130  135  124   24
ch:  27  158  173  165  143  160  151  146  147  151  151  135  136  147  138  148  139  132  139  146  118  120  123  134   -1  135  142  130  132  131  119  120   25
ch:  28  124  122  140  135  161  142  147  153  148  151  139  137   -1  129  147  146  126  121  134  133  130  133   -1  119  129  126  124  120  126  124  108   -1
ch:  29  148  157  142  156  147  157  151  155  151  151  148  132  139  131  137  136  125  139  135  141  132  127  127  134  121  136  125  125  139  125  132   52
ch:  30  125  140  137  138  149  147  148  134  161  146  150  154  146  125  131  133  139  123  131  126  139  115  124  120  118  125  118  120  122  116  119    4
ch:  31  152  155  162  163  163  152  155  140  142  139  133  136  131  145  139  132  131  122  136  134  134  130  131  125  129  118  124  126  131  124  119   14
ch:  32  138  138  137  147  137  148  150  138  150  148  137  138  138  135  145  136  144  135  125  139  114  133  122  129  135  122  126  123  131  123  120   41
ch:  33  151  153  155  164  153  148  149  147  149  149  142  138  141  132  135  133  136  133  129  125  124  123  125  131  135  132  133  122  124  132  129   -1
ch:  34  118  132  142  156  151  149  151  134  140  138  148  136  135  140  139  140  147  120  128  130  126  125  114  106  125  117  117  114  122  111  126   37
ch:  35  144  154  142  156  154  150  155  145  149  149  141  133  151  139  138  130  127  134  133  135  150  131  131  116  125  136  131  125  119  126  135   -1
ch:  36  128  134  140  142  148  142  140  141  141  137  148  138  134  121  126  136  127  132  139  123  127  127  129  134  122  149  124  124  124  125  129   -1
ch:  37  157  159  156  151  151  140  140  152  155  149  139  133  152  130  153  134  137  136  121  149  131  130  133  125  122  128  121  121  136  130  132   16
ch:  38  133  132  147  142  143  153  152  140  139  137  138  134  138  136  135  136  119  136  120  121  123  123  122  121  130  122  116  131  118  125  115   11
ch:  39  152  150  158  166  151  160  151  149  161  150  154  151  148  138   -1  134  140  145  146  136  126  138  131  137  132  124  120  124  134  124  121   -1
ch:  40  132  134  150  147  148  152  148  149  152  130  150  140  138  135  133  146  131  137  130  130  132  134  122  124  122  131  120  117  128  130  128   -1
ch:  41  166  155  148  159  155  164  150  154  155  151  155  147  145  134  140  138  142  137  137  149  136  145  126  138  151  142  137  135  126  137  125   -1
ch:  42  139  144  138  135  159  151  153  147  147  136  135  147  139  134  133  130  121  138  115  121  133  126  125  124  130  129  124  125  117  120  115   -1
ch:  43  163  150  159  157  161  155  152  147  148  154   -1  150  141  145  136  133  148  136  149  137  136  135  122  149  122  131  122  122  139  138  134   -1
ch:  44  126  132  137  147  148  147  152  149  148  133  139  132  137  137  135  139  135  124  132  129  132  127   -1  126  124  122  129  126  137  122  124   17
ch:  45  152  149  166  151  149  158  147  162  151  146  142  142  138  134  135  145  140  139  134  132  142  133  120  136  134  134  130  137  131  135  133   42
ch:  46  120  128  134  138  150  147  138  137  139  150  143  149  136  135  132  123  122  144  121  131  133  137  138   -1  131  122  120  111  125  134  132   17
ch:  47  152  164  166  169  150  150  161  149  138  146  150  152  141  126  153  142  137  135  137  137  121  126  134  136  119  137  134  137  134  136  127   14
ch:  48  125  140  137  156  160  147  146  147  138  138  149  130  145  146  134  134  137  138  121  128  124  123   -1  132  121  124  131  124  129  129  123   42
ch:  49  143  142  150  165  153  152  148  137  131  139  145  147  148  134  140  145  133  123  132  130  121  134  125  120  135  124  122  130  131  123  137   -1
ch:  50  135  134  138  154  149  163  155  145  154  150  134  139  151  151  132  141  122  147  132  143  138  125  132  124  133  132  133  134  124  123  130   20
ch:  51  152  154  154  138  157  164  139  156  146  145  150  139  141  142  134  142  146  134  129  147  126  126  117  141  133  127  130  132  133  130  133   28
ch:  52  140  134  136  158  150  152  156  139  143  132  135  140  140  134  132  135  135  137  148  124  126  127  127  132  121  127  125  123  130  129  141   -1
ch:  53  171  155  154  164  155  154  155  137  150  147  155  142  137  137  151  125  131  131  136  131  134  131  154  132  130  124  122  133  134  121  132   -1
ch:  54  134  152  131  141  155  156  141  150  154  135  125  140  137  136  147  133  135  130   -1  135  127  138  136  120  115  120  127  124  130  120  127   16
ch:  55  148  162  157  158  155  149  134  152  138  148  149  148  135  132  151  140  137  149  136  133  132  138  133  122  133  114  133  122  134  135  133   -1
ch:  56  124  122  142  140  145  149  148  152  151  152  149  148  133  145  134  148  132  135  138  135  120  135  129  125  125  130  131  117  120  122  130   22
ch:  57  155  155  156  165  156  140  164  152  155  153  142  141  148  147  154  137  136  133  150  132  134  133  120  122  125  126  133  133  126  137  133   15
ch:  58  131  122  132  152  149  148  154  150  162  146  147  140  136  140  132  134  151  133  148  123  122  130  124  132  120  126  137  133  133  126  123   55
ch:  59  144  163  164  157  156  162  151  139  142  150  154  139  134  139  146  143  151  124  135  133  130  136  146  120  130  123  138  125  127  121  139    1
ch:  60  130  134  135  141  136  154  141  139  152  147  147  140  140  136  137  134  127  138  129  118  136  122  139  134  138  124  139  120  130  119  126   42
ch:  61  161  147  162  151  153  161  154  147  152  153  154  143  141  130  133  132  137  134  134  136  123  127  124  129   -1  126  133  130  126  129  124   -1
ch:  62  118  126  138  137  143  156  150  149  152  140  143  135  134  130  134  135  132  140  148  136  135  124  119  130  125  121  123  124  123  124  131   34
ch:  63  153  154  159  163  149  139  156  156  157  149  147  136  140  133  137  153  138  130  138  134  134  142  138  136  135  127  133  122  125  124  133   49
ch:  64  132  126  140  141  138  155  140  151  140  150  140  148  153  135  135  136  150  147  137  125  125  125  122  118  134  118  126  130  117  119  126   10
ch:  65  162  155  165  154  151  140  155  137  163  138  154  138  154  133  135  150  132  138  144  132  126  121  132  127  127  134  125  131  137  137  134   33
ch:  66  124  122  122  138  146  161  157  148  147  153  134  139   -1  139  138  125  140  122  121  130  123  122  125  115  134  116  132  117  118  125  122   15
ch:  67  148  157  163  153  162  161  153  138  152  153  136  146  139  140  140  140  133  138  126  132  132  135  133  126  135  126  132  130  134  131  130   12
ch:  68  134  134  137  147  138  152  151  153  137  140  142   -1  135  133  130  136  132  137  133  121  122  126  125  131  120  134  137  133  139  122  125   -1
ch:  69  163  155  159  168  163  152  153  152  161  148  149  148  156  152  139  129  124  142  124  137  143  135  120  139  131  133  122  134  134  136  137   54
ch:  70  117  122  134  142  156  165  139  151  147  137  139  149  138  135  138  132  147  121  129  143  125  135  122  121  125  117  123  126  121  132  133   20
ch:  71  143  153  158  157  153  163  140  137  136  147   -1  137  149  135  134  151  148  138  136  137  131  126  132  140  120  126  132  132  132  137  148   -1
ch:  72  132  124  138  139  146  155  158  139  140  141  137  140  139  133  132  131  129  135  134  131  123  136  128  131  130  126  119  130  117  130  126   38
ch:  73  155  149  166  158  167  141  151  146  142  139  145  161  151  139  138  144  137  133  138  124  139  153  129  136  139  127  139  134  122  140  136   -1
ch:  74  132  124  134  147  148  157  151  145  150  150  138  136  134  152  147  141  147  138  133  134  129  131  130  131  117  137  122  131  139  119  124   -1
ch:  75  152  158  155  156  154  159  145  149  157  146  140  147  141  137  136  132  133  139  138  133  121  137  134  122  121  135  134  133  140  122  137   -1
ch:  76  126  122  130  145  145  154  155  155  153  151  147  134  137  149  124  136  125  137  138  135  126  134  117  136  132  122  118  124  140  124  120    9
ch:  77  151  147  151  153  154  149  145  155  154  152  137  139  137  132  132  129  132  137  136  134  134  125  135  124  119  136  123  124  120  133  131   -1
ch:  78  132  132  133  140  148  164  150  154  150  151  148  152  137  138  149  140  141  133  138  146  132  125  124  121  122  118  133  122  136  137  133   28
ch:  79  144  155  138  150  142  154  140  155  146  148  145  135  141  149  136  137  123  131  150  131  148  127  132  131  133  125  125  132  139  131  132   51
ch:  80  132  122  129  141  146  150  151  137  139  147  132  149  144  145  139  134  131  133  122  129  125  133  128  127  130  132  132  122  121  125  130   41
ch:  81  152  155  157  150  145  151  149  138  145  141  145  150  153  139  132  135  116  136  134  127  123  134  125  133  123  125  136  125  125  125  124   -1
ch:  82  114  116  131  115  127  140  146  147  140  147  153  138  147  126  142  138  133  133  132  127  126  133  122  115  133  119  120  123  130  130  120   20
ch:  83  126  134  148  131  139  158  156  158  146  155   -1  145  151  141  137  129  139  153  138  140  135  130  122  125  133  126  141  137  124  129  135   11
ch:  84  170  158  156  142  152  135  152  150  142  140  136  125  133  124  131  133  127  110  118  132  122  134  124  105  102  109  118  125  126  110  118   -1
ch:  85  129  115  134  129  158  164  140  163  152  145  145  138  134  134  138  134  140  135  146  133  130  124  132  137  131  125  133  120  134  131  121   -1
ch:  86  163  150  154  152  149  151  136  139  130  145  138  138  122  138  138  139  126  138  125  120  146  122  125  120  111  122  118  114  120  121  122   -1
ch:  87  124  136  151  151  151  154  135  149  147  148  141  140  137  138  136  132  132  131  147  131  126  124  134  134  134  132  131  123  125  126  136   -1
ch:  88  118  114  109  123  130  139  138  137  151  135  134  137  153  139  151  138  137  133  133  140  129  140  129  130  133  126  120  135  124  132  125   -1
ch:  89  154  155  154  155  145  150  155  154  152  151  139   -1  147  150  131   -1  137  134  135  136  140  136  134  133  135  134  132  133  136  137  134   -1
ch:  90  130  132  132  126  142  141  156  145  141  150  143  139  131  124  129  136  131  130   -1  128  130  135  124  115  131  125  139  133  117  137  117   -1
ch:  91  150  157  158  151  162  149  153  145  141  142  148  144  139  139  140  138  135  132  130  130  126  143  122  140  122  125  133  132  124  133  124   46
ch:  92  136  134  146  147  148  143  149  157  151  153  147  134  136  137  138  137  148  125  131  134  131  125  132  139  131  124  121  131  133  131  132   24
ch:  93  151  165  165  152  142  151  139  151  134  154  154   -1  136  155  134  137  137  124  132  137  136  149  133  130  133  116  125  125  135  134  130   12
ch:  94  120  138  138  137  155  149  151  138  148  136  137  146  131  146  134  124  133  132  121  124  137  132  121  121  121  124  127  122  123  118  119   41
ch:  95  136  152  154  156  163  139  153  148  147  140   -1  139  133  140  127  133  125  131  130  125  124  134  132  125  119  121  132  121  118  121  133   11
ch:  96  124  136  135  157  138  152  155  153  148  126  149  140  137  135  148  145  136  136  133  135  138  138   -1  124  135  134   -1  134  125  117  125   32
ch:  97  157  151  148  163  146  162  155  151  139  148  133  139  145  145  139  138  124  136  148  134  132  133  135  132  135  127  121  133  126  131  134   -1
ch:  98  135  122  137  128  139  151  154  144  138  150  147  143   -1  138  131  122  140  133  126  136  130  135  122  137  133  131  121  132  121  118  121   -1
ch:  99  153  154  142  154  154  155  153  152  150  139  136  147  141  145  139  149  132  146  134  137  124  133  131  136  124  135  134  122  118  122  131   24
ch: 100  130  122  141  153  152  143  154  143  138  139  142  137  137  140  126  147  133  132  127  125  126  140  129  129  126  133  114  126  133  128  136    7
ch: 101  156  155  165  159  148  156  155  141  149  149  135  149  134  145  137  145  131  148  145  127  136  136  135  133  131  124  122  137  135  135  134   -1
ch: 102  136  134  126  140  139  166  146  158  148  142  148  136  136  133  147  134  129  129  133  133  131  136  124  129  122  125  121  121  118  122  123   -1
ch: 103  142  150  158  155  153  149  154  148  146  151  151  135  153  146  136  127  146  130  133  138  136  137  124  131  129  134  122  127  131  124  123   15
ch: 104  140  122  138  140  154  149  149  138  156  136  139  133  131  133  125  131  127  140  135  130  126  124  131  126  119  122  125  116  134  121  124   -1
ch: 105  154  148  152  159  156  156  154  153  153  139  157  151  145  146  151  134  141  138  136  136  134  133  136  139  124  126  137  134  135  138  145   -1
ch: 106  124  110  141  137  139  148  140  136  149  133  146  151  138  136  119  140  151  132  122  136  127  120  120  126  123  133  121  134  136  127  122   15
ch: 107  137  154  164  143  152  151  152  149  153  151  147  147  138  136  148  142  145  125  130  138  131  132  148  122  132  133  133  126  129  133  138   53
ch: 108  122  134  136  140  148  154  148  148  142  140  142  135  131  145  147  120  141  135  131  133  132  120  130  130  123  122  118  116  126  123  123   11
ch: 109  162  154  164  164  165  137  149  151  155  132  153  142  130  153  139  149  136  153  133  133  136  124  132  135  138  123  131  132  137  121  145   41
ch: 110  133  138  134  147  148  149  140  145  146  137  136  138   -1  145  141  133  135  127  126  140  126  120  132  118  129  124  121  113  120  120  118   -1
ch: 111  154  157  152  156  151  150  151  152  140  167  139  150  147  137  152  136  134  131  136  135  130  147  136  132  134  125  126  134  137  132  126   20
ch: 112  119  122  129  145  138  157  137  156  138  155  150  131  137  134  137  148  137  134  129  124  148  125  118  119  122  133  135  134  133  121  131   15
ch: 113  152  155  156   -1  149  156  146  148  138  139  145  132  148  135  133  125  135  134  120  130  126  129  132  126  122  126  131  117  137  123  137   -1
ch: 114  136  124  139  145  142  141  148  144  148  153  148  124  130  136  148  139  131  125  130  136  136  151  123  131  135  129  120  119  124  131  127   -1
ch: 115  142  154  151  150  150  156  148  152  146  147  150  135  151  133  138  130  145  134  124  122  132  123  134  132  128  127  134  131  122  137  138    4
ch: 116  129  138  138  147  130  142  146  153  135  148  135  132  134  147  133  133  133  133  130  117  124  125  137  120  136  135  124  115  126  130  123   -1
ch: 117  149  149  148  143  156  155  150  157  151  153  138  142  144  132  132  135  124  136  134  130  124  131  139  123  122  127  137  116  124  122  131   -1
ch: 118  124  118  124  144  142  149  148  147  136  132  145  139   -1  145  125  134  135  135  123  147  132  120  136  133  118  121  137  123  136  132  134   49
ch: 119  152  156  154  151  153  154  154  149  151  137  151  146  134  131  129  130  127  129  139  137  135  138  136  134  137  132  134  122  137  135  132   -1
ch: 120  131  132  128  145  144  143  136  147  151  137  140  148  127  140  147  135  135  134  134  130  132  134  128  134  125  122  135  124  122  121  128   40
ch: 121  157  157  164  156  166  147  151  137  149  149  149   -1  140  138  136  131  133  132  126  151  124  135  140  122  130  136  137  124  136  125  133   -1
ch: 122  133  120  140  131  132  143  142  151  150  139  136  149  148  136  138  122  133  133  121  127  123  120  124  129  122  128  124  118  122  122  119   -1
ch: 123  150  158  148  165  150  151  150  156  150  140  145  147  136  146  148  132  149  134  131  131  136  125  117  122  133  133  130  129  131  119  134   -1
ch: 124  124  122  117  121  128  127  137  138  139  137  143  138  131  150  133  134  140  123  134  120  125  131  131  133  125  132  116  115  134  129  136   32
ch: 125  151  153  153  143  158  158  151  153  153  141  147  142  138  145  121  122  134  132  136  130  134  132  122  133  131  136  119  120  121  134  129    4
ch: 126  109   98   92   89  115  124  130  137  114  121  142  141  147  125  137  141  138  129  128  128  131  120  132  124  116  125  134  122  116  128  121   -1
ch: 127  134  140  157  165  156  151  152  147  146  148  136  149  151  136  136  136  141  139  136  131  124  135  138  124  129  134  134  120  135  125  132   37
