# ID XA-000-08-003-000-001-175-13
# Tag _trim_
# Date 240624_20:04:44
# Vref_p 55
# Vref_n 20
# Thr2_glb 37
# Vref_t 118
# Vref_t_range 1
# Pol 1
# ADC range 30-247
# FAST disc 30
ch:   0  138  136  141  125  137  134  125  122  123  127  125  121  133  123  122  117  123  119  123  125  118  123  118  135  119  124  110  133  121  146  138    3
ch:   1  133  136  121  133  136  131  134  135  138  135  126  132  122  119  133  120  122  125  122  114  122  122  118  123  131  122  132  135  134  135  139   19
ch:   2  140  132  138  136  138  139  135  121  132  120  118  134  124  125  115  137  124  122  124  116  117  132  119  122  122  132  133  132  139  125  125   15
ch:   3  135  139  138  145  145  139  123  134  132  133  117  120  121  147  132  125  124  119  120  116  125  124  125  117  132  135  133  125  136  140  136   10
ch:   4  125  136  133  147  134  118  132  135  118  121  132  132  132  124  121  138  136  124  118  125  121  121  133  117  131  122  117  132  133  138  119   23
ch:   5  136  137  125  135  148  121  132  124  126  125  133  125  121  133  125  123  134  120  133  121  133  134  137  135  131  125  135  139  134  137  133   16
ch:   6  123  139  149  123  121  117  122  119  123  139  125  118  125  125  123  117  126  120  124  119  117  123  121  121  121  120  131  134  133  149  120   15
ch:   7  135  122  136  138  134  133  131  125  132  132  114  137  116  125  115  122  119  120  125  120  119  125  125  119  122  132  139  123  138  139  136   15
ch:   8  136  136  145  137  138  126  130  124  133  132  133  133  121  137  118  119  119  118  121  123  120  126  118  122  125  132  120  125  124  136  140   30
ch:   9  133  138  134  120  123  140  124  135  107  111  117  117  119  133  131  121  119  120  117  120  116  115  120  131  141  125  132  124  126  135  123   17
ch:  10  134  142  135  131  125  135  130  119  117  123  122  136  122  123  125  110  113  118  120  118  125  136  119  124  122  127  120  136  119  120  121   32
ch:  11  136  126  127  134  124  135  135  137  123  148  122  138  121  116  119  136  123  119  121  133  121  116  133  123  125  140  116  135  120  140  140   11
ch:  12  136  138  126  134  123  134  135  118  125  125  118  123  119  122  133  115  119  133  120  125  125  122  117  120  124  119  135  123  124  120  124   24
ch:  13  121  136  131  126  123  136  126  134  124  126  132  136  113  125  111  124  119  132  137  125  123  122  131  124  123  131  133  140  134  146  142   17
ch:  14  134  133  123  126  138  139  133  125  133  122  125  134  125  121  123  119  121  119  117  125  121  122  117  120  117  127  124  135  120  125  136   38
ch:  15  132  152  134  136  132  123  123  131  132  133  133  138  125  121  121  116  114  116  110  121  116  122  123  123  120  119  124  132  138  134  141   20
ch:  16  138  137  134  148  138  139  131  119  131  118  131  121  123  132  124  121  120  118  126  127  118  126  137  121  125  122  125  123  137  135  134   38
ch:  17  139  135  137  132  140  125  120  134  133  123  119  120  123  113  121  119  126  118  123  123  121  124  124  126  132  131  135  133  131  136  136   26
ch:  18  133  148  122  136  135  129  132  133  111  119  123  132  123  124  120  123  123  134  126  117  132  122  118   -1  132  116  119  115  132  132  125   22
ch:  19  136  137  149  134  132  122  135  125  121  139  120  116  121  119  110  118  137  132  132  138  141  125  117  119  133  124  121  142  135  135  136   20
ch:  20  136  138  133  139  125  139  119  120  118  121  123  121  134  136  119  110  115  124  117  117  120  124  121  120  120  124  136  121  132  134  133   33
ch:  21  132  131  141  138  125  126  135  125  124  123  118  123  123  122  116  133  110  123  119  125  118  123  118  134  131  125  137  127  135  141  138   25
ch:  22  139  136  137  136  132  107  132  121  138  119  124  116  124  124  131  135  116  122  130  116  123  115  118  121  121  131  119  134  139  138  134   29
ch:  23  142  133  138  126  137  137  126  132  132  126  121  117  133  120  123  133  122  122  124  122  133  135  119  122  127  123  133  139  133  137  138   26
ch:  24  140  132  139  133  126  123  127  136  137  123  119  119  133  115  119  124  122  133  123  115  129  118  122  124  119  116  116  135  120  123  126   29
ch:  25  132  123  136  133  140  132  141  126  124  135  120  134  117  135  122  131  121  127  121  132  138  125  122  132  124  138  141  136  131  124  139   18
ch:  26  135  150  142  133  138  123  122  121  121  118  135  118  127  118  123  116  118  122  133  116  114  119  123  120  120  119  116  124  134  132  136   27
ch:  27  132  138  135  135  134  139  123  123  120  132  135  121  134  137  130  125  125  109  118  119  124  126  135  124  135  123  134  123  135  126  142    9
ch:  28  149  151  125  125  122  119  117  126  132  122  107  120  117  108  117  123  105  109  133  112  113  115  115  108  110  118  119  124  123  117  134   40
ch:  29  139  137  131  138  136  136  125  136  127  133  134  125  125  126  118  121  118  124  125  123  139  132  135  119  132  137  134  132  139  137  125   25
ch:  30  132  134  138  122  138  135  124  123  138  124  131  126  131  121  117  115  126  124  122  117  118  131  118  121  132  123  126  131  127  132  140   33
ch:  31  136  138  120  139  122  139  137  125  135  121  132  114  122  120  130  122  116  116  124  125  124  124  139  124  113  134  125  132  133  138  134   23
ch:  32  147  146  140  135  135  126  139  123  122  132  137  132  132  124  124  137  121  131  123  118  118  118  124  130  133  125  123  134  133  135  123   27
ch:  33  140  135  126  125  121  133  138  147  132  125  134  136  117  124  106  132  125  126  113  122  119  121  124  122  131  123  125  126  121  134  141   10
ch:  34  142  149  136  141  138  133  134  139  131  121  122  132  134  134  119  118  117  118  125  124  119  123  118  131  116  139  116  123  124  133  134   29
ch:  35  136  137  124  139  121  136  131  125  133  114  125  132  122  121  137  122  127  121  126  132  123  124  115  122  123  130  134  137  136  124  138   24
ch:  36  126  125  134  137  125  136  122  125  120  121  126  119  122  130  121  131  124  121  106  120  121  131  120  124  136  132  131  139  135  137  139   25
ch:  37  140  125  133  125  124  124  124  132  131  122  122  118  133  125  123  132  127  137  111  125  130  118  133  123  121  137  137  134  135  126  135   25
ch:  38  124  136  140  134  123  131  139  134  121  132  134  123  136  124  124  125  120  134  126  124  120  123  117  123  139  122  123  132  132  121  138   21
ch:  39  125  133  138  127  134  125  140  138  123  134  133  126  133  134  119  136  116  132  136  115  133  135  134  119  124  122  134  134  137  138  149   17
ch:  40  132  137  124  137  126  132  124  122  139  125  133  130  133  130  124  117  121  104  126  126  116  109  131  126  139  136  125  124  125  131  141   22
ch:  41  135  139  121  136  132  131  132  137  134  127  122  124  133  134  118  125  125  118  116  125  123  131  125  124  140  122  131  131  133  134  141   18
ch:  42  134  138  134  125  132  137  123  135  133  133  125  135  135  120  123  133  117  119  130  121  116  120  124  132  121  132  120  126  130  123  126   30
ch:  43  131  135  135  122  131  116  139  133  136  125  137  124  122  126  133  126  124  116  110  123  134  119  126  135  133  140  125  134  127  140  125   23
ch:  44  133  136  134  135  136  123  124  132  141  126  120  134  125  117  122  133  137  124  132  139  132  124  121  124  132  122  124  133  134  135  141   11
ch:  45  124  141  140  131  138  141  127  126  137  119  121  133  120  122  133  136  125  123  123  118  120  120  118  124  123  124  116  130  146  132  148   17
ch:  46  138  126  135  132  141  135  117  133  126  122  122  126  124  123  136  119  125  137  129  124  120  135  132  121  125  136  122  130  119  132  126   38
ch:  47  148  136  140  136  125  131  139  137  134  135  121  138  135  133  127  131  135  133  123  119  134  124  121  124  126  138  123  121  133  147  147   16
ch:  48  132  136  136  132  137  134  135  125  133  137  116  136  122  120  132  123  135  132  126  133  125  131  135  123  116  122  124  132  139  140  134   19
ch:  49  136  136  142  133  140  131  134  135  125  118  131  124  119  126  124  124  122  117  123  126  122  123  122  118  131  141  125  123  120  133  138   23
ch:  50  123  135  137  134  124  137  125  141  125  125  118  131  121  125  137  135  121  124  123  119  136  123  134  124  121  125  117  132  131  118  135   33
ch:  51  137  141  139  133  120  133  126  141  134  136  137  142  122  117  134  122  117  121  135  133  136  119  134  123  120  139  139  131  130  131  142   14
ch:  52  131  134  117  138  121  134  142  121  133  136  123  123  119  138  121  124  131  111  136  133  122  124  123  125  120  118  123  120  136  122  124   26
ch:  53  133  138  138  138  137  130  122  120  126  136  122  123  125  133  133  132  121  122  118  139  133  126  138  142  125  125  132  126  132  134  141   13
ch:  54  127  134  141  136  120  133  124  139  134  127  137  137  122  123  138  124  131  120  136  118  122  124  129  129  132  131  123  134  139  125  125   20
ch:  55  148  133  133  132  131  125  134  137  120  118  123  132  124  122  131  123  120  124  124  134  130  119  121  139  121  118  119  122  138  133  141   16
ch:  56  137  138  137  137  133  132  140  130  123  133  121  132  125  134  121  117  118  122  134  127  122  121  121  124  119  123  123  132  125  132  136   27
ch:  57  135  121  138  137  134  131  119  145  133  138  126  122  132  136  133  136  122  140  123  121  116  127  136  133  133  134  132  122  135  136  126   13
ch:  58  135  122  141  148  134  135  132  132  134  126  132  117  121  129  136  118  124  124  120  134  122  123  130  120  131  137  123  134  123  137  121   19
ch:  59  141  130  134  135  139  136  141  142  136  133  132  121  123  122  131  133  134  131  115  127  127  137  134  126  135  133  122  124  135  136  139   18
ch:  60  136  147  137  136  133  137  132  123  132  131  133  122  135  123  133  122  121  121  135  127  125  134  119  119  115  130  121  122  136  148  134   22
ch:  61  136  123  126  134  132  126  135  137  134  126  120  133  133  134  120  123  123  122  136  132  132  130  123  123  125  124  136  119  124  122  125   17
ch:  62  150  135  135  138  132  134  139  136  137  137  133  132  122  132  126  126  124  120  132  119  119  136  123  120  124  122  122  133  125  135  138   25
ch:  63  138  137  137  136  148  136  132  134  133  131  118  125  136  123  136  115  116  125  119  125  116  118  120  120  136  132  130  136  134  124  136   16
ch:  64  127  132  140  136  147  136  135  131  118  126  125  126  122  125  122  132  124  120  130  133  115  114  132  121  131  132  123  118  129  139  123   37
ch:  65  134  136  141  129  133  138  110  121  137  122  118  135  141  115  121  136  121  115  124  125  133  133  131  138  122  136  131  133  136  136  123   17
ch:  66  135  140  140  135  139  136  145  117  133  124  137  125  116  123  123  125  126  121  122  134  121  119  121  132  126  122  123  125  125  131  134   21
ch:  67  126  139  138  133  126  137  133  133  134  120  136  141  126  119  117  133  132  125  134  120  121  125  124  122  134  132  137  135  121  139  140   13
ch:  68  132  140  148  130  132  138  134  125  134  145  111  134  116  131  136  117  135  116  108  122  135  132  123  118  134  141  131  136  123  131  122   29
ch:  69  140  132  153  146  147  140  140  144  135  138  132  133  132  124  133  125  118  120  120  131  116  122  123  125  145  118  126  131  139  136  140   11
ch:  70  148  133  141  122  123  136  144  124  132  123  137  121  134  120  120  125  120  117  120  123  124  121  119  126  134  120  126  133  123  131  133   17
ch:  71  142  143  137  137  134  136  135  140  134  123  142  138  117  116  120  124  124  123  132  127  138  133  120  139  124  124  135  139  144  134  143   18
ch:  72  148  137  141  146  147  139  136  136  135  135  132  127  124  123  133  125  118  132  121  122  120  119  140  121  121  125  120  137  127  121  148   14
ch:  73  133  135  133  135  124  125  134  142  139  124  133  125  131  135  135  110  125  118  125  132  125  115  132  122  136  142  141  134  125  146  124   12
ch:  74  147  138  135  133  139  136  133  132  131  133  121  135  136  126  133  133  123  123  121  131  126  135  120  125  136  125  120  131  133  123  150   23
ch:  75  146  137  134  133  135  123  132  135  132  124  143  121  132  138  126  119  141  123  119  124  131  125  125  136  123  124  135  141  141  132  151   19
ch:  76  135  142  139  134  137  135  119  136  125  118  134  138  121  122  123  123  115  124  139  134  132  140  133  134  125  141  138  132  134  132  134   13
ch:  77  147  142  143  136  146  118  138  131  137  126  123  133  125  125  136  121  135  134  125  139  121  130  132  133  125  139  135  134  141  133  147   13
ch:  78  148  132  133  132  140  125  124  126  139  126  124  124  124  135  134  135  111  116  136  134  124  121  133  135  126  133  119  122  132  132  125   16
ch:  79  131  126  126  125  131  137  141  127  120  138  133  122  142  135  123  124  122  133  123  126  123  134  123  134  120  137  133  132  137  141  137   12
ch:  80  149  134  147  133  149  135  147  120  140  131  124  122  129  133  124  137  133  132  126  133  122  117  137  139  124  134  140  126  140  124  133   20
ch:  81  138  138  134  135  125  138  137  134  137  148  135  122  137  125  124  117  121  124  135  133  124  124  124  119  123  124  123  124  136  132  137   13
ch:  82  150  132  145  137  134  136  124  136  138  125  120  133  126  123  118  114  122  132  121  117  116  119  115  107  123  136  116  124  132  126  120   20
ch:  83  126  147  132  133  132  133  131  120  137  138  130  118  122  121  132  130  119  122  133  126  132  120  118  125  135  124  118  142  138  135  135    9
ch:  84  147  132  146  142  137  136  136  134  135  122  122  140  131  123  139  114  132  122  124  121  133  136  122  139  124  117  122  140  118  135  138   19
ch:  85  132  141  135  134  126  136  121  137  119  140  135  133  134  124  121  132  134  135  135  124  124  119  137  131  133  133  134  133  135  150  142   12
ch:  86  135  135  123  145  135  134  131  136  133  136  126  123  127  117  127  136  118  127  130  133  118  132  120  124  134  140  136  116  136  137  135   21
ch:  87  121  131  154  132  132  135  148  136  122  126  136  134  121  135  120  122  135  126  133  117  124  124  123  122  137  139  141  138  131  135  139    8
ch:  88  136  140  139  147  134  118  126  127  124  142  136  132  123  132  127  118  109  134  124  133  131  120  130  122  126  132  126  140  132  132  135   18
ch:  89  125  132  122  139  145  140  137  131  132  135  134  120  138  136  122  131  132  137  132  123  135  126  132  117  137  121  126  137  125  132  148   20
ch:  90  139  130  136  122  136  134  132  125  114  133  121  124  122  124  124  121  125  126  133  140  132  121  122  121  124  134  141  126  132  135  132   18
ch:  91  121  138  135  133  127  125  132  141  133  125  124  137  133  119  124  136  135  125  126  127  135  133  123  131  137  136  134  134  131  140  134   16
ch:  92  137  136  140  152  133  135  138  134  133  123  136  126  135  134  120  126  120  117  124  136  123  132  132  132  121  135  133  124  126  141  136   16
ch:  93  125  135  134  132  136  121  134  134  131  134  134  118  120  135  121  126  114  123  124  147  123  125  133  133  131  120  138  126  120  142  139   12
ch:  94  132  133  135  133  134  116  133  125  133  122  135  122  122  119  119  122  110  120  133  123  126  122  118  124  120  132  134  117  137  136  134   10
ch:  95  131  136  136  141  134  139  133  124  140  132  124  133  132  137  121  121  130  124  132  132  124  132  136  123  121  140  139  132  135  138  150   11
ch:  96  123  138  138  139  136  133  132  131  136  137  135  136  120  137  122  124  130  124  133  122  123  132  126  131  140  125  135  137  132  132  127   14
ch:  97  146  134  140  139  135  136  133  124  134  132  140  123  122  119  130  134  137  121  123  136  133  148  124  130  132  136  134  135  135  130  138   20
ch:  98  130  138  139  140  136  125  124  124  123  119  117  132  125  119  122  133  131  123  119  122  122  134  125  125  125  121  126  131  114  137  133   17
ch:  99  141  148  137  135  137  139  116  140  124  125  134  121  147  137  124  149  133  114  123  132  125  117  123  124  133  136  136  125  139  133  148   13
ch: 100  139  136  145  133  125  125  122  136  125  133  132  135  123  132  119  126  121  124  117  121  121  123  117  124  121  120  121  120  131  134  136   15
ch: 101  134  125  134  140  126  140  138  135  137  136  125  135  121  124  132  126  136  121  131  120  134  131  134  137  123  126  134  136  134  132  139   11
ch: 102  139  136  134  149  125  132  136  132  124  125  138  121  132  132  125  131  126  118  134  133  133  124  133  141  121  130  120  124  136  134  123   15
ch: 103  146  138  133  126  138  134  132  120  131  135  132  119  121  120  124  125  133  133  115  124  132  124  124  125  132  133  125  132  136  141  142    5
ch: 104  150  136  148  124  123  137  136  120  132  122  134  120  122  124  127  122  132  122  124  123  123  122  124  117  116  122  126  125  121  127  117    9
ch: 105  135  140  139  138  137  132  132  124  134  132  133  119  135  117  121  133  125  122  125  124  134  117  131  130  132  119  134  123  134  125  140   10
ch: 106  134  132  148  136  136  122  123  132  124  132  130  125  132  124  118  119  121  134  120  120  121  131  120  118  118  117  124  126  126  132  132    7
ch: 107  133  142  139  133  138  136  125  139  132  123  125  132  123  122  125  121  120  121  123  122  136  124  133  124  131  131  134  139  134  139  141    6
ch: 108  125  141  122  138  133  133  125  138  133  125  124  136  122  124  131  140  121  132  123  125  122  125  117  136  123  132  136  134  124  124  134   16
ch: 109  126  141  138  136  122  135  122  138  125  120  125  133  138  114  125  134  135  122  121  116  135  120  122  116  132  120  137  126  133  134  126    8
ch: 110  132  149  147  133  133  142  130  123  134  120  136  118  140  124  130  116  121  125  122  118  126  122  122  117  125  134  137  130  132  140  121    5
ch: 111  139  125  136  135  132  134  121  125  140  123  132  142  134  122  117  121  135  134  133  125  120  134  124  124  127  137  133  136  136  131  138   11
ch: 112  131  140  139  147  135  137  122  141  120  124  132  137  130  122  123  118  121  131  125  124  121  117  124  118  125  125  123  121  116  120  130   12
ch: 113  134  149  123  133  122  140  126  127  142  137  119  133  120  135  141  124  132  123  116   -1  116  116  132  131  133  136  135  134  132  125  148    3
ch: 114  125  141  125  132  132  125  133  133  133  125  117  133  120  137  124  119  124  124  124  107  121  115  124  119  123  126  124  137  130  125  134    6
ch: 115  139  136  153  136  135  122  137  120  143  141  121  142  132  121  125  116  133  133  124  138  134  126  124  122  133  130  120  136  125  145  133    6
ch: 116  143  135  140  125  125  138  123  136  139  134  135  123  130  132  122  131  126  125  116  124  123  125  126  120  135  125  131  137  135  119  135    6
ch: 117  137  135  136  142  141  137  132  141  122  121  122  125  117  135  124  119  123  132  130  133  125  120  125  135  132  142  146  134  125  149  139   11
ch: 118  138  135  141  123  147  123  139  135  125  132  120  124  134  122  116  121  131  126  122  132  135  119  116  115  131  121  124  121  119  134  119    3
ch: 119  148  133  126  140  121  132  122  133  135  148  135  125  140  123  119  118  123  123  131  123  135  125  119  125  117  131  136  149  134  136  139    6
ch: 120  136  140  132  125  121  123  138  142  119  125  126  124  119  125  123  132  135  121  131  131  136  120  109  115  137  120  118  136  134  138  136    6
ch: 121  132  132  136  129  134  131  131  132  126  124  136  125  134  119  123  132  133  118  124  121  119  136  134  122  125  136  139  139  136  134  140    5
ch: 122  146  123  126  137  126  139  131  134  135  125  122  122  125  121  122  120  118  118  119  125  123  129  119  122  136  127  130  132  124  133  124    6
ch: 123  142  148  122  138  133  139  132  125  125  122  137  110  126  139  123  124  124  136  134  119  120  140  136  132  138  134  135  139  123  143  150    4
ch: 124  131  136   -1  138  134  136  141  134  133  125  123  119  123  120  132  122  121  134  125  117  126  118  123  123  124  122  133  134  115  138  123   -1
ch: 125  140  141  138  124  138  141  135  122  123  137  124  140  131  136  134  131  132  121  125  131  135  120  135  135  126  124  137  135  139  145  137   -1
ch: 126  126  132  144  135  132  135  138  121  123  136  124  122  123  121  122  122  119  122  117  122  117  125  119  132  118  133  136  116  138  133  139   30
ch: 127  123  150  138  141  139  140  140  147  135  149  147  154  148  143  147  140  146  141  152  147  143  141  148  151  166  152  151  163  153  164  167   -1
