# ID XA-000-08-003-000-001-173-13
# Tag _trim_
# Date 240624_18:16:45
# Vref_p 57
# Vref_n 26
# Thr2_glb 38
# Vref_t 118
# Vref_t_range 1
# Pol 0
# ADC range 30-247
# FAST disc 30
ch:   0  120  110  132  104  117  117  121  119  117  110  117  107  118  122  104  108  117  103  116  118  115  116  118  121  121  116  105  116  121  126  118   25
ch:   1  122  115  115  133  121  120  109  118  124  118  107  111  109  109  122  118  132  113  122  106  121  114  110  116  106  109  105  120  122  118  122   18
ch:   2  122  133  116  119  107  107  103  121  116  107  105  118  110  117  127  105  102  110  102  110  117  105  107   88  113  110  104  116  104  110  106   42
ch:   3  121  131  124  124  122  119  121  113  118  123  121  118  121  119  123  116  121  110  113  120  119  107  108  121  116  108  115  118  123  117  139   29
ch:   4  114  116  110  115  110  118  116  108  121  106  112  117  129  110  113  115  108   93  107  103  107  116  108  116  104  109  109  106  116  103  105   36
ch:   5  115  122  115  113  131  121  116  114  116  102  122  120  118  117  116  106  104  107  115  116  108  105  110  110  110  119  110  126  106  106  117   23
ch:   6  123  133  121  117  115  110  121  124  107  108  116  117  117  107  110  118  116  116  108  107  100  110  115  108  106  116  108  116  108  118  116   49
ch:   7  124  120  120  123  120  113  120  120  117  104  115  111  118  107  115  116  116  117  118  111  117  108  110   -1  114  117  119  119  123  120  122   42
ch:   8  120  117  101  121  109  109  105  119  106  116  118  111  117  108  113  110  119  107  115  114  115  109  107  107   99  105  107  106  101  104  116   47
ch:   9  123  115  116  120  114  110  115  116  109  118  109  114  108  122  105  107  107  117  106  114  107  110  107  105  122  109  117  114  120  114  120   24
ch:  10  105  121  107  118  131  109  118  119  122  112  116  107  118  107  103  113  117  114  104  112  107  103  109  118  105  105  107  115  118  119  114   52
ch:  11  115  110  124  116  120  113  119  113  116  106  110  109  108  121  111  107  106  119  110  118  120  111  111  119  115  104  117  123  134  132  114   29
ch:  12  119  111  120  118  118  124  116  105  117  117  110  110  117  117  116  113  108  111  109  109  118  105  120  110  115  119  103  107  104  109  114   40
ch:  13  110  122  110  122  124  116  117  117  115  110  117  119  121  115  111  117  110  117  119  103  119  117  118  115  119  117  119  123  108  125  126   30
ch:  14  121  117  122  117  111  116  103  116  116  116  118  109  115  107  102   93  104  103  104  112  108  106  100  108  103  116  118  105  106  115  110   35
ch:  15  114  117  124  124  117  116  115  120  110  104  134  108  107  116  123  108  115  115  115  103  115  111  110  125  121  118  122  118  116  117  134   38
ch:  16  123  123  122  117  117  126  114  132  120  105  115  113  120  105  104  105  102  108  110  106  109  111  121  102  114  100  108  110  116  104  107   42
ch:  17  119  117  119  124  129  110  118  121  133  108  113  123  118  111  134  122  117  123  107  108  121  126  115  115  107  119  131  110  115  123  119   23
ch:  18  119  122  113  105  125  101  105  106  108  105  102  119  110  103  116  105  108  108  108  116  100  111  111  104  118  114  105  110  105  106  106   48
ch:  19  123  116  115  121  113  123  110  117  125  132  111  118  119  109  108  125  115  110  113  117  110  113  113  126  115  120  122  117  119  116  123   26
ch:  20  111  123  113  119  111  118  110  118  121  107  102  120  105  118  108  109  110  102  107  116  118  114  108  108  108  105  109  108  116  118  121   44
ch:  21  122  117  120  120  133  116  110  108  122  120  122  123  118  107  119  107  117  121  111  123  124  122  114  124  132  120  132  117  117  135  121   30
ch:  22  122  121  130  116  119  119  117  104  118  109  119  111  119  120  111  117  113  117  110  105  116  108  122  111  105  107  119  108  124  122  118   37
ch:  23  124  120  116  116  124  122  114  118  108  107  106  121  108  118  120  118  132  117  103  124  118  121  114  114  119  122  117  118  119  116  131   28
ch:  24  120  114  115  119  119  104  122  116  118  113  104  120  120  120  107  116  115  110  118  104   98  101  122  101  110  113  108  110  116  112  117   44
ch:  25  102  122  119  124  132  132  111  123  118  125  111  109  123  119  108  123  106  123  117  104  110  107  120  120  123  122  132  123   99  118  123   37
ch:  26  111  117  121  119  110  121  102  118  109  118  118  111  121  116  114   -1  105  116  101  103  118  114  114  108  119  118  108  116  119  116  103   33
ch:  27  121  117  119  126  118  123  125  113  107  114  120  117  121  115  121  125  118  118  118  119  122  122  125  120  121  123  124  119  135  117  123   27
ch:  28  116  132  116  118  117  114  115  114  121  108  121  115  102  102  120  123  108  117  116  106  106  108  108  110  103  120  118  106  118  108  106   38
ch:  29  123  124  121  124  137  136  101  124  111  121  113  120  123  122  108  120  118  119  125  120  116  119  114  121  133  122  120  122  135  120  131   23
ch:  30  132  117  125  115  126  110  116  111  110  113  110  100  108  122  115  122  116  117  122  120  116  114  107  109  108  114  116  105  116  107  118   43
ch:  31  127  134  118  105  115  116  117  118  115  124  109  118  115  106  117  116  118  116  118  116  120  116  118  123  125  117  131  116  137  125  117   33
ch:  32  126  109  120  119  131  124  120  117  120  118  110  109  116  108  116  115  108  113  107  109  112  108  118  106  108  120  118  109  120  121  121   40
ch:  33  116  120  125  118  125  106  118  122  121  125  120  115  114  115  103  109  108  121  120  117  110  115  108  122  123  123  121  118  125  121  117   26
ch:  34  119  114  113  122  118  110  121  117  120  102  105  117  113  108  115  103  107  100  121  116  107  118  106  122  108  118  113  117  120  121  121   35
ch:  35  108  111  120  131  121  115  133  119  109  133  122  120  119  131  116  109  119  124  124  110  133  117  114  117  117  126  119  112  124  120  122   24
ch:  36  118  132  121  118  119  117  120  106  123  108  117  117  105  115  119  106  107  103  109  107  116  104  123  116  106  102  111  121  121  107  118   42
ch:  37  120  125  134  119  107  140  124  105  119  123  117  125  121  117  110  120  120  134  114  121  116  120  115  122  107  114  120  125  122  119  135   19
ch:  38  115  117  115  105  119  120  116  124  117  116  105  115  111  109  115  123  116  107  110  108  106  116  114  118  117  114  124  105  117  119  122   37
ch:  39  119  121  125  116  116  124  115  123  119  105  113  107  116  119  122  118  115  117  124  119  119  119  123  125  131  120  124  121  117  126  135   26
ch:  40  116  124  121  106  117  108  106  126  118  117  108  124  119  123  107  116  112  118  117  111  107  118  108  121  102  106  121  114  124  115  117   40
ch:  41  121  107  116  124  119  116  117  133  124  121  120  110  106  124  119  113  119  116  121  119  119  114  116  119  120  133  124  116  117  122  117   23
ch:  42  137  114  116  105  116  123  109  118  119  109  125  104  109  105  120  120  111  121  117  122  114  107  121  122  108  107  106  114  103  107  119   49
ch:  43  123  119  118  125  122  120  121  123  126  116  123  117  124  120  118  124  117  109  118  122  130  134  121  116  131  132  126  137  135  134  132   42
ch:  44  121  125  123  118  130  120  108  121  108  124  113  105  108  107  121  117  123  122  106  119  111  104  111  104  113  118  110  111  118  110  119   46
ch:  45  121  123  107  116  125  126  117  120  121  133  126  114  100  117  114  110  121  116  109  137  124  119  110  117  124  133  120  115  136  123  125   33
ch:  46  116  113  107  120  118  121  119  116  119  120  118  104  123  116  110  103  114  110  118  107  119  115  122  110  110  105  122  125  117  117  124   45
ch:  47  121  116  107  125  115  120  121  123  118  118  116  123  118  108  118  119  109  120  115  125  134  115  121  122  132  116  116  134  120  135  133   22
ch:  48  119  104  118  125  121  115  113  125  108  119  124  122  116  122  119  108  120  117  118  121  116  119   -1  111  120  119  126  118  119  119  122   30
ch:  49  123  123  121  122  119  118  121  118  114  115  103  120  118  117  107  131  118  111  121  117  132  118  116  121  134  126  126  132  116  131  123   22
ch:  50  123  118  124  104  119  113  117  106  101  122  121  121  136  122  115  123  115  120  116  117  115  110  109  107  119  114  115  112   98  109  119   43
ch:  51  137  117  121  123  123  125  122  125  107  125  133  122  124  107  124  120  119  134  122  118  129  126  124  124  125  125  133  123  126  117  121   23
ch:  52  116  124  115  118  120  107  117  116  113  122  109  108  114  119  117  108  107  117  117  111  114  123  117  109  118  125  110  117  124  116  122   44
ch:  53  105  115  117  115  120  119  119  116  120  125  115  102  131  117  120  121  118  106  121  114  124  116  133  129  103  120  121  117  122  116  137   28
ch:  54  109  123  120  120  115  124  115  120  120  133  122  125  113  120  118  114   94  125  118  120  106  116  111  115  108  119  120  118  131  120  126   39
ch:  55  121  110  118  133  124  122  123  116  130  125  117  126  132  119  121  125  132  119  134  133  123  123  122  120  120  124  131  123  125  135  122   22
ch:  56  121  119  125  119  110  133  118  118  123  133  117  123  119  105  119  104  106  105  110  115  121  123  125  122  119  120  116  121  123  119  122   38
ch:  57  121  116  118  120  110  115  124  115  123  120  122  133  123  116  121  107  117  115  134  122  117  133  121  121  116  117  122  119  132  134  136   20
ch:  58  118  125  114  116  111  110  125  103  118  121  116  107  100  119  116  115  116  117  119  116  122  120  108  107  111  116  108  119  116  120  117   43
ch:  59  125  137  117  114  123  117  110  127  118  112  116  118  118  122  125  120  121  114  122  136  132  124  138  138  118  137  135  138  138  147  136   34
ch:  60  120  106  124  120  120  126  103  109  121  124  118  121  116  114  114  113  119  123  133  114  115  120  119  125  123  132  105  115  122  118  123   42
ch:  61  124  118  124  123  124  121  120  116  120  123  118  135  115  118  133  137  123  120  126  133  135  125  131  123  120  125  132  136  110  135  133   25
ch:  62  109  135  122  117  134  124  120  120  131  108  118  116  113  120  107  119  109  107  121  114  122  117  109  110  117  123  119  106  116  122  120   39
ch:  63  120  125  118  132  110  117  120  116  132  118  120  115  125  119  121  106  133  118  120  123  124  139  111  124  125  118  122  135  134  125  122   19
ch:  64  123  104  124  121  122  122  122  118  121  113  117  120  109  122  116  126  115  118  137  120  120  121  115  115  124  123  119  114  119  122  122   40
ch:  65  133  108  136  118  121  122  122  121  123  121  136  122  114  124  125  119  124  117  124  120  124  118  119  122  123  118  123  136  134  117  137   25
ch:  66  121  122  132  117  120  125  110  105  105  107  116  133  120  107  108  109  124  107  119  107  115  123  118  105  109  121  115  115  122  117  118   53
ch:  67  125  123  120  116  118  121  132  118  119  117  119  107  123  117  122  130  120  124  118  124  124  117  137  131  125  132  125  139  125  125  133   22
ch:  68  109  110  120  110  102  119  120  108  110  120  116  115  106  117  108  116  117  108  111  109  118  113  116  122  119  106  108  124  108  124  116   34
ch:  69  122  123  121  118  118  123  119  133  125  116  124  120  123  121  117  121  117  119  133  120  116  123  121  121  124  111  119  108  121  123  135   22
ch:  70  120  116  111  123  118  115  120  119  116  117  107  108  114  118  105  107  113  118  122  115  115  106  123  119  114  122  118  118  110  119  119   55
ch:  71  122  118  131  122  125  116  118  124  122  133  133  121  121  116  123  117  123  122  108  122  124  117  118  127  121  125  125  122  122  126  125   20
ch:  72  125  122  109  120  121  114  116  116  115  108  120  108  118  115  117  116  110  116  134  116  110  115  120  116  121  119  119  117  104  123  122   36
ch:  73  125  124  120  116  119  121  122  109  132  118  119  131  122  124  118  121  126  107  131  116  119  120  107  125  115  139  122  117  109  123  131   31
ch:  74  121  118  117  114  136  117  120  121  116  117  108  118  116  119  123  109  115  117  116  110  119  108  119  123  117  123  113  118  119  115  120   41
ch:  75  134  116  122  117  125  124  117  130  119  117  108  137  132  120  133  131  109  126  122  141  121  132  124  119  109  122  117  121  116  120  133   22
ch:  76  119  115  120  122  122  119  114  122  131  116  120  101  121  108  132  116  115  117  102  116  105  122  132  111  121  119  121  116  120  122  120   44
ch:  77  118  119  126  123  123  121  114  118  122  107  117  121  121  121  116  121  110  117  124  108  122  123  119  120  121  108  123  119  133  124  119   19
ch:  78  121  121  120  119  103  117  121  117  120  136  126  118  119  118  107  105  131  109  124  109  110  113  114  119  109  133  116  110  122  107  120   37
ch:  79  117  123  107  121  107  133  109  118  123  124  119  125  124   -1  123  118  108  118  133  115  134  120  107  122  124  125  122  136  116  125  137   20
ch:  80  116  119  111  121  109  115  121  119  120  120  116  110   93  121  120  122  120  121  123  111  105  118  109  123  105  117  105  120  123  122  133   46
ch:  81  131  116  110  122  111  118  117  115  122  117  116  118  111  114  113  118  117  117  132  123  133  115  115  121  133  119  124  118  120  121  124   20
ch:  82  107  119  134  119  118  105  134  118  117  116  108  104  109  108  106  107  109  107  123  118  125  122  109  117  124  118  111  107  122  120  120   37
ch:  83  120  127  115  125  131  116  124  127  119  121  125  123  131  119  114  134  121  116  117  120  120  125  114  138  124  114  131  124  135  124  136   20
ch:  84  116  118  118  123  125  121  114  116  110  114  125  125  125  117  113  124  112  119  117  116  117  121   -1  108  117  107  111  126  124  120  116   42
ch:  85  108  119  122  119  122  125  123  125  117  121  126  122  115  121  123  108  134  125  116  121  117  126  122  124  122  132  119  124  120  137  124   20
ch:  86  124  107  132  109  115  120  116  115  121  124  119  105  110  108  122  116  106  117  108  126  116  108  120  120  119  109  121  120  109  118  122   39
ch:  87  108  108  116  130  125  123  119  115  116  115  119  111  110  115  115  123  113  120  110  118  117  133  120  122  115  111  114  120  124  132  124   30
ch:  88  122  121  117  117  116  118  108  118  100  126  123  115  137  108  116  109  122  102  107  121  106  108  117  115  114  110  106  112  109  107  119   36
ch:  89  106  117  114  120  118  116  119  118  140  112  119  123  117  111  124  108  120  121  122  116  121  122  104  117  118  134  114  119  120  120  121   24
ch:  90  133  124  124  132  114  119  103  115  116  115  121  107  113  110  109  119  116  107  109  115  108  110  119  118  110  107  122  121  122  125  105   51
ch:  91  125  123  122  108  121  116  133  122  126  123  109  122  121  118  120  115  119  110  114  117  121  119  132  115  117  117  126  120  132  120  134   25
ch:  92  116  121  133  110  118  120  120  120  118  110  116  104  108  117  105  116  119  116  117  104  118  115  122  117  122  114  107  115  107  116  121   40
ch:  93  120  108  116  119  119  126  106  114  116  110  119  107  122  109  115  125  107  114  112  122  124  117  121  110  111  123  120  110  134  119  117   19
ch:  94  121  132  119  106  109  114  117  105  123  108  117  114  113  118  116  109  106  107  122  115  108  103  106  104  119  124  105  134  119  109  124   49
ch:  95  132  119  119  117  115  122  114  116  116  124  118  115  116  109  121  117  116  122  120  132  116  121  124  115  122  119  118  126  134  133  120   19
ch:  96  115  119  133  125  107  122  122  116  107  120  115  106  111  115  120  117  117  117  105  119  117  116  120  119  111  106  121  119  120  122  111   44
ch:  97  110  119  116  107  115  126  109  117  120  119  130  122  115  103  117  118  124  118  115  123  125  119  123  122  125  116  124  127  120  131  126   19
ch:  98  117  123  120  122  105  119  108  124  113  105  111  110  107  104  118  119  117  109  115  101  116  116  116  126  121  107  108  110  119  125  124   37
ch:  99  126  137  125  121  123  123  118  115  123  123  116  124  123  108  117  120  116  107  107  123  123  114  123  107  133  122  119  117  115  123  123   13
ch: 100  126  116  108  116  110  106  120  116  118  117  108  119  119  107  119  110  108  115  111  124  120  104  110  110  120  116  118  105  109  106  122   46
ch: 101  122  123  108  117  124  111  120  113  126  133  118  124  121  119  135  120  125  137  122  133  125  122  127  130  121  121  122  121  124  122  124   13
ch: 102  110  118  121  115  110  107  117  116  116  120  120  126  111  119  118  115  107  117  117  112  122  109  123  118  107  119  115  108  122  123  122   47
ch: 103  125  123  123  111  124  117  134  121  123  118  111  120  122  120  121  119  120  123  123  121  124  133  133  123  123  124  131  137  121  122  130   11
ch: 104  127  111  115  110  108  107  131  121  119  123  118   -1  114  118  102  108  108  117  116  117  118  106  112  109  131  119  109  123  114  124  120   46
ch: 105  121  119  122  119  113  120  118  122  120  120  122  122  116  133  117  117  123  126  119  124  125  117  123  122  120  140  131  118  136  117  136   20
ch: 106  120  123  108  117  107  110  120  121  122  104  119  102  107  119  117  111  104  131  106  121  120  112  116  108  105  115  120  118  115  119  123   37
ch: 107  109  123  117  117  119  122  122  118  123  118  119  124  118  121  115  125  118  120  111  114  119  120  121  117  119  123  139  119  135  124  117    7
ch: 108   99  110  118  115  111  117  112  102  106  103  118  117  115  110  111  122  106  110  105  110  117  115   -1  107  109  106  117  116  115  119  117   31
ch: 109  118  108  125  116  111  108  124  133  134  121  116  135  124  133  117  140  115  121  121  132  122  122  122  110  132  126  123  124  123  135  132   18
ch: 110  115  134  132  120  117  118  119  116  116  113  117  119  120  115  113  120  105  120  111  110  105   -1  125  101  116  118  120  108  122  118  116   39
ch: 111  132  120  115  120  123  111  110  134  120  120  125  125  121  110  118  108  117  121  132  121  118  121  120  119  120  119  121  135  122  124  125   16
ch: 112  107  113  114  116  110  107  120  113  121  114  122  113  109  116  110  123  116  103  108  123  108  124  122  121  108  115  122  122  116  107  117   40
ch: 113  113  137  118  133  125  118  119  121  117  105  119  118  124  132  109  136  121  125  114  121  122  122  115  133  125  134  123  122  125  116  132   10
ch: 114  115  110  117  120  119  115  123  138  119  116  111  121  106  101  104  121  119  108  116  120  106  111  115  116  108  119  108  117  119  118  121   43
ch: 115  135  120  109  122  123  116  137  121  111  121  122  118  119  122  119  118  122  120  120  134  132  113  122  117  118  116  118  140  132  123  118   19
ch: 116  126  117  123  106  108  124  118  106  119  116  121  115  108  116  121  123  120  110  107  121  116  124  115  132  125  117  115  121  123  117  114   48
ch: 117  119  122  133  133  125  116  123  133  115  121  103  116  116  113  120  123  121  122  121  132  122  116  118  124  110  121  118  116  125  118  121   13
ch: 118  119  115  118  118  118  124  121  113  115  109  117  119  114  108  121  108  108  102  115   95  117  106  102  107  114  106  114  106  120  113  115   33
ch: 119  120  107  118  110  115  117  103  120  119  116  109  121  135  120  122  122  116  116  116  116  123  125  121  136  117  122  121  120  123  135  135   10
ch: 120  105  123  107  125  115  109  105  117  119  114  122  110  125  121  105  116  110  116  108  108  110  105  117  109  106  110  109  116  122  124  120   22
ch: 121  115  116  116  119  115  108  125  115  125  121  120  118  115  109  123  105  120  123  115  118  122  123  129  116  114  124  120  115  118  134  120   11
ch: 122  120  117  116  119  117  115  120  119  118  118  108  117  105  121  113  109  108  122  120  117  101  119  110  118  123  116  103  118  121  119  108   35
ch: 123  119  114  114  117  135  119  115  118  134  118  117  108  118  119  107  109  114  119  123  134  120  121  115  118  121  114  116  115  132  114  123   10
ch: 124  118  120  117  120  116  117  115  106  118  114  118  115  106  115  104  123  106  111  118  116  115  121  123  118  107  136  111  118  125  131  133   25
ch: 125  116  122  124  118  115  118  122  125  106  105  122  133  100  124  114  119  114  117  106  110  116  122  124  134  120  135  114  135  120  118  119    6
ch: 126  121  120  115  119  116  120  120  110  116  117  116  119  121  110  118  104  117  120  111   99  110  108  108  121  115  117  117  110  115  114  120   18
ch: 127  125  119  135  120  119  118  114  123  123  108  109  122  116  106  121  122  119  122  124  105  115  119  119  116  127  140  132  118  117  111  124    2
