# ID XA-000-08-003-000-001-175-13
# Tag _trim_
# Date 240620_19:00:51
# Vref_p 51
# Vref_n 20
# Thr2_glb 40
# Vref_t 118
# Vref_t_range 1
# Pol 1
# ADC range 30-247
# FAST disc 30
ch:   0  106  112  116  118  138  138  139  139  139  150  142  139  150  139  139  132  138  132  137  138  130  134  131  141  131  137  120  139  124  149  142   10
ch:   1  152  157  143  155  157  150  153  153  156  154  147  148  140  138  148  136  137  140  134  122  135  136  126  135  139  133  136  140  137  139  143   17
ch:   2  117  119  135  139  150  156  152  139  151  135  136  150  146  145  130  149  139  137  137  130  130  145  133  132  132  139  140  137  142  133  127   30
ch:   3  153  166  164  167  167  164  148  153  150  152  138  137  138  165  143  141  139  134  136  129  137  138  137  129  138   -1  138  135  141  149  139    3
ch:   4  122  141  135  163  155  138  153  157  137  146  150  149  149  140   -1  150  148  137  132  138  133  132  146  124  139  133  124  137  137  142  123   36
ch:   5  154  164  151  160  172  147  152  149  149  147  151  146  137  148  142  139  148  135  142  136  142  147  148  146  137  136  144  147  140  141  137   34
ch:   6  117  147  163  147  141  139  143  137  147  157  145  133  147  144  139  135  142  134   -1  132  126  135  133  131  131  131   -1  139  138  152  122   39
ch:   7  154  149  161  164  156  152  152  150  150  149  135  154  133  143  133  137  135  135  139  134  131  138  138  127  135  137  147  133  143  147  140   34
ch:   8  134  140  151  154  158  149  151  148  151  149  150  148  139  151  134  134  134  132  135  136  131  144  130  132  137  137  130  137  130  138  143   -1
ch:   9  152  164  155  148  152  166  148  154  131  134  136  136  136  149  148  137  134  135  127  136  126  124  132  137  150  135  138  132  134  139  132   -1
ch:  10  123  142  152  149  148  154  150  137  137  146  142  151  139  139  145  122  125  133  133  132  138  146  131  132  132  137  129  142  124   -1  125   -1
ch:  11  154  153  153  155  150  154  155  161  146  167  141  154  137  133  136  150  138  134  135  146  134  123  141  135  137   -1  122  141  125  147  143   10
ch:  12  132  140  133  150  150  152  152  140  147  149  137  141  136  138  147  123  133  147  133  139  136  136  122  130  136  125  140  131  130  129  132   -1
ch:  13  142  164  153  151  147  162  150  153  148  149  151  153  126  142  132  140  134  143  149  140  135  135  140  136  136  138  137  147  138  148  150   -1
ch:  14  123  140  140  147  157  165  151  148  153  140  143  149  147  137  138  133  135  134  130  138  134   -1  123  130  124  137  133  140  125  132  139   -1
ch:  15  151  175  154  162  154  148  148  150  151  152  148  155  146  139  137  132  130  126  130  134  123  135  136  136  131  129  135  137  148  138  147   54
ch:  16  134  140  137  167  159  162  150  141  148  138  148  138  139  147  146  136  136  135  145  140  129  139  148  132  137   -1  136  133  141  140  137   -1
ch:  17  157  163  164  154  165  152  146  153  150  141  137  137  140  124  137  135  142  133  137  139  136  136  137  137  137  137  140  139  134  139  140   15
ch:  18  123  151  138  154  154  149  152  151  133  138  142  150  142  141  135  136  138  146  138  129  141  133  131  134  138  121  129  120  133  133  130   32
ch:  19  152  158  168  154  153  146  154  148  140  156  140  134  137  137  125  134  151  142  145  151  154  138  125  131  139  134  126  149  139  139  138   34
ch:  20  134  140  137  155  151  163  140  142  136  140  142  140  150  151  136  122  130  137  132  125  133  138  131  130  130   -1  146  126  137  138  135    3
ch:  21  151  154  167  164  151  152  154  147  148  146  136  146  141  138  132  147  123  137  133  139  131  134  131  142  138  137  145  137  140  147  142   -1
ch:  22  130  137  152  154  150  131  153  142  156  138  142  133  140  143  145  147  131  137   -1  124  135  129  130  130  130  137  129  139  142  142  139   36
ch:  23  163  155  158  152  156  155  150  150  152  148  141  133  147  137  140  147  136  136  140  135  142  147  131  135  138  133  139  147  136  141  140   -1
ch:  24  138  134  147  149  151  147  151  156  154  141  136  137  147  130  134  139  137  146   -1  124  137  129  134  135  131  121  122  140  123  129  135   -1
ch:  25  138  142  155  154  166  153  166  149  148  154  136  150  133  149  137  145  136  143  133  145  151  138  134  140  135  147  150  140  136  132  147   -1
ch:  26  123  154  154  149  157  148  141  138  140  139  152  135  148  135  138  130  133  135  145  124  121   -1  136  130  130  126  120  134  138  134  138   52
ch:  27  135  149  148  155  154  161  148  141  137  149  152  136  149  151  142  139  139  122  131  130  137  139  142  136  141  132  139  131  140  134  149   -1
ch:  28  178  179  153  152  148  141  140  151  152  143  126  139  135  124  135  139  120  123  146  122  122  123  123  118  120  124  124  134  132  121  138    6
ch:  29  157  163  152  161  157  156  148  155  148  151  152  142  145  143  135  136  134  138  137  138  149  141  146  131  139  142  137  136  146  140  133   -1
ch:  30  123  137  152  139  157  154  148  146  156  142  150  146  147  136  134  127  140  138  135  126  127  145  130  131  138  132  134  135  134  133  141   -1
ch:  31  152  158  140  165  142  164  156  147  151  141  149  130  138  136  141  137  126  129  138  138  137  136  150  136  120   -1  135  137  137  145  138   11
ch:  32  144  150  149  151  154  151  158  149  145  148  154  148  148  140  138  149  136  140  138  127  130  130   -1  135  140  137  132  139  135  140  130   -1
ch:  33  158  154  152  150  148  154  158  167  150  148  151  153  134  140  121  143  139   -1  122  136  131  134  136  133  137  134  132  134  125  136  143   11
ch:  34  136  151  155  157  157  152  154  157  150  139  140  147  149  149  134  131  133  132  139  135  133  134  131  136  122  149  120  133  133  135  139   -1
ch:  35  149  154  149  163  142  154  150  147  151  133  148  147  138  138  152  137  143  136  137  140  134  136  128  134  134  136  139  141  140  131  145    2
ch:  36  124  134  138  155  149  155  147  148  139  140  147  135  139  142  137  142  138  137  118  133  134  138  131  134  146  137  134  147  139  145  145   30
ch:  37  156  149  154  151  148  150  148  149  148  142  138  136  149  140  139  147  142  150  122  138  139  129  141  134  131  141  144  138  139  132  138   -1
ch:  38  117  145  157  151  147  150  164  150  140  143  150  140  151  142  139  138  135  148  146  136  130  135  126  131  150  132  132  136  137  121  139   42
ch:  39  138  151  157  151  154  150  164  156  145  152  151  143  147  150  136  150  131  145  148  124  145  142  141  125  135  132  139  137  143  145  151    2
ch:  40  126  140  135  155  151  150  146  146  156  148  150  147  149  142  138  132  135  117  144  140  129  121  138  135  149   -1  136  133  133  133  148   -1
ch:  41  148  157  142  154  153  152  153  156  153  148  138  140  147  149  134  139  139  132  125  138  136  139  137  134  148  133  134  138  137  137  149   -1
ch:  42  123  145  151  150  151  156  148  152  150  150  142  151  151  137  139  142  131  134  138  134  124  132  136   -1  132  137  129  136  135  129  135   -1
ch:  43  141  152  156  147  151  137  159  151  154  147  155  142  137  142  148  146  141  131  123  134  144  132  137  142  137  148  134  140  136  147  132   -1
ch:  44  124  140  139  151  154  147  149  152  163  149  138  149  145  132  138  141  151  137  145  151  139  135  132  133  139  133  134  136  136  139  147   -1
ch:  45  133  157  157  150  163  165  150  150  154  137  140  148  136  138  148  149  139  137  135  131  133  131  126  134  134  135  120  135  150  136  151   -1
ch:  46  133  138  147  148  159  153  138  149  148  141  140  146  145  139  151  133  139  148   -1  136  134  147  136  129  134  140  131  133  121  133  130   -1
ch:  47  152  149  157  156  148  151  163  154  151  151  139  155  149  148  142  141  148  142  135  131  142  137  133  135  137  145  134  125  137  151  149   27
ch:  48  129  140  143  149  156  152  152  149  149  154  134  151  139  134  147  136  148  145  139  141  136  137  144  131  124  131  132  137  143  143  135   51
ch:  49  142  153  165  155  163  149  152  154  149  137  147  140  135  143  140  139  136  127  135  139  135  136  133  126  136  149  134  130  124  135  142   -1
ch:  50  117  137  152  151  149  162  150  163  148  141  136  146  137  140  151  148  137   -1  136  131  143   -1  144  133  132  134  120  138  133  119  137   31
ch:  51  141  151  155  150  141  152  149  157  151  153  152  156  137  133  148  137  132  134  145  145  145  129  139  135  127  148  148  135  135  133  148   24
ch:  52  128  143  121  153  141  154  167  142  148  154  141  140  138  151  136  137  140  121  149  140  133  137  134  133  129  124  132  127  137  129  127   56
ch:  53  137  150  155  158  155  149  148  140  148  153  140  140  143  146  148  143  135  135  130  152  139  138  150  151  136  135  138  134  134  136  148   -1
ch:  54  119  137  156  156  140  152  145  160  150  149  153  152  139  137  151  136  142  132  147  131  133   -1  135  133  138  135  131  138  143  132  127   -1
ch:  55  148  138  147  150  151  149  154  155  137  137  141  146   -1  138  147  138  135  137  140  146  138  132  131  149  131  122  124  126  143  136  147    5
ch:  56  134  140  145  152  152  151  159  149  141  151  139  143  142  146  136  129  132  133  146  139  133  134  132  132  130  133  132  135  133  136  138   -1
ch:  57  138  131  152  156  153  150  137  165  152  155  147  138  147  150  147  149  136  153  136   -1  124  138  146  138  139  139  136  132  138  139  134   -1
ch:  58  123  129  154  168  155  154  152  149  153  147  148  132  137  140  149  130  139  138  132  140  134  132  138  128  138  145  130  136  126  139  124   45
ch:  59  138  133  143  152  158  154  165  164  153  150  149  137  137  137  146  147  147   -1  122  138  138  148  141  136  145  138  126  133  140  139  145   -1
ch:  60  132  153  145  151  152  156  151  148  149  149  148  140  149  137  143  133  134  133   -1  140  137  138  127  124  121  135  125  127  139  152  136   -1
ch:  61  131  131  138  151  154  151  153  155  150  149  138  149  147  149  135  138  137  135  147  139  139  138  135  134  134  134  140  122  131  130  133   -1
ch:  62  139  141  145  157  150  152  159  151  154  153  148  143  137  146  145  139  138  134  138  132  131  146  134  129  133  131  130  136  133  135  138   24
ch:  63  136  141  148  154  169  155  152  151  150  147  135  141  150  137  150  126  130  139  131  137  122  126  126  126  141  138  135  140  137  131  140   -1
ch:  64  124  134  147  151  166  154  152  151  135  147  142  142  138  139  137  140  137  133  140  141  121  122  138  131  136  137  134  123  131  141  126   22
ch:  65  124  136  150  139  153  157  132  140  156  141  135  150  161  129  137  151  136  123  137  137  140  141  139  147  131  141  134  138  139  139  130   28
ch:  66  125  145  151  153  157  153  166  135  150  143  154  141  132  139  137  135  140  134  134  141  131  129  133  137  136  131  133  133  133  131  137   -1
ch:  67  120  138  147  148  149  156  152  150  151  138  153  158  142  133  132  146  145  138  147  133  132  137  134  134  140  137  142  139  125  145  147   -1
ch:  68  124  141  149  141  153  156  153  149  151  165  132  150  133  142  149  129  148  124  119  133  141  139  133  122  141  149  136  140  125  135  125   13
ch:  69  126  124  154  153  162  159  163  164  154  155  147  149  147  139  147  139  131  133  131  139  122  135  135  135  148  124  134  136  147  139  143   -1
ch:  70  135  138  154  141  143  154  164  146  150  140  152  138  148  135  134  137  133  130  133  135  137  131  131  134  138  129  135  136  125  133  136   44
ch:  71  133  140  140  151  152  155  154  158  151  142  159  153  133  132  137  138  138  137  144  138  147  140  131  148  135   -1  140  143  149  137  150   54
ch:  72  144  143  147  157  166  161  153  157  151  153  148  143  142  138  141  138  132  145  134  134  130  124  148  130  131  133  124  143  134  124  149   45
ch:  73  120  131  132  143  142  148  153  165  162  147  149  142  142  149  149  124  138  127  137  145  138  121  139  134  145  151  149  139  132  148  132   -1
ch:  74  135  139  149  149  157  154  152  148  148  151  138  150  151  147  147  145  137  134  134  138  137  139  130  134  139  134  123  136  135  129  150   -1
ch:  75  126  134  134  141  150  142  152  151  148  148  164  137  146  153  142  133  153  137  131  136  138  136  137  145  133  133  140  148  149  135  153   28
ch:  76  132  150  145  146  155  151  136  156  147  135  150  153  136  137  138  136  123  139  150  140  138  149  138  138  135  149  146  137  137  135  134   -1
ch:  77  131  139  143  142  158  137  157  152  155  148   -1  148  140  141  150  135  148  146  139  151  133  137  139  139  135  149  138  139  147  134  149   14
ch:  78  135  133  142  148  157  148  148  149  156  146  142  141  139  147  147  147  123  122  147  143  136  131  139  138  136  137  122  126  135  133  133   -1
ch:  79  116  122  131  137  142  154  158  149  137  153  149  137  162  150  138  140  136  141  135  138  134  143  133  139  125  145  137  135  139  149  140   31
ch:  80  140  137  147  142  170  151  165  141  156  149  143  139  144  146  140  150  144  141  138  141  131  123  147  148  135  138  146  134  143  129  135   -1
ch:  81  121  130  127  138  139  155  155  153  155  168  150  139  151  141  139  131  135  138  142  142  138  137  135  126  132  134  132  132  140  134  140   30
ch:  82  135  133  152  149  153  154  148  156  156  147  138  148  143  137  134  123  136  139   -1  123  122  125  120  113  132  142  119  132  135  131  122    5
ch:  83  108  135  126  139  142  150  148  139  154  157  148  134  139  136  147  141  134  135  140  137  140  132  124  135  141  132  124  148  143  139  137   -1
ch:  84  138  131  145  155  155  153  153  153  150  141  140  158  145  138  152  122  140  137  137  132  139  147  131  146  134  123  130  149  120  136  140   46
ch:  85  110  132  126  136  140  152  140  153  138  162  152  148  147  139  136  140  146  146  143  136  137  126  148  135  139  138  137  136  137  152  148   -1
ch:  86  118  127  133  158  153  152  150  156  150  153  146  140  146  132   -1  147  127  140  138  140  126  145  131  131  138  147  139  121  139  137  135   27
ch:  87  101  118  150  136  139  153  166  155  141  148  153  149  135  151  134  136  147  141  144  129  135  136  134  132  142   -1  150  141  135  138  140   29
ch:  88  123  139  134  154  152  136  148  149  140  162  151  147  139  143  140  127  122  142  136  140  137  129  136  131  136  137  134  147  133  133  137   -1
ch:  89  108  120  118  143  153  156  155  149  150  152  149  136  153  149  137  140  142  149  139  136  142  137  138  124  142  126  135  140  133  135  152   -1
ch:  90  123  124  141  138  153  154  151  141  132  149  138  141  138  139  137  133  139  140  139  148  140   -1  133  130  132  138  147  134  135  135  135   47
ch:  91   99  122  126  135  140  141  151  159  151  146  141  152  147  135  138  149  147  138  138  137  142  140  135  137  146  141  138  139  135  147  136   -1
ch:  92  124  131  134  156  143  151  155  152  151  142  152  141  150  147  135  140  135  131  138  142  134  141  137  138  125  144  136  132  133  148  138   -1
ch:  93  106  119  125  134  146  138  151  154  148  152  152  133  135  149  135  141  123  136  137  156  137  136  140  138  136  125  146  134  123  147  142   14
ch:  94  114  125  139  148  149  134  151  147  151  139  150  139  138  135  133  135  123  134  146  135  137  133  125  133  129  137  136  120  139  136  136   -1
ch:  95  103  117  124  139  138  153  148  146  158  148  141  148  147  149  136  137  140  138  140  139  135  139  146  134  131  149  148  135  139  144  152   39
ch:  96  110  131  132  146  151  150  151  150  152  154  152  152  138  149  139  136  139  138  145  134  134  138  135  137  148  135  140  140  135  134  133   -1
ch:  97  125  122  137  142  147  152  151  147  152  150  162  139  137  134  142  146  150  135  135  148  141  156  135  136  137  141  137  140  137  133  142   -1
ch:  98  108  131  142  154  152  148  146  143  140  135  134  145  140  133  136  140  140  136   -1  132  134  139  137  133  133  129  136  134  115  139  133    3
ch:  99  124  138  133  139  152  156  136  163  147  148  151  136  162  151  140  158  145  122  137   -1  137  124  135  136  137  144  141  133  142  137  151   -1
ch: 100  124  131  134  138  143  142  141  155  142  148  149  151  138  142  134  139  135  136  130  133  131   -1  122  136  133  124  130  125  132  135  136   -1
ch: 101  117  120  132  149  140  157  156  153  154  153  147  150  137  139  142  139  149  135  139  134  141  139  141  146  133  136  140  139  139  135  142   45
ch: 102  118  126  134  158  139  148  156  149  147  141  155  138  148  141  139  138  140  132  144  141  140   -1  137  149  129  134  122  132  139  136  125   -1
ch: 103  126  126  127  138  153  153  149  139  148  152  148  135  137  137  139  140  147  145  123  137  139  136  135  137  138  138  134  137  139  148  148   44
ch: 104  129  126  134  128  139  154  152  141  148  139  150  137  138  138  140  135  140  133  137  136  134   -1  134  123  121  131  134  134  123  136  119   -1
ch: 105  121  133  139  147  153  149  151  148  150  151  149  136  149  133  135  147  139  136  138  137  142  124  138  137  137  125  139  131  137  131  147   -1
ch: 106  108  121  143  146  148  141  143  149  146  143  141  145  146  139  131  132  136  147  132  132  134  138  132  123  124  120  134  134  133  133  134   -1
ch: 107  121  139  143  143  156  154  149  162  149  141  147  149   -1  139  140  136  134  135  136  134  146  135  140  135  135   -1  139  143  137  147  147   -1
ch: 108  108  133  114  138  145  149  148  158  149  148  142  151  138  140  147  151  135  144  135  138  133  136  130  146  133  137  139  139  130  131  135   -1
ch: 109  124  145  147  153  146  155  146  156  148  138  143  150  153  126  139  148  149  135  133  124  142  132  133  123  137  127  144  134  137  136  133   -1
ch: 110  108  141  149  142  145  166  143  142  152  140  152  134  154  139  140  130  136  139  133  126  139  130  134  122  134  139  145  133  135  144  121    1
ch: 111  140  137  152  153  151  153  142  148  158  141  150  159  149  137  133  136  147  148  142  138  132  140  135  134  138  146  139  141  141  135  141   11
ch: 112  113  135  132  150  151  150  141  164  137  148  148  151  145  138  139  131  135  140  138  136  132  125  134  124  136  135  132  130  118  121  133   17
ch: 113  140  163  142  152  142  164  150  149  162  155  136  148  137  149  156  139  142  137  129  137  126  123  139  137  138  141  140  138  136  133  151   -1
ch: 114  106  131  125  141  145  147  152  150  151  141  134  148  137  151  139  131  139  138  136  118  132  122  135  122  132  137  133  140  133  130  137   -1
ch: 115  148  150  171  155  155  146  156  138  165  158  139  163  147  137  142  132  142  147  138  150  146  138  135  134  140   -1  131  140  135  149  135   26
ch: 116  135  131  136  134  147  154  146  155  156  150  153  141  145  142  138  140  140  140  125  137  134  139  137   -1  145  134  136  143  139  121  137   -1
ch: 117  152  155  156  166  165  163  151  163  141  140  139  146  134  149  140  134  137  141  140  142  137  132  136  141  137  151  150  138  132  153  142   26
ch: 118  125  136  147  141  164  148  165  152  148  149  137  141  150  139  132  134  142  140  134  138  146  129  122  120  135  131  132  125  124  137  122    9
ch: 119  161  152  152  165  142  152  142  151  151  166  151  143  161  141  134  133  139  137  139  136  147  136  126  138  124  138  145  153  139  139  142   -1
ch: 120  124  142  132  139  143  147  153  167  137  149  148  140  135  141   -1  143  148  133  144  139  147  130  120  120  146  125  124  141  137  145  138   37
ch: 121  151  153  158  149  154  152  148  150  149  147  152  145  149  133  139  143  147  132  138  133  132  146  142  134  136  141  143  148   -1  136  147   49
ch: 122  131  118  132  152  146  156  150  150  152  141  141   -1  142  137  137  132  133  132  132  139  135  137  130  131  145  137  134  136  127  134  124   -1
ch: 123  154  166  140  163  154  164  151  147  148  141  155  130  145  155  140  139  140  150  146  133  132  151  147  141  146   -1  140  147  132  149  153   -1
ch: 124  107  121  131  136  145  150  158  152  149  147  142  137  139  134  147  136  136  146  139  130  137  129  134  135  135  133  138  139  118  145  127   -1
ch: 125  122  131  135  125  148  157  153  142  148  155  142  155  142  149  149  143  141  136  139  140  145  135  146  141  136  135  142  140  146  146  141   -1
ch: 126  101  111  132  135  137  149  155  138  141  152  140  137  142  137  138  134  133  136   -1  135  130  135  130   -1  124  139  145  120  139  133  142   -1
ch: 127   69   91   83   92   94  105  115  123  123  140  150  158  157  155  156  153  154  152  164  155  153  152   -1  157  171  156  153  167  155  167  169   -1
