# ID XA-000-08-003-000-001-181-10
# Tag _trim_
# Date 240620_18:42:44
# Vref_p 51
# Vref_n 22
# Thr2_glb 10
# Vref_t 118
# Vref_t_range 1
# Pol 1
# ADC range 30-247
# FAST disc 30
ch:   0  115  132  142  123  152  136  146   -1  149  155  154  136  134  153  152  129  129  121  127  137  129  119  127  125  125  120  123  121  110  118  126   -1
ch:   1  149  155  162  156  147  149  149  151  138  138  135  139  137  133  137  124  138  120  121  115  104  120  118  117  127  120  130  117  124  120  138   -1
ch:   2  118  124  136  135  154  152  156  154  143  146  147  139  150  151  140  135  130  132  130  134  120  114  120  131  135  134  135  114  132  118  130   45
ch:   3  154  157  166  155  161  152  151  153  146  153  148  137  136  138  137  147  125  116  122  119  128  123  118  117  129  120  124  121  122  123  132   -1
ch:   4  123  133  148  139  151  166  146  148  151  137  153  133  139  139  135  130  137  134  128  140  119  124  121  122  125  110  118  122  115  126  114   47
ch:   5  150  151  153  136  160  153  160  142  146  136  139  138  140  147  133  138  121  129  120  133  135  125  131  125  124  124  130  120  122  116  115   -1
ch:   6  114  139  136  145  163  149  152  154  152  138  148  139  140  124  135  134  135  131  135  122  122  125  119  117  123  106  130  117  117  133  125   -1
ch:   7  147  154  162  155  148  153  150  148  151  135  148  149  146  133  141  130  130  131  134  129  132  127  136  123  118  128  133  125  125  130  120   50
ch:   8  138  126  142  141  152  156   -1  149  136  150  133  150  134  136  131  120  123  128  131  135  120  126  128  132  121  119  118  116  115  120  119    3
ch:   9  154  167  153  154  161  147  149  133  152  150  138  139  149  137  131  122  131  126  139  120  121  115  118  122  134  118  121  133  130  123  121   -1
ch:  10  130  134  134  142  140  157  160  150  155  137  134  132  142  139  133  140  133  130  129  131  133  118  132  124  123  117  119  131  127  126  123   17
ch:  11  154  157  153  154  152  142  156  150  138  138  147  145  127  135  143  138  138  132  133  131  121  133  135  123  127  124  120  134  121  121  122   -1
ch:  12  125  140  142  151  153  160   -1  146  160  149  148  131  139  138  138  127  132  134  134  127  114  124  126  119  133  135  120  124  119  123  137   -1
ch:  13  164  161  150  159  153  149  154  149  152  150  138  147  137  134  148  134  133  121  122  127  122  135  121  133  129  126  123  127  122  122  136   -1
ch:  14  118  140  136  158  154  141  147  152  142  155  139  141  141  139  147  141  123  132  129  136  132  125  115  124  125  119  117  124  121  119  126   15
ch:  15  151  155  152  154  154  149  150  154  146  149  135  146  138  135  133   -1  121  123  125  131  143  115  133  121  125  123  119  137  121  121  137    9
ch:  16  116  131  146  151  134  137  153   -1  151  138  134  141  139  137  126  132  133  129  139  125  113  124  133  122  106  130  116  123  117  123  126   13
ch:  17  147  155  150  154  150  153  149  151  152  148  133  138  145  151  135  132  133  132  135  130  130  124  120  120  110  122  122  129  131  130  127   -1
ch:  18  130  140  148  153  153  149  148  142  145  140  138  139  135  136  127  131  133  128  119  146  123  121  124  119  117  121  116  123  105  114  117   -1
ch:  19  152  166  152  154  145  161  150  142  147  142  139  135  132  148  135  134  124  132  133  110  124  123  133  133  132  116  126  134  118  124  124    7
ch:  20  135  133  142  149  152  156  157  138  137  137  142  127  134  138  137  128  131  131  130  125  128  108  122  106  119  127  130  118  119  117  121   -1
ch:  21  147  153  157  156  155  160  151  150  150  148  138  149  129  137  126  134  142  130  134  137  130  132  110  124  125  118  118  130  132  124  124   49
ch:  22  118  140  142  159  153  150  150  158  149  140  149  139  139  139  133  135  133  122  120  134  118  120  123  126  103  110  113  128  119  123  116   -1
ch:  23  152  155  159  163  155  153  155  153  149  139  150  142  132  139  131  133  123  132  131  124  118  137  121  123  133  121  129  125  123  125  124    8
ch:  24  125  125  135  157  155  158  140  162  140  152  126  153  134  142  138  134  137  120  124  121  123  141  129  104  130  131  134  120  115  124  121   41
ch:  25  142  151  156  164  154  149  154  141  149  154  146  139  134  146  142  136  125  134  138  134  130  125  118  132  121  124   -1  120  131  117  126    7
ch:  26  119  134  152  142  150  154  163  152  151  150  140  140  135  133  151  139  139  126  132  137  130  125  124  122  118  119  117  124  114  116  117   54
ch:  27  151  157  148  146  151  154  140  138  141  154  147  136  141  141  137  132  139  116  135  126  131  118  133  123  126  132  125  122  134  132  126   13
ch:  28  122  139  141  153  148  152   -1  155  135  135  148  148  131  149  135  146  130  133  140  139  120  122  130  130  115  126  122  124  112  122  126   26
ch:  29  156  150  150  160  154  154  157  152  152  150  152  138  133  133  131  136  133  137  132  136  123  127  118  124  132  125  120  130  123  120  124   -1
ch:  30  130  140  136  153  143  159  156  152  139  131  133  143  147  137  138  122  136  138  132  132  119  122  127  120  132  117  136  117  121  116  122   -1
ch:  31  143  149  156  155  151  137  151  139  147  135  124  150  132  148  127  144  137  116  134  138  123  125  124  124  127  121  125  140  149  121  130   31
ch:  32  135  133  161  151  154  152  147  152  155  140  147  139  136  135  134  149  136  136  125  134  128  127  123  120  122  125  119  116  116  123  105    2
ch:  33  137  147  151  154  157  143  151  141  157  152  146  149  141  125  143  136  123  124  123  132  130  122  124  124  127  124  118  126  127  134  118   -1
ch:  34  118  136  153  155  148  151  152  150  139  134  139  136  151  142  124  123  129  128  119  124  120  118  126  120  123  117  126  118  122  122  118   21
ch:  35  143  151  152  142  165  152  149  154  144  150  139  140  140  139  141  147  139  132  125  136  134  122  123  116  135  124  124  117  137  120  131   -1
ch:  36  135  133  147  149  161  157  155  151  135  140  147  136  148  137  136  142  138  127  122  131  126  124  126  132  117  120  120  120  133  127  125   20
ch:  37  143  146  162  152  153  165  161  150  154  138  155  142  136  135  138  126  121  126  123  130  132  124  131  122  124  123  124  130  117  118  124   -1
ch:  38  115  126  126  153  152  152  139  150  154  145  148  147  143  138  141  135  134  134  129  130  134  134  125  120  120  115  132  119  131  118  122   -1
ch:  39  139  143  150  165  146  157  153  142  148  148  139  135  131  133  142  129  137  124  125  135  129  126  121  121  126  132  131  131  133  127  133   -1
ch:  40  123  131  148  148  161  151   -1  146  154  143  147  137  134  151  140  132  130  126  130  132  124  124  113  119  120  131  131  120  126  117  116   24
ch:  41  138  143  149  147  155  148  152  150  155  140  145  142  141  155  133  137  133  133  131  125  129  133  133  119  124  116  131  120  121  107  119   15
ch:  42  124  150  148  145  151  148  148  158  143  152  154  143  142  137  133  134  122  129  123  118  121  125  124  131  123  126  123  121  118  108  122    1
ch:  43  138  141  146  163  154  155  150  152  147  145  148  138  147  138  138   -1  137  125  136  117  122  133  132  124  126  121  123  124  132  134  138   47
ch:  44  132  133  148  160  155  166   -1  150  140  148  144  152  149  161  136  139  129  130  131  130  130  124  121  135  131  132  128  118  107  122  122   -1
ch:  45  135  140  148  141  141  147  155  130  148  138  134  135  136  133  147  123  125  136  132  115  123  123  132  132  118  110  137  122  121  123  118   -1
ch:  46  145  134  134  153  140  143  164  154  151  155  139  148  147  138  136  139  121  136  137  139  133  132  133  122  116  109  125  121  125  120  124    9
ch:  47  131  139  143  161  157  150  154  165  144  135  152  143  146  126  135   -1  125  125  137  129  118  125  126  121  117  127  118  132  118  121  118   24
ch:  48  112  132  148  131  152  155  162  147  136  139  138  141  141  137  129  127  141  141  136  129  126  124  136  121  122  116  121  120  129  127  126   -1
ch:  49  126  133  145  155  155  149  147  157  151  152  154  134  142  139  135  134  140  142  126  131  130  120  141  125  127  121  130  124  134  123  132   -1
ch:  50  121  135  138  146  158  150  152  158  135  134  152  139  139  138  142  131  135  129  122  138  140  125  124  122  134  130  126  120  107  118  133   38
ch:  51  123  125  135  147  143  153  152  154  145  149  146  142  135  148  135  133  135  136  129  123  131  131  125  137  125  132  120  123  130  115  121   -1
ch:  52  117  115  131  139  139  164  146  144  133  141  143  136  131  134  135  133  135  133  124  138  120  125  125  125  132  122  124  128  123  133  139   -1
ch:  53  116  135  141  138  147  137  154  140  147  146  135  140  141  133  137  139  137  126  118  134  133  125  124  122  124  135  129  130  133  127  122   25
ch:  54  121  133  132  135  156  142  154  142  152  137  152  132  149  136  136  157  133  130  130  138  132  125  122  130  121  120  133  122  118  129  134   55
ch:  55  125  131  134  138  141  153  170  148  152  142  139  137  136  137  123  135  141  129  137  122  128  129  131  137  126  136  121  121  119  143  132    7
ch:  56  132  130  136  126  151  149  136  147  153  151  146  148  145  151  133  136  139  122  130  121  119  122  118  108  131  126  119  131  121  137  118   -1
ch:  57  107  115  129  131  126  150  147  152  154  132  148  152  134  143  131  140  133  132  123  132  128  133  134  118  122  126  128  124  120  121  136   -1
ch:  58  133  125  136  134  154  139  145  146  148  152  149  139  139  138  134  139  130  127  137  141  132  122  121  135  117  134  118  124  119  124  134   53
ch:  59  122  122  129  138  142  149  151  148  138  151  139  141  136  144  142  135  134  146  131  131  143  123  123  126  131  132  117  130  137  126  118   15
ch:  60  124  124  133  136  138  157  150  151  139  139  134  142  134  128  129  148  129  135  134  116  128  125  127  125  136  124  121  119  131  122  126   -1
ch:  61  122  109  131  135  136  129  148  150  152  138  150  147  136  135  134  133  135  127  128  124  136  118  124  127  124  132   -1  130  121  121  134   -1
ch:  62  125  127  126  130  144  139  156  150  147  151  139  131  151  150  140  141  136  121  134  126  136  121  130  127  123  130  132  121  127  131  118   53
ch:  63  119  125  132  142  149  143  150  136  168  158  147  138  132  126  142  138  138  134  133  131  139  120  116  129  116  125  129  131  126  134  132   10
ch:  64  122  133  142  132  143  151  148  163  133  147  133  136  132  144  127  141  132  138  131  136  120  124  130  123  119  133  125  126  131  117  131   -1
ch:  65  111  120  129  133  148  151  153  150  157  148  147  139  147  130  134  130  117  134  123  118  122  117  118  134  134  123  137  130  132  134  132   -1
ch:  66  122  125  124  140  142  138  151  148  155  137  140  149  133  136  137  143  126  138  132  137  122  125  119  126  130  131  121  123  126  119  132   -1
ch:  67  110  119  132  133  149  140  153  150  154  142  145  138  149  126  131  138  132  134  143  124  128  130  136  138  126  123  131  126  130  136  122   23
ch:  68  118  125  138  130  157  157  157  142  147  148  133  136  134  140  131  139  131  135  139  132  122  133  123  120  136  126  122  117  119  135  120   -1
ch:  69  105  126  120  127  136  140  154  148  156  152  151  138  152  127  142  134  119  137  138  137  135  134  132  125  132  129  135  124  126  125  124   11
ch:  70  124  117  126  145  128  155  147  155  147  142  143  137  134  145  141  130  134  135  122  136  125  141  117  131  133  133  117  134  115  123  124   -1
ch:  71  117  125  117  138  127  140  165  161  152  148  145  138  147  139  140  130  140  130  137  120  134  139  131  131  115  114  120  131  131  138  131   -1
ch:  72  112  136  138  127  143  127  139  149  144  150  143  151  132  151  140  142  138  124  130  122  124  133  129  119  135  125  116  115  131  124  133   18
ch:  73  116  116  111  121  129  149  150  150  143  134  141  137  141  133  134  126  130  124  129  125  136  132  135  136  124  126  128  132  135  132  131   -1
ch:  74  113  125  126  139  146  152  142  146  154  138  139  136  158  150  152  137  130  122  131  129  134  132  124  124  117  124  126  122  124  123  130   -1
ch:  75  110  117  120  135  139  151  149  152  151  150  155  136  150  127  135  134  133  125  131  146  118  132  136  123  136  116  133  131  130  140  124    5
ch:  76  122  129  123  133  143  140  155  157  151  143  135  139  145  136  137  139  146  135  134  119  136  142  127  117  123  131  116  117  134  117  118   -1
ch:  77  104  107  115  141  130  140  137  152  147  140  150  138  148  126  135  136  142  132  120  127  123  125  138  131  118  120  117  121  125  123  127   41
ch:  78  108  122  130  131  144  155  151  146  142  147  143  150  153  129  149  133  132  129  138  136  136  125  135  117  132  115  118  114   -1  132  122   -1
ch:  79  106  119  136  126  136  145  147  149  136  147  146  143  123  133  133  130  137  138  133  118  131  138  125  123  125   -1  121  119  129  135  133   -1
ch:  80  108  119  131  123  153  151  139  160  149  148  137  143  146  139  134  132  137  135  136  120  120  124  116  115  119  118  121  127  120  125  122   10
ch:  81  102  119  122  134  139  146  154  149  141  133  137  150  152  139  154  138  127  129  125  133  122  122  125  134  117  125  117  136  122  135  110   26
ch:  82  117  122  118  145  153  157  143  142  136  153  147  147  147  150  133  132  133  133  119  139  124  141  133  134  133  132  132  122  129  121  131   -1
ch:  83  109  120  123  135  141  139  157  153  138  150  139  138  124  140  140  131  146  134  133  126  118  138  129  131  125  131  127  134  122  133  131   -1
ch:  84  110  125  126  127  148  139  135  150  147  152  151  143  139  137  133  138  145  139  139  121  126  136  123  126  130  132  130  122  136  135  126   41
ch:  85  104  117  133  136  142  158  149  135  141  140  138  139  147  151  138  132  131  139  134  139  118  126  131  133  139  123  123  132  124  134  124   18
ch:  86  115  122  118  140  144  154  151  150  146  135  146  135  135  136  148  139  123  134  122  130  136  119  135  120  117  126  129  116  117  133  119   19
ch:  87  123  114  137  140  145  149  150  151  150  157  148  136  138  142  137   -1  131  123  127  125  127  123  132  121  136  131  131  109  136  131  132   -1
ch:  88  140  114  140  139  142  150  136  156  151  139  138  148  141  150  117  135  136  121  132  134  133  133  127  119  126  126  123  133  118  122  122   12
ch:  89  105  120  124  127  136  152  153  154  158  142  136  142  143  151  148  126  136  139  139  152  123  125  137  124  131  131  139  122  123  130  137    3
ch:  90  111  131  126  142  154  152  159  152  152  135  141  148  149  143  142  132  142  132  119  136  129  131  124  136  134  136  121  124  129  122  137   -1
ch:  91  117  119  134  131  150  156  141  164  149  154  135  146  136  134  151  134  129  145  122  126  130  122  132  136  132  126  135  131  120  123  125   -1
ch:  92  118  118  141  139  145  157  158  155  148  135  154  150  130  150  135  132  148  135  134  130  117  126  129  130  127  118  136  123  131  123  122   39
ch:  93  109  120  123  146  142  158  140  147  155  141  149  146  140  131  133  152  137  131  124  145  134  125  135  132  127  126  119  136  131  125  126   -1
ch:  94  113  131  126  147  138  143  147  150  152  134  150  152  151  135  139  146  138  140  123  138  135  125  133  126  131  122  134  120  122  120  114   -1
ch:  95  123  125  137  143  155  153  149  156  147  142  153  142  142  140  135  146  133  132  134  129  137  135  131  126  120  134  123  131  138  126  126   -1
ch:  96  122  139  143  127  155  153  147  139  146  150  151  140  146  137  138  132  134  135  134  123  132  126  123  140  137  125  118  132  131  118  122   -1
ch:  97  126  127  136  142  147  165  143  152  157  150  150  137  155  147  142  127  148  134  132  132  124  132  126  134  134  119  133  125  139  124  138   41
ch:  98  117  151  126  140  146  153  167  146  138  146  150  139  141  145  133  146  134  133  131  132  125  123  133  120  118  117  133  129  125  108  122   -1
ch:  99  120  141  141  147  142  155  155  140  142  151  149  140  133  134  135  129  141  145  140  134  132  133  133  137  121  119  125  125  134  126  132   44
ch: 100  126  132  124  140  157  155  153  155  151  148  137  136  131  151  133  140  131  135  136  137  132  133  124  130  125  125  130  138  122  133  136   44
ch: 101  136  132  139  156  156  153  163  154  150  139  137  139  140  154  131  138  134  134  137  135  119  127  137  132  140  106  137  127  125  134  134   -1
ch: 102  125  133  138  148  162  156  147  154  158  152  142  135  144  145  136  140  131  133  131  120  133  138  131  120  130  134  126  132  127  124  116    9
ch: 103  125  132  137  143  158  168  152  149  150  150  143  148  152  150  145  130  132  134  133  129  124  133  115  133  130  131  145  131  135  121  138   -1
ch: 104  125  131  142  136  146  158  152  140  151  149  148  135  139  152  136  134  133  126  131  134  123  125  123  121  142  126  130  118  122  118  125   26
ch: 105  127  141  133  159  154  153  161  146  140  124  151  153  152  137  133  135  130  137  124  117  132  125  134  126  118  124  122  140  133  117  127   23
ch: 106  131  138  146  149  166  161  148  138  159  151  152  151  139  139  133  146  140  122  131  129  118  134  117  118  129  123  119  120  117  127  120    3
ch: 107  143  143  151  153  168  156  153  150  158  141  134  150  151  135  137  139  141  138  126  133  146  131  134  138  119  134  124  122  122  118  124   -1
ch: 108  132  123  147  156  150  167  146  159  146  134  133  139   -1  156  139  135  136  133  121  137  129  134  130  117  131  128  122  131  128  123  122   21
ch: 109  142  151  154  146  157  140  153  154  152  156  149  147  140  139  146  140  139  140  130  132  130  135  122  138  126  134  123  136  130  129  135   54
ch: 110  142  142  135  143  164  155  166  154  143  140  142  149  152  161  145  146  128  128  129  137  123  133  133  123  124  125  121  120  130  117  125   41
ch: 111  131  153  143  167  159  155  152  156  152  151  157  151  141  127  145  135  138  139  134  137  143  123  125  133  120  121  127  131  130  138  127   36
ch: 112  135  123  140  157  154  152  162  153  145  151  131  151  147  140  140  124  138  130  137  132  130  132  133  130  128  120  119  120  133  126  126   36
ch: 113  141  140  150  140  152  149  162  154  141  140  156  152  136  142  133  134  135  136  139  131  132  141  134  136  127  140  131  138  133  134  136   -1
ch: 114  105  126  130  163  155  157  155  137  153  150  147  131  140  142  149  141  139  134  131  134  133  129  125  119  124  121  133  123  124  127  120    7
ch: 115  143  142  167  162  159  152  153  150  148  166  155  148  145  141  136  139  135  144  149  129  139  135  124  116  141  120  135  133  134  124  124   -1
ch: 116  127  137  152  139  154  155  146  155  133  140  154  150  149  139  134  134  133  137  136  130  133  124  133  131  131  135  121  118  135  127  134   40
ch: 117  154  136  154  150  149  163  162  148  142  154  154  147  146  138  131  126  140  138  134  138  129  125  125  132  121  133  129  129  124  122  129   -1
ch: 118  121  138  137  144  152  164  159  160  143  153  136  150  146  148  133  133  133  127  142  142  133  127  124  132  126  122  129  135   -1  130  129   -1
ch: 119  170  158  159  164  151  154  150  156  155  134  139  147  137  134  132  137  149  122  127  149  134  126  137  137  125  122  132  136  148  124  127   -1
ch: 120  138  133  142  157  157  161   -1  141  152  153  137  148  146  150  131  135  124  131  138  137  130  124  124  133  133  120  138  132  135  123  137   26
ch: 121  154  154  162  154  166  148  151  157  139  164  147  135  146  147  133  129  137  139  134  125  130  135  132  126  124  139  138  122  131  121  136   -1
ch: 122  138  137  137  144  157  157  162  166  147  150  136  135  147  146  137  134  140  134  129  130  127  135  122  131  120  119  123  119  133  135  130   20
ch: 123  142  157  165  156  155  153  149  154  149  139  141  138  125  141  142  138  147  146  139  129  122  123  146  133  131  122  127  131  131  124  126   -1
ch: 124  120  117  152  136  144  153  152  161  154  152  142  152  150  142  145  142  138  143  141  125  116  136  133  126  137  124  130  130  118  133  124   -1
ch: 125  126  128  140  155  148  149  147  152  147  146  149  142  134  149  135  150  133  129  138  142  136  130  134  132  136  123  131  148  134  133  137   18
ch: 126  110  109  116  129  146  145  139  136  150  145  134  135  145  141  151  157  146  145  145  133  137  142  124  118  122  125  129  117  116  120  122   -1
ch: 127   90  117  117  118  129  136  139  152  138  149  151  148  147  142  134   -1  141  126  123  141  143  135  138  145  140  127  133  137  138  135  126   -1
