# ID XA-000-08-003-000-001-170-13
# Tag _trim_
# Date 240620_17:02:10
# Vref_p 53
# Vref_n 25
# Thr2_glb 10
# Vref_t 118
# Vref_t_range 1
# Pol 0
# ADC range 30-247
# FAST disc 30
ch:   0   94  120  100  114  118  119  132  137  140  145  135  139  129  125  134  118  126  125  124  129  126  124  116  121  148  117  119  131  123  122  113   -1
ch:   1  134  150  142  145  151  154  148  140  147  138  145  137  138  135  121  137  146  137  136  135  136  139  134  130  135  146  148  130  132  134  136   -1
ch:   2  114  129  126  129  137  139  136  140  122  137  134  127  134  121   -1  132  138  125  132  119  135  110  127  119  128  121  126  114  130  122  120    8
ch:   3  139  158  149  152  139  149  147  153  152  150  135  133  125  138  135  129  134  135  133  136  125  134  137  135  123  126  124  137  136  134  140   -1
ch:   4  118  124  139  134  136  150  133  131  135  137  138  125  141  135  134  129  122  127  116  128  125  123  111  124  124  107  118  119  118  124  119   48
ch:   5  138  145  138  141  139  152  147  138  139  132  137  125  135  121  118  127  124  122  119  133  121  130  122  121  122  118  116  116  130  126  120   -1
ch:   6  106  128  136  147  139  148  146  145  145  130   -1  138  139  130  132  126  118  133  136  120  130  131  122  131  120  124  118  131  114  120  120   -1
ch:   7  151  150  155  135  150  156  139  156  137  135  140  142  133  134  131  137  127  134  145  133  139  126  126  135  136  131  138  130  126  135  135   41
ch:   8  121  128  126  150  141  151  147  135  133  139  133  132  134  136  126  129  126  126  121  122  125  115  119  119  123  119  120  118  124  124  132   -1
ch:   9  132  152  152  145  150  146  150  155  134  139  137  145  132  138  132  136  132  139   -1  135  129  119  121  136  125  119  132  123  124  130  140   29
ch:  10  125  139  143  137  140  137  140  150  137  137  139  139  122  138  137  123  134  134  135  126  119  135  120  118  119  129  122  122  117  110  126   19
ch:  11  157  151  152  155  147  140  153  134  152  140  141  141  130  134  138  149  127  129  123  133  131  119  122  121  146  134  124  130  121  125  125   -1
ch:  12  116  124  124  139  154  151  138  143  150  147  141  130  133  127  127  133  132  136  121  122  123  131  122  134  118  120  120  122  133  116  131   -1
ch:  13  132  155  151  132  146  141  161  148  138  149  149  149  133  139  138  137  132  148  140  122  120  125  135  130  135  122  130  134  121  126  151   -1
ch:  14  118  148  138  148  147  154  151  135  140  129  136  137  123  133  139  132  133  115  134  116  121  122  125  116  108  122  123  123  120  110  121    1
ch:  15  152  148  154  161  147  154  151  150  136  130  138  138  138  139  138  149  136  131  131  135  132  124  131  126  125  127  125  134  119  135  134   -1
ch:  16  115  136  138  150  147  153  146  134  140  138  132  134  131  134  140  124  137  141  124  133  132  115  123  120  110  123   -1  118  125  120  120   -1
ch:  17  136  139  154  147  155  137  133  151  140  137  149  145  134  132  134  140  135  123  126  135  129  134  132  131  119  131  130  124  129  131  136   12
ch:  18  120  139  137  141  140  140  145  138  136  146  142  140  131  133  136  137  121  132  140  135  130  116  124  122  126  129  124  125  133  126  123   37
ch:  19  137  138  152  152  142  146  153  135  150  139  137  139  131  134  133  134  132  135  134  139  136  138  132  127  132  134  130  133  137  135  136   -1
ch:  20  121  124  134  138  146  140  148  145  140  131  152  134  141  132  134  130  121  124  130  130  124  125  120  126  131  126   -1  119  134  124  119   -1
ch:  21  146  152  151  149  143  144  145  151  135  137  160  136  147  135  145  139  148  136  139  137  134  137  139  138  117  125  135  139  135  139  142   42
ch:  22  120  132  133  143  138  139  140  147  137  132  137  134  147  142  139  139  125  116  134  126  120  126  125  124  118  125  129  125  131  130  125   -1
ch:  23  143  154  138  163  149  150  154  138  149  134  139  135  140  141  145  124  133  121  121  140  129  134  133  123  121  135  131  134  133  131  122   -1
ch:  24  117  140  135  148  141  135  136  140  133  132  146  133  121  136  133  122  125  120  139  122  127  124  120  124  126  125  133  129  134  109  146   21
ch:  25  134  151  151  147  149  147  154  147  145  137  140  151  135  133  135  138  127  142  122  132  134  133  138  138  135  145  135  135  138  131  160    4
ch:  26  118  128  136  130  141  143  135  138  136  150  138  142  136  132  129  139  132  126  135  117  133  133  133  130  136  120  133  121  134  130  127    3
ch:  27  151  155  150  156  149  149  136  142  135  137  149  140  150  149  135  132  148  136  150  127  132  147  134  145  134  151  136  127  142  141  148   -1
ch:  28  130  132  138  146  150  145  149  138  137  141  137  136  135  120  134  138  135  140  121  133  125  124  133  127  127  119  130  121  134  138  135   -1
ch:  29  134  153  154  149  152  145  153  140  137  134  145  146  144  129  137  135  136  133  117  131  129  122  122  125  125  132  131  127  131  137  120    3
ch:  30  113  124  144  138  140  153  153  150  140  151  137  135  138  141  126  124  136   -1  136  123  135  140  122  127  133  125  120  123  121  115  108   18
ch:  31  152  152  148  140  134  148  150  136  148  153  140  142  132  148  137  136  133  135  138  147  134  135  149  130  138  137  138  133  133  124  138   48
ch:  32  120  136  134  156  157  152  138  148  148  136  152  139  136  139  132  137  133  131  121  118  132  119  139  120  132  136   -1  124  121  124  133   14
ch:  33  146  133  141  166  161  154  155  148  147  142  149  133  149  138  125  139  139  116  132  131  136  121  136  125  137  123  124  136  135  127  137   -1
ch:  34  118  139  136  143  147  140  150  147  140  136  137  142  136  139  136  126  132  134  129  120  120  126  136  124  135  125  140  129  121  121  122   -1
ch:  35  154  153  155  156  147  137  149  147  134  150  136  136  136  127  136  141  139  139  142  138  124  136  124  141  138  149  134  135  131  138  132   -1
ch:  36  107  136  133  140  143  149  152  135  146  137  138  128  142  130  134  130  136  135  130  132  142  125  135  121  121  139  123  130  133  130  134   31
ch:  37  144  151  150  149  154  137  137  151  150  144  148  137  149  139  141  123  134  139  137  147  134  135  138  138  136  136  139  125  135  136  145   -1
ch:  38  130  139  139  133  143  149  139  147  152  146  148  149  133  137  147  133  130  150  133  131  125  117  131  122  122  130  119  139  119  127  119   -1
ch:  39  154  168  148  151  142  148  152  140  148  149  140  146  136  139  149  139  148  139  140  122  139  135  143  148  145  134  134  138  135  136  138   -1
ch:  40  116  134  151  150  142  151  138  149  134  142  149  142  134  137  120  138  132  134  123  119  133  134  126  117  130  134  120  122  140  121  134   -1
ch:  41  132  166  154  151  138  148  148  154  140  134  139  139  149  139  140  139  135  138  145   -1  131  136  141  134  122  117  149  134  133  131  137   44
ch:  42  117  144  137  141  146  152  149  150  148  133  146  131  132  131  136  142  131  133  136  132  130  132  119  129  135  133  134  125  136  119  134   -1
ch:  43  156  157  136  152  151  147  139  138  147  138  149  139  148  150  139  121  134  136  135  133  131  132  127  131  147  135  135  141  132  135  132    5
ch:  44  134  138  141  140  132  142  151  131  134  141  136  137  140  134  124  136  140  125  131  119  136  135  117  122  120  124  120  129  133  131  122   -1
ch:  45  152  147  154  150  136  156  138  151  142  138  151  130  151  134  138  124  133  135  141  132  144  139  124  132  134  124  130  138  138  133  145   -1
ch:  46  118  131  138  136  147  149  142  145  136  137  150  149  138  149  138  133  134  130  137  129  130  136  124  132  131  125  126  134  136  122  124   -1
ch:  47  141  151  154  152  152  141  147  147  149  152  141  135  150  134  145  146  137  131  133  133  134  140  138  139  136  147  121  138  123  137  132   -1
ch:  48  120  139  141  140  146  157  140  146  150  135  145  150  135  140  148  118  134  132  135  131  138  125  130  133  137  149  131  133  135  132  126   15
ch:  49  140  158  158  155  145  150  153  139  131  138  149  151  141  133  134  148  140  139  135  139  132  133  123  137  131  122  123  132  125  131  129   18
ch:  50  118  140  145  142  153  147  145  142  137  147  137  127  147  117  127  124  134  134  124  140  136  137  130  133  121  126  129  136  132  134  122   44
ch:  51  143  151  162  150  152   -1  147  149  150  139  139  155  149  135  146  139  133  137  137  147  124  137  142  136  147  138  133  134  133  151  138    3
ch:  52  137  134  147  134  147  147  142  145  153  131  140  135  140  139  126  108  120  138  130  136  126  135  131  110  125  125   -1  121  138  131  140   32
ch:  53  152  154  164  156  162  170  147  150  153  138  130  139  139  151  140  122  138  125  145  141  132  138  134  145  133  137  125  138  134  132  139   40
ch:  54  118  121  138  154  142  150  148  138  122  147  125  149  134  129  133  131  142  126  134  137  125  124  121  137  116  133  137  130  131  133  134   30
ch:  55  154  153  152  158  151  155  148  134  138  138  132  146  143  136  132  135  145  133  136  130  121  134  133  137  138  136  136  133  133  124  139   18
ch:  56  121  124  123  150  138  137  139  147  137  137  139  141  134  139  133  124  133  139  132  124  131  132  130  122  125  121  132  119  124  127  139   -1
ch:  57  145  152  143  153  155  154  155  151  147  149  138  135  150  152  147  153  140  132  126  135  142  126  137  126  131  127  132  132  145  135  139   -1
ch:  58  132  138  139  130  143  141  139  147  154  155  135  123  149  138  124  122  125  135  136  123  130  139  127  118  132  136  136  123  118  136  134   56
ch:  59  143  155  156  142  154  156  156  151  157  149  157  139  141  142  146  141  145  138  141  148  138  139  149  138  138  146  140  136  153  155  137   -1
ch:  60  130  134  141  120  151  146  140  144  140  135  136  137  138  142  134  133  126  135  138  124  148  132  135  138  142  137  122  138  131  125  132   -1
ch:  61  148  157  152  146  150  140  149  151  148  133  135  150  147  146  132  140  148  132  131  135  137  131  140  132  132  126  122  145  120  151  138   -1
ch:  62  130  130  134  140  148  141  147  140  140  137  142  141  132  138  139  138  121  130  136  136  133  134  126  135  137  125  127  129  132  150  134    3
ch:  63  137  147  152  151  156  148  142  152  156  157  151  152  153  139  147  138  139  147  127  127  148  138  134  137  140  134  145  136  130  152  135   -1
ch:  64  125  135  134  146  137  134  141  142  150  131  134  147  131  136  133  141  141  138  140  129  115  119  130  124  133  124  131  130  133  121  133   15
ch:  65  140  153  152  170  151  147  149  135  151  151  132  152  151  145  152  135  141  140  149  151  133  135  131  150  149  133  141  133  133  139  137    4
ch:  66  107  122  135  136  151  151  148  147  137  141  148  129  135  134  119  134  139  122  123  124  130  133  126  130  120  124  120  124  138  134  129   22
ch:  67  142  156  152  154  153  141  148   -1  148  139  137  136  137  138  150  139  133  132  148  147  134  151  143  153  136  123  140  131  139  134  135   -1
ch:  68  121  134  138  133  135  156  142  152  145  148  145  139  131  124  122  139  122  135  131  129  130  137  133  119  125  123  123  134  124  135  140   -1
ch:  69  138  154  155  162  147  153  149   -1  149  150  151  155  147  139  140  134  150  147  135  133  123  142  125  124  141  143  137  139  133  125  132    9
ch:  70  132  130  136  142  140  142  138  138  139  146  148  136  149  138  139  140  137  133  118  138  132  137  124  131  132  132  132  124  134  123  122   -1
ch:  71  154  162  158  141  148  148  142  146  146  150  150  140  152  147  137  136  139  135  140  133  133  124  135  149  147  138  139  136  134  132  139   -1
ch:  72  123  126  140  134  147  140  153  148  138  135  140  136  124  133  122  131  135  124  130  132  132  127  121  126  136  131  125  122  130  124  132   -1
ch:  73  150  140  159  139  154  154  137  148  148  141  149   -1  139  139  135  137  150  139  134  127  136  134  136  134  133  140  141  135  139  133  140   -1
ch:  74  122  138  153  138  148  149  141  131  133  147  141  142  143  133  135  135  124  137  123  123  133  132  136  126  132  118  137  132  124  127  120   46
ch:  75  149  157  155  143  156  141  140  147  138  142  148  157  140  142  148  147  134  145  129   -1  138  147  123  142  148  145  124  136  133  141  136   22
ch:  76  131  134  138  150  139  155  147  147  142  146  126  139  146  135  136  137  138  123  135  124  134  125  133  123  126  132  137  126  127  135  132   -1
ch:  77  146  141  152  150  152  151  147  139  145  150  148  146  137  146  138  159  141  148  146  138  136  137  137  134  138  132  140  137  139  152  136   -1
ch:  78  128  149  136  130  151  155  150  149  142  137  125  135  136  137  132  127  132  125  123  147  130  135  126  132  130  135  127  139  135  132  118   -1
ch:  79  153  151  148  154  142  148  148  144  142  140  137  136  136  138  135  148  135  130  152  141  135  132  126  138  133  140  132  133  139  135  134   29
ch:  80  139  142  153  150  163  171  172  171  182  179  185  172  168  179  187  187  190  191  188  203  204  189  196  188  199  209  205  200  209  209  209   -1
ch:  81  134  156  142  165  147  165  149  134  145  148  138  149  131  139  140  143  148  132  121  133  124  125  138  132  126  138  133  130  131  124  122   13
ch:  82  134  140  125  136  154  135  135  141  148  138  138  133  140  125  145  137  124  131  126  131  130  132  126  126  123  133  125  119  125  132  134   -1
ch:  83  155  141  152  150  164  150  146  154  138  139  140  149  139  133  138  136  139  139  135  142  139  147  133  138  132  132  143  124  124  141  134   -1
ch:  84  121  119  133  147  141  140  157  147  145  138  146  133  140  151  136  131  129  140  135  125  136  136  123  126  119  132  123  133  119  139  123   18
ch:  85  134  151  157  154  153  138  143  139  153  138  130  142  137  139  135  135  140  148  120  130  141  138  121  138  135  135  142  138  139  136  145   -1
ch:  86  122  138  129  143  149  148  145  147  134  142  147  130  134  151  131  126  137  130  135  136  138  132  122  122  124  119  138  134  122  125  124   -1
ch:  87  148  151  154  158  165  139  149  152  144  149  138  132  142  145  147   -1  133  132  141  136  141  137  142  137  135  136  134  148  151  150  134    1
ch:  88  123  134  131  136  137  139  152  149  148  133  138  133  133  139  146  137  139  138  138  136  132  123  134  141  120  127  122  126  131  132  132   48
ch:  89  148  149  158  152  145  150  142  153  135  133  147  137  139  138  146  124  137  134  133  137  136  137  138  132  134  136  132  138  130  140  140   42
ch:  90  120  127  144  143  143  142  137  126  142  137  138  137  132  140  132  136  132  134  138  122  134  126  126  136  120  129  126  123  131  126  135   -1
ch:  91  148  152  158  155  154  155  148  138  151  153  141  146  141  135  152  145  148  147  139  131  136  131  135  133  138  138  140  136  131  135  127   -1
ch:  92  132  118  141  145  150  140  142  139  163  138  142  133  153  139  146  138  135  131  125  134  133  138  126  131  146  133  123  146  135  131  135   -1
ch:  93  128  140  154  147  151  143  146  152  140  139  148  135  129  134  138  135  140  137  121  134  133  135  139  136  123  122  130  119  125  131  133    2
ch:  94  118  143  137  143  143  146  149  138  149  140  132  143  134  135  140  140  135  122  137  134  136  131  132  129  134  120  133  136  136  148  132   14
ch:  95  135  133  157  150  138  151  140  139  148  139  139  138  142  140  131  145  128  126  118  131  134  146  124  132  132  141  130  134  119  126  138   21
ch:  96  119  124  123  135  148  140  140  147  148  141  141  139  129  136  134  125  137  124  123  141  136  134  114  125  120  123  115  122  138  136  126   -1
ch:  97  144  155  156  149  151  147  146  155  140  139  150  133  132  131  135  131  140  126  133  133   -1  132  124  131  127  124  137  134  142  126  123   49
ch:  98  116  127  131  122  154  141  140  133  141  145  134  136  141  125  132  122  135  119  120  131  145  124  133  124  124  121  135  135  125  123  123   44
ch:  99  139  143  148  150  156  149  162  147  139  153  138  139  139  135  138  137  150  129  130  140  122  140  125  122  137  137  146  135  143  131  135   -1
ch: 100  117  135  127  134  147  151  154  150  148  148  138  135  148  141  148  135  136  138  138  136  124  135  131  139  133  131  131  133  132  125  135    6
ch: 101  138  142  158  152  148  150  159  139  140  155  140  148  131  133  134  140  130  140  130  132  124  122  134  133  137  142  126  132  134  131  122   20
ch: 102  122  130  139  130  148  141  150  154  138  136  137  150  138  135  132  135  132  138  124  120  138  137  136  125  127  122  123  135  137  111  127   56
ch: 103  139  157  148  151  143  139  141  152  147  137  136  145  130  131  146  118  132  135  131  135  129  133  134  136  135  121  130  135  122  127  140   40
ch: 104  120  124  127  135  135  147  162  135  130  135  138  140  142  137  134  122  120  132  137  129  138  136  130  137  135  127  131  131  137  133  123   -1
ch: 105  138  143  150  153  144  147  147  138  149  141  149  132  141  131  138  137  137  124  130  138  136  133  131  134  135  133  136  133  133  132  148    8
ch: 106  130  136  145  135  135  139  145  132  140  147  139  136  147  139  139  142  134  131  127  138  124  132  125  134  123  138  125  125  138  126  134   -1
ch: 107  149  149  136  146  138  150  148  146  137  133  138  140  135  139  139  151  136  123  133  132  133  121  131  126  127  140  135  137  122  131  133   55
ch: 108  116  135  147  120  137  153  143  153  143  142  138  139  147  137  140  149  129  132  124  125  134  134  134  134  130  134  140  134  126  129  118   55
ch: 109  148  152  157  162  142  133  154  134  139  139  139  133  138  124  132  138  137  122  132  133  138  133  138  131  125  134  131  127  134  131  116   10
ch: 110  118  123  124  146  148  140  136  137  142  145  135  124  143  131  138  127  138  139  140  135  120  130  122  135  113  122  132  135  123  137  133   27
ch: 111  152  153  142  145  140  151  155  134  148  133  136  157  138  139  151  135  134  133  131  131  136  133  130  135  134  117  134  133  135  135  137   37
ch: 112  131  135  131  134  154  150  140  149  131  148  139  148  134  133  136  135  131  125  133  124  140  136  135  136  126  136  126  131  134  132  133   -1
ch: 113  134  149  149  147  139  136  153  138  134  151  151  127  142  137  136  135  137  137  132  116  133  135  132  122  118  131  123  138  135  126  121   13
ch: 114  123  126  138  137  142  137  131  142  139  133  139  136  134  145  137  135  126  133  113  134  135  138  135  138  141  141  135  125  126  132  131   37
ch: 115  135  152  154  136  151  156  148  144  138  140  147  133  150  145  136  133  138  135  139  132  137  137  136  133  130  129  132  125  136  134  131   31
ch: 116  126  140  140  138  149  134  146  147  134  149  124  146  130  149  126  133  133  139  122  132  132  125  120  136  132  124  130  123  126  116  132   -1
ch: 117  138  155  154  154  145  147  153  135  153  145  139  136  137  130  132  133  139  122  134  131  122  133  139  136  134  123  130  124  134  123   -1   -1
ch: 118  120  138  145  140  156  139  148  146  137  151  135  123  131  146  133  141  134  135  139  134  119  135  118  124  145  123  120  136  132  122  123   -1
ch: 119  149  141  161  154  155  154  150  147  136  135  158  133  132  133  132  151  136  148  130  140  132  124  138  136  134  132  124  120  137  127  125   -1
ch: 120  125  126  136  134  141  150  133  151  138  146  139  146  142  143  131  132  125  124  122  132  136  136  121  126  133  119  122  126  121  122  118   -1
ch: 121  128  151  157  148  148  138  137  152  123  140  138  147  141  139  132  135  139  125  135  127  130  121  134  139  139  128  132  140  147  124  140    1
ch: 122  107  122  135  122  143  149  144  137  154  149  140  131  135  123  137  126  120  130  117  122  130  124  124  120  117  134  122  132  133  124  122   -1
ch: 123  136  139  155  146  151  138  147  148  139  141  126  136  140  135  135  138  134  131  138  126  140  131  130  137  125  121  120  132  132  121  136   14
ch: 124  109  112  117  114  131  135  138  139  140  139  132  139  147  141  138  132  132  135  137  132  124  129  133  126  130  125  129  118  129  123  134   17
ch: 125  134  142  158  154  154  148  154  146  133  140  151  141  149  133  137  131  127  133  137  130  130  135  146  137  125  124  120  122  121  122  140   37
ch: 126   76   98   99  101  107  113  118  120  131  129  136  136  140  131  146  137  146  125  133  128  136  126  136  135  134  135  119  124  132  128  126   52
ch: 127  137  138  138  147  150  147  136  147  137  142  149  142  141  125  138  133  131  149  140  133  130  140  118  135  125  134  124  126  126  136  133   45
