# ID XA-000-08-003-000-001-171-13
# Tag _trim_
# Date 240620_16:44:07
# Vref_p 52
# Vref_n 26
# Thr2_glb 10
# Vref_t 118
# Vref_t_range 1
# Pol 0
# ADC range 30-247
# FAST disc 30
ch:   0  112  122  121  129  122  147  143  137  134  133  138  138  148   -1  139  147  134  126  129  129  110  121  122  123  118  132  105  128   -1  120  108   -1
ch:   1  169  166  164  141  153  143  149  146  146  139  150  136  127  145  134  124  126  122  123  122  122  125  122  124  118  123  118  118  111  120  132   -1
ch:   2  118  110  129  122  134  143  136  146  154   -1  148   -1  149  131  151  138  124  130  126  130  121  130  132  128  109  123  133  125  117  121  116   10
ch:   3  133  156  151  149  164  145  150  137  154  162  152  142  139  136  136  144  146  139  136  130  139  133  132  130  110  132  129  130  131  125  131    8
ch:   4  124  133  138  151  154  139  150  155  168  155  137  138  132  133  134  134  125  126  130  131  129  120  122  121  119  121  128  121  124  126  118   38
ch:   5  146  166  153  166  156  155  153  148  150  150  153  138  138  141  139  134  143  136  120  142  126  124  123  120  125  132  121  126  124  124  128   -1
ch:   6  141  142  133  148  157  147  153  150  148  140  154  137  135  136  150  133  134  132  122  120  132  132  121  122  121  130  119  114  114  120  118   14
ch:   7  151  154  167  169  151  148  157  149  169  162  140  161  137  140   -1  148  129  136  137  127  151  148  133  130  124  134  134  131  131  123  136   -1
ch:   8  132  149  145  151  157  153  143  161  147  152  147  151  153  153  135  133  117  135  135  134  117  137  135  132  132  122  132  120  122  125  123    5
ch:   9  146  144  156  158  149  163  159  149  158  145  151  141  143  139  139  135  138  139  138  130  123  124  131   -1  131  130  132  121  131  130  130   19
ch:  10  138  156  149  151  147  156  138  150  139  147  140  150  147  138  130  134  127  126  129  129  127  130  121  123  122  119  116  120  122  116  115   43
ch:  11  145  166  166  152  152  149  149  153  135  147  145   -1  139  142  147  139  133  141  136  146  120  133  136  130  131  136  131  131  133  130  131   33
ch:  12  126  135  138  147  151  150  154  150  153  147  139  135  139  131  137  135  132  147  131  125  135  140  117  125  130  126  124  129  117  131  124   -1
ch:  13  153  165  158  167  165  163  147  149  140  150  149  148  149  139  147  140  145  148  137  138  134  126  132  125  122  135  118  131  135  132  122   -1
ch:  14  138  138  163  150  149  163  149  163  160  132  150  138  149  141  138  137  137  138  130  130  131  117  136  124  124  123  124  123  129  105  123   55
ch:  15  163  158  164  158  151  151  157  153  149  154  135  161  153  138  142  137  134  148  133  138  136  135  132  131  146  145  129  139  130  129  137    7
ch:  16  130  138  137  159  151  147  154  162  145  140  132  137  150  147  148  147  126  136  132  132  125  124  122  129  114  130  122  126  133  130  131   42
ch:  17  165  166  161  154  165  137  154  155  141  147  137  148  148  130  141  150  136  133  136  140  135  126  133  134  123  129  126  129  136  132  127   -1
ch:  18  138  128  139  152  157  153  155  141  158  155  150  134  150  139  138  137  136  123  125  126  133  120  134  130  122  123  129  120  127  132  127   -1
ch:  19  153  157  167  141  161  150  155  154  155  156  146  148  131  141  135  134  127  132  129  138  136  124  132  131  124  134  133  134  124  126  134    5
ch:  20  130  142  152  142  152  140  148  150  142  145  134  147  148  130  134  133  126  140  124  121  123  134  132  122  130  119  123  121  130  122  123   18
ch:  21  144  154  157  155  152  155  153  148  150  146  150  137  141  147  147  136  148  149  136  131  136  140  130  145  125  130  126  130  132  137  130   -1
ch:  22  127  154  139  152  152  156  151  158  154  146  139  151  152  140  140  127  125  133  129  147  136  122  121  127  121  126  127  109  125  124  118   -1
ch:  23  151  155  156  156  155  152  150  158  148  140  139  135  146  135  146  148  136  131  137  140  134  124  125  134  131  121  121  131  127  127  135   -1
ch:  24  128  144  152  152  162  153  138  152  154  154  151  151  147  133  137  133  136  134  134  122  133  120  132  130  123  131  135  123  122  128  132    5
ch:  25  154  154  157  164  155  164  150  155  157  140  158  136  142  149  131  143  152  134  147  132  145  133  136  124  131  123  135  135  122  132  125   -1
ch:  26  140  149  135  148  159  147  154  138  149  137  138  154  137  147  131  135  130  115  132  131  124  137  123  133  132  125  132  119  127  120  122   -1
ch:  27  145  161  166  157  157  153  152  154  148  146  138  146  151  151  149  139  132  137  134  154  130  133  124  138  134  147  122  129  131  123  140   -1
ch:  28  118  139  160  153  154  158  150  154  140  148  152  148  148  138  130  129  139  135  133  138  129  122  130  134  135  121  132  116  118  124  129   12
ch:  29  153  158  164  158  153  167  161  150  148  151  147  136  153  141  135  142  140  140   -1  140  136  141  124  133  131  135  133  145  135  122  147   -1
ch:  30  147  150  143  148  149  164  143  156  141  138  147  140  141  126  137  134  131  135  134  130  139  133  126  129  131  128  131  127  132  117  121   -1
ch:  31  161  165  157  168  156  165  157  149  156  150  140  138  141  140  136  147  150  150  148  132  136  131  148  136  135  135  137  130  131  145  135   16
ch:  32  122  147  154  155  157  151  149  156  149  151  151  138  140  135  138  130  127  132  134  133  127  130  125  135  120  122  131  125  122  127  124   34
ch:  33  167  158  148  152  155  164  163  164  152  156  143  149  140  139  155  139  142  151  137  141  137  154   -1  136  131  135  137  133  138  132  149   24
ch:  34  140  142  146  142  154  138  153  151  148  150  147  136  141  146   -1  120  134  134  123  136  131  134  131  135  123  130  127  122  122  125  122   21
ch:  35  147  171  161  158  173  155  151  149  146  151  160  156  146  141  146  140  147   -1  131  129  148  143  134  137  131  139  149  126  131  124  139   -1
ch:  36  132  138  145  151  148  148  137  142  141  153  135  137  138  138  122  147  139  132  123  126  121  124  124  137  127  125  132  124  108  131  118   -1
ch:  37  154  151  159  158  168  167  158  156  150  149   -1  150  150  150  143  150  150  136  135  149  125  137  136  142  138  142  134  134  132  130  135   14
ch:  38  127  152  149  150  153  148  150  138  147  148  150  141  151  145  138  138  134  136  125  119  141  130  135  128  123  129  125  122  122  139  129   -1
ch:  39  153  164  153  166  165  162  151  153  150  163  147  154  152  148  153  156  147  154  137  137  132  127  133  132  136  146  139  131  149  137  132   19
ch:  40  128  141  145  151  156  141  141  146  146  155  147  149  149  146  150  124  135  152  147  127  124  123  132  126  124  123  126  125  130  123  124    5
ch:  41  154  163  149  154  157  159  156  163  154  157  150  149  154  149  138  151  140  137  146  130  133  140  134  131  134  135  137  132  135  131  135   -1
ch:  42  128  144  139  134  151  152  155  153  146  150  141  136  137  141  140  136  136  145  140  130  134  131  132  126  132  126  126  124  124  138  134   -1
ch:  43  165  168  155  166  155  156  157  151  146  151  149  146  148  154  147  126  150  151  140  130  137  133  141  138  135  129  154  134  138  135  145   31
ch:  44  134  130  144  151  163  152  150  149  151  152  140  147  150  142  137  138  129  137  135  148  147  132  132  123   -1  134  132  136  122  130  130   -1
ch:  45  147  165  150  165  164  151  151  152  153  155  155  154  147  151  147  153  132  136  138  131  147  139  131  146  134  122  129  135  147  139  136    1
ch:  46  147  138  153  148  162  154  151  153  148  154  140  147  148  146  132  139  126  140  134  126  121  122  135  121  124  123  126  127  132  139  129   -1
ch:  47  151  165  150  158  162  153  155  157  154  153  148  154  148  146  151  154   -1  149  139  140  145  136  134  139  124  135  137  131  136  126  135   13
ch:  48  132  152  144  151  151  155  162   -1  156  142  152  138  137  139  140  139  135  132  137  126  135  124  126  125  134  125  124  132   -1  140  124   -1
ch:  49  148  154  164  162  156  152  162  148  153  144  141  134  151  136  133  131  142  148  124  137  136  137  137  140  130  132  132  137  132  132  132   10
ch:  50  137  154  133  160  163  158  151  158  147  138  154  146  140  151  132  131  136  137  133  135  130  122  132  126  132  135  126  125  122  127  131   28
ch:  51  153  156  162  158  168  156  150  161  164  152  148  151  147  154  156  140  137  145  149  141  147  145  148  137  148  130  146  141  142  138  139    5
ch:  52  132  138  152  151  138  152  166  163  154  151  160  152  141  149  138  139  130  137  131  130  129  131  132  125  138  129   -1  135  130  122   -1   -1
ch:  53  156  158  169  158  160  168  154  149  158  155  155  154  143  147  152  146  134  135  138  130  151  133  130  122  133  135  142  134  129  131  137   -1
ch:  54  136  138  147  144  159  151  153  157  150  139  139  147  149  141  146  139  137  124  124  134  141  147  136  129  138  132  122  132  122  131  122   20
ch:  55  151  159  158  155  158  153  150  162  153  163  143  156  150  145  153  152  149  138  133  134  153  135  136  146  139  136  137  146  142  139  136   -1
ch:  56  124  149  144  151  149  149  159  149  155  154  150  137  148  153  139  129  136  133  139  134  141  138   -1  141  131  134  121  125  120  126  126    8
ch:  57  163  168  164  158  164  156  154  154  161  145  153  152  153  157  150  149  146  156  141  147  151  149  139  136  133  138  136  121  125  150  133   31
ch:  58  132  144  139  142  162  155  154  153  151  146  141  141  149  141  136  129   -1  147  125  136  130  142  137  131  126  122  129  126  125  116  119   -1
ch:  59  145  156  164  156  156  161  154  152  154  151  146  149  155  155  139  148  139  149  139  134  150  136  136  137  142  131  135  135  138  149  140   -1
ch:  60  146  138  145  151  138  151  151  138  149  153  151  145  140  129  148  137  146  134  131  132  122  131  139  132  136  126  132  129  136  132  126   -1
ch:  61  154  160  156  165  157   -1  150  142  153  162  145  149  136  154  147  156  140  152  147  136  131  151  137  139  137  136  126  136  138  134  137   18
ch:  62  140  134  146  150  144  156  149  156  154  152  147  147  138  150  140  141  131  133  133  128  125  136  129  132  131  133  135  126  120  124  123    5
ch:  63  153  158  150  170  151  169  162  162  151  149  144  160  147  137  149  151  133  138  140  136  149  145  125  134  135  122  135  134  132  127  136   16
ch:  64  130  134  144  155  151  148  157  148  153  147  139  151  136  138  140  147  136  135  149  134  132  143  123  133  124  136  136  121  120  123  131   -1
ch:  65  153  152  165  158  163  154  170  140  162  146  161  133  150  152  137  137  141  137  147  150  138  135  140  147  127  128  136  134  127  133  135   -1
ch:  66  138  134  147  144  156  168  153  149  150  149  153  149  149  148  133  142  135  138  136  129  137  130  137  138  125  131  129  127  136  116  127   46
ch:  67  159  157  166  156  165  156  151  147  138  165  152  132  149  147  149  150  137  135  141  136  130  134  137  132  122  136  147  135  132  140  137   -1
ch:  68  137  146  138  155  152  151  153  148  147  153  152  145  150  146  136  146  141  118  135  136  130  133  129  130  138  122  131  123  122  131  132   -1
ch:  69  147  152  153  166  168  156  150  147  151  138  141  145  152  140  153  137  142  136  135  146  139  146  135  133  132  137  121  132  133  132  138    9
ch:  70  140  132  151  154  156  155  148  153  150  145  142  150  137  138  141  124  136  132  135  133  132  124  121  132  124  126  124  120  124  119  119   28
ch:  71  141  148  165  149  162  161  156  158  151  151  144  142  156  136  140  136  138  149  145  130  136  145  133  137  137  133  122  132  136  133  131   -1
ch:  72  136  136  152  151  155  139  159  154  137  168  137  141  149  138  141  148  140  139  131  137  126  141  138  132  135  122  129  133   -1  125  123   17
ch:  73  140  154  152  151  169  166  151  157  154  150  150  139  152  157  145  150  141  150  146  137  127  132  135  127  134  135  137  139  147  135  132   -1
ch:  74  132  142  131  148  168  154  150  151  150  137  140  149  154  149  136  140  136  130  135  130  149  147  133  134  141  139  130  135  135  129  134   -1
ch:  75  163  155  152  153  153  157  161  156  163  150  148  154  143  153  152  134  145  150  150  132  139  145  147  132  131  131  135  133  126  130  127   -1
ch:  76  138  142  152  155  154  155  155  148  142  153  150  139  161  152  148  136  136  148  133  135  136  138  149  124  127  122  131  123  136  132  126   49
ch:  77  149  150  156  159  164  152  161  148  154  157  151  151  141  158  148  141  143  132  136  147  150  121  131  147  123  130  146  133  130  138  137   -1
ch:  78  138  150  139  150  158  153  150  156  152  153  154  153  143  141  147  147  137  136  130  130  138  129  123  133  127  129  130  124  120  132  130   40
ch:  79  147  158  156  165  157  156  168  159  148  150  149  155  141  141  149  136  149  135  135  138  136  133  146  137  132  139  136  139  135  131  142   -1
ch:  80  120  138  158  153  153  160  150  151  137  149  137  150  148  147  138  131  135  124  149  124  139  130  133  129  128  122  132  126  135  123  117   -1
ch:  81  155  156  165  164  166  153  150  162  158  150  153  148  153  146  147  141  152  141  132  146  125  137  139  132  131  137  136  132  137  130  132   -1
ch:  82  128  134  143  144  152  139  140  150  149  135  142  138  143  138  133  137  145  124  124  119  136  124  123  134  127  121  132  131  126  119  123   -1
ch:  83  137  168  171  152  152  161  153  151  152  132  146  147  149  137  147  146  146  128  132  131  129  125  140  130  125  124  129   -1  133  131  127   -1
ch:  84  122  140  138  143  150  152  156  156  157  150  146  142  153  147  136  137  123  148  137  137  140  134  122  126  138  131  131  119  138  130  123   -1
ch:  85  139  154  167  153  153  148  150  151  152  146  154  149  148  152  139  139  142  139  130  133  138  126  133  140  126  131  131  135  134  123  132   -1
ch:  86  132  134  139  148  152  152  155  154  140  150  137  150  147  137  126  131  146  130  137  129  148  130  123  126  135  130  135  125  130  130  123   -1
ch:  87  145  164  169  146  163  156  155  152  155  145  136  153  151  152  140  146  138  135  160  138  147  135  138  126  129  139  122  135  135  132  139    3
ch:  88  120  140  145  157  154  139  150  153  154  150  138  136  155  152  140  136  130  137  135  136  135  125  147  138  118  131  135  129  124  139  135   -1
ch:  89  155  160  167  147  154  156  157  152  140  144  149  156  138  138  141  140  138  131  135  136  139  140  146  130  137  131  130  128  132  132  126   -1
ch:  90  140  142  143  148  165  169  161  153  154  152  154  157  134  148  158  149  134  148  151  134  132  136  136  130  131  141  131  135  125  136  141    1
ch:  91  149  154  150  158  163  158  155  161  166  145  132  153  149  143  152  146   -1  134  149  146  132  125  131  131  137  136  139  137  132  138  136   -1
ch:  92  124  150  152  142  158  150  152  144  153  140  154  153  150   -1  139  150  140  135  133  132  120  137  145  130  136  132   -1  121   -1  132  137   -1
ch:  93  153  152  166  153  155  163  154  148  151  145  138  140  139  151  156  149  148  138  133  124  152  140  134  130  135  153  133  132  123  126  131   29
ch:  94  132  127  139  148  157  152  151  154  150  138  150  136  136  136  144  126  141  135  136  142  142  132  134  130  127  124  135  123  124  130  136   31
ch:  95  137  152  148  156  164  166  157  161  138  152  150  151  148  149  134  146  147  131  135  141  146  137  134  130  137  133  133  136  134  131  134   -1
ch:  96  128  136  142  142  156  152  149  150  153  155  151  139  130  154  146  138  121  139  133  139  126  134  137  130  125  117  138  129  131  124  121   -1
ch:  97  150  152  159  151  166  153  170  163  149  164  156  139  152  148  143  140  137  139  152  142  139   -1  133  137  132  137  147  146  134  131  132   42
ch:  98  140  134  151  148  157  155  151  155  149  147  154  139  141  137  146  135  150  141  156  133  134  131  130  135  134  134  124  126  126  127  130   -1
ch:  99  147  157  155  158  165  151  153  162  146  153  153  148  146  153  141  148  150  148  145  134  134  133  124  133  132  146  132  138  121  138  140   -1
ch: 100  122  136  152  149  143  152  150  141  150  139  134  129  141  148  136  132  134  122  140  138  133  124  137  136  138  124  132  124   -1  124  133   -1
ch: 101  156  160  156  152  153  150  152  156   -1  138  151  156  141  151  137  136  136  126  137  145  134  137  129  122  125  130  125  129  138  119  140   -1
ch: 102  138  140  147  144  153  152  149  157  148  147  157  141  138  150  138  150  137  132  137  129  130  132  129  139  132  131  133  121  132  129  124   36
ch: 103  153  166  180  159  155  161  170  169  154  166  154  154  152  141  146  140  136  151  140  136  148  132  126  137  140  149  138  134  151  131  131   35
ch: 104  122  138  157  142  146  140  161  152  151  149  152  136  149   -1  153  147  150  132  135  146  135  133  125  119  125  126  132  123  132  125  123   48
ch: 105  147  169  171  164  154  151  156  154  140  158  163  145  148  147  138  146  148  137  138  141  130  129  135  132  137  136  149  138  131  140  137   19
ch: 106  127  152  149  130  150  154  148  148  151  152  157  141  141  146  139  139  135  130  127  137  137  134  125  138  121  126  126  133  126  127  121   -1
ch: 107  134  158  158  169  155  153  150  165  158  152  153  141  156  138  141  133  149  133  135  150  132  153  135  127  138  151  136  141  145  136  140   51
ch: 108  129  136  145  151  136  152  156  156  148  140  149  149  158   -1  138  137  132  133  133  125  139  133  126  133  124  134  131  127  128  130  133   -1
ch: 109  140  164  156  168  158  167  169  148  152  162  150  147  149  142  146  145  148  138  134  149  134  131  148  135  130  133  127  139  134  135  132   -1
ch: 110  122  128  129  146  157  138  153  155  134  147  149  135  135  139  142  135  138  138  135  134  130  121  133  130  124  122  131  135  134  133  115   53
ch: 111  147  164  162  151  157  155  155  150  148  157  146  152  149  147  150  145  154  136  135  139  137  135  138  146  133  132  145  133  148  130  141   33
ch: 112  132  150  135  139  146  152  141   -1  141  141  137  140  152  139  131  140  148  152  135  135  138  124  132  132  129  134  129  122  132  125  131   48
ch: 113  150  155  171  158  154  152  156  166  153  154  141  148  150  148  151  139  142  136  147  135  130  148  139  147  133  137  138  135  135  137  140   55
ch: 114  147  128  139  150  152  154  147  152  148  148  151  151  149  136  133  150  146  136  132  148  137  132  126  136  132  135  134  122   -1  130  123   15
ch: 115  137  158  157  154  158  165  153  151  149  149  148  153  148  135  134  138  147  133  135  131  132  133  136  137  129  124  130  125  134  126  130   -1
ch: 116  130  138  152  151  154  139  156  156  158  149  146  137  140  137  150  148  137  124  131  126  139  134  135  132  148  124  132  135  130  127  126   -1
ch: 117  135  152  158  161  155  166  169  149  156  149  155  149  150  148  135  134  140  134  141  131  134  132  135  138  133  131  145  134  129  132  137   -1
ch: 118  134  136  139  136  157  156  152  151  151  155  148  132  138  138  131  138  137  131  123  145  137  120  133  125  129  131  121  122  125  133  131   13
ch: 119  137  164  148  157  159  155  157  164  153  138  152  145  139  137  151  149  145  147  135  136  136  134  147  136  132  133  138  128  120  131  134    8
ch: 120  130  140  138  157  163  150  149  150  148  149  136  136  148  139  137  136  139  148  130  135  128  132  132  134  131  124  124  145  124  127  125   -1
ch: 121  149  160  157  152  158  156  161  152  141  154  140  150  154  146  137  154  148  148  140  140  121  136  124  126  130  135  146  132  133  136  125   -1
ch: 122  134  138  136  138  151  152  152  151  142  152  152  151  148  135  150  141  138  134  138  136  124  122  131  132  133  130  135  140  120  135  128    2
ch: 123  145  150  143  152  151  150  155  148  150  146  139  148  148  150  147  133  135  135  136  143  135  125  123  122  137  132  126  133  118  139  126   34
ch: 124  112  116  126  139  128  146  137  151  151  170  137  140  157  141  133  133  141  130  128  133  125  129  123  124  132  130  136  127  118  124  123   38
ch: 125  139  152  148  154  157  159  150  167  151  153  153  142  129  147  155  150  148  135  139  137  131  135  138  131  130  145  147  132  133  132  134   49
ch: 126  109  108  129  114  130  135  137  156  138  147  139  131  137  135  149  135   -1  132  137  131  129  136  113  118  134  119  119  120  116  133  126   -1
ch: 127  129  140  152  155  140  157  153  157  152  148  152  143  151  155  137  133  146  145  137  138  124  136  131  132  136  134  134  123  127  121  130   27
