# ID XA-000-08-003-000-001-191-10
# Tag _trim_
# Date 240624_18:52:45
# Vref_p 56
# Vref_n 25
# Thr2_glb 35
# Vref_t 118
# Vref_t_range 1
# Pol 0
# ADC range 30-247
# FAST disc 30
ch:   0  133  131  127  140  129  138  130  130  131  123  122  130  126  123  125  123  135  118  115  126  116  116  116  114  104  111  118  106  114  116  125   13
ch:   1  130  133  129  136  130  135  132  135  137  130  130  124  125  123  126  123  119  114  127  132  120  124  121  127  124  116  124  123  118  122  127    5
ch:   2  124  122  116  125  131  124  131  107  122  118  126  126  116  121  131  118  119  120  108  118  122  115  110  119  118  107  108  115  122  121  116   23
ch:   3  137  132  127  132  130  137  134  125  132  132  120  127  133  117  122  119  123  132  116  127  118  127  124  124  109  121  124  123  122  121  116   21
ch:   4  139  124  136  133  127  139  125  127  119  120  124  122  121  111  115  127  117  120  118  123  123  123  125  116  118  109  118  118  107  118  123   31
ch:   5  131  130  133  130  134  133  130  127  116  139  130  134  132  131  121  115  132  118  120  122  130  130  127  131  124  125  132  124  118  131  121   21
ch:   6  126  122  125  132  124  136  136  130  131  129  122  123  119  134  109  121  107  110  122  119  108  130  119  119  118  134  119  114  113  117  126   35
ch:   7  122  132  127  131  135  132  118  121  131  130  123  119  130  126  113  122  116  126  117  117  131  118  102  114  130  121  113  117  119  116  132   22
ch:   8  123  138  131  131  126  131  136  125  126  132  124  132  123  124  131  119  135  124  123  130  110  126  120  121  124  116  130  124  104  108  123   42
ch:   9  137  131  124  128  134  135  129  124  129  125  131  125  131  125  129  124  115  122  138  131  126  122  121  124  124  119  123  125  135  124  133   20
ch:  10  122  131  131  125  134  133  134  131  134  130  133  121  123  115  131  117  121  122  115  106  121  124  110  115  117  119  124  120  119  123  111   42
ch:  11  133  133  125  126  137  133  125  125  131  126  127  116  124  124  124  130  131  127  133  132  136  123  122  127  120  123  120  133  125  127  132   21
ch:  12  134  125  134  135  123  130  132  131  134  119  124  122  125  116  118  118  119  116  120  123  124  124  121  122  121  117  116  118  117  113  123   42
ch:  13  135  139  123  123  135  139  122  106  133  133  130  131  129  125  122  137  126  127  124  119  129  120  124  118  133  124  123  115  120  133  125   18
ch:  14  132  136  138  135  130  127  131  125  123  124  136  122  124  122  136  122  122  119  118  119  125  111  121  132  119  130  119  122  117  124  120   29
ch:  15  136  131  126  133  133  122  123  125  134  126  133  121  116  120  124  134  123  133  124  124  129  120  124  123  123  123  134  130  135  120  133   18
ch:  16  138  124  130  125  130  130  132  126  125  125  123  136  131  120  133  125  118  117  124  125  122  123  117  122  123  109  119  121  121  115  126   33
ch:  17  148  147  124  135  124  122  124  136  132  134  126  126  130  129  126  121  127  123  125  129  121  113  126  123  126  119  119  120  125  120  129   19
ch:  18  125  124  131  132  133  123  120  120  136  123  122  131  121  117  124  125  125  108  133  117  119  122  121  118  116  121  122  124  123  107  122   33
ch:  19  131  138  124  136  132  132  135  126  124  140  122  135  133  119  133  124  134  131  127  136  118  112  125  126  116  131  131  141  127  123  126   20
ch:  20  135  123  133  135  126  134  138  130  131  126  121  133  126  123  129  121  113  121  123  135  119  120  115  122  129  107  117  116  110  126  108   35
ch:  21  124  136  134  147  119  125  124  134  131  122  133  124  136  127  131  132  134  138  118  129  132  121  127  131  121  121  127  134  127  125  133   16
ch:  22  125  133  135  125  127  125  119  137  135  129  132  122  123  119  135  122  121  122  118  107  118  118  121  132  123  119  117  119  132  118  120   20
ch:  23  125  134  138  145  123  134  135  135  131  137  134  142  132  134  137  131  124  127  130  122  137  132  131  123  123  132  139  118  126  125  133   17
ch:  24  138  123  122  131  123  127  121  120  122  117  131  115  132  133  129  133  120  121  124  115  118  119  121  113  109  120  117  126  123  132  124   38
ch:  25  125  124  133  132  127  135  126  135  132  132  132  131  133  124  133  123  140  134  125  129  130  123  134  130  130  142  139  124  131  126  140   24
ch:  26  125  129  131  120  121  133  123  134  119  134  130  121  126  131  118  123  117  133  127  117  121  111  121  123  122  118  115  122  126  130  120   56
ch:  27  132  137  131  130  132  131  133  133  126  137  126  134  131  124  126  121  118  116  117  132  130  114  122  131  118  117  123  122  123  123  124   14
ch:  28  134  118  130  125  132  125  127  123  137  122  126  125  126  118  122  123  129  131  124  123  130  124  121  122  121  134  123  123  119  130  119   33
ch:  29  133  121  124  134  136  140  131  124  133  126  126  145  134  120  126  132  124  127  122  130  117  121  130  131  121  125  134  127  122  129  132    4
ch:  30  134  121  135  135  124  126  139  132  125  133  122  120  125  119  123  129  132  119  117  115  119  122  114  122  123  115  122  116  124  118  121   40
ch:  31  122  134  132  136  135  127  130  133  127  124  130  122  134  120  126  127  123  122  125  126  132  117  125  122  119  123  133  129  123  133  139   22
ch:  32  116  135  127  120  124  121  121  125  121  128  123  125  121  124  120  125  129  119  123  120  118  132  125  123  121  121  121  114  116  118  119   32
ch:  33  138  122  132  130  132  134  124  132  122  131  131  134  121  121  131  134  125  130  131  125  121  122  138  133  119  120  130  132  124  125  117    8
ch:  34  133  135  130  117  136  123  137  133  115  132  128  120  131  133  131  131  132  124  125  129  116  121  120  122  130  118  129  125  110  123  126   45
ch:  35  128  131  131  123  137  133  141  125  133  137  136  131  137  131  130  122  117  129  131  122  136  133  132  129  121  123  134  128  134  136  138   16
ch:  36  133  124  136  128  130  120  135  133  129  132  134  130  122  125  125  123  120  119  131  131  122  133  117  115  123  120  128  110  117  122  110   40
ch:  37  130  135  136  134  137  126  132  133  126  131  126  133  134  133  138  120  126  140  134  135  122  131  131  135  133  131  135  121  135  130  137    9
ch:  38  134  124  136  127  126  123  121  130  137  130  137  122  132  122  124  127  123  125  117  117  115  117  127  125  123  118  110  116  124  108  118   40
ch:  39  136  134  131  138  123  152  141  138  131  133  126  119  126  126  129  131  121  142  130  129  124  132  124  130  131  136  126  122  120  124  131   11
ch:  40  125  124  130  125  132  141  119  131  129  129  133  127  124  126  125  120  122  128  110  115  129  117  117  125  123  111  119  120  124  126  124   47
ch:  41  125  135  149  138  132  132  136  134  129  124  123  127  136  126  134  132  129  130  131  122  118  126  130  127  130  125  136  125  123  126  141   13
ch:  42  135  122  126  127  127  111  116  134  122  133  126  130  127  125  124  127  133  129  133  130  117  127  130  122  123  125  122  107  120  122  132   29
ch:  43  134  122  124  123  124  133  131  132  123  129  131  125  119  133  133  124  121  126  135  122  123  124  132  131  125  135  131  132  131  124  125   11
ch:  44  132  140  121  133  132  133  122  127  131  130  130  121  132  127  117  108  133  132  122  119  126  119  123  119  122  108  123  119  126  132  122   48
ch:  45  135  131  135  138  134  134  124  132  130  124  132  137  124  122  120  136  133  120  136  124  124  136  131  140  125  130  123  138  136  124  126   10
ch:  46  132  124  135  133  141  126  138  130  141  129  123  132  140  124  126  124  125  130  131  140  121  124  121  127  120  134  126  120  122  135  126   32
ch:  47  137  131  134  134  134  133  131  134  119  134  141  137  129  130  126  136  124  131  126  131  121  140  134  123  133  136  135  130  125  131  136   11
ch:  48  135  121  138  130  130  130  122  130  125  125  134  122  118  127  122  131  126  124  115  120  124  118  123  118  107  125  106  129  117  120  118   39
ch:  49  136  133  132  141  138  134  125  139  122  138  137  134  132  136  123  136  129  125  125  130  137  136  147  122  129  133  124  125  119  130  131   17
ch:  50  124  122  131  132  132  135  119  123  126  134  123  135  126  122  130  133  121  124  135  121  121  129  118  124  126  117  122  125  118  125  119   38
ch:  51  132  139  126  127  122  136  123  126  139  133  139  126  132  126  137  135  137  122  132  133  137  134  131  133  119  121  118  142  122  140  138   16
ch:  52  140  139  133  119  126  134  124  123  122  132  120  124  123  120  124  125  124  109  116  125  124  120  110  126  107  122  126  124  116  118  108   43
ch:  53  142  124  131  133  136  134  131  121  126  131  119  131  130  126  122  130  123  130  130  141  133  127  133  132  133  142  132  121  119  119  139   13
ch:  54  137  126  133  135  135  131  125  140  119  122  116  135  124  121  122  120  125  117  126  120  118  123  105  116  120  115  122  131  124  121  110   41
ch:  55  132  132  132  116  135  126  133  137  117  127  136  139  130  137  135  134  131  124  135  130  121  123  129  123  136  134  123  133  121  130  132    4
ch:  56  136  118  124  134  130  134  127  125  130  130  126  126  125  125  124  123  121  118  119  115  120  120  122  115  124  118  130  118  121  121  122   41
ch:  57  125  130  123  130  134  127  138  126  134  142  126  130  131  140  134  136  131  125  122  131  123  116  134  129  123  124  132  137  127  127  131   13
ch:  58  133  125  132  131  125  126  147  122  123  126  125  123  123   -1  125  135  122  139  126  121  123  125  124  123  121  122  134  127  121  106  115   41
ch:  59  135  133  139  133  138  138  134  125  120  134  133  136  131  135  133  134  124  133  117  131  140  127  126  127  123  127  138  136  123  130  138    6
ch:  60  134  132  130  119  126  130  134  142  134  122  138  124  124  125  126  133  137  138  117  133  124  136  117  125  131  140  117  124  122  121  146   39
ch:  61  137  135  130  135  127  135  141  132  137  125  130  136  124  134  136  137  138  131  139  126  137  136  125  134  140  127  132  125  131  135  126   17
ch:  62  134  124  126  130  132  132  137  136  137  135  127  126  119  118  125  111  120  117  121  124  123  106  118  107  110  118  106  113  116  124  121   40
ch:  63  135  133  132  134  134  127  126  131  133  136  136  139  130  127  125  124  115  141  126  131  127  130  132  109  133  120  121  131  120  132  133    8
ch:  64  124  123  136  136  127  133  135  123  123  118  136  130  122  126  118  123  120  127  131  116  119  121  125  117  122  126  123  124  117  126  127   35
ch:  65  138  141  127  133  132  131  126  133  134  147  134  127  133  139  123  139  131  135  132  127  138  120  130  133  130  132  135  123  124  126  129    2
ch:  66  125  132  125  130  122  126  123  129  124  134  124  122  124  130  121  118  121  116  121  116  117  122  125  120  120  128  114  129  124  131  125   40
ch:  67  136  136  129  132  134  127  125  130  140  137  132  134  137  131  135  133  125  131  122  132  130  130  135  131  127  134  118  138  136  134  135    5
ch:  68  122  127  126  124  123  123  134  133  124  130  134  118  135  125  123  126  127  118  122  118  124  116  131  106  126  120  126  117  133  126  122   56
ch:  69  133  131  124  137  124  130  132  129  127  133  131  128  133  132  131  131  122  134  131  138  116  123  124  126  125  126  140  131  130  131  130    2
ch:  70  133  134  123  141  131  127  123  132  115  131  125  134  125  122  122  123  137  130  117  125  125  121  116  122  133  119  131  123  123  121  117   41
ch:  71  137  134  135  127  134  134  141  131  141  135  133  125  125  133  133  137  130  132  131  142  135  135  135  131  127  133  141  132  124  126  132    3
ch:  72  125  135  127  136  124  129  126  126  129  134  124  123  116  131  126  117  118  133  124  130  121  137  127  117  119  117  121  124  129  121  125   30
ch:  73  139  124  138  133  140  135  134  137  133  125  143  133  123  139  126  131  126  138  137  135  133  132  134  136  122  120  136  138  139  133  118   13
ch:  74  137  130  134  129  122  127  133  131  135  122  131  134  124  124  138  122  137  122  135  118  116  136  132  108  109   -1  123  120  126  113  126   39
ch:  75  130  135  130  136  131  137  132  131  134  140  135  124  132  124  137  132  134  132  134  138  132  130  135  137  147  133  134  126  132  131  139    4
ch:  76  132  136  135  122  133  133  129  134  129  129  142  118  125  125  130  134  118  123  133  134  121  119  134  122  121  130  134  118  127  132  119   41
ch:  77  120  134  134  138  129  130  132  121  133  139  126  136  127  133  124  134  127  125  129  124  135  137  130  121  125  130  135  134  133  123  139    1
ch:  78  127  135  139  132  124  124  133  131  124  133  130  123  123  124  122  131  134  118  128  133  117  121  122  129  133  120  126  122  125  125  129   36
ch:  79  134  125  132  140  134  131  121  133  133  138  124  139  135  124  130  136  134  132  125  131  127  132  138  133  127  125  125  124  136  133  124    8
ch:  80  125  137  132  134  134  117  132  137  135  115  120  130  117  136  116  117  126  119  120  126  122  115  119  119  125  122  110  108  125  132  121   37
ch:  81  132  134  149  137  123  137  140  131  125  137  130  135  132  141  130  125  126  131  131  130  132  121  123  121  118  133  132  130  132  135  131    2
ch:  82  138  127  125  134  124  131  126  116  133  121  131  135  133  127  122  130  118  124  135  123  118  126  110  116  113  121  117  134  120  118  115   32
ch:  83  126  126  125  132  126  135  134  126  138  142  133  121  130  132  126  136  141  118  127  123  132  122  136  134  124  136  124  123  124  131  133    2
ch:  84  126  136  137  135  133  124  137  119  122  127  126  129  131  124  121  119  122  118  119  107  123  108  130  116  126  124  118  127  113  124  125   38
ch:  85  124  138  139  123  130  120  131  142  133  126  136  135  125  140  133  132  135  138  133  122  125  123  131  133  134  131  139  122  129  135  117    4
ch:  86  137  130  138  135  129  130  132  125  127  116  129  127  124  130  122  125  122  118  136  129  107  121  116  120  125  115  125  117  129  116  124   29
ch:  87  124  125  136  135  132  126  130  137  131  118  132  138  136  131  131  125  131  126  126  129  134  124  132  127  136  124  131  137  140  135  133    1
ch:  88  131  134  126  131  138  128  126  131  135  133  126  134  123  126  117  119  125  125  132  125  117  119  130  126  127  127  123  135  127  124  122   33
ch:  89  125  143  137  137  126  125  134  135  126  146  131  124  127  127  131  136  132  130  134  129  137  135  123  136  131  130  131  135  124  135  137   -1
ch:  90  124  132  125  140  131  135  121  134  122  124  129  130  134  123  133  125  117  117  114  114  118  123  121  131  134  137  117  123  116  125  126   48
ch:  91  135  136  125  135  126  132  139  138  135  126  123  135  138  138  136  133  123  135  129  140  132  136  118  133  134  138  135  131  132  129  131   36
ch:  92  119  137  122  134  132  120  143  129  131  129  131  123  130  136  130  123  132  122  123  121  129  121  124  113  119  122  126  133  120  127  124   41
ch:  93  135  132  133  133  127  132  126  133  125  126  137  122  132  135  137  130  124  118  124  132  132  131  126  126  137  126  131  127  125  131  136    2
ch:  94  133  136  121  132  130  132  133  125  143  131  132  132  129  127  116  120  126  125  138  121  123  117  135  125  129  121  118  122  116  118  132   48
ch:  95  121  126  125  136  134  133  126  120  136  126  133  129  120  125  132  132  121  133  127  137  118  133  139  130  133  132  126  130  126  122  133   -1
ch:  96  139  137  131  127  133  127  125  124  123  118  126  125  122  119  120  123  121  118  111  134  116  117  122  124  116  120  118  106  109  120  125   44
ch:  97  138  130  133  132  136  120  136  126  143  126  131  124  132  136  133  121  133  130  126  129  124  134  121  130  113  132  129  129  132  126  133    7
ch:  98  125  134  134  125  122  122  130  135  117  132  122  134  132  127  133  117  117  134  131  120  115  117  119  122  125  120  124  120  132  127  119   50
ch:  99  130  136  140  125  134  133  137  130  134  135  140  124  132  130  129  125  131  131  125  138  130  134  121  138  125  123  129  125  140  126  129    5
ch: 100  123  133  132  135  130  135  124  123  114  123  116  122  124  122  124  124  121  117  121  134  109  122  115  118  124  121  118  123  103  118  119   42
ch: 101  127  137  135  134  133  137  120  134  140  135  134  122  130  125  137  139  132  131  125  133  126  123  126  117  124  127  140  123  120  131  137    7
ch: 102  127  124  133  145  134  123  130  122  124  135  132  130  125  119  124  121  131  121  126  123  122  120  116  116  127  115  120  131  113  119  119   38
ch: 103  129  132  136  135  133  135  123  124  129  141  142  135  125  147  132  126  134  128  120  131  121  130  130  122  125  119  132  142  130  134  133    4
ch: 104  135  135  124  119  122  135  136  129  123  131  124  127  131  121  124  116  121  124  124  120  131  122  111  125  123  120  117  131  120  116  125   46
ch: 105  141  138  127  133  134  136  136  131  131  121  133  135  127  126  123  124  123  116  126  131  130  126  120  124  147  122  124  133  131  118  126   10
ch: 106  124  124  119  118  137  126  131  130  126  121  118  117  122  111  135  123  131  122  124  121  121  114  121  119  111  117  125  115  108  122  133   36
ch: 107  122  136  137  135  134  124  132  131  123  126  134  137  124  120  124  133  131  121  117  133  125  133  122  131  136  134  125  126  118  131  132   -1
ch: 108  131  133  130  117  139  132  135  131  123  136  124  124  122  132  127  134  125  119  122  132  137  132  123  125  125  124  118  120  136  124  122   24
ch: 109  123  131  130  138  137  137  139  131  136  121  124   -1  135  123  138  137  126  117  135  131  120  134  126  128  132  127  107  121  123  129  120   -1
ch: 110  123  136  124  125  137  133  131  125  119  125  130  119  122  116  129  123  111  119  117  123  124  118  115  116  121  124  116  126  110  125  130   30
ch: 111  132  133  138  132  137  142  126  133  125  130  135  124  133  136  135  134  135  134  119  121  120  133  129  123  124  122  133  127  125  121  119   -1
ch: 112  131  131  126  127  125  132  131  123  123  123  122  131  129  133  125  120  125  133  122  115  122  125  132  125  126  121  118  109  117  117  108   38
ch: 113  130  133  140  134  126  148  127  137  134  137  133  137  136  126  121  135  126  133  134  125  120  125  136  139  132  133  132  124  126  124  127   31
ch: 114  120  126  131  123  123  124  137  132  133  130  118  120  122  116  120  129  122  119  132  118  123  110  111  126  116  109  125  107  119  120  122   35
ch: 115  131  126  138  126  134  127  134  133  121  126  134  127  132  132  126  133  132  120  127  123  122  123  123  119  120  120  122  125  118  121  118    1
ch: 116  134  131  126  131  130  134  125  125  123  121  122  132  132  118  131  117  123  124  123  124  110  116  117  135  108  124  122  117  111  117  119   36
ch: 117  133  124  147  137  123  141  133  139  129  120  138  138  133  131  137  122  133  124  120  132  120  122  124  131  114  119  134  127  134  120  132   -1
ch: 118  140  137  132  132  130  125  132  122  124  131  123  123  121  129  126  129  120  119  124  125  119  118  122  121  121  124  117  115  120  131  116   41
ch: 119  141  133  133  130  122  134  131  139  132  120  132  126  126  136  123  119  124  130  132  136  125  130  125  131  123  125  151  124  126  119  120   36
ch: 120  136  131  135  133  134  125  131  131  131  129  134  117  113  117  140  130   -1  124  115  119  112  117  116  108  117  121  117  115  115  124  121   40
ch: 121  139  131  119  138  123  126  137  131  127  125  131  133  120  124  131  125  121  131  125  126  122  122  122  124  124   -1  129  123  124  124  132   12
ch: 122  133  130  136  124  136  147  134  139  132  117  130   -1  122  122  132  121  123  130  120  121  117  120  115  120  135  123  122  121  126   -1  120   48
ch: 123  133  139  132  134  146  130  123  123  126  137  132  131  138  134  131  117  133  134  131  126  118  130  124  122  116  130  122  126  120  126  124    7
ch: 124  135  125  126  136  124  131  122  131  119  125  132  123  123  119  118  121  117  132  120  123  119  119  114  122  116  120  122  116  117  107  119   30
ch: 125  138  135  134  131  131  139  127  132  134  131  130  123  131  132  116  126  122  124  130  126  130  126  125  134  122  117  132  123  122  124  117   16
ch: 126  129  123  125  132  133  135  128  129  130  135  131  123  132  124  121  128  127  121  131  121  124  114  119  120  126  116  129  102  123  129  124   38
ch: 127  134  131  134  125  125  124  132  133  120  135  138  125  135  134  119  119  124  125  119  131  119  127  124  123  131  119  127  125  124  124  133   22
