# ID XA-000-08-003-000-002-001-07
# Tag _trim_
# Date 240620_11:29:45
# Vref_p 51
# Vref_n 21
# Thr2_glb 43
# Vref_t 118
# Vref_t_range 1
# Pol 0
# ADC range 30-247
# FAST disc 30
ch:   0   93  108  101  111  133  124  139  149  135  152  147  164  156  146  137  137  149  139  138  145  145  137  126  132  124  147  132  137  139  122  129   17
ch:   1  138  153  162  173  155  163  156  159  155  157  157  161  154  153  179  159  150  152  151  147  147  152  150  143  148  154  140  145  140  138  146    3
ch:   2  123  114  126  141  143  152  146  164  151  156  151  153  139  136  153  149  142  148  153  139  140  153  140  148  134  136  130  139  138  136  133   -1
ch:   3  145  157  156  167  155  159  162  166  163  150  150  157  163  149  164  155  153  140  146  152  152  148  151  158  148  142  153  135  150  145  135    1
ch:   4  122  123  147  150  152  158  151  157  157  151  156  150  159  157  148  149  139  146  134  134  123  148  129  140  140  132  132  133  137  143  131   26
ch:   5  154  157  168  171  158  165  162  146  152  154  154  148  163  152  154  154  140  155  151  138  151  152  142  141  151  148  147  140  148  161  149    4
ch:   6  135  140  146  162  151  151  150  165  155  145  146  139  134  133  150  157  151  139  126  139  146  134  138  140  138  138  133  135  131  142  133   -1
ch:   7  145  161  154  171  167  171  156  155  152  152  154  159  152  162  151  155  149  140  149  146  147  152  142  137  134  148  155  147  142  154  148    2
ch:   8  131  135  147  154  151  154  151  147  146  156  152  156  150  154  141  152  135  147  140  139  142  137  137  135  138  147  133  136  147  136  145   12
ch:   9  150  154  164  170  156  165  154  153  164  164  162  163  152  148  150  153  160  157  153  152  145  152  142  151  149  140  137  133  142  141  141    3
ch:  10  139  144  143  157  153  152  159  151  159  151  151  154  147  145  145  141  148  149  147  139  135  138  144  140  140  137  139  137  147  135  144   -1
ch:  11  153  155  166  165  159  168  167  162  150  158  156  150  150  156  153  150  147  153  152  162  140  153  158  141  147  148  146  147  151  153  153   -1
ch:  12  131  134  137  149  161  149  157  153  166  157  152  153  150  136  152  149  140  151  152  137  151  149  136  146  140  140  140  141  141  136  141   20
ch:  13  162  169  167  169  166  157  154  154  154  153  149  156  151  158  140  142  155  151  150  153  136  150  146  140  144  149  142  151  137  142  150    4
ch:  14  134  148  144  150  150  164  162  154  152  153  156  155  156  156  152  139  133  148  143  146  148  151  150  145  142  138  137  136  135  138  149   -1
ch:  15  153  157  163  157  164  153  156  149  150  151  150  149  159  158  140  149  149  153  148  140  150  155  164  152  136  140  147  147  141  156  137    2
ch:  16  131  136  139  150  156  153  155  156  154  156  153  158  151  146  149  149  147  147  140  137  137  145  133  138  142  133  148  131  146  145  132   -1
ch:  17  162  157  163  164  172  158  169  164  158  155  167  156  139  152   -1  148  153  150  157  154  146  150  153  151  137  147  153  151  142  148  157    3
ch:  18  135  141  143  166  153  160  163  151  153  149  153  153  147  158  165  152  140  157  139  152  148  137  133  136  138  133  140  132  135  133  140   -1
ch:  19  165  161  165  168  166  151  160  149  154  156  163  147  152  148  154  139  152  147  139  156  156  162  150  150  151  138  148  139  150  141  143    2
ch:  20  135  134  148  149  163  141  160  147  146  154  138  154  152  145  140  137  137  135  157  139  135  131  128  141  141  137  138  132  125  134  150   -1
ch:  21  162  162  165  159  158  148  158  154  158  151  149  157  163  154  154  152  158  157  153  153  148  153  148  140  147  155  149  150  148  149  150   -1
ch:  22  140  141  156  151  157  162  156  158   -1  151  141  163  152  151  151  149  141  141  156  152  149  151  137  134  137  139  134  139  140  135  153   -1
ch:  23  141  163  158  178  167  163  159   -1  158  151  163  144  142  155  152  157  149  139  149  154  155  154  150  147  153  142  139  140  151  148  150    1
ch:  24  138  134  147  159  143  155  150  154  154  150  157  156  153  150  157  145  161  139  138  141  145  142  148  138  138  137  143  142  147  134  148   -1
ch:  25  154  169  156  159  157  165  149  162  158  154  155  153  158  147  153  150  149  155  140  159   -1  140  150  147  148  148  142  136  140  145  161    4
ch:  26  134  147  158  157  157  166  155  139  165  163  151  149  155  141  151  135  153  140  140  133  140  145  134  148  131  129  132  136  130  146  148   -1
ch:  27  155  161  170  154  161  147  155  167  153  157  168  163  155  158  149  148  158  159  151  154  159  144  140  148  159  137  154  140  149  138  149    2
ch:  28  138  142  133  147  156  155  169  153  163  154  150  154  151  149  146   -1  142  147  147  139  140  137  126  147  139  137  146  139  137  140  138   24
ch:  29  162  169  163  165  163  163  150  165  152  142  165  156  164  136  150  156  157  149  153  159  151  157  149  146  142  148  154  135  154  146  150    4
ch:  30  147  159  158  154  149   -1  157  155  162  152  156  150  151  142  153  149  162  144  140  133  140  149  136  137  139  140  142  140  134  142  148   48
ch:  31  148  155  167  159  164  153  165  163  157  165  154  146  157  146  149  145  143  153  154  145  152  136  159  148  140  145  149  154  142  155  147   -1
ch:  32  123  136  147  140  157  161  148  162  154  151  142  156  148  146  141  148  134  149  146  135  133  146  134  147  137  140  146  134  149  152  138   41
ch:  33  154  162  174  169  158  163  165  165  164  165  153  154  166  158  149  153  158  149  143  155  147  150  148  148  130  148  151  152  140  153  146   35
ch:  34  135  148  160  154  157  152  145  153  148  161  152  151  147  155  142  151  149  142  140  146  138  133  137  139  142  140  133  134  137  147  135   44
ch:  35  161  155  163  178  168  162  164  156  165  148  156  154  151  158  165  156  158  151  151  159  149  156  151  154  156  147  141  138  153  165  151   -1
ch:  36  123  141  146  151  162  153  157  154  164  149  139  150  164  153  139   -1   -1  148  149  138  146  142  129  125  146  137  134  130  146  140  136   -1
ch:  37  154  168  166  159  170  166  165  168  148  147  165  169  148  148  154  145  151  154  153  157  148  145  136  152  154  146  140  147  154  146  141    3
ch:  38  124  143  146  148  163  164  155  164  159  153  153  138  159  140  151  159  151  141  152  138  140  137  135  140  132  137  133  141  140  140  140   -1
ch:  39  161  161  166  156  142  163  159  159  154  162  165  154  157  165  150  152  154  150  155  146  145  154  151  142  148  146  145  154  150  138  150    1
ch:  40  138  140  155  154  162  153  157  163  151  156  165  157  164  147  150   -1  140  149  147  138  141  148  140  136  135  138  146  150  142  146  146   -1
ch:  41  162  157  170  166  163  171  169  169  152  162  163  153  152  150  152  155  150  153  149  164  153  163  148  156  155  152  150  154  141  147  147   35
ch:  42  135  141  162  155  161  148  158  164  163  161  156  159  155  152  134  147  153  154  153  137  134  148  134  135  137  140  139  131  137  125  147   -1
ch:  43  141  168  162  166  164  168  167  158  165  153  150  165  155  162  163  154  155  155  155  152  148  152  155  164  152  153  150  152  148  149  151    2
ch:  44  123  141  157  154  169  159  154  164  154  155  148  154  156  150  150  152  154  136  149  141  147  150  137  138  139  137  132  136  140  142  138   24
ch:  45  158  169  170  167  177  167  153  162  158  162  157  154  153  160  155  151  153  151  142  156  148  145  152  150  146  140  153  149  151  149  139    3
ch:  46  147  151  153  152  155  152  166  154  157  150  150  151  141  150  145  148  138  143  153  136  139  137  143  154  143  142  134  146  138  135  150   -1
ch:  47  146  166  163  152  169  167  157  152  172  165  158  157  151  149  149  153  154  149  147  163  143  155  140  167  150  146  154  149  154  154  155    2
ch:  48  135  141  146  142  163  169  155  138  161  154  150  154  152  154  148  154  149  143  137  146  151  147  140  140  124  137  149  147  147  139  146   -1
ch:  49  166  158  163  165  157  163  158  161  155  162  156  154  163  156  157  154  149  162  152  158  155  164  148  150  159  150  140  146  140  150   -1   -1
ch:  50  139  143  141  156  166  166  154  151  155  156  147  157  150  149  148  133  146  153  139  135  138  147  136  135  149  135  138  137  149  135  149   -1
ch:  51  150  168  163  163  162  165  167  155  161  161  156  157  154  157  151  142  149  142  149  156  154  147  153  150  148  167  151  151  150  147  153   -1
ch:  52  119  149  147  135  153  158  157  166  154  154  162  154  141  147  150  151  151  152  151  134  147  150  156  136  138  136  147  141  147  145  138   -1
ch:  53  156  169  158  169  156  159  150  154  162  159  152  162  164  158  165  142  154  155  159  154  154  153  156  138  150  146  141  142  140  147  145   -1
ch:  54  134  143  158  161  173   -1  154  155  156  152  150  157  155  158  163  151  151  147  149  132  141  145  151  137  147  150  138  142  139  153  148   -1
ch:  55  157  169  156  166  166  158  162  156  154  156  165  162  156  162  146  147  151  158  149  154  150  150  155  156  153  152  138  137  147  148  152   -1
ch:  56  131  140  147  154  155  171  167  157  151  150  152  164  151  146  159  150  147  156  147  146  139  143  151  150  147  142  140  139  133  134  154   -1
ch:  57  156  159  161  172  167  152  169  172  152  155  158  158  158  156  169  155  163  150  157  141  164  164  140  149  152  153  164  155  140  150  151   -1
ch:  58  136  145  158  170  159  153  182  154  147  165  151  151  149  154  156  154  151  142  154  136  152  153  147  138  147  141  145  146  150  146  135   34
ch:  59  161  169  170  168  168  154  161  155  166  168  154  155  162  158  155  155  164  165  158  156  154  161  153  154  158  149  149  157  156  153  154   -1
ch:  60  134  149  149  143  164  163  157  153  163  156  141  152  150  156  165  149  156  145  148  140  150  147  137  134  150  139  131  137  132  134  141   -1
ch:  61  156  171  162  166  162  155  168  168  162  166  150  155  170  154  165  168  151  151  152  164  154  164  155  157  156  155  143  139  158  154  151    3
ch:  62  136  157  162  160  155  166  158  158  154  150  161  156  157  158  147  152  150  156  140  140  156  149  150  133  141  148  149  158  150  136  134   -1
ch:  63  157  157  167  162  166  163  179  159  157  166  156  155  165  146  166  157  159  150  153  154  154  153  153  156  149  139  155  148  151  153  155    2
ch:  64  135  137  142  158  168  164  159  154  154  170  156  154  161  156  143  157  155  146  149  141  156  148  144  152  147  146  142  135  150  141  134   -1
ch:  65  162  173  165  168  156  166  162  165  166  162  172  153  165  150  158  154  164  156  151  156  151  161  152  156  147  151  154  157  157  162  149    3
ch:  66  134  143  148  151  166  155  164  153  159  161  140  157  153  147  153  153  152  148  155  151  131  150  140  138  148  137  137  136  134  136  147   56
ch:  67  161  158  170  164  166  155  158  158  168  158  147  164  171  157  166  155  164  154  148  155  158  156  147  158  155  155  149  143  151  152  149   -1
ch:  68  134  139  140  154  164  165  158  154  157  151  151  154  152  147  142  147  157  152  146  146  137  137  141  134  137  141  143  146  133  138  134   -1
ch:  69  156  167  169  166  158  163  161  166  163  162  157  157  158  159  157  142  153  154  155  150  153  168  147  145  150  146  148  155  151  146  152   -1
ch:  70  144  142  156  150  157  156  164  157  171  154   -1  153  150  158  151  155  146  151  149  146  148  139  147  132  141   -1  137  151  148  147  147   -1
ch:  71  149  161  154  164  157  153  168  157  153  156  165  166  164  146  163  157  158  142  152  149  154  148  149  158  156  152  157  147  157  140  151   -1
ch:  72  140  135  161  154  157  164  165  153  156  158  150  150  150  150  150  152  158  133  144  150  149  142  145  139  138  142  141  137  137  141  132   -1
ch:  73  139  161  168  163  164  152  159  162  160  166  150  164  165  156  155  162  162  149  156  164  154  153  154  136  154  139  150  157  152  149  148   38
ch:  74  135  144  156  156  155  154  153  151  152  143  150  152  142  152  153  139  151  150  140  139  140  149  130  133  139  135  137  146  135  139  132   -1
ch:  75  149  157  164  167  164  172  153  149  166  154  148  156  155  154  154  155  154  145  150  146  151  150  148  150  138  151  149  155  143  124  146   -1
ch:  76  131  138  137  155  162  159  157  164  162  158  155  150  161  144  154  148  161  149  149  141  147  141  136  154  136  124  138  134  151  143  147   -1
ch:  77  150  170  164  168  161  148  158  162  166  155  164  151  155  152  166  158  139  149  149  158  147  154  154  152  152  143  152  144  143  150  148   -1
ch:  78  136  136  148  161  153  162  156  151  150  150  152  163  152  149  143  152  149  148  156  154  150  140  141  150  140  161  140  138  138  152  138   42
ch:  79  161  166  175  156  166  156  165  158  164  164  158  157  157  161  159  154  154  154  164  155  152  154  154  153  140  157  138  149  155  154  156   -1
ch:  80  135  126  153  151  154  173  149  156  165  163  165  151  153  148  154  147  148  141  149  137  146  152  137  139  138  136  124  139  142  124  139   -1
ch:  81  166  167  157  164  166  167  164  156  169  157  155  158  172  159  140  153  151  150  158  142  151  141  148  141  153  142  141  157  156  152  147   -1
ch:  82  135  138  160  160  155  151  161  157  151  155  150  155  154  153  149  140  152  132  147  147  150  143  143  136  131  142  134  136  138  134  140   -1
ch:  83  145  169  161  165  164  163  156  151  159  168  164  155  155  159  151  156  157  147  149  139  139  149  150  150  150  148  151  151  152  152  162   -1
ch:  84  126  137  145  156  150  164  157  158  152  156  154  156  154  147  154  137  149  150  152  136  152  150  140  140  151  133  150  139  138  140  146   -1
ch:  85  156  164  156  166  157  169  152  164  154  166  159  148  138  157  153  153  149  154  154  154  138  149  147  143  155  156  138  154  153  150  153   -1
ch:  86  135  156  154  155  167  166  150  158  164  141  155  148  151  158  149  150  143  147  147  140  152  146  142  141  140  142  135  140  133  148  147   43
ch:  87  148  163  157  159  168  163  167  161  163  160  154  158  163  157  157  158  156  157  149  146  155  158  151  159  137  148  153  161  143  157  153   -1
ch:  88  126  136  137  149  170  153  142  158  152  162  159  159  154  156  158   -1  154  145  148  145  146  151  135  149  142  135  149  145  123  141  147   -1
ch:  89  150  162  165  159  172  168  165  162  183  166  167  147  155  157  151  155  151  150  155  147  141  157  152  156  157  156  147  151  151  152  163   -1
ch:  90  121  141  156  151  154  142  164  157  150  153  151  152  153  151  153  152  150  135  155  146  139  149  147  146  142  126  147   -1  151  131  132   -1
ch:  91  151  163  168  167  168  163  164  165  161  158  155  162  160  149  154  157  166  158  156  149  151  157  151  140  141  155  155  146  151  153  149   18
ch:  92  131  138  148  151  155  158  147  166  158  156  146  154  154  148  157  155  161  149  140  149  153  151  154  146  151  139  131  123  151  150  154   -1
ch:  93  154  169  157  157  164  163  162  158  158  166  155  163  154  156  149  155  150  152  153  148  133  141  150  148  138  147  150  151  152  148  141   54
ch:  94  128  147  142  157  158  152  162  157  147  151  155  142  149  149  159  155  157  142  152  137  154  142  149  132  140  129  127  136  139  139  149   -1
ch:  95  157  157  164  159  162  164  168  164  164  155  154  158  163  152  163  159  150  155  154  141  156  154  157  154  146  153  153  155  156  155  153   -1
ch:  96  121  140  141  158  168  155  156  162  154  151  157  150  147  146  149  155  154  140  146  150  147  138  135  139  141  133  136  130  142  137  130   33
ch:  97  162  165  165  166  156  163  150  164  149  155  155  157  158  150  152  153  153  156  146  152  146  152  151  152  141  150  150  155  141  151  159   -1
ch:  98  135  147  142  157  153  148  148  148  156  154  156  155  151  155  142  140  140  132  148  136  145  137  150  146  142  142  135  136  148  149  142   35
ch:  99  161  155  165   -1  163  169  155  157  159  155  154  154  153  152  157  158  155  158  151  152  153  150  152  141  138  150  149  141  150  145  155   -1
ch: 100  117  136  141  158  155  153  153  159  156  163  156  154  148  162  142  158  158  139  149  141  140  147  135  140  153  141  138  148  139  142  148   -1
ch: 101  150  163  165  170  165  153  165  154  150  157  152  153  158  148  154  166  140  152  154  148  160  150  148  142  147  148  163  151  152  151  142   40
ch: 102  134  145  145  153  150  152  150  165  159  149  158  161  150  155  152  140  134  148  141  140  139  137  137  137  143  131  133  149  131  142  141   -1
ch: 103  157  157  156  166  165  162  164  161  157  150  143  159  157  153  149  148  150  154  152  156  148  150  148  150  146  151  148  148  139  136  148   -1
ch: 104  123  141  121  141  173  161  171  150  152  160  151  166  146  145  146  146  142  143  139  145  137  141  161  131  140  139  149  136  149  139  135   26
ch: 105  156  157  153  171  165  157  154  156  152  155  157  155  142  166  148  148  149  148  142  149  150  149  138  142  136  139  154  161  152  148  164   -1
ch: 106  121  131  133  157  150  164  147  154  165  149  158  153  155  153  152  141  147  163  146  156  131  135  153  141  142  145  140  131  138  137  137   -1
ch: 107  150  153  154  162  158  154  153  155  159  163  157  156  158  152  152  151  162  151  143  156  151  143  158  142  141  152  150  155  155  149  134   -1
ch: 108  123  140  143  158  149  153  165  152  136  150  162  150  156  147   -1  146  157  148  153  145  139  131  151  142  142  143  140  141  133  136  147   42
ch: 109  150  151  163  163  157  157  152  150  171  167  161  154  158  146   -1  149  155  151  145  148  155  157  140  150  150  150  152  148  149  146  151   -1
ch: 110  139  149  140  151  164  154  163  149  151  151  153  139  149  149  150  149  134  155  147  147  149  139  140  133  136  131  138  134  146  132  137   25
ch: 111  155  157  164  167  156  164  158  162  163  165  156  142  166  146  153  151  158  150  148  152  149  146  142  147  148  138  149  148  147  147  153   -1
ch: 112  126  138  131  156  158  154  153  154  152  143  154  158  156  140  151  155  149  147  143  135  151  133  154  146  136  140  135  148  142  143  141   -1
ch: 113  162  156  159  152  166  156  166  168  172  178  155  154  166  148  142  156  157  148  149  152  155  163  156  141  147  154  154  143  143  151  155    4
ch: 114  119  133  142  161  154  158  158  157  161  152  160  149  142  153  148  140  149  149  151  146  150  133  133  141  140  136  132  127  148  136  150   -1
ch: 115  157  157  156  167  172  162  155  169  153  151  153  157  152  151  149  157  155  157  150  155  148  162  149  149  141  152  153  155  155  152  142   -1
ch: 116  120  128  139  162  157  152  165  171  158  156  136  152  152  146  139  148  141  139  141  147  145  139  138  140  142  134  137  136  137  137  140   -1
ch: 117  150  156  167  170  171  167  156  154  167  165  157  153  148  162  153  150  155  148  149  158  151  153  155  154  156  139  153  149  150  137  138    4
ch: 118  131  125  147  157  153  156  155  157  151  154  142  146  142  151  152  147  150  156  138  141  139  133  135  147  132   -1  122  139  132  148  135   49
ch: 119  149  155  160  161  164  156  163  155  156  165  165  156  150  155  147  154  150  153  147  154  151  152  155  150  151  152  153  156  149  156  142    2
ch: 120  126  138  123  135  157  151  166  154  160  154  150  150  153  150  147  149  151  140  139  139  143  151  152  141  135  138  143  139  139  135  141   -1
ch: 121  162  162  163  167  158  158  153  180  157  154  153  151  161  159  147  148  158  149  153  151  140  148  138  149  147  150  152  151  140  158  145    4
ch: 122  134  131  143  146  152  156  155  150  150  154  153  155  149  147  148  156  152  141  137  148  134  153  138  135  136  139  142  150  138  138  155   -1
ch: 123  161  151  166  152  152  157  155  156  161  161  150  174  148  152  156  162  149  148  144  142  154  154  137  146  148  145  142  139  150  140  148   14
ch: 124  109  115  133  128  148  158  154  154  155  154  147  158  147  153  154  150  148  139  148  148  141  148  152  138  142  131  146  152  146  150  140   27
ch: 125  146  164  157  164  168  156  156  158  156  168  155  148  157  151  162  156  155  150  149  152  155  157  158  148  152  147  139  151  142  141  149   -1
ch: 126  104  119  113  126  118  136  135  153  158  159  155  149  155  149  147  157  139  150  155  152  148  140  142  138  140  142  136  133  138  137  150   -1
ch: 127  153  149  156  158  158  166  169  163  170  154  156  159  154  158  149  154  151  163  147  151  141  155  141  141  152  139  136  150  142  157  155   -1
