# ID XA-000-08-003-000-001-255-15
# Tag _trim_
# Date 240620_12:06:22
# Vref_p 53
# Vref_n 26
# Thr2_glb 10
# Vref_t 118
# Vref_t_range 1
# Pol 0
# ADC range 30-247
# FAST disc 30
ch:   0  106  106  130  126  113  123  129  126  143  138  142  139  137  144  133  132  136  129  120  124  131  131  110  120  120  119  116  126  115  109  116   -1
ch:   1  141  150  156  154  141  154  154  143  135  138  135  149  138  135  146  134  131  140  133  136  118  139  131  147  139  124  126  113  123  129  120   -1
ch:   2  110  129  115  128  156  150  146  126  144  140  153  140  131  137  142  134  135  126  118  128  133  123  122   -1  124  120  119  120  122  115  110   23
ch:   3  141  154  145  142  158  154  141  148  151  149  140  139  147  133  152  140  136  147  132  133   -1  132  142  124  125  132  122  125  123  124  132   18
ch:   4  129  125  140  140  153  148  149  146  135  151  144  141  139  130  134  124  122  133  130  134  127  125  130  121  126  117  122  107  105  106  115   51
ch:   5  146  154  150  164  152  135  147  148  147  143  137  152  142  134  148  127  131  136  139  131  126  123   -1  118  126  125  118  133  109  116  118   -1
ch:   6  126  139  135  139  154  142  136  132  154  138  138  135  136  138  130  136  122  122  132  120  126  105  121  117  115  115   97  118  116  119  104   55
ch:   7  135  166  148  153  151  152  141  149  150  139  138  149  138  138  142  135  138  137  137  134  122  133  124  124  127  119  125  123  129  114  124   -1
ch:   8  119  132  142  135  129  141  147  140  139  140  139  139  139  132  125  130  133  126  125  132  110  125  119  119  130  116  119  123  124  118  114   -1
ch:   9  145  156  141  146  148  147  151  146  137  148  133  147  146  143  138  134  140  150  141  140  146  136  124  125  130  123  116  129  126  133  131   -1
ch:  10  117  123  140  149  135  149  146  150   -1  145  139  136  136  124  135  136  122  130  135  131  126  120  124  131  122  121  126  107  118  115  106    2
ch:  11  141  160  149  152  150  152  158  143  158  153  138  137  146  141  132  136  145  141  137  139  137  136  132  136  120  126  129  126  137  135  124   -1
ch:  12  122  136  150  146  149  146  154  145  150  136  142  141  147  147  130  139  125  133  122  126  132  129  124  125  132  131  119  119  118  117  117   45
ch:  13  143  148  140  147  155  146  147  153  149  141  148  136  149  139  139  127  138  133  140  136  133  132  132  124  120  125  125  114  132  120  124   -1
ch:  14  122  142  131  149  138  149  136  148  139  147  137  137  141  129  132  130  126  120  135  117  124  122  123  122  122  126  120  122  118  107  122   -1
ch:  15  147  151  153  150  150  137  153  146  140  139  139  146  149  135  132  142  143  136  139  140  133  124  125  124  123  137  130  122  123  124  111   20
ch:  16  129  124  140  140  149  162  140  146  136  133  140  146  134  132  132  141  136  126  146  130  121  115  116  116  117  122  129  114  122  109  108   40
ch:  17  135  166  141  150  141  166  143  149  141  141  148  131  154  149  141  134  148  123  140  140  127  140  141  133  138  122  125  116  125  138  122   12
ch:  18  135  135  131  139  149  146  161  149  140  147  136   -1  134  143  133  117  131  125  126  125  123  126  121  124  119  108  122  115  124  107  107   23
ch:  19  153  158  145  149   -1  154  161  146  150  140  149  140  143  149  137  142  141  148  134  139  136  142  137  122  127  118  132  130  132  120  125   -1
ch:  20  124  138  149  139  138  142  136  151  139  151  145  138  134  130  140  142  136  135  142  124  136  135  119  125  110  129  129  119  123  110  122   -1
ch:  21  151  148  148  156  150  154  147  141  152  151  149  142  142  139  148  142  132  131  139  138  122  141  136  126  130  136  135  131  125  132  124   29
ch:  22  125  140  157  146  147  141  147  141  153  141  142  145  143  146  137  135  146  139  127  133  131  114  131  132  126  124  125  120  126  122  120   -1
ch:  23  149  156  153  154  155  152  143  146  151  148  154  139  154  141  134  133  138  141  140  132  132  127  133  133  133  130  116  134  124  133  136   -1
ch:  24  131  132  138  150  137  142  146  142  134  140  148  148  151  140  136  138  131  133  135  122  119  113  121  118  102  119  131  121  120  123  110    6
ch:  25  137  148  145  150  153  146  141  152  154  154  141  156  137  155  126  139  133  138  135  136  134  135  125  134  136  122  140  117  135  132  123   -1
ch:  26  111  132  140  148  140  141  142  143  138  141  150  140  146  142  130  131  125  140  134  126  119  120  121  124  123  115  109  122  119  121  107   38
ch:  27  147  166  161  155  150  161  148  149  151  153  134  151  150  141  154  149  148  136  139  115  125  131  135  137  149  124  137  132  136  123  129   -1
ch:  28  116  148  155  148  141  143  146  154  145  161  146  145  132  142  135  146  136  132  134  138  132  123  136  133  131  118  110  119  117  136  130   -1
ch:  29  141  149  150  154  158  141  141  151  149  152  142  149  140  137  138  137  138   -1  131  127  141  135  135  123  136  150  134  117  131  130  134    7
ch:  30  137  122  133  141  148  147  140  145  141  140  142  148  140   -1  141  132  125  133  118  124  125  126  121  115  131  119  115  124  118  118  122   24
ch:  31  155  149  151  155  156  142  148  154  147  141  138  140  133  139  145  142  131  138  141  134  146  137  138  133  137  132  127  118  118  123  123   21
ch:  32  133  134  142  146  149  154  150  151  150  145  131  136  138  136  139  137  127  134  132  118  123  123  120  122  120  118  109  135  126  110  132   37
ch:  33  139  154  156  153  149  163  147  148  157  138  147  137  146  131  145  140  132  139  143  134  130  136  139  133  126  134  131  131  131  123  132   -1
ch:  34  132  139  138  137  151  149   -1  151  140  142  126  137  138  136  137  132  135  130  135  126  135  123  123  128  125  120  119  119  117  124  116   35
ch:  35  151  150  149  152  140  136  153  146  153  155  143  149  154  147  148  140  138  140  139  140  127  130  133  132  134  138  135  132  123  145  132   -1
ch:  36  126  132  142  152  138  151  152  149  145  138  138  145  132  134  132  140  142   -1  130  130  134  136  132  137  124  120  112  119  119  116  127   -1
ch:  37  158  156  158  151  151  151  151  136  165  150  140  142  146  147  149  150  145  152  130  140  138  131  136  135  131  125  133  139  124  133  145   -1
ch:  38  129  125  137  151  148  142  148  153  141  150  140  140  136  139  135  120  135  137  139  139  130  123  135  122  136  121  109  113  118  119  116   -1
ch:  39  149  154  153  160  141  154  163  155  132  151  147  142  149  140  138  136  137  147  138  138  142  131  132  133  138  118  130  120  124  116  124    9
ch:  40  133  138  136  140  139  151  136  136  145  138  141  138  133  137  136  139  123   -1  131  130  116  130  133  130  123  121  120  124  121  114  114   41
ch:  41  161  154  159  165  159  152  148  144  149  147  151  148  143  147  141  131  138  138  127  124  131  138  122  136  135  123  122  136  134  136  124   47
ch:  42  125  142  139  146  146  148   -1  156  149  148  138  134  149  136  142  147  138  125  141  138  130  133  118  122  133  129  121  127  118  125  119   20
ch:  43  137  166  151  156  165  152  141  141  147  153  136  151  151  139  135  150  148  146  136  142  135  127  151  140  135  134  139  132  126  133  133   42
ch:  44  129  132  134  142  147  151  147  140  149  154  148  132  146  148  133  142  135  132  121  123  133  127  124  121  126  122  118  120  132  120  120   -1
ch:  45  143  154  153  158  156  151  148  149  154  151  147  139  140  154  137  130  139  134  136  142  119  121  125  135  132  143  121  119  128  118  134   -1
ch:  46  131  130  151  147  148  149  148  152  150  130  152  138  131  126  143  135  137  124  134  145  138  133  135  132  119  127  130  131  127  121  106   -1
ch:  47  131  141  145  148  170  157  150  151  153  150  147  134  147  138  133  139  136  138  135  127  133  140  132  132  124  138  134  134  131  125  124   -1
ch:  48  119  138  140  149  143  140  148  141  148  137  142  150  146  134  133  146  148  146  122  138  137  125  121  127   -1  121  116  124  122  121  126   -1
ch:  49  148  145  156  150  148  154  152  157  161  152  151  146  142  145  139  141  142  130  124  136  124  134  138  133  125  127  134  134  125  133  134   -1
ch:  50  122  149  144  146  151  147  151  148   -1  135  138  134  139  139  141  138  139  124  134  127  134  126  121  119  125  133  140  114  118  121  126   13
ch:  51  151  152  149  151  155  148  139  150  144  149  153  145  140  135  131  147  143  134  136  138  134  136  134  130  140  128  130  136  133  135  128   50
ch:  52  140  132  137  147  143  155  147  146  148  137  148  148  139  131  145  140  130  132  131  137  139   -1  127  125  115  120  132  123  141  124  122   -1
ch:  53  149  154  153  154  152  160  158  147  147  154  151  138  136  142  148  141  138  149  126  138  139  139  138  141  134  127  137  135  132  133  140   -1
ch:  54  131  127  131  150  140  141  147  158  149  148  148  148  140  136  126  135  134  127  140  124  130  133  124  130  119  117  120  121  105  110  132   -1
ch:  55  149  150  166  161  152  155  155  143  148  145  148  135  139  147  124  147  141  133  136  140  140  121  138  138  134  134  117  126  128  134  130   -1
ch:  56  118  138  140  157  147  153  145  149  137  152  151  135  133  133   -1  142  137  136  126  125  135  130  138  126  132  123  130  135  126  126  123   21
ch:  57  150  154  147  152  157  151  151  151  142  151  148  151  156  154  143  150  139  140  133  141  126  132  138  138  135  129  137  143  139  137  125   40
ch:  58  121  142  139  140  148  149  158  138  147  148  136  135  136  124  122  135  139  140  126  125  136  132  122  137  124  121  135  121  130  120  129    9
ch:  59  137  149  157  164  152  142  151  140  151  142  143  139  133  149  135  132  140  134  131  133  139  142  134  136  136  130  132  122  127  133  137   38
ch:  60  135  134  146  155  143  158  149  150  154  145  137  140  149  147  138  133  130  151  131  135  147  131  135  132  120  131  133  135  124  122  118   -1
ch:  61  141  148  152  161  153  155  155  153  153  139  152  151  153  141  147  148  140  142  148  151  138  141   -1  131  132  139  135  139  145  138  130   -1
ch:  62  121  143  141  139  143  145   -1  146  152  140  148  140  148  142  131  133  136  134  130  126  132  130  119  134  123  137  131  123  126  123  119   -1
ch:  63  137  154  153  142  148  154  153  153  153  150  142  153  146  133  154  133  130  137  129  136  133  140  140  136  132  129  126  134  128  135  132   12
ch:  64  133  142  140  152  145  154  142  149  148  152  140  139  142  139  138  143  136  138  139  142  129  138  123  123  134  121  129  135  115  133  132    5
ch:  65  155  158  149  158  156  153  137  136  138  143  152  141  138  150  151  147  151  132  145  139  146  135  141  142  135  137  127  136  129  139  135   -1
ch:  66  129  143  137  154  150  153  147  148  147  155  147  139  136  150  148  132  136  137  132  124  133  122  129  130  119  132  123  123  118  121  126   -1
ch:  67  151  140  153  155  163  159  153  149  154  151  143  151  135  141  138  141  132  149  136  134  141  142  125  135  133  132  136  141  133  123  138   27
ch:  68  134  139  136  137  145  150  140  149  141  135  134  147  137  139  137  133  131  123  137  136  133  129  129  122  132  131  119  125  124  127  134   -1
ch:  69  148  151  145  156  153  148  149  147  137  139  153  149  150  129  137  141  134  146  137  139  121  130  137  142  136  136  139  138  131  126  130   25
ch:  70  115  137  144  152  154  145  157  156  139  140  133  145  138  141  132  135  130  127  134  138  131  130  122  120  125  119  127  123  137  126  127    8
ch:  71  145  156  163  161  157  146  158  148  141  147  151  155  149  156  148  134  147  138  136  150  135  134  140  136  149  139  129  137  136  132  140   54
ch:  72  122  138  147  158  147  148  156  141  135  140  149  140  152  141  146  140  130  137  136  120  138  133  130  127  121  126  115  124  141  125  124   -1
ch:  73  154  148  148  164  146  161  151  152  150  151  141  131  150  140  146  132  133  148  131  140  146  132  138  143  131  138  136  137  139  126  134   -1
ch:  74  121  140  150  153  153  144  149  151  150  142  149  147  143  142  134  136   -1  132  140  121  133  130  123  133  122  123  135  124  127  126  130   -1
ch:  75  147  152  153  169  152  149  151  147  139  149  138  153  139  137  138  150  148  131  142  142  141  151  134  123  141  128  129  127  133  121  129   26
ch:  76  116  134  151  141  145  152  155  144  151  132  138  145  156  137  134  149  136  137  135   -1  129  125  126  134  130  129  124  133  130  125  126   -1
ch:  77  154  154  150  155  155  136  151  150  149  164  147  145  153  138  135  139  138  141  133  140  132  139  141  127  129  138  135  121  127  131  132   -1
ch:  78  125  125  143  143  153  145  154  148  151  148  138  154  134  138  136  152  122  139  129  138  116  134  119  134  133  117  135  125   -1  121  123   54
ch:  79  141  150  153  153  153  148  165  139  151  141  141  154  151  139  149  138  155  152  134  140  136  147  124  142  138  133  135  126  135  133  135   -1
ch:  80  130  135  142  149  149  153  146  154  140  135  148  140  141  138  140  143  130  123  134  132  128  133  137  136  117  126  119  125  120  122  124   -1
ch:  81  141  148  162  153  142  151  140  154  153  151  148  153  147  138  143  134  138  155  139  139  130  136   -1  134  133  141  137  130  131  139  132   -1
ch:  82  131  141  143  148  150  135  147  148  143  140  147  144  138  135  141  137  132  132  137  134  136  133  124  129  131  126  124  123  122  120  123   -1
ch:  83  145  168  163  158  145  146  155  140  147  146  163  139  138  131  139  141  146  152  137  142  141  140  139  145  134  132  140  133  136  133  134    7
ch:  84  123  135  147  152  147  153  143  148  139  147  143  134  149  137  121  140  135  141   -1  136  131  139  117  113  124  120  124  123  119  122  115   -1
ch:  85  145  154  153  157  146  147  152  155  154  150  141  154  148  150  138  150  148  132  146  137  134  132  130  127  134  127  133  122  116  137  118   15
ch:  86  130  150  144  151  158  151  148  138  145  149  138  143  141  141  137  137  124  134  120  135  132  123  119  130  130  121  121  123  133  122  121   51
ch:  87  137  156  139  152  164  157  142  151  147  154  143  139  137  154  142  154  134  125  139  139  131  131  129  125  132  132  141  137  137  114  122   -1
ch:  88  136  139  144  147  149  153  156  146  132  145  141  148  153  155  138  141  139  137  121  123  133  133  123  122  119  130  130  124  122  122  125   21
ch:  89  152  142  162  156  157  166  148  147  149  151  142  149  138  145  132  138  146  133  146  136  132  136  134  131  125  125  131  124  137  129  136   27
ch:  90  125  135  139  146  155  153  147  146  139  137  135  143  143  139  135  130  135  135  146  136  130  131  130  132  118  126  131  127  114  123  133   -1
ch:  91  151  154  163  155  166  150  135  145  166  151  141  147  150  147  147  145  122  138  134  140  133  123  126  136  134  130  133  132  132  124  133   -1
ch:  92  121  126  129  137  153  159  145  148  152  154  145  137  135  132  136  138  132  142  135  130  134  130  132  132  122  123  136  133  120  122  126   -1
ch:  93  154  154  140  150  151  163  157  151  150  140  153  156  146  138  145  140  140  141  133  132  139  148  146  143  133  138  137  133  134  149  130   41
ch:  94  121  142  135  146  158  148  153  142  148  146  142  137  139  146  139  136  145  142  127  138  125  134  122  131  121  119  125  111  109  129  122   -1
ch:  95  145  157  157  147  150  147  155  151  146  142  155  150  138  151  131  149  133  135  150  136  133  139  135  139  142  132  133  133  118  139  132   -1
ch:  96  130  135  141  159  152  148  150  150  140  138  139  142  145  141  140  138  140  134  146  130  131  130  130  120  123  129  120  138  125  125  131   51
ch:  97  151  147  155  161  158  156  166  153  152  150  140  139  146  156  139  148  134  131  147  138  135  135  146  131  132  133  138  133  124  138  124   -1
ch:  98  135  137  146  153  154  151  139  149  150  152  137  135  126  127  135  135  135  131  121  133  126  119  127  131  122  123  119  124  122  120  122   -1
ch:  99  147  154  165  152  166  150  151  152  136  148  152  141  153  151  142  135  138  147  130  126  133  134  135  141  132  136  124  132  132  123  122    3
ch: 100  129  138  145  140  151  151  145  158  147  152  152  148  139  147  135  139  138  127  134  127  139  133  125  123  131  135  122  124  135  111  134   -1
ch: 101  152  148  153  164  150  147  152  149  155  142  153  147  147  140  145  138  144  135  138  139  130  135  133  131  138  123  128  134  124  134  138   -1
ch: 102  135  136  151  154  141  149  152  140  154  141  146  136  151  134  139  142  129  137  142  131  139  122  132  122  130  109  124  120  120  125  121   38
ch: 103  147  145  151  155  149  156  158  154  142  148  147  140  140  151  152  141  137  141  149  142  140  134  135  124  132  124  141  134  133  121  120   29
ch: 104  119  139  145  140  147  157  149  144  147  138  154  142  133  138  136  149  136   -1  131  134  115  126  122  123  123  109  114  117  119  116  120   37
ch: 105  142  154  161  158  156  164  131  153  151  152  144  142  153  152  134  138  146  133  127  147  131  131  133  125  124  134  131  136  133  129  130   -1
ch: 106  121  134  136  149  142  153  153  146  147  148  141  148  134  141  140  136  146  132  131  127  132  121  126  132  131  120  116  125  121  115  101   -1
ch: 107  137  159  155  140  150  162  157  152  148  148  141  138  146  147  150  140  138  133  141  126  135  136  139  126  127  121  131  132  131  118  126   -1
ch: 108  136  132  149  159  149  146  164  151  142   -1  152  154  138  148   -1  141  149  133  136  130  146  123  129  125  124  115  130  141  123  116  126   36
ch: 109  151  149  161  149  153  142  156  147  157  155  150  140  142  142  151  142  146  135  146  138  140  129  138  130  141  124  137  127  120  131  134   11
ch: 110  133  138  147  145  157  141  152  141  148  138  124  143  147  131  140  131  130  136  126  130  139  126  132  123  124  120  131  119  124  114  118   -1
ch: 111  147  161  167  141  156  155  154  146  150  149  148  151  151  145  146  139  140  132  143  142  142  120  131  126  137  125  126  123  135  130  124    5
ch: 112  116  132  131  140  151  149  146  144  163  149  140  146  147  140  136  138  132  142  136  134  140  136  122  129  135  121  131  122  123  132  123   23
ch: 113  153  154  149  153  155  152  152  145  151  147  151  137  152  137  147  141  131  131  135  133  124  146  133  133  132  135  127  131  123  123  129   -1
ch: 114  117  131  135  153  150  148  146  144  147  151  146  150  138  136  136  129  138  121  130  125  131  118  125  116  129  111  122  124  125  125  105   41
ch: 115  145  150  149  153  158  139  151  150  150  147  143  148  146  140  146  148  141  132  137  135  124  125  134  130  125  130  135  123  135  120  109   -1
ch: 116  121  129  133  137  151  148  154  155  151  142  134  137  132  136  135  137  133  131  136  132  133  126  128  119  126  134  113  118  138  109  103   42
ch: 117  140  151  146  163  150  158  154  155  153  149  125  159  141  147  135  141  148  148  137  140  135  137  136  122  127  121  119  130  131  118  136   23
ch: 118  127  133  133  135  143  137  149  149  148  148  143  135  136  134  134  122  131  132  135  131  125  132  118   -1  126  113  117  120  123  121  105   -1
ch: 119  141  156  163  148  157  152  151  152  140  147  147  152  151  145  137  139  136  138  137  143  133  134  126  130  133  132  131  134  131  126  136   -1
ch: 120  123  129  140  143  144  156  147  148  148  138  136  150  147  142  146  132  127  136  136  148  124  126  123  118  124  122  120  111  122  118  114   45
ch: 121  141  151  151  157  156  148  149  157  158  152  135  140  152  139  136  147  134  130  142  136  130  138  134  135  123  136  133  120  125  125  124   -1
ch: 122  121  140  126  137  138  149  154  148  139  140  152  141  136  136  141  131  136  130  124  137  131  134  121  135  129  126  125  114  122  123  115   -1
ch: 123  155  165  153  143  153  157  151  141  152  151  140  153  149  142  146  135  135  139  146  136  132  147  140  134  139  129  126  136  126  120  126   -1
ch: 124   91  102  127  135  129  137  123  146  146  133  141  138  136  141  133  131  121  126  130  131  129  121  118   -1  120  119  117  131  117  121  109   14
ch: 125  145  156  153  157  155  155  143  149  156  147  152  151  148  135  154  126  145  151  149  125  124  134  127  132  134  111  133  126  139  130  138    7
ch: 126   77   98   89  117  125  104  125  133  122  138  147  134  126  141  140  130  135  122  129  127  123  122  123  125  121  119  132  102  118  117  118   -1
ch: 127  147  142  149  153  153  157  157  155  154  149  143  141  147  141  148  146  140  139  147  135  138  143  135  131  138  120  127  114  126  133  130   -1
