# ID XA-000-08-003-000-001-196-06
# Tag _trim_
# Date 240620_12:33:54
# Vref_p 49
# Vref_n 21
# Thr2_glb 10
# Vref_t 118
# Vref_t_range 1
# Pol 1
# ADC range 30-247
# FAST disc 30
ch:   0  114  119  122  134  141  153  157  155  158  150  148  163  154  158  134  149  132  148  139  131  125  131  121  120  125  119  119  121  122  108  120   12
ch:   1  142  150  154  152  163  148  153  147  150  149  150  150  147  134  138  133   -1  133  135  126  136  136  125  118  114  119  124  119  124  119  119   22
ch:   2  129  120  140  148  149  150  151  156  154  163  149  152  150  156  141  132  124  138  134  115  131  131  128  132  118  122  123  114  109  113  117   -1
ch:   3  153  165  174  179  159  158  154  162  160  163  143  148  151  151  138  145  128  133  139  137  134  132  120  129  133  121  119  121  127  124  122   20
ch:   4  120  141  139  148  150  159  165  151  155  163  151  148  139  140  129  139  138  132  124  154  133  128  119  134  120  123  124  116  122  119  125   -1
ch:   5  155  154  170  164  165  166  156  172  164  155  148  143  146  143  147  139  132  139  130  135  139  124  135  138  126  124  117  128  116  116  131   -1
ch:   6  123  136  134  139  153  149  159  168  150  152  148  156  152  146  136  134  146  137  132  133  126   -1  131  130  128  117  108  107  115  119  119   26
ch:   7  154  163  168  159  168  169  158  171  152  154  155   -1  140  148  148  150  140  133  132  140  139  139  132  114  134  121  123  118  131  131  120   -1
ch:   8  126  131  138  148  156  147  158  155  161   -1  148  149  139  148  139  153  124  129  133  126  134  119  125  126  127  108  121  122  121  126  118   51
ch:   9  166  158  158  171  168  168  169  158  169  167  155  152  157  148  137  144  136  135  125  134  131  138  123  122  133  121  122  127  114  125  110   55
ch:  10  129  121  154  144  149  160  165  156  163  161  139  138  148  151  136  127  140  133  131  129  126  126  130  121  122  121  126  121  115  116  104   -1
ch:  11  153  158  162  163  176  166  165  173  162  165  152  163  137  149  141  150  135  138  142  132  134  134  125  139  133  124  117  129  126  119  113    6
ch:  12  126  137  127  146  157  153  168  163  155   -1   -1  149  140  150  137  150  131  134  132  137  135  133  119  129  123  123  120  122  118  117  122   -1
ch:  13  149  152  167  165  173  170  155  155  154  166  149  162  149  138  140  140  139  129  146  135  140  134  127  127  130  118  130  123  125  123  121   -1
ch:  14  117  131  145  152  176  156  154  155  164  149  156  152  159  152  140  148  136  140  133  135  132   -1  129  122  125  113  114  116  126  127  117   -1
ch:  15  158  172  180  157  167  163  168  168  152  156  158  136  150  132  139  147  144  139  126  144  120  147  132  124  119  121  121  119  131  121  131   -1
ch:  16  128  149  133  148  157  151  154  162  164  156  151  167  152  149  147  131  142  136  129  131  131   -1  123  133  119  122  124  119  123  120  126   52
ch:  17  157  154  168  178  171  167  153  167  157  159  145  163  155  141  150  134  144  131  130  129  131  133  147  127  121  122  116  123  120  121  111   -1
ch:  18  129  136  135  142  136  165  170  158  161  153  156  148  140  133  138  143  132  138  140  125  122  138  116  124  118  129  130  123  117  129  119   -1
ch:  19  156  158  174  163  166  163  167  153  163  164  152  161   -1  149  129  152  135  132  132  124  127  139  128  133  124  131  137  131  122  115  126   -1
ch:  20  126  136  139  152  157  154  163  168  162  167  152  152  152  148  139  139  138  142  143  137  135  122  131  126  136  129  116  106  124  114  121   40
ch:  21  153  154  171  172  161  155  155  162  168  169  151  156  153  152  137  145  148  140  136  132  132  130  129  123  126  122  131  123  122  121  130   -1
ch:  22  129  121  150  141  153  158  171  167  163  147  153  151  144  149  139  146  137  136  133  125  127  137  134  127  125  124  125  126  116  127  107    7
ch:  23  164  170  168  169  172  158  168  152  167  151  153  147  141  153  151  133  131  140  138  140  135  124  123  131  125  130  125  121  114  124   -1   35
ch:  24  136  131  139  154  156  149  169  157  166  151   -1  159  149  153  149  140  138  142  125  129  138  132  131  132  130  120  120  123  124  125  126   50
ch:  25  153  158  164  167  159  170  164  156  161  156  156  149  147  158  161  150  153  134  134  138  142  130  139  131  136  133  117  119  129  118  121    7
ch:  26  113  146  145  164  152  154  158  151  148  162  167  140  152  155  142  147  130  140  145  130  132  121  124  133  121  139  125  118  121  123  123   -1
ch:  27  160  165  170  173  172  158  155  170  165  158  163   -1  151  137  158  148  147  153  134  131  137  133  122  122  134  136  129  137  126  125  121   -1
ch:  28  126  151  138  148  157  149  167  170  165   -1  151  152  147  153  138  153  152  148  124  153  131  124  134  129  116  127  130  122  124  125  119   10
ch:  29  155  162  178  164  162  172  164  159  165  159  162  155  152  151  139   -1  141  134  134  129  141  140  124  138  120  132  122  130  122  126  117    8
ch:  30  131  131  138  147  153  167  167  166  170  154  146  156  141  149  148  138  135  141  127  136  129  124  132  129  121  123  122  115  114  105  111   -1
ch:  31  155  159  158  172  167  167  170  164  161  157  152  140  155  153  145  138  151  137  141  136  135  138  132  124  127  118  122  133  115  122  119    8
ch:  32  132  141  141  142  165  147  154  164  153  150  163  147  155  141  145  153  137  152  138  137  128  144  130  131  129  125  129  119  134  126  115   48
ch:  33  153  160  162  165  167  165  161  173  166  159  142  156  146  154  155  142  138  149  145  133  133  142  139  124  132  132  127  129  125  131  122    4
ch:  34  135  130  151  151  144  164  170  166  157  150  152  149  158  146  139  139  141  146  129  135  134  118  131  130  121  121  119  125  117  120  115   18
ch:  35  174  173  170  176  167  163  172  158  163  164  155   -1  156  146  150  141  157  147  145  138  137  133  122  129  123  125  128  135  133  125  143    7
ch:  36  120  141  144  154  156  161  174  166  162   -1  161  163  154  159  146  142  136  150  128  132  145  126  129  132  137  115  129  124  131  118  128   -1
ch:  37  159  168  168  175  158  167  149  154  157  167  155  152  149  150  140  139  145  141  139  125  134  134  131  131  121  118  120  128  116  126  124   -1
ch:  38  132  136  145  146  152  165  168  161  162  164  154  150  153  149   -1  148  132  137  152  138  137  134  133  129  128  134  129  125  114  115  110   -1
ch:  39  170  156  171  168  175  171  168  159  163  147  146  148  161  143  152  137  137  149  140  135  136  131  137  117  139  136  137  117  106  131  133   -1
ch:  40  130  141  148  166  157  165  169  175  156  167  153  149  147  152  139  148  136  126  134  133  134  131  134  132  114  123  116  135  120  107  110   -1
ch:  41  155  152  158  161  159  154   -1  149  155  155  152  156  152  152  153  151  144  139  140  135  139  135  125  136  134  130  132  126  124  117  117   19
ch:  42  132  140  154  155  153  170  157  163  162  161  156  162  154  131  149  149  141  139  134  133  133  139  132  123  116  107  123  125  119  123  123   28
ch:  43  150  175  172  167  174  171  171  161  170  158  151  151  155  154  152  135  153  151  152  147  132  137  126  135  134  137  126  123  131  125  123   -1
ch:  44  130  146  139  148  157  156  170  170  171  161  148  165  155  156  148  151  132  125  143  139  138  145  119  135  118  114  135  128  120  120  106   -1
ch:  45  147  160  158  171  159  171  162  163  157  159  149  159  151  149  152   -1  145  147  134  131  132  125  139  135  126  132  130  131  123  118  123   -1
ch:  46  139  128  158  157  156  168  168  152  152  153  152  148  158  151  145  148  134  135  140  132  130  134  122  125  130  125  120  109  116  117  124   -1
ch:  47  162  163  181  165  167  168  172  163  157  165  154  153  162  142  137  150  152  149  137  138  138  134  127  138  139  129  140  127  124  129  137   47
ch:  48  126  157  132  144  165  163  168  167  166  161   -1  149  152  154  145  131  141  152  143  147  132  132  134  125  126  125  116  122  117  123  122   -1
ch:  49  161  172  174  170  150  169  168  157  170  158  164  158  141  154  148   -1   -1  143  136  136  140  126  137  128  134  130  135  118  118  131  110   -1
ch:  50  132  146  139  149  149  171  170  158  156  153  157  156  149  155  141  154  140  136  141  145  132   -1  135  131  134  124  139  123  117  125  129   -1
ch:  51  158  158  174  175  166  169  174  169  167  162  163  166  161  148  151  156  138  135  143  134  147  137  134  126  130  123  126  116  133  133  123   32
ch:  52  116  147  159  152  152  162  167  150  154  162  167  161  150  147  150  136  142  138  137  141  138   -1  133  130  134  121   -1  122  126  126  122   -1
ch:  53  153  170  180  172  171  170  166  161  165  158  165  151  157  143  149  152  139  138  136  139  134  135  133  133  122  139  137  135  123  115  127   23
ch:  54  130  130  139  158  161  168  157  158  154  150  156   -1  149  154  160  149  139  139  141  138  137  137  139  123  132  129  123  115  127  118  123   24
ch:  55  164  158  172  172  170  167  166  157  167  145  153  168  162  145  166  138  148  151  130  138  146  135  130  135  139  114  132  129  134  123  133   -1
ch:  56  120  149  149  148  157  155  164  168  169  149  148  159  153  150  148  139  138  130  138  127  132  138  135  127  138  122   -1  122  120  126  125    9
ch:  57  153  158  168  162  147  164  170   -1  169  159  151  155  152  152  154  140  139  141  133  135  135  134  133  134  135  135  117  131  132  106  126   -1
ch:  58  130  119  145  149  142  164  167  160  163  171  151  160  163  147  146  148  159  142  150  134  123  136  141  130  121  135  121  108  122  120  125   -1
ch:  59  154  149  167  167  172  164  151  157  165  165  152  160  153  165  149  152  151  149  135  133  123  146  133  131  123  131  133  129  124  122  133   37
ch:  60  130  141  145  145  165  165  153  156  166  150  151  153  155  156  149  126  150  134  137  134  129  137  131  122  138  121  129  119  107  121  114   30
ch:  61  153  153  168  173  171  170  161  165  155  154  154  157  151   -1  146   -1   -1  138  152   -1  134  123  139  121  122  135  120  123  121  124  121   -1
ch:  62  127  131  145  139  149  166  170  166  150  163  148  150  145  146  136  137  123  134  147  133  133  130  124  121  131  119  131  123  125  118  119   25
ch:  63  158  165  162  163  168  179  166  154  169  156  161  163  150  149  164  152  150  145  147  136  132   -1  136  135  138  143  136  131  130  119  125   45
ch:  64  126  141  138  154  165  148  166  171  169  164  150  153  151  147  155  151  142  148  142  149  143  122  133  122  129  118  122  130  120  129  126   -1
ch:  65  153  160  170  167  169  173  162  167  158  156  162  152  148  150  154  136  150  144  134  153  141  151  133  130  134  126  137  119  127  124  117   -1
ch:  66  127  139  159  154  153  168  159  168  169  167  167  150  147  153  134  142  148  151  139  145  126  129  134  122  136  130  123  123  137  119  123   -1
ch:  67  150  171  168  173  168  180  154  157  164  166  146  148  154  158  135  154  132  139  138  124  139  145  131  140  130  135  129  131  124  130  133    7
ch:  68  114  141  132  144  166  161  167  165  161  152  161  152  157  158  145  152  156  148  140  142  126  134  137  127  130  129  129  118  120  126  122   -1
ch:  69  153  152  154  164  171  166  168  171  156  164  152  156  156  153  151  153  149  138  134  138  137  132  136  137  136  147  126  132  133  124  121   -1
ch:  70  124  129  141  143  160  158  156  171  153  168  157  152  151   -1  152  138  141  140  138  132  124  133  132  125  116  120  136  117  107  132  114   -1
ch:  71  154  167  173  168  178  160  170  168  171  155  153  149  162  151  161  144  136  145  140  137  141  140  147  136  135  125  125  129  125  134  128   -1
ch:  72  128  139  139  144  157  165  163  172  166   -1  160  151  154  156  147  139  151  146  133  137  136  134  132  126   -1  121  118  118  127  123  124    8
ch:  73  162  156  170  175  167  164  167  151  168  167  164  157  153  154  135  152  149  151  149  132  131  150  135  126  133  135  116   -1  124  121  121   28
ch:  74  134  137  145  148  160  153  173  165  167  150  152  153  156  152  138  148  140  149  126  129  132  134  119  130  137  120  125  124  121  121  122   47
ch:  75  152  171  165  170  170  173  168  168  152  153  152  146  154  156  151  141  146  149  138  125  141  139  123  124  134  124  133  123  115  121  138   -1
ch:  76  120  151  138  154  165  151  162  164  174  151  164  165  155  161  148  140  129  146  148  126  153  140  138  135  125  127   -1  126  124  138  123   -1
ch:  77  149  160  152  165  171  182  154  163  155  158  156  152  147  154  148  150  151  144  142  143  138  132  134  135  130  135  125  125  130  133  116   -1
ch:  78  117  132  145  160  148  157  153  168  165  145  161  155  157  155  154  150  150  141  137  132  147  142  129  133  139  118  119  135  121  122  111   43
ch:  79  164  168  163  187  163  169  182  156  164  164   -1  151  151  146  153  138  143  139  138  133  137   -1  125  134  135  136  121  123  130  125  131    6
ch:  80  120  145  138  154  169  159  168  166  165   -1   -1  158  150  142  147  152  147  132  138  134  135   -1  131  130  133  110  139  119  127  124  123   13
ch:  81  155  156  168  167  159  172  164  165  164  158  154  152  161  151  154  147  149  141  143  133  147  138  137  123  129  131  128  133  129  122  123   -1
ch:  82  137  129  155  157  160  159  171  161  163  137  162   -1  143  146  139  138  153  137  134  150  131  145  132  124  131  133  123  125  117  119  111   -1
ch:  83  150  157  158  162  165  162  174  168  155  169  152  163  153  149  151  150  139  149  135  134  139  151  127  136  128  133  121  125  127  127  134   33
ch:  84  130  143  135  142  156  156  159  170  149  161  147  157  165  156  133  131  134  147  138  147  137   -1  123  131  126  121   -1  133  130  133  122   54
ch:  85  155  160  166  169  165  173  163  153  165  151  168  155  153  150  149  146   -1  138  136  130  133  138  125  130  126  133  119  125  129  131  128   -1
ch:  86  124  133  142  153  156  155  158  166  147  166  155  167  149  137  145  154  142  134  134  134  138  125  131  136  124  123  126  117  122  119  128   -1
ch:  87  158  158  172  173  166  161  165  170  166  158  166  144  151  156  142  137  140  148  146  140  137  137  132  130  145  127  132  132  122  119  133   27
ch:  88  126  155  138  136  173  157  158  167  162  149   -1  161  151  156  137  137  138  150  134  137  142  130  133  121  135  124  134  118  120  128  120   16
ch:  89  153  156  164  169  161  155  171  159  166  167  162  166  150  156  151  145   -1  137  138   -1  140  143  138  135  140  132  117  126  125  114  121   -1
ch:  90  134  127  145  155  151  162  159  174  162  161  158  157  155  149  135  151  134  131  138  139  138  121  120  129  137  129  126  118  116  120  119   15
ch:  91  146  167  158  163  169  170  165  168  168  165  164   -1  167  150  142  148  139  144  148  131  124  135  135  148  140  134  137  132  133  134  126   12
ch:  92  120  129  138  146  153  156  171  167  170  170  162  149  147  147  140  143  141  138  136  141  127  129  131  139  140  134  117  134  123  133  124   -1
ch:  93  159  150  170  161  162  163  161  165  163  142  166  149  165  148  143  144  137  133  135  143  142  145  132  136  129  133  129  118  122  110  123   19
ch:  94  128  133  145  155  168  168  168  163  163  151  154  153  155  140  150  155  142  152  138  136  136  127  134  127  125  114   -1  123  125  129  119   31
ch:  95  150  157  163  178  175  166  166  172  171  166  155   -1  147  145  150  150  138  137  137  135  135   -1  129  129  138  135  122  128  129  119  123   44
ch:  96  124  145  133  148  154  153  169  167  164  159  167  161  141  156  149  149  150  137  142  138  138  137  135  138  123  126  128  123  123  123  117    7
ch:  97  155  164  168  168  164  166  163  155  170  159  155  141  152  147  146  139  151  150  134  137  133  134  132  134  140  127  133  129  123  120  116   -1
ch:  98  135  132  150  169  149  158  168  176  163  164  154  148  154  165  146  158  149  138  139  151  140  149  135  125  132  119  131  133  131  129  121   -1
ch:  99  154  173  158  168  156  153  169  166  169  156  158  162  151  151  151  149  143  133  138  131  138  131  149  134  124  142  133  129  124  121  125   15
ch: 100  126  143  151  148  158  163  167  170  164  173  154  153  151  159  142  149  136  134  137  134  133  132  125  134  126  117  134  122  124  126  114    4
ch: 101  147  164  162  168  164  173  169  167  159  159  151  154  161  150  150  156  153  138  134  141  137  122  127  140  140  135  133  124  122  118  126   -1
ch: 102  133  134  141  148  153  164  163   -1  159  149  151  154  139  149  147  140  142  135  136  134  139  131  135  132  131  118  123  121  117  124  125   -1
ch: 103  154  167  162  169  163  158  175  164  165  159  149  161  158  154  150  157  136  130  140  146  138  146  128  129  128  137  129  125  122  137  129   14
ch: 104  126  133  153  154  157  153  157  167  158  154   -1  152  154  149  150  148  142  154  140  137  135  119  126  130  124  129  134  117  122  130  124    1
ch: 105  143  164  158  169  167  165  160  165  155  153  156  154  151  152  148  151   -1  140  148  135  139  140  138  125  135  128  132  128  135  123  124   11
ch: 106  134  127  155  153  160  175  152  152  154  159  154  148  149  161  144  140  148  145  135  139  136  137  127  131  116  119  135  106  131  121  115   19
ch: 107  154  165  174  170  172  159  170  167  166  163  168  161  169  155  154  135  148  129  138  138  155  140  139  122  131  124  137  129  130  126  130   -1
ch: 108  126  143  130  138  165  156  169  155  150  158   -1  163  166  152  155  147  140  135  135  149  139  128  126  126  130  134  122  124  121  129  122   -1
ch: 109  147  150  170  169  159  165  169  159  165  161  170  165  156  151  149   -1  141  138  137  137  140  135  139  125  136  132  135   -1  131  117  125   14
ch: 110  135  133  145  149  153  173  171  169  164  162  158  163  142  149  147  142  139  153  136  132  138   -1  137  135  132  124  130  124  110  119  124   23
ch: 111  154  173  170  171  166  168  168  168  169  164  153  146  152  151  134  146  147  148  138  135  134  126  130  134  133  131  130  125  126  137  124   37
ch: 112  116  143  139  138  153  163  167  170  166   -1  148  153  148  150  140  126  139  130  142  137  140  124  129  125  131  111  134  121  124  112  130   18
ch: 113  147  156  152  165  159  170  171  153  152  149  162  146  156  134  148  148  145  136  146  127  131  138  137  124  120  134  124  124  111  120  119   13
ch: 114  134  127  138  142  168  163  158  164  154  142  150  164  153  167   -1  139  150  141  137  135  131   -1  132  137  132  123  133  115  123  122  127   31
ch: 115  156  155  167  171  167  170  169  170  161  152  154  161  141  163  153  149  143  147  146  135  136  142  134  134  134  130   -1  119  131  140  126   -1
ch: 116  108  133  138  144  169  169  165  164  163  165  154  155  149  144  152  148  136  131  142  134  139  132  125  122  126  118  113  126  124  135  120   -1
ch: 117  155  156  168  166  171  179  162  163  156  167  156  157  142  148  154   -1  139  136  132  120  139  138  133  142  134  137  134  134  117  119  131   -1
ch: 118  123  133  145  147  163  167  164  164  163  160  168  152  155  141  147  140  132  137  138  138  127  146  135  130  133  130  117  118  123  122  107   -1
ch: 119  164  155  165  179  165  164  168  173  164  157  162   -1  152  154  158  146  145  142  143  132  146  139  134  126  131  135  133  127   -1  115  123   -1
ch: 120  130  151  155  146  152  172  173  152  169   -1  161  152  142  141  134  141  143  145  145  142  131  146  138  130  136  123  124  125  127  124  127   -1
ch: 121  146  160  166  165  162  163  146  152  153  151  160  146  143  140  149  149  140  134  132  134  148  139  127  138  129  130  130  122  122  130  126   31
ch: 122  135  139  145  154  172  164  164  152  163  150  152  145  156  151  138  151  130  142  141  139  134  130  121  135  117  136  119  133  121  124  110   -1
ch: 123  158  165  171  165  167  166  156  162  175  163  150  153  154  160  145  149  150  138  141  136  142  126  132  123  131  123  131  127  134  125  133   -1
ch: 124  108  123  113  146  147  153  163  164  156  163  152  149  154  151  149  143  141  136  139  140  147  137  135  124  138  117  125  124  120  105  124   41
ch: 125  153  164  153  158  175  165  167  161  164  156  156  164  151  157  152  132  145  150  146  144  131  126  136  134  131  125  141  134  129  131  122   22
ch: 126  108  111  119  123  127  141  134  154  156  162  153  150  153  147  148  148  138  147  140  136  135  128  133  132  125  129  119  134  121  124  126   33
ch: 127  134  155  169  157  172  166  170  168  167  160  161  174  166  156  143  140  152  142  136  145  147  149  140  134  140  134  146  133  135  134  127   33
