# ID XA-000-08-003-000-001-228-08
# Tag _trim_
# Date 240620_12:43:01
# Vref_p 49
# Vref_n 17
# Thr2_glb 10
# Vref_t 118
# Vref_t_range 1
# Pol 1
# ADC range 30-247
# FAST disc 30
ch:   0   88  106  109  108  119  119  120  129  146  141  158  154  156  161  170  156  159  152  157  154  151  145  148  150   -1  150  133  152  144  155  155   -1
ch:   1  137  154  154  168  161  164  174  171  170  168  154  171  164  156  159  152  145  148  162  137  143  149  146  142  150  151  142  155  165  140  143   16
ch:   2  115  104  112  125  139  149  147  143  155  152  154  161  156  161  147  163  151  161  152  151  136  149  142  138  141  155  146  146  157  154  155   -1
ch:   3  135  148  167  150  166  162  170  168   -1  168  154  164  168  159  155  155  163  143  154  151  149  155  148  164  163  145  146  145  150  147  155   -1
ch:   4  118  144  137  139  149  156  169  159  170  168  153  171  158  156  151  151  155  153  154  148  154  143  151  150  147  154  137  153  151  144  154   -1
ch:   5  157  166  159  170  180  179  166  165  171  167  165  172  159  149  164  167  153  154  151  155  147  151  151  153  140  141  148  152  151  152  148   -1
ch:   6  137  134  144  151  157  164  167  157  164  156  156  162  163  151  153  155  158  147  147  149  147  151  148  142  138  151  140  151  155  137  154   44
ch:   7  150  161  167  167  168  178  164  163  168  147  156  167  168  165  168  164  162  151  164  158  146  153  152  152  154  156  140  139  150  152  150   51
ch:   8  128  138  143  150  167  166  164  166  169  166  166  151  156  161  155  154  146  161  145  139  149  165  140  142  154  140  146  142  163  145  139    7
ch:   9  165  169  182  173  168  169  172  169  164  165  166  165  166  141  163  152  155  151  146  155  144  146  149  146  150  147  149  148  141  160  146   -1
ch:  10  141  142  136  142  146  164  167  171  156  164  157  166  163  171  151  152  155  152  148  141  140  136  147  148  155  152  151  142  139  142  149   -1
ch:  11  159  159  170  170  173   -1  169  173  170  167  167  158  157  156  156  174  147  162  153  154  144  148  150  163  146  155  166  148  137  150  158   17
ch:  12  134  140  144  147  171  155  166  171  166  156  161  163  155  151  162  157  153  160  151  135  159  148  152  151  145  157  138  150  153  150  157    2
ch:  13  169  172  182  183  181  164  163  181  181  162  162  155  163  167  163  155  167  146  151  152  139  149  148  154  155  149  156  148  140  151  146   53
ch:  14  137  134  142  143  173  170  156  149  170  170  162  162  168  157  152  153  148  156  141  140  151  154  147  142  143  134  144   -1  142  138  137   -1
ch:  15  161  167  183  174  181  181  169  179  165  169  157  165  163  156  164  154  163  161  169  164  154  149   -1  146  152  146  147  141  152  161  150    4
ch:  16  118  143  143  156  152  154  170  164  148  171  162  171  152  156  163  157  165  156  147  150  155  143  143  150  146  150  147  152  145  151  149   -1
ch:  17  168  172  182  164  172  165  166  162  165  168  152  153  153  152  147  149  149  150  146  148  137  148  146  146  140  148  124  135  134  138  140   20
ch:  18  141  142  148  149  159  166  153  168  159  157  156  146  165  155  146  151  151  141  150  147  130  147  141  137  140  135  132   -1  131  125  134    2
ch:  19  153  183  181  156  177  170  167  153  163  159  155  159  151  157  162  156  148  143  137  137  140  149  152  151  139  135  142  137  147  147  138   -1
ch:  20  134  150  155  157  170  167  167  167  159  162  161  152  155  156  146  139  148  142  143  136  135  143  141  138  134  139  134  136  148  147  132   29
ch:  21  171  163  170  182  160  152  168  164  168  151  157  159  156  152  143  164  153  148  132  146  146  145  134  139  152  136  137  137  131  150  144    1
ch:  22  137  150  148  158  168  159  166  162  163  154  167   -1  156  146  139   -1  147  138  145  145  145  139  126  146  137  145  137  134  140  142  135   -1
ch:  23  163  168  166  174  162  168  170  150  155  164  154  157  152  155  149  148  151  142  147  139  139  152  134  141  145  142  140  141  137  151  142    5
ch:  24  133  152  148  160  180  153  159  163  164  154  150  155  146  146  154  141  152  142  147  145  147  150  147  135  131  134  146  157  149  131  140   51
ch:  25  171  172  178  178  169  166  168  150  156  157  155  168  163  155  143  150  152  143  149  139  150  150  136  143  142  136  137  139  137  136  144   -1
ch:  26  143  149  164  158  170  164  166  164  153  149  156  153  149  150  151  150  137  149  149  142  147  139  136  138  133  131  140  136  138  143  138   26
ch:  27  163  172  178  180  167  167  156  165  155  147  157  155  149  165  154  147  148  141  136  137  137  143  148  150  136  135  141  139  146  141  141   27
ch:  28  123  158  164  155  172  167  169  178  152  152  152  158  152  147  144  154  138  153  149  153  152  147  140  134  138   -1  150  129  138  131  137   -1
ch:  29  166  180  172  169  174  167  169  154  165  163  164  156  153  154  150  146  147  138  145  148  149  151  138  137  139  147  135  136  135  153  141   -1
ch:  30  141  143  163  155  167  180  163  170  158  163  149  156  142  152  146  163  151  138  148  136  130  143  133  146  138  135  136  137  153  131  140   12
ch:  31  161  171  174  163  156  165  167  161  167  156  168  155  154  154  150  147  163  152  149  153  146  140  146  143  148  140  148  134  142  152  137   -1
ch:  32  141  150  158  156  168  157  164  168  167  161  164  153  154  154  152  153  144  148  142  146  155  135  148  136  137  125  152  128  137  140  144   21
ch:  33  182  174  178  166  170  169  163  153  158  167  156  151  151  159  145  152  151  148  158  147  140  140  140  140  147  143  146  141  140  137  135   -1
ch:  34  134  140  146  173  167  150  151  153  169  163  157  155  141  134  136  151  151  147  149  153  147  137  133  139  138  133  141  131  140  147  134   32
ch:  35  179  177  170  173  176  169  163  167   -1  169  169  155  161  148  152  154  153  151  150  150  150  151  152  146  148  137  148  147  136  142  139   25
ch:  36  138  158  158  169  169  168  168  168  153  160  158  161  148  152  148  150  150  154  139  153  150  140  141  139  135  153  133  144  136  137  135   -1
ch:  37  170  173  170  180  173  172  171  157  154  159  164  153  163  153  150  151  151  136  148  140  146  140  147  139  142  143  146  152  141  138  140   -1
ch:  38  145  148  150  173  170  170  159  156  157  163  157  157  154  151  155  145  164  143  151  143  141  135  150  134  140  152  133  138  146  150  145    2
ch:  39  167  182  180  179  177   -1  158  165  161  156  150  155  165  167  136  147  150  147  151  136  153  137  142  151  146  145   -1  140  135  139  136   -1
ch:  40  141  150  158  155  169  162  161  169  163  154  154  158  153  149  157  151  141  148  153  148  153  140  132  140  136  137  136  137  135  137  137   -1
ch:  41  167  172  172  182  169  153  164  166  154  166  163  151  150  155  156  151  150  149  147  150  133  142  138  140  145  130  136  139  141  145  138    4
ch:  42  143  142  151  155  164  164  155  164  168  167  150  146  143  153  153  152  146  138  144  141  133  138  138  134  132  141  138  135  137  138  134   38
ch:  43  169  179  171  179  159  162  171  163  167  151  165  159  155  151  138  147  141  141  151  141  143  141  140  139  138  131  150  138  140  153  136   -1
ch:  44  137  150  159  152  173  153  163  172  168  171  151  154  153  142  146  149  152  150  155  151  150  147  147  140  130  138  126  141  140  140  139    9
ch:  45  173  174  180  170   -1  169  178  164  158  150  153  163  165  157  164  163  147  145  154  145  150  140  138  139  143  149  141  150  134  142  142   -1
ch:  46  150  152  160  162  164  167  164  167  151  154  163  159  153  138  162  142  130  139  138  155  139  151  134  141  135  150  139  136  147  143  147   -1
ch:  47  175  165  172  185  185  184  173  157  167  168  157  154  165  154  161  153  155  139  143  149  142  154  145  143  131  136  148  156  151  151  151   25
ch:  48  136  146  158  150  168  168  159  158  153  156  155  159  145  153  146  156  144  141  151  148  135  134  138  135  133  138  133  150  145  137  139   -1
ch:  49  165  173  167  171  165  169  164  164  159  151  168  167  146  148  155  150  149  153  151  158  135  148  152  140  156  136  156  142  133  151  142   10
ch:  50  147  143  155  151  163  170  164  161  171  150  165  160  152  140  151  167  138  140  159  139  136  136  137  139  127  139  140  137  143  139  143   56
ch:  51  157  169  169  175  178  171  167  164  161  154  154  164  168  148  156  148  146  155  148  151  143  138  140  155  154  141  139  133  145  149  145   11
ch:  52  147  164  164  163  152  165  147  165  155  162  154  154  153  148  152  149  156  142  155  140  135  155  138  142  134  141  134  132  124  139  131   -1
ch:  53  171  170  167  182  169  169  167  170  170  163  166  168  156  156  166  143  154  139  140  147  151  147  152  153  148  139  139  146  150  150  146   23
ch:  54  138  137  150  153  160  163  165  166  162  154  148  163  153  153  156  138  145  151  147  140  140  139  137  146  137  139  139  132  134  146  141   22
ch:  55  159  176  173  166  170  166  166  162  164  166  154  149  162  156  153  153  140  149  148  154  147  140  137  153  149  150  149  151  139  150  148   21
ch:  56  136  142  165  155  157  157  161  157  159  154  165  163  151  157  161  151  140  142  138  142  150  158  139  139  140  141  139  145  139  142  149   36
ch:  57  163  168  168  157  180  166  150  167  163  169  166  169  151  147  151  153  151  150  143  159  131  152  142  136  148  139  140  136  143  134   -1   12
ch:  58  147  153  150  158  164  166  156  167  154  170  154  151  147  155  150  150  150  142  147  146  149  152  142  139  141  135  141  138  125  146  154   22
ch:  59  163  185  181  170  177  158  157  164  154  155  154  154  162  152  154  160  148  146  150  154  147  144  144  150  150  152  141  137  155  148  138   -1
ch:  60  141  152  158  150  164  162  168  171  163  179  157  150  152  152  144  146  161  142  148  146  141  147  156  124  134  139  142  136  150  148  144   -1
ch:  61  167  179  167  174  182  167  167  167  157  165  156  157  156  147  157  158  157  150  146  157  126  139  145  144  137  145  139  149  141  139  137   43
ch:  62  147  148  153  158  159  167  159  166  169  162  157  150  149  147  157  154  150  145  151  148  141  138  139  130  125  132  136  134  135  147  130   17
ch:  63  167  179  173  158  165  163  166  158  179  166  165  163  162  155  164  154  149  153  153  154  150  146  148  148  142  132  139  151  152  137  148   23
ch:  64  136  157  153  154  174  171  167  158  171  165  149  153  147  154  152  154  145  141  141  150  143  136  140  150  135  137  139  136  139  137  132   -1
ch:  65  168  172  174  182  170  168  165  166  153  171  147  153  153  142  153  165  153   -1  153  138  149  147  142  153   -1  149  136  147  143  157  146   -1
ch:  66  145  153  160  176  167  167  165  161  159  168  152  161  158  158  149  142  150  143  146  145  146  139  140  140  137  147  141  137  139  134  140   43
ch:  67  163  179  170  186  179  167  177  179  166  157  149  152  150  150  156  154  149  151  149  145  146  140  140  150  145  139  142  148  143  147  147   -1
ch:  68  135  160  169  161  163  171  163  166  162  178  158  150  156  147  152  158  139  141  147  141  139  142  139  135  152  139  140  137  139  148  136   -1
ch:  69  166  182  179  168  171  177  162  164  166  155  159  153  167  154  155  168  143  142  150  142   -1  139  142  138  142  153  141  150  152  148  150   -1
ch:  70  153  145  150  158  165  178  165  156  165  185  163  163  157  147  150  153  153  138  152  135  139  145  137  146  141  134  135  134  137  127  139   -1
ch:  71  161  172  170  171  171  171  168  158  164  156  163  165  165  162  154  152  148  152  153  150  149  141  134  148  142  134  142  138  145  149  149   21
ch:  72  141  151  152  154  171  164  153  152  156  154  155  155  149  153  140  157  137  137  139  141  152  141  138  142  133  139  136  137  152  138  149   -1
ch:  73  172  179  174  166  183  166  168  163  167  155  161  148  151  151  144  154  143  146  148  151  141  153  149  140  147  146  142  145  142  136  141   -1
ch:  74  147  141  165  153  165  167  165  167  172  166  154  161  165  140  164  150  149  136  149  142  139  150  138  154  140  145  137  132  149  141  139   -1
ch:  75  159  181  172  172  171  177  165  157  165  164  165  164  178  154  162  150  154  148  151  147  141  155  146  136  147  142  140  148  148  153  138   42
ch:  76  142  154  167  163  152  174  161  162  154  155  168  157  155  145  149  158  148  149  155  155  142  139  143  137  144  148  124  143  146  139  137    6
ch:  77  182  166  170  179  175  172  164  154  168  172  164  165  161  153  152  149  149  160  147  143  153  141  139  148  141  141  127  147  154  138  155   21
ch:  78  131  151  145  152  162  168  174  165  155  167  155  161  169  144  163  161  148  151  147  139  133  137  133  135  141  134  132  136  139  142  134   24
ch:  79  175  184  169  158  173  166  171  183  168  161  164  151  153  157  152  162  156  150  139  155  143  148  147  149  141  147  149  141  151  137  137   -1
ch:  80  131  154  147  155  166  173  174  159  153  167  159  159  148  150  156  154  138  138  145  139  140  143  137  140  134  138  137  133  140  141  147   -1
ch:  81  165  171  186  182  180  155  170  171  164  169  156  152  156  151  150  149  141  147  150  154  135  138  132  148  139  139  145  140  148  146  135   -1
ch:  82  141  145  150  156  169  155  155  168  159  152  149  152  159  157  151  140  148  139  135  143  137  151  134  148  142  138  136  131  139  127  133   -1
ch:  83  167  179  182  172  166  162  168  159  156  167  145  163  156  155  150  145  150  142  152  148  147  140  138  150  146  139  146  141  150  152  149   -1
ch:  84  134  144  149  152  166  158  163  167  156  163  154  152  155  146  142  147  146  151  141  141  141  135  144  147  146  140  120  147  138  157  141   -1
ch:  85  177  173  167  165  172  184  160  158  156  165  153  146  162  154  145  140  151  162  146  145  154  140  142  141  123  142  140  134  137  135  136   -1
ch:  86  153  145  142  158  165  161  164  170  165  161  148  152  141  148  156  149  139  152  157  141  130  143  137  149  149  148  143  139  140  138  139   -1
ch:  87  167  171  168  173  171  166  165  162  155  149  163  151  148  140  154  159  146  149  152  140  146  147  138  140  140  133  138  126  125  153  135   45
ch:  88  137  150  153  154  166  169  168  172  167  163  149  168  150  162  154  149  139  154  140  161  140  147  142  153  148  152  138  153   -1  136  134   54
ch:  89  177  170  174  173  166  166  166  169  167  152  159  163  152  152  153  162  145  157  148  140  150  139  148  147  138  149  138  151  133  138  150   15
ch:  90  149  134  154  166  169  164  157  172  163  158  155  162  158  151  150  152  151  148  151  155  136  133  144  145  135  139  131  126  137  140  143   53
ch:  91  149  166  172  165  168   -1  169  156  163  163  165  155  164  152  163  163  149  150  148  153  142  140  137  151  139  135  152  148  150  153  140   -1
ch:  92  133  154  155  155  168  163  168  161  167  171  152  155  157  150  159  156  138  147  148  138  150  135  146  139  137  136  143  142  140  124  151   44
ch:  93  166  180  171  179  166  162  168  168  163  165  159  154  157   -1  140  148  151  148  147  136  151  147  140  139  142  134  151  146  142  148  150   -1
ch:  94  147  142  160  166  169  171  167  162  157  166  165  165  154  151  142  147  143  152  138  148  143  129  137  136  148  138  145  133  133  134  147   -1
ch:  95  163  169  172  181  168  167  166  168  159  156  169  149  162  152  150  153  146  156  147  144  147  156  147  133  137  166  139  136   -1  151  140   -1
ch:  96  139  154  158  157  163  171  150  155  155  148  156  148  158  151  139  153  151  145  140  140  143  135  131  139  137  138  140   -1  140  141  138   -1
ch:  97  168  167  179  170  163  174  165  166  158  167  165  162  163  149  155  148  161  149  148  150  140  149  139  146  146  139  139  140  142  140  148   15
ch:  98  147  140  153  160  162  166  171  158  169  147  153  150  157  150  140   -1  149  142  139  138  149  136  138  134  135  132  127  148  130  139  122   39
ch:  99  167  170  165  173  168  181  168  167  166  145  155  151  162  151  151  153  165  148  152  147  129  155  140  137  155  147  136  146  141  147  147   -1
ch: 100  135  150  158  153  171  155  170  158  163  158  153  161  162  154  156  149  147  146  140  146  150  139   -1  134  137  149  136  152  129  140  141   -1
ch: 101  174  167  159  167  164  166  163  155  164  156  161  164  156  167  155  148  153  136  167  139  135  152  142  135  139  139  139  139  145  145  140   -1
ch: 102  137  142  147  149  164  162  159  166  166  154  167  177  156  142  149  154  141  150  145  148  145  139  146  140  136  137  140  138  145  138  131   -1
ch: 103  165  169  172  173  171  166  161  162  168  155  163  154  153  157  152  146  146  146  149  150  145  146  137  154  130  141  145  143  143  147  140   -1
ch: 104  147  150  147  153  177  167  170  151  166  162  154  162  165  150  148  151  147  153  141  140  138  139  153  138  145  148  142  131  141  135  136   49
ch: 105  174  183  168  166  181  182  166  165  169  163  167  165  156  153  148  150  155  164  152  148  151  149  138  152  152  150  138  137  140  151  140   -1
ch: 106  141  146  150  158  178  158  171  176  151  166  150  164  139  142  148  142  150  154  146  142  146  141  141  142  138  133  143  147  142  133  137   -1
ch: 107  165  183  179  172  170  166  159  166  169  169  169  157  162  163  162  149  154  149  147  146  151  146  137  141  147  148  132  146  155  149  136   -1
ch: 108  136  154  151  156  159  166  163  154  162   -1  158  152  154  152  149  151  136  143  140  153  135  123  140  141  134  153  143  147  134  137  139   10
ch: 109  171  172  167  183  172  182  163  163  166  167  156  152  156  151  152  151  157  145  139  148  137  135  150  152  150  142  141  145  149  150  149    6
ch: 110  129  139  142  152  169  168  162  171  156  157  153  150  168  152  148  138  138  151  148  137  146  133  138  139  142  125  140  131  137  132  134   -1
ch: 111  165  180  184  166  178  166  172  164  171  158  158  168  152  150  154  141  157  152  156  146  142  146  149  146  142  150  145  149  146  147  153   -1
ch: 112  133  160  143  155  170  164  168  165  167  153  168  154  156  141  139  152  151  154  150  142  150  135  136  140  146  138  136  140  150  151  140   14
ch: 113  170  188  167  178  167  178  170  178  154  151  164  164  165  153  152  151  155  155  147  141  146  138  145  146  151  138  139  152  151  147  147   -1
ch: 114  133  135  142  166  169  166  164  154  166  149  155  166  151  150  134  141  142  135  153  147  137  133  137  135  143  131  134  132  140  135  139   43
ch: 115  165  162  167  184  181  156  164  159  165  167  163  163  157  146  152  155  156  135  148  142  144  149  147  145  148  143  140  145  149  135  138   56
ch: 116  135  144  155  150  166  167  169  155  157  169  161  148  154  158  146  153  149  137  142  149  139  136  139  137  141  143  135  149  136  147  141   44
ch: 117  172  185  173  171  168  172  158  151  163  153  153  161  152  169  153  154  151  148  145  141  143  135  161  138  133  148  135  146  141  139  137   10
ch: 118  137  135  147  156  159  162  165  158  164   -1  156  162  166  149  152  149  157  146  143  149  142  145  155  143  140  141  139  139  150  146  141   -1
ch: 119  155  171  179  172  168  169  167  171  167  169  166  162  162  152  141  154  163  151  155  142  156  148  152  146  133  143  147  143  148  154  151   -1
ch: 120  133  146  153  153  171  157  157  163  165  163  164  165  147  148  164  142  153  149  143  134  137  131  139  144  139  138  148  139  138  125  152    6
ch: 121  157  173  174  171  180  169  158  166  150  170  164  158  148  151  158  155  148  146  158  157  145  142  140  154  142  136  153  148  141  146  139   -1
ch: 122  129  138  154  153  154  165  158  164  166  165  158  137  152  148  154  148  153  150  145  136  139  152  137  140  140  146  134  143  147  138  137    1
ch: 123  155  181  169  162  173  170  169  156  169  152  165  155  156   -1  156  149  141  151  142  152  146  143  145  138  137  147  135  149  150  149  148   -1
ch: 124  107  116  131  121  145  149  153  162  164  154  168  156  157  155  149  154  149  143  133  148  144  138  148  136  147  130  138  153  139  142  134   -1
ch: 125  170  186  168  179  181  166  166  169  167  163  163  156  167  154  152  153  161  153  153  150  143  141  142  146  140  146  140  143  149  146  152   -1
ch: 126   95  111   98  117  136  139  147  133  136  158  158  157  154  150  147  151  157  153  142  150  135  145  151  146  139  142  140  138  139  127  147   -1
ch: 127  153  180  173  170  177  161  167  167  172  152  152  143  148  152  154  163  142  150   -1  142  150  154  148  151  146  153  147  142  163  149  163   33
