# ID XA-000-08-003-000-001-175-13
# Tag _trim_
# Date 240620_13:29:28
# Vref_p 51
# Vref_n 20
# Thr2_glb 10
# Vref_t 118
# Vref_t_range 1
# Pol 1
# ADC range 30-247
# FAST disc 30
ch:   0  106  109  116  107  132  135  140  141  141  147  144  139  151  140  139  134  137  129  134  138  127  134  130  140  129  135  117  137  126  151  140   -1
ch:   1  150  157  146  153  158  152  154  154  156  152  147  147  140  137  148  135  137  139  136  123  134  134  130  134  138  132  138  139  138  139  143   -1
ch:   2  118  112  134  134  145  153  155  139  151  139  136  152  146  145  126  148  138  136  138  126  125  140  127  131  133  137  137  139  147  133  132   -1
ch:   3  154  165  165  168  165  166  147  154  150  151  136  137  139  164  146  145  140  134  134  125  139  136  136  125  139  147  138  134  140  148  140   -1
ch:   4  122  140  132  153  151  138  152  157  140  143  148  148  148  142  137  151  148  138  125  137  134  131  141  124  138  133  121  135  136  145  121   14
ch:   5  156  164  152  161  171  143  153  149  147  147  151  143  138  149  141  139  147  134  147  138  143  142  148  146  138  138  140  147  138  142  136   27
ch:   6  120  143  157  141  142  139  146  139  147  156  146  136  147  145  139  135  142  133  138  132  130  133  133  131  125  125  137  140  136  151  122   -1
ch:   7  156  150  158  164  155  152  152  150  149  150  134  153  133  143  131  138  135  136  139  136  132  138  138  127  135  138  149  134  142  147  140   -1
ch:   8  132  139  144  147  157  150  151  147  151  149  149  150  138  153  133  136  133  133  134  137  132  136  126  132  137  138  128  133  131  139  143   -1
ch:   9  154  165  161  142  150  165  149  154  131  134  137  136  137  150  148  136  135  134  132  135  124  124  132  138  152  134  137  133  135  139  126   -1
ch:  10  126  148  149  146  149  156  149   -1  135  143  141  151  138  140  142  124  126  130  135  132  136  146  126  134  131  136  129  147  123  128  124   -1
ch:  11  156  154  152  156  151  155  154  156  147  167  140  153  138  133  135  150  137  133  136  142  136  123  145  135  137  150  123  142  124  149  147   49
ch:  12  132  143  130  143  141  155  152  140  147  148  134  142  139  139  147  126  134  141  132  139  137  133  123  126  135  129  139  131  133  123  131   -1
ch:  13  142  159  152  153  149  156  150  153  147  148  150  151  130  142  133  139  134  142  150  139  134  136  138  135  135  139  138  147  138  149  147   -1
ch:  14  130  137  133  142  164  164  153  149  151  143  148  151  145  138  139  135  135  133  131  138  134  131  123  129   -1  137  134  140  124  131  139   -1
ch:  15  150  177  155  162  151  149  147  150  151  150  150  153  145  139  138  131  130  131  123  134  122  133  134  134  131  130  134  137  147  139  148    4
ch:  16  134  143  142  159  161  164  149  141  149  137  147  138  139  147  140  138  135  132  141  140  132  136  149  132  135  132  138  131  144  139  137   -1
ch:  17  158  157  165  153  166  149  142  153  150  141  139  138  140  125  137  135  145  133  138  138  134  137  136  137  139  137  140  138  135  139  138   -1
ch:  18  129  151  137  151  154  151  152  150  133  137  143  150  141  141  135  138  137  143  138  131  140  131  125  135  137  121  124  121  135  133  131   -1
ch:  19  153  158  170  155  152  147  155  147  141  162  140  134  139  136  125  133  152  145  140  151  152  138  126  129  141  134  131  151  139  140  139   -1
ch:  20  132  142  140  149  147  165  137  141  137  138  140  139  150  152  135  125  130  135  133  127  132  135  130  131  126  134  142  130  135  139  135   -1
ch:  21  153  153  167  164  150  151  156  148  147  142  137  141  144  137  132  145  124  137  134  139  130  137  131  140  138  136  141  136  139  147  141   13
ch:  22  135  140  145  151  150  132  152  144  153  137  144  135  140  141  143  149  129  137  139  124  137  121  125   -1  130  136  124  141  142  139  138   11
ch:  23  158  155  164  152  162  155  150  151  151  147  140  133  148  137  138  146  138  136  139  135  141  147  131  132  139  134  139  149  137  145  141   53
ch:  24  139  137  144  143  149  149  149  152  155  142  135  136  148  131  133  141  138  141  137  123  137  129  135  133  125  123  120  139  123  130  132   18
ch:  25  138  139  153  153  166  151  166  149  146  154  138  148  133  149  138  146  135  144  136  142  149  137  134  139  136  146  150  139  135  134  143   -1
ch:  26  125  151  152  146  155  147  143  141  139  137  151  135  146  134  137  131  135  136  142  125  121  125  135  131  130  122  122  135  137  135  138   27
ch:  27  138  152  153  155  154  159  147  147  137  150  152  139  148  151  141  140  140  123  131  131  137  137  142  136  141  133  140  132  138  136  149    2
ch:  28  174  179  153  152  149  141  140  151  151  146  130  139  136  124  134  139  119  123  142  122  122  123  123  119  120  124  124  134  132  121  137   -1
ch:  29  157  157  151  159  158  155  149  154  148  151  151  141  141  143  133  137  133  137  140  137  148  141  146  130  139  143  139  136  146  139  132   36
ch:  30  125  142  151  140  158  156  147  146  158  144  149  146  147  137  131  130  140  137  134  129  130  140  125  131  138  130  134  137  133  134  146   -1
ch:  31  152  158  142  165  142  163  156  148  153  139  149  130  138  135  139  137  131  128  138  138  138   -1  149  134  121  141  134  137  136  146  138    3
ch:  32  146  148  148  146  153  153  162  145  142  149  152  149  148  140  139  152  136  139  136  124  126  128  137  135  137  134  132  139  137  139  129   -1
ch:  33  154  154  152  150  146  152  163  167  150  148  150  153  134  140  122  145  139   -1  122  133  131  133  136  132  137  134  134  134  130  137  143   20
ch:  34  142  153  151  155  162  153  153  161  150  139  138  148  150  149  135  131  132  132  139  135  135  133  126  138  120  148  121  134  127  135  138   52
ch:  35  150  154  149  164  142  161  150  149  151  132  146  148  137  137  152  137  142  136  139  141  136  137  123  132  134  136  140  147  139  132  142   -1
ch:  36  126  131  142  149  147  157  145  150  139  139  149  138  140  143  136  142  139  135  116  132  134  136  132  132  141  136  135  146  138  145  140   -1
ch:  37  154  146  153  149  150  149  149  151  148  142  139  134  149  140  140  145  145  149  124  138  137  125  140  134  131  141  142  138  139  133  137   -1
ch:  38  124  142  152  149  147  151  159  150  137  149  151  141  150  146  139  140  135  146  138  136  132  136  124  132  147  132  134  138  135  121  142   23
ch:  39  140  150  156  153  156  151  163  154  142  152  151  147  147  147  134  150  131  145  149  123  140  146  140  125  136  131  140  137  141  141  152   36
ch:  40  126  143  132  147  149  152  147  142  156  149  149  148  150  146  139  134  135  115  138  139  130  118  138  136  149  147  135  132  132  135  145   26
ch:  41  146  156  142  161  154  150  153  162  152  149  139  140  147  149  134  139  139  131  124  140  134  140  137  133  149  133  136  136  137  135  147   39
ch:  42  130  144  145  146  150  157  148  153   -1  149  147  153  150  137  139  145  129  133  138  135  122  132  135  136  130  136  124  137  133  130  134   19
ch:  43  139  150  156  148  149  137  162  152  155  147  155  142  137  142  148  143  140  131  123  136  141  130  136  145  139  149  135  140  135  148  131   -1
ch:  44  126  141  140  145  153  150  150  149  162  148  137  152  144  134  137  148  151  137  139  151  138  135  133  133  138  131  133  135  137  139  146   21
ch:  45  133  155  157  149  164  164  151  148  155  138  139  149  137  139  148  149  139  136  138  126  132  126  125  134  134  134  122  134  149  136  150   -1
ch:  46  137  132  145  146  164  154  137  151  142  140  138  148  141  140  151  133  138  147  138  135  132  142  137  131  134  139  130  135  122  133  134   10
ch:  47  153  150  157  156  149  151  162  155  151  151  140  160  148  147  144  142  148  145  136  132  145   -1  134  134  138  147  132  125  135  152  150   23
ch:  48  132  143  142  141  156  156  152  147  152  153  132  152  137  136  146  139  147  139  137  140  136  137  141  132  123  129  132  136  146  147  135    2
ch:  49  142  150  164  151  166  149  153  154  147  137  143  141  135  142  138  139  136  126  137  139  134  135  132  124  136  149  135  131  123  136  140    3
ch:  50  121  142  150  149  148  157  149  163  147  143  135  147  138  140  151  148  136  138  134  131  148  132  141  134  130  133  122  137  133  119  137   37
ch:  51  141  150  154  152  142  151  149  162  151  153  152  158  137  133  146  138  133  135  146  142  147  130  140  134  126  148  147  136  135  135  148   22
ch:  52  126  141  118  149  140  156  165  143  151  153  139  141  138  152  136  141  140  122  149  139  134  135  134  134  131  121  131  128  138  125  123   13
ch:  53  133  147  154  157  157  151  148  140  148  154  140  141  142  147  148  145  135  135  127  151  138  137  149  150  136  135  137  134  135  138  147   24
ch:  54  125  140  154  150  139  153  147  161  153  148  152  152  138  138  151  138  145  132  148  132  134  133  134  135  137  134  130  140  141  130  131   23
ch:  55  146  138  142  151  150  149  153  155  137  136  145  149  140  138  143  138  134  137  138  145  138  131  131  148  132  122  124  131  142  137  148   27
ch:  56  136  141  142  145  150  151  164  147  143  150  140  147  145  149  135  133  132  134  144  139  135  130  133  133  125  131  132  133  133  135  136   20
ch:  57  133  125  151  152  154  149  138  164  151  155  148  137  147  150  148  149  136  152  137  134  122  139  146  137  137  139  135  130  139  139  132   -1
ch:  58  125  125  153  163  151  154  151  150  151  146  150  134  139  140  150  131  140  135  132  139  132  131  137  129  136   -1  133  137  125  139  124   -1
ch:  59  138  131  142  151  158  154  165  166  153  149  148  139  138  138  143  147  148  140  124  139  139  146  139  137  141  139  131  133  138  139  141   -1
ch:  60  132  147  142  145  149  158  151  142  150  148  147  140  151  139  147  137  133  132  141  139  138  138  125  124  121  134  126  125  138  151  134   -1
ch:  61  131  125  139  146  152  148  153  155  151  147  137  150  148  149  135  136  138  135  149  139  138  138  135  134  134  132  141  122  132  126  132   32
ch:  62  143  140  142  153  153  154  162  152  155  154  147  147  137  146  141  139  137  133  138  131  132  146  133  131  132  126  132  138  127  135  140   29
ch:  63  133  140  150  153  169  155  151  150  149  148  137  142  149  139  148  130  131  139  126  137  124  131  130  125  143  138  135  141  138  132  138   -1
ch:  64  125  132  142  147  163  156  152  147  137  146  143  145  139  142  137  142  136  133  138  139  123  119  137  130  135  135  132  120  131  141  123   27
ch:  65  122  131  150  138  151  155  133  141  154  140  137  151  161  125  136  150  134  123  137  138  139  140  138  147  127  139  134  136  139  138  124   21
ch:  66  130  144  149  149  155  155  165  137  151  143  153  142  133  138  137  137  139  133  136  142  131  125  131   -1  135  130  130  133  127  132  137   22
ch:  67  117  137  147  145  148  155  152  150  151  137  152  162  145  133  130  146  141  139  142  134  134  135  135  134  140  137  142  138  124  143  146   28
ch:  68  125  143  150  135  149  162  151  145  150  163  131  150  132  145  149  132  147  125  121  134  141  138  133  121  141  151  135  137  129  133  122   -1
ch:  69  125  121  155  146  158  157  158  159  153  153  149  150  146  140  148  139  131  133  133  139  122  134  133  135  149  123  134  134  145  138  142   11
ch:  70  139  138  152  137  145  155  165  146  147  141  152  139  148  136  135  138  133  130  133  135  137  131  125  135  137  122  135  138  124  132  134   14
ch:  71  132  140  140  149  152  154  153  163  150  141  164  154  133  133  134  138  139  135  140  139  148  139  126  146  135  133  140  143  149  136  149   20
ch:  72  146  141  142  153  165  164  154  153  151  152  148  146  141  140  146  140  130  139  134  132  131  130  149  129  125  133  124  140  133  126  148   36
ch:  73  116  125  135  142  139  143  153  165  158  146  150  143  143  149  148  123  139  126  138  145  139  122  139  133  142  149  149  139  133  148  126   -1
ch:  74  142  144  142  147  165  155  152  148  148  150  138  150  150  146  141  146  136  135  136  138  137  140  125  135  138  133  124  135  135  129  152    1
ch:  75  125  126  134  140  150  140  151  152  149  146  163  136  145   -1  139  134  154  138  132  136  140  136  135  142  133  133  140  148  148  135  154   -1
ch:  76  132  145  142  145  155  153  136  156  147  135  149  155  137  139  138  138  124  138  150  139  138  149  138  138  135  150  146  135  136  134  132   -1
ch:  77  126  134  147  142  155  138  155  150  154  147  141  146  141  140  149  135  146  145  139  151  132  136  137  137  135  147  139  136  147  134  148   -1
ch:  78  141  138  140  142  161  149  148  147  154  147  143  141  139  148  149  148  122  123  142  140  136  130  138  140  135  136  122  131  132  133  131   -1
ch:  79  115  120  127  133  142  154  163  150  139  154  149  137  161  150  137  139  136  146  136  138  135  140  134  138  126  143  137  136  140  149  140   48
ch:  80  146  133  144  137  166  155  167  138  161  148  142  141  142  147  138  150  144  138  138  141  132  123  144  146  134  138  146  133  146  131  132   19
ch:  81  120  125  133  138  137  155  155  152  152  167  151  139  151  141  140  131  134  138  147  146  135  136  134  125  130  133  132  131  139  135  139   50
ch:  82  141  132  152  151  153  155  148  154  153  145  138  149  140  138  132  124  137  139  133  123  123  124  120  115  127   -1  121  134  135  131  121   -1
ch:  83  107  133  126  136  143  149  148  140  156  154  147  137  138  136  144  140  133  135  142  137  140  132  124  134  141  133  123  149  142  139  138   -1
ch:  84  139  130  142  149  154  155  154  152  149  138  138  157  144  138  153  130  145  133  136  132  139  144  132  145  130  121  129  146  119  137  139   -1
ch:  85  108  125  127  136  137  151  139  155  137  156  149  149  149  139  137  145  146  147  147  138  135  127  147  136  140  138  139  136  137  154  147   -1
ch:  86  125  132  134  153  154  153  149  155  151  153  146  140  145  133  141  147  130  139  137  140  124  137  126  132  137  147  139  120  138  137  136    8
ch:  87  100  114  150  133  140  151  166  155  142  148  153  149  136  150  134  136  147  140  142  124  137  135  133  133  145  148  149  146  134  139  141   -1
ch:  88  128  137  136  149  150  139  149  147  143  162  149  148  139  146  140  127  122  142  136  141  140  129  137  131  135  136  135  142  134  135  134   -1
ch:  89  107  115  118  142  150  155  155  150  149  152  149  134  152  149  137  140  140  148   -1  135  142  137  139  123  141  130  135  141  132  133  151   41
ch:  90  126  124  139  135  153  149  150  146  130  147  138  141  138  139  137  135  138  137  141  149  138  132  131  131  131  136  148  135  135  135  134   44
ch:  91   95  121  123  134  140  141  149  163  149  147  145  153  147  134  138   -1  149  139  138  138  144  139  134  136  148  142  139  139  135  148  136   -1
ch:  92  128  131  137  153  143  155  156  151  151  146  151  142  151  148  133  138  133  124  138  142  134  137  138  136  125  139  135  132  132  147  137   16
ch:  93  103  117  126  131  142  138  151  153  148  151  151  132  135  149  136  142  123  135  138  161  135  136  140  138  138  130  143  133  128  148  141   -1
ch:  94  121  127  141  141  151  134  151  148  148  141  150  140  137  133  134  135  124  133  139  133  138  133  124  132  124  134  137  121  139  136  136   -1
ch:  95   98  115  123  139  137  151  149  142  163  148  141  150  143  151  134  136  140  137  142  139  136  138  145  134  126  150  147  136  138  145  152   -1
ch:  96  112  133  134  143  150  151  150  147  153  154  149  153  137  151  137  138  139  138  140  132  134  137  134  136  143  132  138  139  134  133  130   13
ch:  97  122  119  137  142  142  153  151  147  152  149  161  139  137  133  142  146  149  134  136  149  139  156  135  135  138  141  138  138  138  133  140   -1
ch:  98  113  130  141  150  151  141  147  146  145  135  136  147  141  133  134  145  140  134  131  132  133  141  135  137  132  122  134  135  116  137  135    3
ch:  99  123  136  133  137  149  154  136  164  148  148  150  137  163  150  138  164  146  124  136  140  138  123  134  135  139  145  141  135  143  136  151   -1
ch: 100  124  129  137  131  142  145  142  155  148  149  148  151  139  146  133  141  135  135  124  132  132  133  123  133  132  125  124  128  133  137  135   50
ch: 101  110  115  126  147  135  155  155  154  154  153  147  151  137  141  141  139  149  133  140  134  140  137  145  146  134  135  138  139  138  135  140   26
ch: 102  122  127  131  152  140  142  154  150  145  142  154  138  147  141  139  141  142  132  141  140  139  134  139  150  125  132  123  135  138  135  126    2
ch: 103  123  123  127  133  152  152  150  140  149  152  149  136  138  136  138  140  143  144  121  138  139  133  134  137  139  138  133  136  144  149  148   -1
ch: 104  132  125  137  121  136  155  153  141  148  140  149  138  139  144  142  138  139  135  135  134  136  131  134  120  122  132  134  132  123  135  117   -1
ch: 105  117  126  137  142  147  149  151  149  151  148  147  133  149  132  137  146  139  135  139  138   -1  124  137  137  138  123  138  126  138  131  143   16
ch: 106  115  121  147  140  151  138  142  148  147  149  147  147  148  139  127  134  134  142  133  127  134  136  126  123  123  118  134  134  133  133  134   56
ch: 107  119  137  141  142  155  152  147  164  150  142  146  149  140  138  138  137  134  136  136  135  147  133  140  134  137  136  139  148  137  147  148   -1
ch: 108  113  133  116  135  142  149  143  154  150  146  142  153  139  141  146  152  134  139  137  137  134  134  123  141  133  137  140  138  132  127  132    3
ch: 109  118  138  142  149  141  154  146  158  146  138  147  148  153  124  140  147  147  135  135  131  142  132  134  121  138  131  142  133  137  136  132   25
ch: 110  113  141  149  138  147  160  147  146  149  138  154  135  155  138  141  130  134  137  132  127  139  131  133  122  132   -1  141  135  134  143  123   22
ch: 111  139  129  149  154  151  153  142  148  161  141  149  158  146  138  132  137  148  148  142  138  132  139  135  135  136  142  139  141  141  136  141   46
ch: 112  113  129  133  147  150  154  142  158  137  143  146  153  146  140  137  133  136  139  137  137  133  124  135  123  135  131  132  129  119  123  130   -1
ch: 113  133  154  139  152  142  163  150  150  163  155  137  150  136  149  156  139  142  137  131  137   -1  126  139  138  139  140  140  136  135  132  150   -1
ch: 114  110  130  125  136  147  142  151  151  149  146  135  150  138  151  139  132  139  137  136  116  131  120  135  129  131  134  134  141  133  131  138   -1
ch: 115  145  147  171  157  154  147  155  140  166  162  138  158  143  138  141  132  142  147  137  150  142  137  134  134  141  136  126  141  135  149  135   39
ch: 116  133  129  137  131  142  155  143  156  156  149  151  141  146  147  138  141   -1  139  122  135  135  136  136  128  141  134  133  140  137  122  137   -1
ch: 117  149  152  154  165  166  161  151  164  142  139  140  143  133  149  140  134  137  141  139  142  136  131  134  145  138   -1  151  137  132  152  141   -1
ch: 118  130  129  150  137  165  145  165  153  147  149  138  142  149  140  126  135   -1  139  136  138  145  126  123  122  134  129  134  130  122  134  122   -1
ch: 119  158  151  151  166  146  153  147  152  153  165  151  145  155  140  135  133  140  137  140  136  148  135  125  135  125  138  140  153  138  144  141   -1
ch: 120  128  138  131  133  136  149  154  163  137  147  146  142  136  145  138  142  148  134  141  138  146  130  120  119  141  128  123  139  137  145  137    7
ch: 121  149  152  162  152  156  151  150  149  149  143  153  140  149  134  139  145  147  132  137  133  132  148  142  133  135  142  146  147  140  138  145   47
ch: 122  135  119  134  146  144  157  149  150  151  146  143  140  140  136  137  134  134  127  132  138  134  137  126  131  141  134  135  139  132  134  131   29
ch: 123  154  166  146  165  152  164  150  149  147  141  154  127  143  155  139  139  139  150  146  133  134  151  143  138  147  142  139  148  127  150  153   -1
ch: 124  108  120  130  135  138  152  162  149  149  146  145  137  141  135  141  137  135  145  139  126  137  128  135  133  135  132  138  137  117  142  122   -1
ch: 125  121  131  136  127  151  158  152  142  142  155  147  160  142  151  150  145  145  134  139  139  142  135  146  141  135  135  146  139  143  143  138   -1
ch: 126  105  107  134  133  137  145  151  137  142  151  147  138  138  137  137  136  131  135  123  134  124  134  125  135  123  138  140  122  141  134  142   -1
ch: 127   73   93   87   93  101  109  113  124  125  142  149  161  155  152  160  151  153  153  157  155  152  150  152  158  171  158  155  167  156  167  169   -1
