# ID XA-000-08-003-000-001-191-10
# Tag _trim_
# Date 240620_12:14:37
# Vref_p 51
# Vref_n 27
# Thr2_glb 10
# Vref_t 118
# Vref_t_range 1
# Pol 0
# ADC range 30-247
# FAST disc 30
ch:   0   91   93  103  115  103  126  128  126  136  135  133  139  140  135  135  132  138  122  119  128  115  117  113  109  101  105  108   99  103  106  117   28
ch:   1  145  152  154  164  155  156  152  156  155  148  146  136  138  133  137  132  125  117  131  134  121  123  120  124  120  109  117  114  106  110  117   -1
ch:   2  106  115  117  121  137  133  142  126  138  132  140  141  124  134  137  126  122  123  114  118  120  115  108  116  110  103  103  105  114  109  104   -1
ch:   3  154  159  157  159  155  158  153  147  151  148  133  145  146  126  130  125  128  135  117  131  119  124  120  120  105  115  118  115  113  110  104   -1
ch:   4  141  127  150  142  152  164  147  148  134  137  140  134  135  122  122  137  121  124  121  124  124  121  126  115  115  103  110  110  100  106  114   12
ch:   5  153  154  163  157  158  156  152  149  133  156  147  149  142  140  127  120  136  123  122  123  129  125  123  126  120  119  123  115  108  120  108   -1
ch:   6  132  133  143  145  148  157  157  151  150  143  138  138  129  147  118  126  115  118  125  120  108  127  118  116  115  131  111  106  103  106  118    4
ch:   7  149  163  156  155  162  156  139  140  151  146  138  134  139  136  121  131  120  131  119  116  130  117  100  109  125  116  105  106  108  106  121   21
ch:   8  127  147  148  145  151  153  156  144  146  150  139  147  134  136  138  124  140  130  127  130  113  126  119  120  121  107  122  117   94  100  110   -1
ch:   9  164  160  151  154  158  160  150  144  148  141  145  138  145  136  137  131  121  126  141  133  126  121  120  122  120  115  117  117  124  115  119    7
ch:  10  122  133  146  140  154  154  155  151  152  146  147  134  134  123  138  124  125  126  118  104  123  123  109  110  114  116  117  113  108  117  101    7
ch:  11  162  164  154  154  165  157  150  147  150  146  142  128  135  135  134  136  136  132  134  133  137  120  121  123  117  118  111  123  116  118  120   -1
ch:  12  135  131  150  149  141  151  153  150  152  135  139  137  138  124  125  124  125  119  123  124  125  125  120  119  118  107  107  108  106  102  110   27
ch:  13  158  166  151  150  162  164  142  125  151  150  141  142  139  136  132  143  132  132  126  120  129  120  121  116  129  118  117  105  107  123  115   -1
ch:  14  132  145  155  147  151  150  151  148  141  138  152  136  136  133  147  131  127  122  121  118  127  114  120  130  116  123  113  117  108  117  107    8
ch:  15  165  158  154  162  157  147  146  147  153   -1  150  134  124  131  134  139  127  137  126  124  129  117  121  119  118  116  125  120  124  107  120   -1
ch:  16  141  131  140  142  154  152  153  146  143  143  137  150  140  130  140  132  121  121  131  126  122  123  111  120  119  103  115  115  114  104  116   -1
ch:  17  171  170  153  163  151  147  146  156  151  151  141  140  144  139  134  128  134  128  129  131  120  109  124  119  121  113  114  110  118  108  118    8
ch:  18  128  133  147  147  154  142  140  138  154  141  137  142  133  126  134  133  131  117  137  118  119  123  118  116   -1  118  118  118  116  100  113   12
ch:  19  156  170  153  165  157  156  155  149  143  156  136  150  147  132  140  133  139  135  130  136  119  108  123  123  114  123  122  135  117  113  116   20
ch:  20  137  131  150  151  147  156  159  149  150  142  136  146  139  135  137  129  118  125  125  136  118  119  111  120  124  102  113  107  103  120  100   -1
ch:  21  149  164  165  172  147  150  150  154  150  138  149  137  151  138  139  138  138  142  121  131  131  121  124  125  117  116  121  125  119  116  121   42
ch:  22  132  141  154  144  149  150  139  157  154  146  147  137  135  130  143  130  126  125  121  106  117  117  119  129  119  115  107  111  124  108  107   -1
ch:  23  154  165  167  169  151  157  156  157  149  154  150  156  142  145  147  138  130  132  131  123  137  131  126  120  118  125  132  107  117  116  122   15
ch:  24  139  131  135  145  147  150  139  137  141  134  146  130  146  142  136  139  126  125  130  117  120  119  119  109  105  115  109  121  115  121  115   -1
ch:  25  151  152  165  157  154  158  150  154  150  150  148  147  147  135  142  133  148  138  130  131  129  121  132   -1  125  136  132  118  122  117  129   -1
ch:  26  132  141  149  134  146  155  142  154  137  155  142  136  137  139  125  133  120  138  132  117  122  114  121  121  118  115  107  118  118  121  108   -1
ch:  27  155  167  158  155  156  154  154  153  147  153  140  150  142  135  136  130  123  119  119  134  130  110  120  125  114  107  118  116  117  113  111   33
ch:  28  140  127  148  145  152  149  149  142  155  139  140  139  137  129  132  134  133  136  127  124  131  128  120  122  119  127  119  118  108  121  107   48
ch:  29  156  148  153  162  159  166  153  146  152  143  141  157  147  130  136  140  131  133  124  131  116  119  126  125  116  121  125  120  115  119  119   -1
ch:  30  138  133  154  151  150  150  163  151  146  151  137  134  136  131  133  136  137  122  121  114  121  121  110  120  119  109  116  108  117  108  109   -1
ch:  31  146  163  162  163  162  152  150  153  148  142  142  136  147  132  137  136  130  125  127  127  132  116  123  119  113  117  125  120  113  122  126   -1
ch:  32  120  143  149  135  147  146  141  146  139  146  137  139  133  133  130  134  132  123  129  121  118  131  125  121  118  115  116  105  107  108  106   -1
ch:  33  165  148  163  155  156  155  149  152  140  148  147  149  133  132  139  139  133  132  133  126  121  121  136  131  115  115  120  123  116  116  102    8
ch:  34  138  145  149  133  158  146  157  154  133  148  142  135  143  143  139  137  137  129  129  128  117  120  120  119  125  116  123  119  103  114  115   -1
ch:  35  154  157  162  151  165  157  166  149  153  155  152  142  151  141  138  129  123  134  134  123  134  133  130  125  117  116  126  119  125  125  129   -1
ch:  36  137  135  156  141  151  141  157  151  148  148  150  142  136  135  136  131  124  124  135  132  123  133  111  115  121  114  122  105  105  115  103   -1
ch:  37  155  164  165  162  165  150  155  153  148  148  142  148  149  146  150  126  133  149  136  136  122  130  130  134  129  124  129  111  124  119  124   32
ch:  38  136  133  155  145  152  146  141  151  157  147  153  137  146  133  135  135  127  131  122  118  115  116  127  124  120  116  104  108  118  101  106   54
ch:  39  165  165  160  166  149  174  166  162  150  149  141  132  138  136  136  139  125  149  131  130  124  131  123  125  126  130  120  114  109  115  119   -1
ch:  40  132  135  149  142  153  166  138  151  146  146  150  141  137  138  136  127  130  134  116  117  126  117  116  124  121  106  111  115  116  117  116   14
ch:  41  152  164  178  167  155  154  157  155  147  140  138  140  150  137  141  138  135  133  133  124  118  126  125  124  124  119  130  120  114  117  131   -1
ch:  42  140  137  149  145  153  135  137  154  140  150  141  146  138  135  134  136  137  135  136  131  119  126  127  121  119  122  117  102  114  115  121   53
ch:  43  163  152  154  151  149  156  152  153  140  147  146  139  131  146  140  132  125  133  137  124  122  122  130  125  123  130  121  121  120  115  115   -1
ch:  44  135  151  139  149  155  156  142  149  150  148  146  136  147  139  123  118  139  136  125  121  128  119  122  117  119  103  119  115  121  122  110    9
ch:  45  162  155  165  166  158  156  149  153  149  139  148  152  137  135  130  143  139  125  137  128  123  136  126  137  121  122  118  133  125  116  117   -1
ch:  46  138  137  155  149  166  150  163  150  163  143  139  147  154  135  136  132  131  134  134  142  123  124  121  126  117  132  122  115  114  126  117   -1
ch:  47  160  160  164  163  162  157  153  154  137  153  156  151  139  139  136  143  130  135  130  131  121  140  131  120  131  129  127  121  116  120  124    7
ch:  48  140  131  157  146  152  153  142  149  142  146  149  136  132  137  133  138  132  129  119  122  124  119  125  116  104  119  101  120  106  110  105   -1
ch:  49  163  161  161  171  166  157  149  162  139  156  153  149  147  148  134  142  134  130  127  132  137  135  142  120  122  125  119  118  107  117  118   -1
ch:  50  132  133  149  147  154  156  141  145  143  152  137  151  138  133  137  139  126  129  140  122  122  126  118  123  123  111  118  120  108  119  107   13
ch:  51  158  170  155  155  148  162  147  149  162  150  155  141  141  138  148  145  145  124  133  133  137  133  129  130  116  116  107  133  109  130  128   53
ch:  52  147  147  150  134  152  156  147  141  139  149  137  138  137  129  134  134  130  115  119  125  124  119  108  126  105  115  120  121  104  109   95   20
ch:  53  168  152  159  159  158  161  153  140  148  148  135  145  140  137  132  136  131  135  134  145  132  126  131   -1  129  135  124  110   -1  106  126    7
ch:  54  142  143  153  149  155  153  149  163  137  138  133  151  136  132  132  127  132  121  132  120  119  122  104  110  116  107  118  123  116  115  101   -1
ch:  55  155  163  158  142  163  151  155  157  135  147  152  154  142  150  145  140  135  125  137  131  120  121  125  121  131  127  117  124  110  119  119   -1
ch:  56  140  127  141  149  152  155  149  147  148  148  145  140  138  136  134  132  126  121  123  116  122  119  121  114  121  113  123  108  113  110  110   15
ch:  57  151  154  153  156  158  153  163  148  153  162  141  146  142  153  142  143  137  132  125  132  123  115  132   -1  118  119  124  130  119  117  118   -1
ch:  58  136  141  150  145  149  151  168  141  142  146  140  138  135  138  135  143  127  148  133  123  127  124  124  120  117  118  128  121  115   99  103   -1
ch:  59  165  165  169  158  166  163  155  147  138  152  150  151  140  149  140  141  131  138  118  130  140  125  124  124  119  121  133  129  111  120  127   34
ch:  60  139  141  147  133  152  152  154  166  153  140  153  138  138  135  136  139  140  142  120  135  124  135  118  124  126  133  108  118  116  109  132   32
ch:  61  165  162  157  164  154  161  166  152  156  145  143  151  137  147  143  142  147  135  143  129  138  135  124  131  138  120  123  117  119  124  116   38
ch:  62  140  139  142  145  153  152  162  156  158  153  141  140  131  129  136  122  126  121  126  124  125  106  117  105  107  115  102  105  106  117  108   -1
ch:  63  164  164  159  163  162  153  149  151  152  154  153  155  141  138  134  131  120  147  130  133  127  127  130  106  129  114  116  120  108  120  120   22
ch:  64  133  131  155  151  151  155  157  143  142  134  153  146  136  138  125  133  124  134  133  116  121  120  124  115  119  121  119  118  108  120  120   -1
ch:  65  165  170  155  162  157  153  149  155  153  164  149  141  142  150  134  147  135  139  134  130  138  119  125  130  123  124  126  115  116  117  117    8
ch:  66  132  143  143  145  143  150  146  149  140  150  139  137  138  140  130  126  125  121  124  117  117  122  122  117  116  123  108  122  116  122  115   -1
ch:  67  165  167  156  159  159  153  148  150  162  154  148  150  149  140  146  138  131  135  122  133  130  127  131  125  122  126  107  131  124  122  122   33
ch:  68  124  139  142  137  142  147  153  152  146  148   -1  133  148  135  134  136  135  122  125  119  130  117  126  105  123  110  121  107  124  118  109   -1
ch:  69  156  155  154  165  150  151  155  148  148  150  147  141  146  141  139  138  126  138  134  140  115  122  122  123  121  121  134  121  118  118  119    2
ch:  70  136  143  143  159  152  152  147  152  133  148  141  150  139  134  130  131  142  134  120  129  126  120  115  119  130  115  123  118  117  114  105   30
ch:  71  165  165  164  155  162  156  164  151  163  152  149  139  138  146  140  148  135  135  133  145  134  133  133  126  120  124  134  122  114  117  120   -1
ch:  72  129  145  145  151  143  153  148  147  148  152  139  137  126  139  136  124  123  137  127  130  122  136  126  116  117  109  115  117  120  109  115   -1
ch:  73  165  152  167  162  167  161  154  157  152  141  158  147  137  150  136  137  133  141  140  138  133  130  133  133  118  113  131  130  131  121  103   54
ch:  74  140  141  153  145  141  150  155  150  154  138  146  149  137  135  148  132  142  125  137  118  118  135  132  107  104  123  118  114  119  103  117    1
ch:  75  155  166  155  165  156  162  153  151  153  158  151  139  142  136  148  140  139  137  136  139  132  127  134  134  140  126  125  117  120  120  127    9
ch:  76  137  145  153  135  153  155  149  153  148  142  156  132  138  137  138  140  123  129  136  136  120  119  132  121  118  121  127  108  121  122  108   -1
ch:  77  145  162  163  166  154  153  152  141  152  155  141  151  140  140  135  138  134  130  131  124  134  136  127  117  121  122  127  125  123  110  125   -1
ch:  78  132  143  156  147  146  148  154  151  146  151  146  136   -1  136  130  139  137  122  132  134  120  121  122  125  130  116  121  117  118  119  117    5
ch:  79  164  156  159  168  160  155  141  153  152  154  139  153  148  136  138  142  139  135  127  131   -1  130  135  130  123  119  117  116  125  122  110   -1
ch:  80  132  145  147  149  152  138  152  155  154  131   -1  141  126  148  124  124  133  124  123  129  122  115  118  117   -1  116  104  102  117  122  108   -1
ch:  81  156  162  179  166  148  162  166  153  145  154  146  149  146  152  138  133  133  135  133  132  131  119  121  118  112  124  125  122  122  123  119   -1
ch:  82  138  137  140  145  147  153  149  135  153  137  145  150  142  139  130  137  121  131  138  123  118  124  109  113  106  116  108  128  109  107  103   -1
ch:  83  155  156  155  158  152  158  156  150  157  162  149  134  140  142  134  143  148  121  131  124  132  119  134  130  119  131  117  114  116  118  122   19
ch:  84  135  145  154  149  155  148  157  137  138  144  142  141  142  134  129  125  124  121  121  110  124  108  126  115  123  118  113  121  102  118  116   35
ch:  85  150  166  168  152  153  142  151  166  152  146  152  149  137  152  141  137  139  141  135  123  125  121  129   -1  130  122  134  110  118  124  102   -1
ch:  86  138  141  155  149  149  150  154  147  147  130  142  140  136  140  131  133  126  123  139  128  109  121  111  118  120  109  121  108  118  106  115    9
ch:  87  153  155  166  163  157  151  151  158  150  134  148  154  149  141  137  134  134  134  129  130  135  123  130  124  133  118  122  131  131  124  120   25
ch:  88  133  141  139  143  155  151  147  149  153  150  141  147  136  137  126  126  131  130  135  126  115  119  127  123  124  121  118  129  120  116  109   22
ch:  89  150  172  167  165  153  149  155  156  148  162  146  138  139  137  140  146  136  134  136  130  136  133  121  134  124  122  122  125  115  123  124   26
ch:  90  124  140  139  157  150  156  143  154  140  142  142  141  147  133  141  133  121  122  119  115  119  122  122  127   -1  133  109  117  105  118  115   17
ch:  91  157  166  153  163  151  156  164  162  154  143  139  151  151  150  146  140  131  138  131  140  132  135  116  131  127  132  127  123  123  118  118   13
ch:  92  123  142  137  149  156  141  167  147  150  144  146  137  140  147  138  130  137  128  125  122  131  122  121  108  114  115  120  126  108  120  117   -1
ch:  93  157  158  162  158  153  155  149  154  145  141  153  136  142  146  148  137  132  122  126  134  131  130  123  124  133  122  123  119  116  121  124   -1
ch:  94  135  143  137  145  150  155  155  146  165  149  147  148  138  139  124  127  133  130  147  122  125  117  134  122  121  117  110  117  103  107  121   17
ch:  95  149  156  155  164  159  157  150  140  155  144  149  142  132  137  140  138  126  137  129  137  118  131  138  125  127  124  119  121  116  114  123   -1
ch:  96  145  145  141  139  154  151  149  142  139  136   -1  138  135  132  130  130  127  121  119  134  116  117  121  121  113  115  113  101  103  110  117   -1
ch:  97  164  154  159  157  163  141  157  149  165  142  147  137  147  147  139  126  137  135  131  131  124  133  120  124  104  124  120  119  121  115  120   -1
ch:  98  126  143  149  139  141  141  151  155  134  150  136  150  146  138  139  123  121  137  133  120  116  117  119  120  121  117  120  111  123  120  105   -1
ch:  99  155  167  169  153  159  157  161  151  152  152  156  138  142  139  136  133  135  135  129  138  130  133  119  136  120  118  120  118  127  118  117   40
ch: 100  125  139  141  147  150  157  149  146  132  140  134  136  138  133  134  131  125  122  123  136  113  122  110  117  122  117  111  116   92  108  107    6
ch: 101  152  162  165  162  157  161  140  153  162  152  150  135  140  135  148  148  137  133  130  133  126  122  124  115  120  120  134  115  109  120  124   37
ch: 102  124  131  141  153  153  142  151  141  146  152  149  140  138  128  133  131  134  125  131  122  125  118  116  115  124  107  110  124  102  109  107    8
ch: 103  150  162  166  164  158  159  147  146  148  161  156  150  137  158  139  134  139  133  122  131  122  127  127  118  121  110  124  134  122  123  122   17
ch: 104  138  141  137  131  142  156  156  148  140  148  140  141  142  131  134  123  126  132  131  123  130  122  115  124  121  115  111  123  113  106  116   14
ch: 105  165  166  156  159  159  162  157  150  149  138  149  150  139  139  134  133  131  120  131  133  130  125  118  121  139  117  116  124  121  106  116   19
ch: 106  122  131  130  129  156  149  151  149  148  137  132  130  134  124  141  132  134  125  126  122  122  108  120  116  107  111  118  106  101  115  122   13
ch: 107  151  167  168  165  157  150  153  150  140  146  149  153  135  132  135  139  135  123  118  133  126  132  121  125  133  129  119  117  107  120  120   -1
ch: 108  131  138  139  128  155  154  154  148  142  153  139  139  135  141  137  140  133  122  125  134  137  131  121  124  123  119  110  115  129  116  109   -1
ch: 109  148  156  156  168  165  164  163  151  156  136  139  140  150  134  150  147  134  120  137  133  119  132  124  122  125  123  102  114  111  119  106    2
ch: 110  120  143  137  137  156  154  152  147  137  142  143  134  135  125  137  131  119  123  120  124  125  118  114  110  118  121  107  121  103  117  119   -1
ch: 111  157  162  168  162  165  167  150  153  146  146  150  139  145  148  142  140  141  138  120  122  120  131  124  120  118  116  124  121  115  109  106   -1
ch: 112  131  134  137  137  141  154  152  141  140  138  138  142  140  142  135  129  133  136  125  115  123  125  131  123  123  115  114  103  106  106   99   -1
ch: 113  152  158  169  159  153  170  152  156  153  155  148  154  150  137  133  141  133  138  136  129  120  124  134  137   -1  127  124  116  119  115  118   -1
ch: 114  118  131  139  133  140  148  156  151  152  146  135  134  135  123  131  136  126  124  134  119  123  114  115  124  113  106  121  102  108  109  114   17
ch: 115  156  156  168  154  162  152  156  153  138  146  150  142  140  140  136  138  137  123  131  124  123  123  121  116  117  111  116  118  107  109  105   -1
ch: 116  135  133  139  139  146  157  148  146  141  138  137  146  142  129  138  124  130  131  126  124  113  117  116  132  107  118  117  110  106  106  106   -1
ch: 117  156  150  172  165  150  166  154  163  148  137  154  152  146  140  148  131  139  130  122  133  119  121  122  126  106  114  125  119  122  108  119   41
ch: 118  138  143  139  145  148  148  154  146  142  148  140  137  134  137  136  138  123  121  129  126  121  118  121  119  118  121  109  105  111  122  103   18
ch: 119  169  163  163  156  149  161  153  162  151  137  148   -1  138  149  131  125  131  133  134  137  125  130  125  129  120  119  142  118  117  108  108   -1
ch: 120  139  129  141  141  149  149  153  151  150  146  149  133  123  125  150  136  133  131  117  120  114  116  110  105  115  116  113  105  105  116  109   44
ch: 121  164  156  149  166  149  152  161  152  148  145  146  147  132  135  139  135  128  134  129  130  122  122  120  123   -1  121  121  115  116  115  119   32
ch: 122  125  131  141  131  151  164  155  161  150  133  145  139  136  133  139  129  131  133  122  120  119  120  115  117  132  120  115  118  118  119  107    4
ch: 123  157  169  157  163  170  153  149  142  147  154  148  147  152  147  139  123  139  139  134  128  120  126  121  119  109  123  116  118  114  118  111   -1
ch: 124  125  113  123  133  129  149  141  149  133  141  148  136  137  126  123  130  123  136  123  124  119  116  109  121  114  114  117  107  107   99  106   34
ch: 125  164  162  164  157  155  165  152  153  153  148  142  137  142  140  125  135  130  132  134  131  131  129  123  132  118  108  124  117  115  117  105   38
ch: 126  108  109  121  125  135  140  142  142  148  151  146  137  142  135  130  134  132  126  133  120  125  111  120  119  123  110  123   92  115  118  115   -1
ch: 127  162  159  165  153  153  150  153  155  138  153  155  140  149  147  129  126  132  130  122  131  119  125  122  120  125  111  122  119  117  114  121   -1
