# ID XA-000-08-003-000-001-143-03
# Tag _trim_
# Date 240620_13:01:10
# Vref_p 48
# Vref_n 22
# Thr2_glb 10
# Vref_t 118
# Vref_t_range 1
# Pol 1
# ADC range 30-247
# FAST disc 30
ch:   0  110   93  113  125  127  125  133  147  152  151  163  152  144  155  166  148  142  136  150  132  136  141  129  134  135  134  134  132  125  120  130   -1
ch:   1  174  172  181  180  183  172  170  161  173  175  168  164  163  166   -1  153  161  150  148  142  135   -1  152  143  157  135  140  138  137  135  132   -1
ch:   2  121  123  127  149  155  157  163  162  167  158  157  164  170  165  149  149  149  140  149  130  139  134   -1  139   -1  133  126  130  135  133  132   -1
ch:   3  171  185  178  172  180  185  171  159  169  166  164  166  168  169  164  155  141  153  148   -1  151  135  147  136  134  149  139  134  136  135  145   -1
ch:   4  154  146  156  172  164  165  164  169  166  165  166  163  155  161  158  153  152  152  138   -1  140  141  146  130  132  132  120  129  116  136  123   -1
ch:   5  186  191  182  182  186  172  166  165  171  170  168  170  170  154  157  155  151  153  146  145  136  143  136  136  137  137  136  140  125  131  137   19
ch:   6  148  141  178  164  158  167  166  178  178  154  158  165  152  145  164  139  149  139  136  150  143  149  136  129  115  123  135  145  123  116  120   16
ch:   7  180  181  187  183  181  179  165  184  173  167  169  158  173  159  151  164  155  151  150  150  134  151  154  132  135  138  134  138  137  144  137   27
ch:   8  156  165  158  178  177  172  166  167  172  169  165  165  159  163  154  148  151  149  147  147  141  137  145  138  135  138  131  129  126  133  133   46
ch:   9  192  191  183  183  181  172  169  165  168  169  153  169  158  164  160  147  153  147  149  147  154  157  153  133  148  150  133  135   -1  145  132   -1
ch:  10  146  157  170  168  170  179  172  168  167  168  164  154  165  161  165  137  151  149  132  138  147  148  139  145  131  124  125  134  133  131  118   -1
ch:  11  186  181  178  183  171  188  181  186  171  168  171  151  170  151  165  152  153  163  156  164  139  151  135  138  134  145  139  147  139  138  132   -1
ch:  12  155  148  170  178  176  182  168  181  172  173  149  168  152  161  162  147  153  138  146  141  134  145  142  116  136  136  122  141  122  132  126   -1
ch:  13  184  189  196  181  186  180  164  168  169  167  169  169  170  153  153  157  161  151  146  153  150  136  149  133  140  146  138  121  135  161  134    3
ch:  14  156  146  159  154  168  183  184  178  164  169  171  154  163  149  154  148  140  153  141  138  133  140  131  142  132  135  119  135  132  131  125   -1
ch:  15  182  184  182  179  180  184  173  158  170  177  165  166  157  158  165  150  158  149  155  148  138  133  149  157  135  132  138  125  132  136  134   15
ch:  16  155  156  155  173  172  166  177  168  168  174  169  163  149  151  153  145  146  147  149  139  140  146  134  138  146  139  134  130  131  122  125   -1
ch:  17  168  185  182  188  186  178  178  165  170  169  167  162  151  154  164  155  152  169  148  152  163  143  148  136  133  149  146  143  132  140  136   -1
ch:  18  141  154  159  179  165  164  180  170  161  164  152  156  157  149  141  138  151  153  148  136  145  138  133  136  121  126  129  123  123  131  122   27
ch:  19  182  185  187  180  183  180  181  175  183  170  164  162  152  161  156  149  151  139  153  148  148  145  139  132  148  131  141  134  132  134  124   -1
ch:  20  149  140  164  172  173  168  169  168  168  156  155  165  153  145  152  156  151  148  149  145  137  138  136  130  133  132  130  134  134  117  132   -1
ch:  21  174  184  188  181  186  172  181  169  164  164  161  161  163  158  158  155  136  152  158  151  138  148  145  138  149  145  131  130  122  121  126   -1
ch:  22  152  159  171  157  181  172  178  170  171  171  158  153  155  151  157  154  152  151  125  138  132  140  135  131  120  136  123  115  136  136  120   -1
ch:  23  187  187  187  180  169  184  173  179  167  164  169  162  170  155  142  149  155  149  149  142  148  154  135  138  137  141  134  134  130  135  140   -1
ch:  24  149  151  153  168  173  174  167  175  180  164  170   -1  142  158  155  147  161  151  138  149  149  132  134  138  136  131  139  125  127  130  125   -1
ch:  25  166  177  173  180  189  174  178  181  178  157  170  158  167  169  162  151  147  140  166  153  149  139  142  137  145  130  126  148  147  134  132   -1
ch:  26  141  151  145  153  173  158  175  168  164  169  164  155  154  158  150  148  147  149  152  145  136  136  132  133  131  125  135  130  131  116  133   15
ch:  27  181  187  181  180  181  177  181  164  180  165  167  169  150  155  152  158  155  148  141  147  139  147  143  137  150  140  147  139  137  135  135    3
ch:  28  149  142  165  161  162  171  167  166  166  175  165  166  156  151  156  146  154  148  149  139  135  139  137  136  130  141  132  136  119  138  135   32
ch:  29  178  180  191  188  184  179  179  174  182  172  169  154  162  164  163  163  151  138  151  145  148  138  152  135  145  139  138  145  149  138  138   -1
ch:  30  138  143  151  153  170  164  168  172  163  158  169  154  153  165  148  162  147  149  137  136  150  129  130  149  136  136  125  123  136  125  120    3
ch:  31  175  185  174  179  183  179  181  165  169  156  153  172  167  157  151  162  155  132  137  146  149  125  151  149  142  130  126  137  130  133  136   -1
ch:  32  140  135  157  156  151  176  150  164  166  168  163  155  154  145  152  150  149  142  136  137  134  142  123  132  133  148  135  132  131  118  137   -1
ch:  33  182  175  170  181  183  177  171  177  171  164  173  166  149  157  149  153  154  162  166  153  143  151  133  142  131  145  141  147  139  137  135   31
ch:  34  118  149  148  153  167  173  168  171  164  169  164  170  150  153  158  148  152  149  138  145  140  147   -1  135  145  138  126  131  133  126  125   42
ch:  35  172  197  186  185  182  174  177  172  171  155  164  157  142  151  157  151  139  149  164  138  159  143  149  133  146  124  136  146  148  139  122   53
ch:  36  141  154  139  161  172  163  162  168  168  157  166  168  163  161  153  144  150  139  142  147  136  146  140  132  135  135  131  120  124  137  134   10
ch:  37  172  188  180  181  172  179  174  186  169  171  165  168  156  152  161  152  164  152  148  149  135  140  145  142  148  140  141  133  123  131  133   32
ch:  38  123  139  145  149  156  165  174  155  166  165  163  150  168  169  148  145  140  141  152  145  151  136  135  133  132  138  123  138  116  129  132    4
ch:  39  181  181  190  173  174  171  165  178  156  169  167  151  162  161  157  151  149  149  149  138  152  151  135  152  141  137  138  125  132  139  138   32
ch:  40  133  140  135  143  169  165  166  167  167  171  163  164  158  167  153  152  165  149  152  137  140  135  132  136  137  138  135  132  124  120  126    1
ch:  41  170  167  186  196  188  179  170  179  174  165  153  147  170  165  157  152  152  153  136  163  136  148  147  147  134  134  136  134  137  147  137   -1
ch:  42  126  133  148  151  150  167  170  182  166  165  169  164  162  162  152  163  151  151  148  146  136  144   -1  131  135  124  133  131  121  125  126   -1
ch:  43  171  169  173  190  182  181  184  174  173  180  168  169  171  149  153  157  156  142  150  150  151  138  140  150  139  138  136  134  146  137  149   42
ch:  44  133  140  141  143  161  165  162  173  167  156  164  166  164  158  151  158  151  140  152  141  143  137  136  136  134  132  134  125  125  120  125    8
ch:  45  168  170  184  183  183  180  179  181  166  165  164  165  167  166  162  159  148  148  150  137  138  149  138  139  133  132  124  135  140  135  136   43
ch:  46  134  133  142  140  143  165  158  174  166  165  154  166  151  166  140  159  148  153  148  139  140  139  137  139  134  115  130  132  123  131  134   15
ch:  47  163  178  182  184  190  173  172  173  168  173  157  171  172  161  165  164  157  156  150  165  146  145  141  127  140  134  148  133  124  140  135   -1
ch:  48  123  121  135  145  153  156  154  168  156  167  168  165  154  166  142  154  151  154  137  151  137  153  147  134  147  150  136  132  125  125  124   -1
ch:  49  166  173  178  188  174  170  170  176  165  173  156  169  156  168  151  157  154  163  152  146  140  149  144  149  138  142  149  134  144  147  138   -1
ch:  50  127  139  154  147  155  151  158  151  152  174  164  155  153  154  152  155  152  149  151  135  148  133  138  138  131  134  115  124  140  129  121   13
ch:  51  172  165  183  185  197  188  181  171  164  168  158  162  166  158  155  149  153  151  148  139  152  132  151  133  147  151  137  148  136  140  134   -1
ch:  52  140  125  135  150  151  168  162  169  173  158  164  161  152  156  164  158  158  137  134  137  147  146  137  134  130  142  134  123  131  131  132   22
ch:  53  169  186  183  188  179  183  179  171  181  170  168  161  166   -1  155  155  149  143  150  149  152  140  140  145  131  149  137  138  131  129  137   -1
ch:  54  122  133  129  133  155  157  159  166  178  164  168  179  154  162  152  163  153  135  147  139  135  132  138  146  146  117  139  123  126  137  130   -1
ch:  55  172  165  173  182  185  183  180  182  171  176  163  167  164  173  158  150  144  151  137  145  147  139  146  136  136  146   -1  137  149  138  123   -1
ch:  56  119  133  125  143  159  168  162  166  171  173  173  166  169  153  159  140  142  149  154  147  148  135  138  136  146  132   -1  136  126  146  133   50
ch:  57  173  172  171  182  182  177  174  174  169  169  168  166  168  169  155  155  155  140  147  140  152  148  138  133  134  132  147  122  132  131  135   -1
ch:  58  123  123  129  139  149  157  162  149  165  167  154  166  157  165  152  147  141  149  151  136  138  129  137  132  122  137  132  136  135  137  139   -1
ch:  59  183  165  167  179  178  183  172  163  178  169  164  157  152  158  157  155  163  152  148  145  140  147  131  142  147  125  136   -1  135  151  135   13
ch:  60  122  142  135  150  159  159  146  158  173  175  171  151  153  151  149  155  150  141  139  146  152  145  138  138  130  138  134  132  136  131  134   -1
ch:  61  159  168  167  175  179  173  169  171  172  181  162  156  166  153  165  153  149  150  142  132  149  146  140  139  137  142  138  124  140  141  134   22
ch:  62  124  131  145  137  155  153  161  165  151  167  156  165   -1  163  162  152  151  146  135  154  149  149  148  136  135  133  148  132  139  131  127    3
ch:  63  169  167  171  189  185  171  183  179  174  162  158  148  156  168  155  153  150  147  146   -1  150  148  145  136  137  132  147  139  139  136  133   -1
ch:  64  125  131  139  155  147  163  150  171  166  169  167  150  162  171  159  158  151  141  154  150  137  134   -1  148  136  130  136  130  137  142  125    9
ch:  65  155  171  183  185  179  179  171  178  172  158  157  169  178  158  152  143  147  150  140  141  145  139  155  136  138  136  138  150  131  141  143   28
ch:  66  123  135  143  137  155  159  171  168  157  165  157  168  157  147  154  137  148  142  149  138  148  138  129  120  133  132  147  136  131  137  132    8
ch:  67  173  177  169  183  180  165  173  168  179  167  165  169  163  166  163  158  148  154  146  160  155  140  133  140  147  150  131  140  139  137   -1   20
ch:  68  125  125  121  146  157  139  146  170  166  173  167  162  171  153  149  151  164  158  150  147  148  147  136  139  138  135  133  132  133  120  126   14
ch:  69  169  170  188  181  182  177  175  174  155  165  166  169  165  163  153  165  154  150  141  148  150  147  140  133  136  133  148  126  156  148  136   -1
ch:  70  126  124  133  141  153  156  159  155  163  169  172  169  169  149  150  149  155  149  134  147  146  140  147  145  144  137  136  137  134  139  140   -1
ch:  71  168  165  166  170  175  175  181  182  173  166  166  158  166  158  158  166  166  146  144  145  149  149  142  148  140  130  144  138  148  147  132   -1
ch:  72  120  133  135  147  146  156  146  157  169  167  170  155  148  155  150  153  151  147  139  141  138  142  138  118  139  139  139  127  136  132  138   12
ch:  73  172  170  181  177  173  173  187  171  168  169  166  179  163  145  153  156  152  152  150  145  143  147  135  143  132  137  145  147  134  145  142   -1
ch:  74  119  123  135  133  157  149  165  168  155  164  158  172  169  154  152  152  155  141  151  147  141  135  146  130  136  121  132  123  124  131  139   -1
ch:  75  173  165  175  171  175  174  173  168  174  168  151  163  165  156  155  166  150  149  141  153  140  154  142  149  149  138  147  142  133  139  120   -1
ch:  76  137  133  131  157  155  163  162  173  174  156  173  177  155  166  162  150  153  148  146  135  141  148  137  141  122  129  134  131  123  132  136   -1
ch:  77  164  169  171  181  178  187  178  167  170  168  169  158  162  165  171  155  148  152  149  149  154  153  155  147  150  147  140  147  132  147  137   -1
ch:  78  135  131  142  144  153  149  165  167  166  173  169  166  152  164  141  154  156  153  148  152  148  138  138  135  123  137  141   -1  122  131  124   24
ch:  79  167  163  175  190  180  182  182  180  169  163  167  154  162  149  166  166  155  137  153  155  154  141  151  141  146  152  136  151  143  148  135   49
ch:  80  125  131  147  145  158  163  170  169  172  167  153  168  162  167  150  148  163  165  152  155  136  148  146  136  139  142  146  116  137  126  121   -1
ch:  81  166  167  172  187  186  187  182  172  171  163  168  171  165  152  156  150  151  153  156  146  146  138  153  153  139  136  133  136  135  136  141   -1
ch:  82  123  123  157  137  142  158  170  151  173  184  171  172  156  158  166  151  150  141  149  149  152  138  147  141  133  132  139  136  134  133  136   -1
ch:  83  178  173  181  181  183  182  182  179  169  166  169  163  167  151  155  165  151  163  151  153  151  140  147  138  140  146  138  138  146  136  139   -1
ch:  84  129  142  138  149  153  163  144  163  158  158  172  165  167  163  149  154  145  146  142  147  123  149  137  137  131  136  146  137  130  131  125   22
ch:  85  167  175  170  186  174  176  168  151  168  171  165  158  162  166  167  172  149  162  142  152  132  148  146  140  152  131  138  122  141  145  135   -1
ch:  86  135  133  142  135  147  163  165  170  166  173  171  154  168  170  154  164  151  139  152  146  152  136  146  151  134  141  135  131  134  123  132   -1
ch:  87  157  173  171  173  185  164  177  169  167  171  174  151  163  153  140  169  151  149  149  143  151  141  154  137  142  132  144  138  145  132  133   -1
ch:  88  137  145  135  142  150  157  148  167  171  172  167  170  163  156  147   -1  142  140  142  141  142  153  130  136  135  139  125  120  141  131  131   33
ch:  89  159  158  185  170  167  179  173  183  167  166  170  168  154  168  167  150  152  152  149  155  136  153  150  137  138  132  136  141  136  147  126   -1
ch:  90  127  143  143  137  171  159  165  167  158  167  169  166  169  155  152  160  149  147  138  147  139  136  145  133  144  137  139  141  129  133  137   -1
ch:  91  146  148  151  159  165  171  180  180  158  151  167  171  162  166  173  155  150  152  147  153  151  140  143  137  141  138  132  139  136  124  136   22
ch:  92  111  115  117  123  139  147  134  157  141  160  156  158  163  153  149  151  137  152  151  137  150  139  136  140  137  139  123  130  140  131  132   55
ch:  93  123  136  141  151  155  156  166  171  181  157  170  163  164  152  149  149  154  154  147  141  149  139  136  145  137  135  145  137  131  150  132   -1
ch:  94   -1   -1   53   58   59   72   87   88   85   85   99   -1   91  108  124  135  133  125  145  141  156  165  170  172  173  184  185  184  196  202  209   -1
ch:  95  168  165  169  183  170  180  187  172  172  180  171  163  164  166  153  142  150  139  152  140  143  140  148  148  147  131  133  132  148  124  123   10
ch:  96  121  125  109  137  142  143  148  149  155  165  158  157  150  155  138  139  148  141  142  144  133  130  128  134  129  127  134  124  125  119  135   -1
ch:  97  169  182  185  190  174  181  174  174  167  166  164  165  153  174  155  155  142  145  151  133  134  152  140  137  149  138  148  139  138  136  134   29
ch:  98  132  149  146  149  157  171  157  167  163  164  165  168  164  161  155  152  150  149  135  140  161  145  141  138  133  151  130   -1  132  122  123   -1
ch:  99  179  181  181  185  178  187  173  174  171  167  161  161  169  165  164  156  148  139  153  149  146  151  138  135  140  135  135  150  139  143  146   -1
ch: 100  133  127  151  145  155  156  152  171  155  165  166  163  161  164  150  133  161  152  153  146  140  137  149  135  118  133  124  133  116  119  125   -1
ch: 101  173  180  180  185  192  182  171  169  188  182  168  170  155  166  165  155  162  145  147  145  140  142  150  130  136  133  149  123  133  132  133    4
ch: 102  142  142  147  153  153  173  171  175  170  172  179  168  151  165  152  150  148  142  147  130  140  131  152  148  133  125  136  134  139  123  119   -1
ch: 103  181  181  186  186  179  171  172  177  185  174  156  151  153  161  150  154  154  150  148  150  149  149  145  148  135  137  137  135  146  155  135   12
ch: 104  135  154  143  165  172  165  165  171  165  173  171  170  155  148  170  149  164  153  149  146  135  141  129  148  135  140  139  141  121  131  135   12
ch: 105  179  180  187  178  181  172  163  167  168  171  169  164  150  153  156  165  147  154  150  148  148  147  131  145  139  145  141  148  141  141  126   12
ch: 106  146  151  150  164  169  168  178  170  171  172  165  173  155   -1  164  152  157  142  148  153  149  139  134  130  136  131  134  130  124  130  134   -1
ch: 107  170  181  186  180  179  172  185  172  174  179  163  169  165  155  166  164  144  146  140  137  146  137  137  147  138  126   -1  137  133  136  121   -1
ch: 108  143  149  158  159  174  171  161  175  169  168  171  162  180  160  159  148  165  140  142  140  139  152  131  143  134  134   -1  140  118  134  132   -1
ch: 109  169  180  184  181  182  169  183  174  170  166  169  166  159  171  167  155  153  152  138  151  146  147  142   -1  137  137  140  126  130  135  124   -1
ch: 110  155  165  159  167  172  178  170  174  160  171  172  166  171  158  155  157  154  154  149  149  151  136  130  135  145  137  123  124  132  132  134   21
ch: 111  181  181  179  186  184  183  185  167  182  164  163  169  167  169  156  156  149  149  153  150  126  153  126  150  137  148  137  147  132  131  133    7
ch: 112  139  151  167  165  174  183  163  178  168  170  155  168  167  153  167  166  155  152  150  148  137  149   -1  135  137  137   -1  138   -1  136  125    6
ch: 113  174  184  188  185  175  176  172  172  173  170  157  167   -1  151  150  148  141  156  155  152  152  151  132  131  147  152  120  134  132  136  129   -1
ch: 114  153  159  159  167  172  174  170  173  173  169  164  154  162   -1  151  146  149  149  152  134  142  142  145  122  137  130  131  130  132  131  124    3
ch: 115  169  185  186  183  184  186  180  170  165  166  170  166  155  160  153  162  156  155  150  149  141  151  135  148  139  137  138  136  139  126  137   -1
ch: 116  143  150  153  174  186  177  161  174  179  166  166  157  154  164  152  149  155  147  139  139  150  136  139  148  131  138  139  129  133  136  131   15
ch: 117  169  180  191  185  189  186  173  167  171  152  168  168  170  156  154  153  151  139  150  147  143  149  148  139  148  138  135  136  141  134  135   -1
ch: 118  146  149  158  173  173  168  184  186  169  169  170  171  161  167  167  149  151  138  147  136  140  141  154  149  138  136  133  143  140  138  136   55
ch: 119  172  185  180  180  179  182  173  174  168  173  163  153  153  153  166  163  147  149  152  138  134  137  132  149  137  134  129  133  135  139  134   -1
ch: 120  159  154  158  174  165  182  177  177  179  171  167  157  162  153  155  158  154  140  151  145  142  137  129  138  150  134  134  134  132  147  132    4
ch: 121  183  172  172  184  180  178  177  178  176  180  156  158  162  162  151  141  165  148  147  147  147  138  149  146  144  137  146  142  141  138  117   11
ch: 122  133  141  156  159  181  169  171  172  177  180  153  168  156  161  148  148  149  145  151  139  136  140  130  148  126  126  141  131  132  127  124   -1
ch: 123  173  174  182  182  180  181  170  155  174  169  166  172  155  154  155  156  149  162  139  150  139  139  164  136  133  146  149  141  150  134  136   18
ch: 124  131  124  137  143  158  157  161  159  167  156  173  163  167  171  156  163  147  151  149  147  150  151  145  135  149  138  140  146  139  125  137   -1
ch: 125  166  165  180  185  183  174  180  174  170  171  169  155  164  177  151  156  154  149  150  149  152  146  152  146  148  147  149  141  135  146  137   -1
ch: 126  108  107  113  124  133  133  142  140  151  155  152  165  153  163  154  150  147  147  140  138  141  145  138  139  146  138  125  138  129  121  125    4
ch: 127  133  141  139  149  154  167  174  168  168  169  167  151  164  172  163  170  156  150  155  148  152  153  158  137  139  142  141  137  146  137  146   37
