# ID XA-000-08-003-000-001-243-15
# Tag _trim_
# Date 240620_12:36:46
# Vref_p 57
# Vref_n 24
# Thr2_glb 10
# Vref_t 118
# Vref_t_range 1
# Pol 1
# ADC range 30-247
# FAST disc 30
ch:   0  118  123  121  117  116  129  122  123  115  124  117  115  121  119  131  122  117  116  120  122  118  120  116  123  135  130  110  122  121  120  124   33
ch:   1  133  120  132  131  118  132  133  121  122  113  123  110  119  108  118  107  119  110  117  130  124  108  118  123  105  121  122  121  119  132  120   -1
ch:   2  146  133  137  109  124  119  117  135  122  125  119  134   -1  115  117  130  115  123  122  111  116  119  121  118  122  122  121  117  125  124  134   -1
ch:   3  123  117  118  116  122  120  122  123  132  118  108  125  115  109  118  109  125  115  119  118  118  108  122  114  116  107  124  115  131  124  125   19
ch:   4  122  132  132  115  119  130  131  132  124  109  117  114  118  116  124  110  118  115  116  118  107  121  126  118  119  116  119  115  118  126  116    2
ch:   5  127  131  117  122  124  134  130  119  122  120  125  121  131  125  110  105  120  115  124  117  114  118  121  119  122  124  118  107  119  132  124   19
ch:   6  130  117  132  132  119  119  135  125  113  109  118  121  126  116  123  133  106  120  102  107  121  108  108  118  116  117  118  118  131  122  125   24
ch:   7  122  138  120  127  123  120  117  119  110  114  127  123  123  113  123  120  126  118  104  111  123  118  119  132  117  110  120  121  118  120  126   47
ch:   8  135  121  119  134  132  120  120  116  119  120  119  125  120  124  125  117  120  126  118  108  123  113  118  110  121  120  119  104  115  120  119   11
ch:   9  121  123  119  129  122  126  118  118  113  119  125  110  108  123  122  131  119  124  120  118  119  123  123  122  111  117  134  123  124  113  137   14
ch:  10  133  131  132  131  116  125  121  127  115  116  119  116  120  123  123  120  118  120  115  120  116  120  118  114  125  114  122  119  118  126  124   -1
ch:  11  135  134  131  126  124  123  122  118  117  131  118  117  119  115  130  110  119  129  127  116  123  119  106  110  133  115  119  121  123  133  124    5
ch:  12  121  126  123  124  130  129  118  121  125  118  118  118  117  114  125  120  121  124  107  120  117  121  116  117  116  125  111  132  119  120  132   35
ch:  13  133  125  122  132  123  132  135  123  122  125  133  125  125  117  114  111  131  122  122  132  119  117  118  122  118  111  131  126  127  118  119   10
ch:  14  118  130  119  117  127  115  121  124  135  123  125  120  122  123  130  106  118  119  119  131  124  124  120  121  119  120  134  119  125  125  117   -1
ch:  15  126  121  122  122  119  132  124  123  134  120  116  121  116  132  125  115  119  122  130  122  120  107  121  111  118  124  122  118  120  121  121   34
ch:  16  125  123  121  122  120  120  126  125  120  118  113  132  122  118  123  122  120  109  111  123  123  118  107  118  120  107  115  114  131  114  120   34
ch:  17  126  122  134  123  116  122  118  121  125  126  116  122  123  117  106  117  115  108  103  116  130  108  110  118  118  109  111  124  123  122  130   26
ch:  18  119  124  131  123  123  132  122  116  109  107  122  120  125  106  103  123  116  115  119  119  119  124  116  127  119  116  109  124  123  114  130   15
ch:  19  125  119  122  116  121  131  125  124  123  126  117  120  117  116  119  125  119  113  116  119  115  120  119  118  125  138  130  117  125  133  124   -1
ch:  20  122  118  134  123  135  120  129  118  122  113  118  116  117  122  117  121  120  131  101  123  118  120  107  117  120  109  116  119  131  118  116   -1
ch:  21  138  126  123  122  126  133  118  123  129  130  122  121  121  114  121  107  119  115  126  113  109  118  117  117  126  138  120  133  121  114  129   29
ch:  22  122  117  122  124  122  125  121  123  122  127  122  122  120  111  118  108  118  133  119  122  110  115  115  108  124  120  131  119  117  136  121   -1
ch:  23  134  126  124  120  117  136  120  124  126  123  116  109  114  109  136  118  118  116  120  109  116  118  111  117  124  122  119  121  119  130  122   -1
ch:  24  133  138  117  130  129  122  116  123  118  121  122  122  122  108  130  117  116  116  121  123  118  115  121  108  115  117  118  127  131  119  127   28
ch:  25  136  116  121  120  124  130  108  134  112  140  133  121  117  120  121  118  117  106  115  123  115  105  131  118  121  116  108  117  117  127  127   17
ch:  26  131  119  147  124  132  137  132  119  121  114  118  122  130  119  109  119  124  116  136  117  120  121  103  116  131  125  112  126  116  116  124    5
ch:  27  133  131  131  134  124  132  122  125  122  122  123  118  118  133  121  124  120  123  121  122  110  123  116  120  124  123  123  133  125  121  131   34
ch:  28  131  136  124  119  123  123  119  119  130  118  122  118  113  116  122  106  106  119  117  108  105  116  104  115  110  110  132  119  116  130  123   -1
ch:  29  136  136  141  138  134  151  142  159  153  159  150  165  157  164  169  163  159  167  170  164  170  168  169  176  171  186  170  187  182  172  185   44
ch:  30  131  126  125  122  130  121  131  116  127  122  115  120  118  107  109  107  108  119  115  115  119  118  126  122  121  105  108  134  107  121  133   40
ch:  31  125  118  122  125  120  130  129  117  120  122  124  116  138  126  130  115  121  117  124  116  117  118  114  124  137  124  132  125  136  139  131   -1
ch:  32  137  137  130  149  152  151  150  148  157  157  161  156  158  167  168  158  165  164  164  164  184  180  173  184  169  182  182  186  182  198  197   29
ch:  33  123  132  134  134  124  134  134  132  117  120  134  121  116  132  122  119  119  131  120  121  107  123  116  130  109  134  125  126  132  117  123   -1
ch:  34  125  132  119  122  133  123  132  121  124  139  114  130  124  123  121  122  122  119  118  124  118  121  113  122  116  104  119  122  122  120  123   -1
ch:  35  130  138  133  122  119  120  123  125  120  124  135  119  122  115  114  124  110  117  122  115  137  120  122  122  119  119  132  121  139  138  131   23
ch:  36  131  131  131  117  125  114  122  124  117  131  137  116  125  121  118  119  124  119  121  117  116  116  118  134  106  118  132  125  117  131  118   18
ch:  37  134  126  139  121  126  123  124  122  119  122  131  119  117  123  120  123  116  121  106  131  119  120  118  124  124  115  118  120  117  131  115   32
ch:  38  132  135  117  133  125  116  124  119  124  134  124  131  132  113  119  116  124  114  122  117  115  119  116  117  121  123  122  116  133  121  124    4
ch:  39  135  123  118  125  123  120  125  124  123  122  122  123  115  123  109  120  123  125  122  114  123  124  123  131  123  108  122  132  121  133  136   11
ch:  40  132  124  124  136  140  132  121  135  124  120  117  121  122  125  119  127  119  116  124  110  102  117  118  115  115  131  114  119  123  110  121   -1
ch:  41  136  134  120  138  132  123  134  124  130  123  119  133  133  125  122  123  137  122  120  131  118  133  118  124  125  132  115  135  124  126  126   -1
ch:  42  134  132  124  137  135  120  145  122  118  117  132  126  119  120  117  109  118  116  108  118  119  134  116  123  109  131  134  121  120  125  109   55
ch:  43  119  133  124  114  132  138  124  117  133  123  134  117  116  124  133  131  119  119  131  120  129  123  122  119  126  123  125  127  125  135  122   50
ch:  44  131  140  117  131  120  123  122  116  122  120  122  126  122  115  116  115  133  118  126  122   92  113  118  121  121  117  110  132  127  133  121   35
ch:  45  125  131  119  125  138  133  124  124  115  123  118  133  116  122  119  121  117  117  116  115  124  125  122  121  133  123  125  118  130  124  138    1
ch:  46  121  139  140  122  125  131  125  118  118  117  131  115  116  115  115  117  111  116  115  108  120  107  106  115  120  127  122  122  125  124  123   -1
ch:  47  137  136  123  129  133  129  116  119  116  129  130  123  129  134  132  126  130  131  126  121  135  122  120  122  139  129  126  123  140  135  130   -1
ch:  48  133  119  124  134  125  126  130  125  127  118  129  130  119  122  117  108  103  121  115  120  131  120  116  123  119  122  114  117  126  125  115    5
ch:  49  126  126  126  136  133  123  133  123  120  115  123  121  116  131  116  118  124  119  124  121  123  120  124  134  131  122  124  122  133  119  137    1
ch:  50  131  120  122  118  126  133  118  125  115  125  133  131  120  125  126  128  119  130  117  122  120  115  115  119  131  123  110  117  123  110  120   -1
ch:  51  137  126  123  124  133  129  132  134  117  137  122  123  136  131  124  120  117  124  120  124  119  124  125  117  132  123  126  135  113  135  137   -1
ch:  52  123  127  140  125  121  125  124  125  125  127  123  118  119  114  122  133  124  131  125  124  123  116  123  101  132  137  120  118  120  134  129   17
ch:  53  121  131  135  123  121  126  130  119  127  123  126  115  111  118  127  119  116  125  132  116  124  124  132  131  124  136  126  114  134  123  140   49
ch:  54  126  131  134  130  122  123  121  121  131  131  122  116  125  119  120  124  122  117  122  132  125  118  134  125  132  124  117  115  132  123  126   -1
ch:  55  126  132  135  133  141  109  122  121  116  122  133  129  135  122  127  122  134  125  125  131  131  117  126  124  123  117  122  135  132  132  138   51
ch:  56  135  126  125  126  116  108  121  119  117  124  120  132  119  118  121  106  124  114  122  126  109  125  134  117  116  133  117  121  119  117  124   -1
ch:  57  120  131  129  135  120  130  134  133  133  122  117  118  123  121  119  113  115  118  118  133  132  133  118  122  117  134  119  125  133  133  137   -1
ch:  58  137  126  134  121  122  132  126  134  119  119  121  123  118  138  133  115  122  107  130  126  132  115  118  122  124  124  122  118  130  121  131   -1
ch:  59  119  135  125  121  127  136  135  125  134  133  117  125  119  121   -1  123  120  126  131  131  122  123  122  124  119  124  122  122  123  136  138   -1
ch:  60  125  138  132  124  120  131  130  131  121  122  117  120  130  122  122  125  124  106  119  118  131  134  122  115  130  121  126  118  131  120  109   -1
ch:  61  132  134  133  131  135  131  135  121  131  126  107  125  125  118  122  132  115  123  115  124  124  109  124  117  126  132  120  136  126  122  123   -1
ch:  62  122  132  124  132  132  123  124  124  134  122  119  121  123  118  120  133  118  122  131  119  125  117  115  117  119  109  135  135  125  124  131   48
ch:  63  140  135  120  117  125  130  122  116  121  123  125  122  119  123  132  124  117  126  123  119   -1  116  122  121  130  123  122  108  134  137  131   -1
ch:  64  122  126  120  132  117  117  133  118  123  126  127  131  132  114  115  123  120  125  135  115  125  112  123  126  115  123  125  137  126  122  124   24
ch:  65  123  133  131  121  133  123  124  133  122  119  123  115  118  125  122  127  118  111  118  119   -1  130  135  130  117  126  117  124  133  124  133    6
ch:  66  122  131  138  123  117  135  132  132  134  126  107  118  123  123  125  115  119  118  120  117  119  118  111  120  133  116  119  117  130  135  123   23
ch:  67  130  123  121  132  130  136  122  134  126  120  129  123  124  117  125  129  116  121  132  118  111  140  137  125  126  121  133  122  147  134  138   -1
ch:  68  121  125  125   -1  137  125  117  123  132  122  113  122  116  123  114  115  124  118  134  120  119  120  119  117  116  120  105  116  127  118  118    3
ch:  69  136  130  131  123  127  113  142  122  117  122  114  119  121  114  127  122  124  120  133  116  125  124  118  122  132  124  131  135  136  131  131   -1
ch:  70  125  133  124  124  119  121  123  140  124  119  122  115  126  100  127  120  116  119  116  119  123  132  116  126  116  126  124  124  125  128  131   34
ch:  71  132  121  137  116  126  132  135  123  117  117  123  123  121  133  126  129  124  118  122  132  134  133  124  126  121  123  124  126  130  135  132   -1
ch:  72  137  125  125  123  133  136  125  123  125  123  123  131  122  124  129  123  119  118  119  120  119  126  123  123  124  119  134  129  134   -1  124   27
ch:  73  137  121  116  122  131  117  133  131  122  117  120  131  122  121  133  120  138  124  122  119  107  123  125  124  122  130  135  134  136  123  121   -1
ch:  74  136   -1  138  119  122  121  120  116  119  120  126  135  106  134  118  130  109  125  130  121  126  122  124  127  114  132  121  122  116  117  134   34
ch:  75  119  122  126  132  137  135  133  133  131  118  126  119  124  118  136  132  122  118  122  136  134  135  127  125  123  125  134  123  127  136  121   -1
ch:  76  135  123  135  133  126  125  125  132  134  122  129  113  124  137  116  123  131  118  131  117  123  120  121  123  122  135  122  124  123  134  138   -1
ch:  77  134  123  125  127  117  126  130  120  123  118  133  122  127  128  126  120  123  121  126  126  120  134  122  135  122  115  137  120  138  137  136   -1
ch:  78  120   -1  134  132  119  122  130  137  132  121  109  123  122  120  115  122  118  120  130  115  119  119  132  121  120  119  118  120  121  122  126   33
ch:  79  130  118  125  123  111  135  121  117  109  124  137  131  130  118  125  130  131  130  110  121  130  125  126  122  133  131  118  135  129  132  122   18
ch:  80  134  131  125  130  135  124  123  119  129  121  123  123  118  122  114  120  117  123  117  116  116  121  119  139  121  120  124  124  122  135  122   30
ch:  81  136  118  122  123  115  123  115  119  130  132  119  123  123  122  124  137  118  121  117  120  129  118  138  121  126  134  121  122  136  134  137   -1
ch:  82  136  139  135  126  115  124  120  127  124  134  115  117  120  118  125  121  115  117  109  119  116  104  122  120  122  110  133  110  133  117  124   42
ch:  83  135  126  123  125  120  135  131  104  124  122  123  122  123  118  121  125  100  121  117  119  117  132  113  118  126  122  135  135  122  132  142   -1
ch:  84  131  130  124  131  126  120  134  120  131  122  131  126  119  125  131  116  119  115  125  123  116  118  124  122  121  120  132  123  121  121  123   19
ch:  85  124  134  134  134  122  135  121  120  122  129  117  126  120  120  122  121  125  120  121  123  123  125  123  134  115  126  131  122  133  135  119   -1
ch:  86  127  124  132  131  125  138  122  136  115  120  118  117  121  123  109  109  118  120  120  116  124  109  120  116  115  124  131  123  134  123  121   19
ch:  87  133  131  126  133  120  134  120  121  126  139  131  124  118  113  123  120  136  129  131  114  123  132  135  119  134  134  130  123  133  123  123   19
ch:  88  122  123  139  111  132  132  116  116  116  118  129  120  121  123  114  120  116  120  118  107  118  123  124  114  122  126  125  122  122  133  131   34
ch:  89  127  132  131  137  133  124  134  121  125  131  123  123  110  119  127  120   -1  125  139  123  126  134  117  119  135  135  133  136  137  123  136   -1
ch:  90  138  127  126  136  124  119  119  125  124  133  113  129  121  116  118  131  115  120  122  130  118  121  116  123  119  114  118  126  121  124  121   -1
ch:  91  124  122  119  133  139  122  120  121  124  119  118  131  131  123  124  120  135  122  126  106  119  120  137  120  120  134  121  136  123  125  131   21
ch:  92  125  136  124  138  133  123  135  123  120  118  132  123  120  113  106  124  129  130  120  120  107  117  108  132  119  118  121  125  118  132  139   -1
ch:  93  125  137  124  125  121  126  122  130  119  131  122  137  115  125  120  125  119  118  121  125  119  117  123  123  126  133  118  132  135  124  136   -1
ch:  94  125  119  117  132  135  122  128  125  124  116  118  121  124  122  123  116  110  118  122  119  118  121  123  117  106  110  119  123  125  124  130   33
ch:  95  132  132  123  141  139  139  118  117  134  122  125  120  119  123  130  118  118  122  111  121  122  133  105  119  126  131  134  130  133  132  123   -1
ch:  96  127  126  132  132  121  128  121  116  116  121  117  116  121  109  116  127  110  125  124  120  107  117  122  117  125  115  110  124  121  120  123   -1
ch:  97  130  125  138  121  130  134  133  123  124  127  116  123  125  122  130  110  123  121  121  123  125  131  109  121  117  129  118  117  133  127  131    2
ch:  98  133  125  131  130  120  116  111  122  125  125  124  139  120  125  115  118  120  111  117  113  119  123  109  120  119  125  119  125  120  121  121   46
ch:  99  125  130  133  121  121  137  124  119  124  118  118  123  118  131  135  120  122  122  121  124  120  118  117  120  123  134  121  135  140  134  136   28
ch: 100  130  130  130  122  131  126  117  118  126  112  117  122  118  116  110  117  120  123  118  118  108  117  123  118  134  121  131  116  126  130  119   -1
ch: 101  135  123  119  132  137  126  123  109  126  123  136  121  107  119  118  121  119  111  120  119  121  115  129  123  123  118  134  123  122  136  121   14
ch: 102  134  123  133  137  131  123  132  119  118  122  116  108  121  123  124  124  116  114  121  118  124  115  120  117  116  107  131  124  132  131  122   42
ch: 103  125  132  121  123  133  120  116  121  132  127  126  119  116  121  123  124  116  107  119  125  123  121  132  119  132  124  124  138  127  133  146   -1
ch: 104  132  120  134  133  121  122  124  126  123  130  123  116  124  132  117  121  130  122  136  120  126  131  118  110  126  122  116  120  133  118  121   -1
ch: 105  132  137  122  131  117  125  123  139  123  124  122  118  113  120  133  121  121  117  123  119  117  124  119  119  124  126  118  122  135  119  133   17
ch: 106  108  131  126  132  126  122  124  132  131  109  125  118  130  123  126  116  118  106  121  116  118  134  117  106  117  120  121  124  124  132  123   -1
ch: 107  137  124  133  122  117  133  124  120  127  116  115  133  114  134  118  119  125  115  123  116  122  124  122  118  133  125  124  124  120  131  120   26
ch: 108  125  127  136  120  122  126  121  122  123  119  123  120  122  116  108  120  124  113  113  121  122  117  109  119  120  112  120  117  120  131  127   -1
ch: 109  122  141  126  121  134  126  130  114  120  130  120  132  118  118  111  116  108  124  130  116  115  124  118  120  132  119  108  124  124  121  127   -1
ch: 110  138  120  125  123  122  132  117  123  136  118  125  119  117  126  108  118  126  121  116  120  126  125  120  118  109  130  108  124  130  117  120   -1
ch: 111  130  133   -1  132  126  135  123  120  114  125  121  132  124  132  125  122  122  125  116  119  124  132  119  122  125  121  121  119  133  137  120   28
ch: 112  134  133  123  124  125  132  124  133  122  123  121  130  118  122  107  102  118  117  108  118  120  120  106  118  118  126  123  121  121  117  118   -1
ch: 113  124  123  131  123  122  126  126  123  138  132  119  133  120  119  115  126  117  130  122  124  123  124  124  124  116  102  120  117  134  119  131   43
ch: 114  123  133  132  140  127  123  119  119  124  116  117  119  123  133  115  122  119  107  116  111  119  122  107  121  124  121  134  115  135  123  119   51
ch: 115  134  133  121  119  120  123  126  115  140  121  120  124  126  123  109  134  119  118  123  127  123  119  123  119  129  133  129  124  133  125  126   26
ch: 116  139  127  122  123  115  124  122  124  133  125  113  119  131  135  121  106  121  124  119  118  116  121  117  123  116  117  122  122  122  123  117   25
ch: 117  125  124  134  135  125  133  115  130  133  122  118  121  123  123  117  123  110  125  115  120  124  125  116  119  119  122  115  121  130  122  124   52
ch: 118  132  136  123  134  122  111  124  124  131  116  119  113  118  119  102  121  120  123  122  107  116  117  115  120  123  107  114  121  123  124  119   42
ch: 119  121  125  123  124  123  136  121  120  124  130  116  133  123  123  131  122  106  117  124  123  109  118  121  120  123  133  118  125  129  119  124    5
ch: 120  109  136  136  133  123  122  121  127  121  123  115  118  123  121  115  107  124  107  120  121  108  125  117  117  125  109  120  113  117  121  125   -1
ch: 121  138  123  125  135  134  124  121  122  121  115  121  119  120   99  108  115  110  108  107  119  114  121  120  123  118  122  121  116  115  123  126    6
ch: 122  129  131  135  136  123  132  126  122  105  117  115  130  121  107  127  124  118  121  117  125  109  118  110  119  119  118  119  122  126  121  126   19
ch: 123  112  125  134  135  131  126  124  119  135  120  120  119  125  120  135  125  122  124  122  121  125  119  118  118  115  119  134  125  124  124  132   -1
ch: 124  132  132  117  122  125  125  123  123  132  132  115  118  120  106  122  123  117  116  111  104  122  133  114  118  119  118  117  109  121  130  116   -1
ch: 125  124  132  124  135  130  115  130  125  115  116  121  119  129  123  133  124  117  122  118  115  135  122  119  117  118  126  124  117  121  138  127   -1
ch: 126  136  137  135  126  116  135  120  123  119  107  127  121  118  105  120  110  119  122  119  119  115  123  112  125  123  125  111  117  115  119  123   30
ch: 127  114  124  140  133  134  123  110  122  119  130  110  117  117  125  125  123  125  113  121  127  122  125  118  135  117  123  133  136  135  132  122   -1
