# ID XA-000-08-003-000-001-250-15
# Tag _trim_
# Date 240620_11:11:44
# Vref_p 57
# Vref_n 23
# Thr2_glb 53
# Vref_t 118
# Vref_t_range 1
# Pol 0
# ADC range 30-247
# FAST disc 30
ch:   0  116  133  119  118  122  124  103  116  108  115  121  120  104  103  108  118   99  106  105  109  105  104   98  108  107  104  104  114  102  117  118   56
ch:   1  124  123  107  117  131  127  104  116  119  124  122  121  124  124  109  109  125  121  116  109  115  108  115  114  118  108  118  120  123  134  122   30
ch:   2  123  133  119  116  123  110  106  114  116  120  120  118  118  103  118  121  119  117   94  108  118  110  115  110  108  124  107  101  118  106  108   39
ch:   3  120  119  116  118  119  131  123  119  112  120  124  125  122  123  127  122  119  114  122  115  125  130  122  124  118  123  119  130  120  117  118   18
ch:   4  116  119  115  127  119  121  106  103  116  123  107  123  102  108  116  108  105  109  102  116  121  119  107  106  105  107  106  102  115  110  107   54
ch:   5  130  120  126  111  122  122  125  120  120  121  131  116  110  119  110  131  117  118  109  110  118  130  116  118  111  108  118  110  118  127  121   23
ch:   6  116  119  109  115  115  121  121  107  112  118  117  115  104  115  108  107  102  108  104  106  101  105  114  101  103  104  104  119  104  106  109   53
ch:   7  121  121  121  125  120  123  121  114  125  124  111  117  120  119  116  116  126  119  115  121  106  120  123  119  107  116  115  122  118  118  124   23
ch:   8  124  123  118  125  117  103  117  116  115  125  116  118  120  107  118  117  107  109  110  110  105  121  119  108  117  103  103  115  124  117  120   44
ch:   9  118  136  122  116  121  125  118  120  120  116  118  118  123  125  106  117  121  130  111  120  121  120  124  121  126  129  106  119  120  118  118   15
ch:  10  119  120  115  109  119  110  103  120  106   94  110  111  101  118  108  111  104  115   97  107  105  117  106  106  100  107  104  101  104  115  125   53
ch:  11  118  123  121  120  132  121  110  130  114  134  116  122  126  116  121  122  120  123  117  119  117  122  121  105  126  116  119  123  131  127  123   18
ch:  12  121  116  108  120  110  116  118  117  117  116  109  115  119  115  117  110  107  116  107  125  124  102  123  110  106  100  114  100  118  124  108   53
ch:  13  116  115  121  118  119  124  114  122  132  126  120  118  119  119  119  124  129  118  130  110  118  124  122  118  120  121  117  121  123  122  114   16
ch:  14  120  136  122  133  119  118  123  116  119  123  115  112  105  101   95  107  107  101  120  107  118  106  115  109  109  106  111  108  113  119  109   39
ch:  15  119  120  133  119  125  116  132  114  123  120  109  125  123  121  118  109  116  118  116  114  115  118  124  133  115  117  131  113  116  125  119   13
ch:  16  118  115  129  120  122  134  122  120  122  119  115  116  120  123  113  119  129  117  122  106  117  116  119  101  111   95  119  105  100  121  105   54
ch:  17  117  124  119  115  117  122  131  125  123  127  117  118  118  115  126  123  123  121  129  118  120  115  105  125  121  120  126  131  125  121  126   15
ch:  18  118  123  120  118  108  112  124  105  119  117  116  116  119  117  119  101  109  106  106  108  110  107  103  115  109  107  106  115  103  114  109   50
ch:  19  123  128  119  116  120  117  114  117  128  121  116  119  107  121  124  101   -1  117  107  126  109  106  118  122  106  117  108  110  117  123  117   12
ch:  20  124  116  105  122  108  117  123  124  113  123  107  117  103  116  121  122  123  108  108  124  106  111  104  109  106  106  118  117  105  120  113   50
ch:  21  120  133  125  122  124  123  123  122  119  120  120  116  127  116  121  116  123  119  115  117  122  117  118  119  126  113  122  116  123  121  122   11
ch:  22  117  111  124  119  108  121  109  114  134  119  106  124  119  119  124  113  134  124  116  106  111  115  120  107  107  117  111  108  108  106  119   56
ch:  23  124  121  121  123  102  118  121  122  121  122  126  118  104  125  114  123  116  118  120  124  117  132  124  124  133  118  115  126  135  133  131   13
ch:  24  117  109  118  120  134  117  110  105  124  111  108  124   94  108  118  115  103   94  119  107  115  102  115  106  116  107  116  105  106  115  118   50
ch:  25  117  114  125  116  123  119  116  122  118  121  117  123  118  123  117  105  122  115  115  116  119  108  117  120  124  117  116  136  123  133  125   13
ch:  26  118  108  121  123  121  134  102  119  118  118  122  117  115  116  121  130  114  107  116  114  117  119  115  107  127  110  114  115  123  124  115   46
ch:  27  124  116  122  126  132  119  125  123  123  121  135  125  127  122  109  125  131  131  119  121  119  131  124  117  125  127  124  129  135  126  130    3
ch:  28  121  120  132  118  129  110  116  116  122  106  121  104  109  117  120  114  106  108  116  109  114  107  118  102  109  127  122  116  104  117  109   56
ch:  29  118  121  122  120  117  114  116  121  116  119  117  111  115  110  113  120  120  109  122  115  105  116  110  114  105  122  122  119  121  122  114    7
ch:  30  124  126  110  120  118  124  121  119  116  123  114  121  120  116  119  100  111  117  104  125  108  105  111   99  106  121  120  116  130  120  110   46
ch:  31  117  123  122  120  121  117  109  132  122  120  117  114  117  119  116  120  118  118  122  121  125  121  118  125  120  118  123  122  126  126  117    3
ch:  32  109  122  122  121  124  125  116  122  117  119  114  119  116  116  115  124  120  118  120  117  117  111  104  119  120  125  117  117  120  120  120   56
ch:  33  117  110  117  120  122  123  109  105  119  120  118  118  116  117  118  124  115  118  115  109  108  114  110  121  114  116  129  114  125  116  130    6
ch:  34  119  120  122  109  119  110  111  121  121  117  111  120  122  110  108  113  119  113  105  103  115  108  106  124  108  116  114  118  118  115  123   46
ch:  35  123  133  124  132  116  115  118  119  120  117  120  113  108  120  119  108  108  114  121  121  122  121  122  116  123  116  117  129  131  120  122    8
ch:  36  118  135  115  118  117  126  116  120  123  117  105  110  124  122  117  117  117  105  105  113  103  116  108  110  110  115  120  118  116  117  110   47
ch:  37  122  121  131  116  123  118  120  123  110  120  127  121  122  125  126  113  103  107  116  116  119  121  125  122  120  123  113   -1  116  119  126    9
ch:  38  123  123  120  129  119  127  116  118  121  107  116  121  115  110  116  115  107  105  109  109  114  107  105  117  109  121  121  126  105  106  118   46
ch:  39  124  122  122  117  114  133  119  115  126  119  116  116  124  121  121  124  127  122  125  122  123  125  122  117  123  131  131  120  126  132  129    7
ch:  40  121  115  118  120  117  120  111  107  104  110  117  117  110  108  109  110  118  118  109  108  121  102  123  113  123  109  116  123  118  120  114   48
ch:  41  127  119  119  131  125  136  132  124  124  124  118  110  119  121  121  120  115  118  104  125  125  111  115  120  118  132  108  125  116  129  136    9
ch:  42  121  118  111  115  122  116  124  110  107  116  123  106  117  110  115  121  107  111  108  109  119  108  109  116  103  115  121  116  107  113  115   43
ch:  43  132  147  119  127  118  123  107  124  124  124  121  131  118  121  116  123  108  123  109  123  117  120  121  122  121  123  124  123  125  132  124    6
ch:  44  120  132  129  111  118  121  119  117  126  121  124  118  123  111  115  116  116  118  111  115  102  118  117  109  106  120  122  124  119  120  134   48
ch:  45  127  122  116  129  117  121  122  131  117  130  119  130  117  120  109  113  123  118  125  122  122  118  117  115  108  119  123  131  120  129  120    7
ch:  46  115  121  124  125  117  122  118  116  117  124  132  114  108  118  121  116  112  117  114  121  119  116  102  105  117  106  111  104  117  123  121   35
ch:  47  130  123  120  133  124  121  123  119  115  123  122  125  133  121  124  118  124  108  125  133  135  121  121  134  122  126  133  119  122  132  131   13
ch:  48  116  135  119  120  120  117  122  119  113  118  122  121  119  130  122  113  121  116  106  115  103  123  102  114  119  115  110  126  121  110  126   48
ch:  49  110  124  110  121  116  118  122  126  121  125  120  123  116  120  119  122  123  115  119  111  120  119  125  131  125  120  120  130  117  129  129    4
ch:  50  119  115  116  119  124  118  117  127  122  117  124  115  130  116  110  119  117  123  126  110  117  123  132  122  106  115  123  120  115  118  116   47
ch:  51  123  125  123  126  118  114  120  118  109  130  125  116  121  118  109  122  131  120  116  119  113  119  116  120  120  117  120  116  135  116  117    6
ch:  52  116  129  120  121  124  123  109  118  122  125  122  115  121  118  125  118  120  113  118  104  115  123  119  113  117  114  120  110  125  126  117   40
ch:  53  119  131  130  118  117  117  123  110  113  122  106  119  118  118  105  115  110  117  117  102  126  120  109  117  125  116  116  119  121  115  116    6
ch:  54  126  124  117  120  118  114  126  119  126  119  127  117  120  117  123  116  116  114  116  105  108  108  115  115  120  114  108  115  119  116  105   56
ch:  55  123  123  131  123  114  124  126  120  125  119  121  123  124  124  124  122  120  125  125  111  116  124  119  111  116  123  115  118  115  125  124    5
ch:  56  120  123  118  129  122  116  118  126  122  115  121  111  119  123  104  122  122  126  120  124  118  117  115  123  109  120  125  118  125  117  120   54
ch:  57  123  122  127  124  122  134  118  117  123  124  126  107  112  127  116  116  116  124  120  116  125  131  118  118  122  119  121  122  123  122  132   12
ch:  58  113  116  108  122  118  122  121  121  124  115  125  121  120  111  102  115  117  123  116  110  119  106  109  123  108  119  114   99  115  116  121   40
ch:  59  125  137  130  121  123  123  124  125  120  124  131  130  129  123  126  115  128  126  124  130  136  134  121  127  127  124  115  131  125  134  133    3
ch:  60  126  126  121  108  130  118  118  109  118  108  117   94  115  118  122  118  131  106  108  123  117  118  119  118  121  121  132  121  127  120  125   56
ch:  61  122  123  125  126  120  130  122  116  124  122  124  115  130  119  110  120  125  106  133  110  126  119  132  132  124  121  118  120  132  125  122    1
ch:  62  131  121  118  121  108  118  123  120  119  123  105  127  119  122  111  115  124  116  124  121  108  120   99  109  115  120  106  116  116  117  123   46
ch:  63  119  125  120  125  125  133  120  117  118  123  121  131  110  120  132  123  120  126  132  123  119  117  137  124  131  134  129  121  124  138  130   11
ch:  64  126  126  112  113  124  114  123  121  117  119  122  126  123  126  116  109  117  105  107  116  120  107  121  121  115  128  119  119  122  119  124   45
ch:  65  132  134  124  124  110  125  120  125  124  106  121  118  121  122  118  124  116  119  126  133  116  124  120  119  126  119  121  134  133  120  133    6
ch:  66  125  120  121  118  115  118  113  109  117  110  116  117  118  108  114  112  114  102  109  119  111  124  116  104  102  116  107  117  121  116  124   34
ch:  67  117  122  121  130  119  131  119  121  119  119  119  121  126  120  123  116  117  122  126  121  124  130  124  131  122  126  120  119  136  135  123    1
ch:  68  116  109  121  120  119  130  103  111  116  115  118  114  121  116  120  119  120  114  104  116  110  119  121  115  118  115  115  116  107  118  126   34
ch:  69  121  116  123  130  119  133  131  123  126  122  126  122  132  121  135  121  123  131  108  127  126  134  137  116  123  132  129  123  125  125  135   10
ch:  70  119  121  121  116  124  116  122  125  116  111  117  122  119  118  117  123  121  114  106  101  106  120  115  108  122  117  117  114  118  114  118   39
ch:  71  133  121  131  123  126  122  123  124  119  110  118  119  125  123  112  122  125  118  122  119  119  118  117  138  119  124  117  123  126  126  131    7
ch:  72  117  123  126  117  110  123  122  122  111  116  109  120  121   -1  118  120  115  118  121  108  117  115  100   -1  103  116  120  106  116  111  119   35
ch:  73  118  125  123  119  119  133  113  129  127  121  117  120  119  127  123  117  131  121  134  131  131  121  117  131  110  132  123  133  137  132  131    4
ch:  74  117  125  128  142  129  121  125  125  117  111  115  119  117  127  124  132  110  117  120  109  109  121  117  116  131  116  122  109  119  124  121   45
ch:  75  111  125  124  120  122  132  124  123  123  122  135  124  119  123  117  123  124  117  124  118  118  109  122  121  133  120  130  129  121  121  121   12
ch:  76  116  122  127  131  110  115  126  108  110  122  121  121  106  117  133  121  115  122  109  119  116  105  122  115  113  126  120  117  126  120  111   41
ch:  77  127  124  123  120  122  125  125  118  114  122  117  129  131  132  131  122  127  108  124  125  125  122  123  130  121  124  118  131  124  132  138    6
ch:  78  124  130  121  121  107  105  117  120  131  109  121   99  115  118  117  122  107  119  108  120  121  108  116  109  117  104  125  119  113  113  115   39
ch:  79  126  125  132  124  124  117  126  121  121  131  118  136  118  118  116  116  114  121  130  118  130  120  125  122  118  119  137  119  119  117  130    3
ch:  80  122  121  133  115  120  122  123  122  115  122  119  119  113  117  131  116  112  117  107  118  107  116  115  110  100  114  109  116  120  114  118   36
ch:  81  131  109  122  120  132  126  125  125  124  109  127  118  118  133  122  118  135  123  124  130  121  119  120  120  118  119  126  124  133  132  123    9
ch:  82  125  130  120  116  117  110  122  117  114  109  115  118  109  124  115  122  115  117  119  110  110  107  106  116  109  126   99  108  119  108  115   34
ch:  83  115  123  125  126  126  123  124  124  119  120  131  117  117  120  116  115  120  120  123  133  131  136  122  109  104  111  133  102  116  133  114    4
ch:  84  124  122  122  124  124  124  110  126  117  114  110  107  110  110  118  116  105  122  116  117  120  110  122  112  108  117  116  117  109  116  105   32
ch:  85  127  129  123  124  121  119  117  117  119  107  106  122  119  118  124  106  126  118  126  121  134  122  122  116  118  120  122  130  125  125  119    2
ch:  86  118  108  121  109  123  108  115  119  123  115  119  119  131  111  121  123  109  106  105  120  120  115  118  116  113  117  120  115  125  117  126   35
ch:  87  130  119  117  136  121  121  126  123  126  115  109  124  126  115  118  129  120  114  122  125  120  108  122  130  117  123  111  124  127  132  134    5
ch:  88  122  120  118  119  125  121  120  119  126  107  115  117  118  122  119  131  109  117  109  118  110  108  120  114  111  124  110  123  120  113  116   35
ch:  89  127  122  134  121  119  123  130  130  123  121  122  122  127  117  114  117  123  113  115  126  113  123  123  119  119  126  131  125  119  123  122    1
ch:  90  120  123  118  107  121  109  120  124   -1  124  117  110  121  114  117  116  108  107  118  102  115  117  101  115  105  104  115  115  119  116  131   31
ch:  91  113  130  125  120  124  124  131  123  119  134  123  119  129  120  131  131  120  122  124  116  116  121  125  114  111  124  122  133  123  125  135   -1
ch:  92  119  134  131  118  105  114  122  116  118  110  124  112  125  120  123  120  121  114  118  110  114  110  124  122  115  113  115  115  110  123  123   30
ch:  93  125  129  124  137  126  132  133  121  122  118  133  122  109  129  123  122  126  117  133  120  127  126  131  125  127  133  126  115  126  124  123    7
ch:  94  126  123  119  132  117  117  116  122  115  120  117  113  120  103  110  102  100  109  114  117  101  110  105  107  107  110  119  108  121  126  116   25
ch:  95  132  120  118  122  125  130  120  117  116  118  109  118  121  123  119  117  122  118  117  121  109  117  134  124  123  116  117  125  126  134  131    5
ch:  96  130  120  125  125  121  116  120  121  115  123  119  123  120  116  120  114  118  109  124  109  123  123  121  118  118  108  122  111  105  122  113   25
ch:  97  124  125  123  121  132  122  123  122  114  133  127  122  124  129  130  125  124  125  124  123  123  122  132  141  125  122  116  120  134  123  129    6
ch:  98  126  124  126  125  119  123  115  117  120  121  118  106  122  119  115  121  107  104  106  108  123  104  108  110  121  103  117  106  106  119  118   30
ch:  99  134  108  125  119  123  123  120  125  132  137  131  121  117  126  123  109  118  121  120  118  122  109  117  133  123  129  126  141  131  127  123   -1
ch: 100  119  121  115  109  127  109  108  121  104  115  115  120  119  115  118  116  108  106  120  107  105  118  119  117  116  105  123  121  115  105  108   19
ch: 101   -1  123  135  120  119  116  123  131  119  126  136  121  110  123  121  105  119  131  113  116  114  124  129  124  110  124  121  122  123  134  113   -1
ch: 102  118  123  122  124  115  122  118  119  107  107  108  121  117  124  107  138  121  111  100  108  115  116  119  117  108  120  114  109  120  120  116   24
ch: 103  111  116  117  110  123  118  126  126  125  130  120  121  116  115  116  117  125  126  129  118  118  124  115  116  124  125  124  105  124  124  129    2
ch: 104  120  132  121  117  116  120  119  122  124  120  111  106  122  118  116  115  107  110  113  107  103  106  117  116  122  117  121  109  110  119  123   21
ch: 105  123  122  117  122  125  118  121  120  127  119  135  122  122  114  123  116  127  111  118  117  108  115  116  119  131  123  130  100  132  133  131   -1
ch: 106  121  131  115  127  121  124  125  118  114  110  123  120  118  117  116  118  115  110  125  110  124  121  116  108  122  118  119  108  122  110  124   14
ch: 107  117  115  121  119  110  124  121  127  120  107  125  122  125  120  111  119  121  118  123  122  109  125  114  116  130  119  120  129  135  131  133   33
ch: 108  121  121  122  121  123  131  122  115  119  132  103  111  110  120  106  110  114  115  119  102  104  119  124  117  116  116  114  118  116  115  110   17
ch: 109  125  119  128  123  117  129  121  122  124  113  118  126  110  109  118  133  115  121  124  119  120  123  126  124  125  124  125  131  127  131  126   -1
ch: 110  127  123  124  120  116  116  106  119  125  115  116  122  114  111  115  106  122  114  106  114  105  106  120   99  107  108  108  110  116  111  114   21
ch: 111  121  118  123  121  108  110  123  124  132  126  117  125  131  122  120  126  122  122  121  127  126  119  121  132  130  129  119  133  132  123  127    2
ch: 112  122  121  118  124  132  110  116  110  117  119  106  120  109  111  117  121  121  120  115  118  109  115  118  123  107  102  109  116  109  115  124   12
ch: 113  133  130  108  129  125  125  119  122  123  121  123  121  120  122  126  124  130  122  108  122  117  105  117  124  107  126  114  123  125  121  139   -1
ch: 114  141  130  125  115  123  120  115  123  120  117  117  108  109  105  115  113  118  116  107  108  117  121  122  117  107  102  101  114  107  117  108    3
ch: 115  119  120  133  117  124  116  124  121  107  127  130  122  117  125  129  132  122  125  119  118  126  121  125  130  130  121  126  126  121  129  133   35
ch: 116  119  130  123  118  123  115  124  121  124  134  123  106  110  117  109  116  121  115  131  114  119  109  110  109  108  123  118  130  108  125  124   15
ch: 117  132  132  130  111  130  120  120  132  121  119  130  120  118  129  131  115  115  118  122  125  119  122  120   -1  119  120  120  132  130  122  136   50
ch: 118  118  126  124  120  125  116  116  109  120  110  107  125  124  108  108  122  117  109  102  115  106  111  124  119  108  110  121  108  109  116  121   10
ch: 119  120  133  122  119  120  116  122  130  123  130  121  132  107  116  117  119  115  118  115  125  118  123  133  119  124  115  130  118  116  133  115   46
ch: 120  121  121  121  120  132  131  121  110  114  111  106  125  116  121  111  111  110  114  109  106  105  114  117  113  118  123  115  119  117  113  117   11
ch: 121  122  114  132  131  120  119  126  118  127  122  119  117  132  123  124  124  125  131  125  118  124  124  132  124  116  118  118  132  130  125  140   26
ch: 122  115  121  119  117  118  123  116  116  122  111  117  116  120  106  107  110  122  111  105  115  119  114  109  105  111  110  110  124  116  115  125    8
ch: 123  127  121  121  116  109  122  125  121  117  118  122  127  119  134  117  107  119  122  115  121  116  122  131  125  122  135  113  117  122  118  122   -1
ch: 124  130  117  132  120  120  114  106  104  109  123  106  113  115  120  108  110  107  110  121  118  115  110  108  107  120  111  113  104  118  120  109    2
ch: 125  126  124  105  131  110  124  117  120  131  121  136  120  117  124  110  132  117  120  115  116  107  102  107  108  112  131  116  118  119  115  132   -1
ch: 126  122  120  117  120  120  122  119  123  125  108  122  119  117  116  107  115  117  105  119  110  121  103  118  107  102  103  113  119  105  111  121   -1
ch: 127  134  108  124  123  121  122  130  124  132  121  126  127  132  120  120  115  126  123  121  115  130  115  126  125  122  123  130  131  131  125  121   32
