# ID XA-000-08-003-000-002-013-07
# Tag _trim_
# Date 240620_12:08:25
# Vref_p 58
# Vref_n 24
# Thr2_glb 55
# Vref_t 118
# Vref_t_range 1
# Pol 0
# ADC range 30-247
# FAST disc 30
ch:   0  122  120  105  121  116  121  116  114  124  124  116  123  121  119  114  119  122  110  115  123  115  116  125  115  120  117  124  124  119  119  132   23
ch:   1  119  133  109  124  121  123  116  130  126  127  133  121  121  121  132  130  120  123  118  120  137  127  122  124  124  119  126  134  116  135  132   14
ch:   2  120  104  115  131  109  126  123  109  123  118  115  116  123  125  123  115  115  117  116  124  123  123  124  115  132  124  109  124  122  118  123   33
ch:   3  120  132  132  125  125  127  116  117  131  125  121  132  123  123  124  133  125  114  126  125  121  134  133  133  131  123  125  132  132  132  132    8
ch:   4  127  116  123  111  121  114  119  121  115  119  120  120  127  118  122  116  110  104  118  120  119  132  121  119  121  119  123  122  119  118  135   46
ch:   5  122  123  116  118  121  126  116  123  121  119  122  119  115  124  123  119  122  124  131  120  125  120  120  125  118  133  122  134  133  139  122   15
ch:   6  116  119  120  120  122  124  136  115  116  114  115  124  125  108  120  116  115  123  116  109  124  122  117  117  114  106  118  119  132  122  118   56
ch:   7  120  123  123  120  123  117  124  118  122  119  118  119  119  109  124  122  132  119  136  118  123  132  124  123  123  118  135  123  121  135  120    8
ch:   8  116  119  121  122  117  121  126  118  119  130  118  117  130  124  133  119  122  125  121  126  119  121  132  115  118  136  125  128  123  123  136   56
ch:   9  126  119  134  120  133  108  114  119  118  121  120  130  127  121  118  122  122  132  123  133  119  130  139  123  121  120  118  134  133  132  123   14
ch:  10  116  132  110  116  115  129  121  123  129  114  119  118  123  119  122  131  121  132  118  120  123  115  116  120  115  118  111  120  132  118  122   56
ch:  11  108  123  127  123  126  110  109  133  119  120  125  118  117  127  124  119  116  118  134  121  120  124  125  138  133  134  135  125  149  141  135   18
ch:  12  118  116  116  120  114  122  106  121  125  113  115  123  127  130  121  125  116  113  114  121  117  116  132  111  115  126  113  122  123  114  136   56
ch:  13  120  123  109  117  122  120  133  122  116  122  133  120  125  133  125  133  116  118  123  130  117  145  125  121  127  140  118  143  121  131  135   14
ch:  14  115  119  131  119  116  125  117  119  121  124  132  123  120  116  120  117  120  119  123  122  115  108  124  109  106  124  120  147  124  133  121   53
ch:  15  121  119  116  121  118  118  118  117  125  124  125  125  115  126  118  126  121  117  134  118  124  139  132  123  126  119  123  127  125  126  132   14
ch:  16  118  121  122  117  120  119  118  123  119  123  117  124  138  132  122  116  116  133  133  121  117  117  118  120  117  117  115  124  125  134  122   56
ch:  17  121  123  115  108  122  124  124  125  111  117  120  122  122  122  125  120  130  114  120  131  121  126  126  138  137  133  136  122  133  136  135   14
ch:  18  105  103  137  116  118  121  122  121  109  119  124  114  122  131  122  121  124  127  130  128  120  121  134  131  117  125  132  119  135  111  122   56
ch:  19  108  116  117  123  116  114  131  120  124  123  131  135  124  132  123  127  125  121  124  125  121  133  140  148  138  114  130  138  132  149  142   19
ch:  20  120  118  109  125  126  119  121  108  117  126  115  119  113  118  109  119  118  120  124  117  120  117  124  122  131  119  132  118  137  121  121   56
ch:  21  106  119  120  105  122  115  120  118  120  126  117  122  126  126  118  126  122  135  125  131  136  138  143  133  123  141  149  132  134  135  141   21
ch:  22  118  121  125  108  119  125  124  121  119  122  119  122  122  125  116  129  123  107  113  133  123  119  120  119  124  118  134  116  123  125  123   52
ch:  23  117  124  122  126  133  137  126  118  119  126  122  136  116  114  117  127  119  126  135  133  133  127  122  123  123  131  149  136  136  132  133   10
ch:  24  119  117  132  115  115  117  120  118  121  115  116  116  118  117  111  115  133  111  126  133  118  117  117  118  120  122  117  118  121  120  136   48
ch:  25  109  121  120  123  132  125  127  134  121  125  121  131  114  122  122  123  126  137  118  122  132  124  126  126  138  118  142  136  138  121  137    7
ch:  26  117  118  117  118  119  122  123  123  119  124  124  116  120  126  118  120  122  117  126  123  124  120  122  124  120  130  117  122  124  120  121   47
ch:  27  114  120  134  106  123  126  117  122  133  120  123  119  126  133  126  135  137  133  133  134  135  131  133  139  136  132  147  132  138  138  139   14
ch:  28  132  121  117  117  122  130  117  136  124  125  132  127  110  116  117  124  125  121  120  119  120  126  121  119  118  119  118  118  126  119  132   56
ch:  29  122  119  121  123  116  125  122  111  123  124  117  123  127  124  114  122  121  139  119  136  136  126  132  120  137  122  122  126  138  127  135   13
ch:  30  118  131  118  122  117  132  108  118  125  127  122  107  124  125  115  120  119  119  124  117  119  116  121  118  131  119  137  120  115  117  111   56
ch:  31  122  124  116  114  125  116  122  121  122  117  119  127  126  117  134  117  136  123  132  133  118  132  134  126  136  125  139  138  135  135  151   15
ch:  32  116  116  121  125  122  120  125  119  125  122  122  122  129  123  123  121  135  123  131  111  133  123  121  132  120  121  119  133  132  122  126   55
ch:  33  124  118  122  119  122  126  123  121  117  133  135  120  126  119  124  121  124  121  132  124  135  139  136  125  134  125  120  134  134  124  130   14
ch:  34  114  124  117  119  124  115  123  118  135  117  120  118  123  119  125  120  117  114  121  121  123  119  115  129  124  116  116  115  122  118  117   50
ch:  35  122  119  124  124  133  116  115  124  119  118  125  125  125  121  133  131  110  121  134  121  123  125  134  134  140  120  133  137  140  138  137   16
ch:  36  110  116  109  119  109  119  124  122  117  123  115  120  122  120  120  120  116  123  118  125  115  107  125  115  126  119  117  121  123  119  123   49
ch:  37  114  122  134  124  118  122  121  120  136  122  130  116  121  125  123  124  116  124  123  135  125  131  141  108  146  136  121  123  133  123  133   12
ch:  38  124  121  120  125  117  115  122  124  117  132  119  133  126  118  132  124  122  120  122  125  129  119  108  122  117  125  125  136  131  124  125   56
ch:  39  105  111  125  115  125  125  123  125  115  109  117  131  130  115  124  136  123  117  135  136  137  121  136  141  140  138  135  125  134  123  125    9
ch:  40  116  124  123  119  124  107  122  114  117  109  115  125  120  110  132  121  121  116  125  125  121  115  116  133  121  125  134  122  121  132  114   43
ch:  41  119  111  124  122  124  108  121  123  124  134  116  121  121  120  133  121  126  135  136  134  130  124  134  140  121  135  134  123  141  138  150   11
ch:  42  120  114  119  119  131  124  116  132  123  116  115  121  125  116  121  124  119  115  119  125  122  120  124  123  122  122  117  124  126  142  136   48
ch:  43  116  126  124  118  117  132  119  117  137  136  133  124  124  121  125  123  136  119  130  123  138  136  124  138  138  134  135  137  148  138  139   12
ch:  44  124  120  133  121  108  123  121  115  119  122  120  122  121  123  116  115  120  124  122  125  123  123  119  133  122  120  134  111  130  123  131   50
ch:  45  133  134  118  124  132  130  121  124  118  111  137  126  122  134  122  120  122  126  134  123  131  130  139  134  140  124  132  134  136  126  134    8
ch:  46  123  115  132  120  109  111  129  126  118  117  123  126  118  124  123  110  120  122  126  124  109  122  131  119  111  124  122  117  124  133  133   48
ch:  47  116  118  121  116  122  115  120  116  122  124  123  125  123  116  133  118  132  134  125  133  133  120  125  138  138  135  134  133  136  139  138   10
ch:  48  118  117  118  119  111  123  119  115  123  115  124  129  121  132  115  117  125  120  108  115  117  123  133  119  121  119  122  131  133  117  133   50
ch:  49  123  117  117  116  118  116  127  122  108  124  116  121  122  115  134  120  135  138  123  125  115  126  123  132  133  133  131  135  135  140  133    7
ch:  50  120  114  120  121  123  123  126  115  121  116  119  118  124  123  120  119  118  125  121  127  122  110  119  120  119  120  131  122  124  133  135   42
ch:  51  121  111  122  114  124  129  107  115  117  123  120  121  123  114  124  123  116  136  107  121  134  125  118  124  131  114  124  123  125  126  131    9
ch:  52  120  117  118  117  132  115  121  119  121  117  115  132  115  116  136  127  138  126  109  118  132  136  125  122  134  125  126  135  116  134  137   47
ch:  53  116  118  123  122  121  119  118  117  114  121  133  122  132  115  136  126  122  145  136  111  131  145  126  123  134  134  135  141  148  131  131   12
ch:  54  122  117  119  121  121  120  116  129  124  120  124  138  131  124  140  134  132  116  123  119  132  123  134  121  118  122  132  132  126  134  133   48
ch:  55  133  119  118  124  121  121  135  119  121  126  124  124  125  133  120  119  122  132  124  124  125  126  139  134  133  133  125  123  134  120  138   16
ch:  56  123  111  105  120  105  111  122  126  123  125  123  112  121  117  122  128  109  121  122  119  120  113  121  117  119  126  123  116  122  139  117   43
ch:  57  123  121  116  119  123  118  132  120  121  120  121  119  121  132  133  124  121  121  119  124  130  120  125  135  135  122  125  123  132  140  137    6
ch:  58  120  106  116  124  116  122  122  124  121  124  123  126  117  132  114  136  111  118  105  122  132  127  121  133  132  125  134  133  138  134  132   43
ch:  59  123  118  122  109  117  116  124  133  133  120  132  130  110  136  133  126  133  135  136  135  126  135  125  127  126  141  135  140  141  131  136    9
ch:  60  120  116  118  116  116  118  117  135  133  121  119  118  123  122  123  116  125  130  117  119  115  116  126  118  115  123  116  122  127  134  132   53
ch:  61  120  114  121  117  119  133  120  127  123  125  125  115  121  127  126  124  123  126  130  122  124  122  127  122  128  124  136  133  134  133  132   11
ch:  62  119  110  122  120  119  114  127  135  118  118  120  118  125  109  120  122  126  114  120  125  124  115  124  121  125  118  121  125  124  132  139   44
ch:  63  108  121  126  125  116  120  121  118  131  131  133  124  117  121  136  126  109  132  126  119  142  136  136  119  135  135  121  141  133  148  132   14
ch:  64  133  118  110  121  115  124  122  118  131  124  118  121  130  132  117  123  131  134  130  125  132  123  119  118  137  135  123  119  133  123  121   43
ch:  65  113  124  117  117  133  115  134  117  131  125  124  132  125  117  131  115  122  118  131  122  124  125  122  126  126  139  126  137  131  136  122    8
ch:  66  125  117  116  119  120  127  121  116  118  124  106  119  119  122  111  108  119  116  116  124  123  119  134  114  119  122  123  136  122  124  135   52
ch:  67  118  131  117  123  124  133  122  123  115  134  134  125  133  132  131  136  139  126  135  142  132  147  139  139  138  142  137  137  137  141  147   18
ch:  68  122  122  110  125  117  116  122  127  109  122  117  118  120  122  124  108  124  118  126  126  119  122  121  133  120  123  135  116  122  125  125   27
ch:  69  114  127  117  118  118  122  126  132  122  124  133  120  118  137  110  126  126  121  132  114  123  137  126  136  133  133  138  131  140  141  147   12
ch:  70  111  131  118  126  124  121  115  119  116  126  131  118  114  123  118  116  120  115  106  123  120  120  121  123  117  124  123  122  135  122  123   34
ch:  71  133  120  119  122  133  135  123  115  125  132  133  139  127  126  121  117  133  134  135  132  121  124  134  122  133  126  132  131  135  138  140   11
ch:  72  118  121  118  121  124  121  120  121  133  131  119  121  132  121  123  117  125  109  134  122  126  135  121  125  119  126  125  132  124  141  134   35
ch:  73  133  121  116  123  123  131  122  127  123  123  136  148  124  124  123  132  122  134  132  132  122  125  122  136  132  119  137  124  134  125  138   13
ch:  74  117  120  116  114  122  119  124  119  119  125  127  118  116  108  126  120  115  109  118  132  125  121  117  134  131  119  131  121  133  131  126   29
ch:  75  131  123  125  118  114  115  119  120  130  132  127  119  124  122  136  123  124  135  134  116  137  125  124  117  126  141  132  145  138  134  140   17
ch:  76  109  112  123  125  126  124  117  123  115  126  134  124  121  123  126  124  118  126  122  115  119  116  132  110  119  126  119  123  119  122  120   41
ch:  77  132  118  122  117  125  122  125  119  118  115  117  118  125  118  125  121  119  115  119  125  127  121  135  133  134  127  132  146  125  133  146   12
ch:  78  115  111  135  109  115  117  123  131  121  133  121  119  120  117  121  118  117  118  123  116  126  123  124  135  117  126  134  122  123  123  132   33
ch:  79  108  121  119  122  121  124  123  135  111  145  125  115  137  130  123  121  122  132  135  143  122  136  136  133  130  135  134  125  141  132  134   16
ch:  80  113  108  125  122  122  118  135  123  134  118  133  120  129  125  125  122  120  123  123  117  118  113  125  132  134  132  132  123  120  146  130   35
ch:  81  120  121  120  124  126  123  124  132  122  124  120  125  125  120  131  136  118  124  134  120  123  119  132  135  135  135  131  124  123  134  139    9
ch:  82  120  119  117  113  120  122  118  120  119  117  116  125  132  122  127  120  125  119  124  123  117  123  121  141  135  137  122  117  122  120  133   43
ch:  83  115  105  123  132  116  131  134  126  137  123  115  126  135  116  134  121  121  119  113  120  132  133  126  137  136  125  117  133  140  139  138   14
ch:  84  120  138  119  116  114  116  122  117  119  107  115  121  123  122  122  115  123  120  120  118  116  132  118  123  124  120  123  117  119  134  118   31
ch:  85  111  122  117  121  119  120  124  135  124  119  118  124  122  130  118  130  120  139  127  130  130  135  126  139  132  139  137  136  133  141  133    8
ch:  86  112  114  123  122  118  113  120  109  117  124  117  123  107  115  105  109  115  124  123  118  124  117  113  119  126  119  123  119  125  135  133   28
ch:  87  124  116  123  133  123  134  134  121  115  125  124  124  121  121  131  121  124  123  132  123  139  133  121  120  117  122  119  131  123  138  133    8
ch:  88  132  115  121  117  119  116  110  131  119  119  126  132   -1  123  131  116  119  124  120  124  120  119  119  121  125  121  131  119  124  134  132   21
ch:  89  121  125  120  105  131  124  120  127  123  125  130  131  118  138  131  132  137  132  122  136  137  131  130  133  121  126  141  125  124  140  143    7
ch:  90  130  113  120  135  125  117  122  120  120  124  121  122  122  119  123  126  133  133  129  122  125  127  121  114  106  122  134  130  121  120  118   25
ch:  91  113  117  122  120  113  119  120  120  119  134  133  136  126  136  132  123  131  125  123  123  134  133  116  140  140  133  138  121  134  138  134   13
ch:  92  119  118  122  122  109  120  119  130  118  114  124  121  130  139  126  133  136  117  123  123  120  117  119  114  129  126  113  132  120  118  135   28
ch:  93  125  121  114  130  121  123  120  121  119  133  119  117  119  120  124  118  120  124  135  124  126  125  133  134  131  134  133  138  124  125  130    7
ch:  94  124  120  121  113  124  119  123  123  115  124  118  123  133  132  116  109  120  124  115  135  117  129  122  121  127  124  121  124  123  131  142   32
ch:  95  124  125  126  126  125  124  119  116  121  119  124  123  124  132  137  119  133  134  134  136  134  123  134  123  136  133  125  120  134  139  133    3
ch:  96  118  118  121  123  121  104  118  122  123  131  121  134  132  116  122  130  133  121  122  120  119  134  117  127  136  126  127  124  126  126  116   23
ch:  97  115  124  123  126  120  123  122  121  133  132  133  118  126  119  133  120  120  124  124  122  142  125  122  133  131  125  119  136  140  132  121    9
ch:  98  120  120  116  116  125  118  117  136  108  127  119  120  132  121  134  123  134  123  121  117  105  132  125  115  118  124  123  125  121  123  136   21
ch:  99  118  124  125  122  117  132  114  126  135  134  118  120  132  135  126  131  132  136  134  140  116  121  132  126  134  140  143  141  121  118  136   10
ch: 100  121  116  117  124  127  125  114  122  114  121  124  120  125  121  122  132  111  122  125  118  123  118  124  125  122  117  122  124  118  132  127   26
ch: 101  122  124  123  125  120  132  119  121  125  119  122  125  125  122  123  124  122  135  123  133  136  134  131  133  137  139  126  135  119  134  133   13
ch: 102  119  126  120  116  115  117  110  116  120  107  122  117  119  119  120  114  125  117  119  124  124  127  125  105  115  117  132  134  125  135  122   20
ch: 103  136  132  120  120  126  127  121  127  122  113  124  119  131  124  126  125  119  123  134  132  125  118  125  138  117  140  134  139  122  131  126   13
ch: 104  121  117  116  134  122  109  114  115  117  107  121  118  113  119  117  125  118  121  115  122  116  122  131  133  117  120  136  114  120  132  120   22
ch: 105  120  120  118  120  120  118  127  125  120  126  125  123  121  120  121  137  122  132  119  122  121  119  121  128  114  123  131  123  140  114  138    3
ch: 106  125  115  118  124  133  120  106  131  127  126  118  113  122  121  133  132  121  123  123  124  131  121  117  115  133  121  132  123  119  120  122   20
ch: 107  119  115  116  117  132  125  119  124  114  124  122  131  119  123  134  117  118  125  133  122  126  117  130  138  124  134  126  141  141  130  140    3
ch: 108  130  114  117  126  132  117  120  116  114  116  125  116  121  120  124  131  105  121  120  121  107  122  134  118  116  123  115  124  132  119  133   19
ch: 109  118  121  123  122  119  111  121  121  133  135  125  123  129  122  140  126  120  134  123  122  132  118  124  139  134  135  136  140  134  140  135    9
ch: 110  116  117  124  119  120  127  122  117  121  117  134  131  126  122  137  119  120  137  123  126  123  123  126  116  125  120  135  120  117  139  120   23
ch: 111  134  126  115  122  120  117  125  123  116  122  122  124  123  131  122  124  130  121  118  124  138  134  134  141  132  134  130  131  138  148  121    2
ch: 112  114  114  125  123  110  117  116  118  121  124  119  126  116  119  114  110  120  125  135  131  120  125  115  120  120  127  116  114  123  122  132    9
ch: 113  118  118  116  117  120  119  125  123  125  125  120  118  123  115  123  130  137  125  136  119  126  146  136  134  120  124  133  134  149  138  135    8
ch: 114  131  109  122  117  106  121  120  119  131  121  127  122  127  131  117  117  124  110  117  123  115  131  117  107  120  119  119  132  126  131  123   21
ch: 115  126  132  117  119  120  122  124  122  135  122  115  131  119  126  136  122  135  121  118  120  124  116  134  123  121  124  133  136  135  146  152   -1
ch: 116  117  122  118  126  127  106  117  114  122  126  107  110  119  119  120  112  110  122  134  135  107  127  121  126  131  124  123  116  122  124  125   18
ch: 117  117  116  122  126  123  126  122  131  120  121  110  122  117  119  122  125  116  125  119  124  132  132  124  137  133  133  125  125  141  134  125    3
ch: 118  120  119  109  120  107  129  124  121  110  111  123  126  121  114  118  119  118  116  124  119  122  119  121  118  123  123  124  129  133  122  121   19
ch: 119  124  114  115  123  125  124  117  123  115  119  116  123  120  115  124  115  131  126  122  119  116  119  125  114  126  127  123  122  125  137  134   14
ch: 120  113  125  120  124  116  124  108  119  120  116  123  108  109  119  117  131  121  124  123  117  123  118  118  116  126  120  116  118  123  130  131    5
ch: 121  109  124  119  116  124  120  123  121  118  132  121  123  125  116  121  118  125  120  116  133  126  125  136  122  126  133  136  135  131  131  126   -1
ch: 122  118  116  118  122  121  120  110  115  109  119  107  113  121  118  120  109  123  118  107  122  118  118  113  120  120  117  113  124  117  130  124   19
ch: 123  130  121  110  116  119  107  131  116  120  126  125  122  120  121  116  122  125  131  122  122  137  124  126  136  122  134  124  133  132  135  136   -1
ch: 124  115  108  105  116  119  120  130  123  106  123  135  119  122  126  126  125  123  116  124  118  119  121  116  113  122  117  124  118  126  120  135    5
ch: 125  123  114  124  123  124  120  113  118  110  118  116  119  118  120  118  133  124  121  123  134  121  127  132  126  120  125  120  131  123  135  134   11
ch: 126  124  123  131  114  110  106  125  125  119  123  107  114  117  106  113  122  119  113  122  122  118  124  118  123  126  123  121  119  119  125  124   -1
ch: 127  121  119  116  130  120  133   -1  131  122  123  121  123  126  132  116  124  124  126  119  122  127  124  123  120  125  141  132  135  133  149  132   -1
