# ID XA-000-08-003-000-001-249-15
# Tag _trim_
# Date 240620_19:07:38
# Vref_p 58
# Vref_n 22
# Thr2_glb 57
# Vref_t 118
# Vref_t_range 1
# Pol 1
# ADC range 30-247
# FAST disc 30
ch:   0  133  124  120  114  113  132  117  117  117  117  122  118  120  118  108  114  117  105  116  114  117  109  131  115  118  117  123  118  124  126  132   -1
ch:   1  118  118  130  117  124  116  123  110  109  108  116  119  104  113  115  108  111  105  117  110  114  103   94  123  118  118  122  121  123  118  122   10
ch:   2  122  120  119  122  126  116  115  110  117  121  106  104  104  114  114  106  101  111  117  107  111  102  108  123  117  123  120  119  120  123  132   13
ch:   3  121  121  123  121  116  117  117  109  119  115  108  108  109  110  110  116  114  119  110  115  116  121  127  106  113  109  127  125  122  122  122   23
ch:   4  122  107  117  123  115  111  104  113  121  114  116  102  117  103  109  117  107  114  104  112  114  115  103  106  122  119  124  122  108  116  134   19
ch:   5  121  116  115  121  115  111  107  120  123  111  106  108  118  105  115  125  113  123  109  120  109  119  108  109  119  116  108  120  119  123  132   27
ch:   6  120  126  132  115  119  129  116  107  106  119  131  115  105  119  117  115  114  114  101  108  108  116  114  116  113  134  118  125  117  125  116   27
ch:   7  123  118  121  121  116  117  130  122  107  118  103  111  107  109  103  121  112  118  119  121  110  116  116  119  121  120  119  133  127  136  126   32
ch:   8  120  115  123  115  111  118  123  113  111  124  118  107  116  107  120  120  115  116  109  117  109  120  108  116  110  118  121  117  123  120  122   17
ch:   9  130  116  116  122  137  121  130  119  122  105  114  119  124  110   99  114  108  104  117  110  120  120  110  105  125  115  107  121  118  115  123   35
ch:  10  115  124  122  123  119  121  119  121  122  124  114  116  107  104  115  106  121  112  118  115  124  116  117  116  117  108  116  116  115  123  122   27
ch:  11  120  119  116  123  119  109  110  121  104  121  121  122  109  123  129  110  111  109  122  105  116  115  109  121  120  107  115  132  120  126  122   46
ch:  12  123  124  120  121  102  121  120  117  123  120  114  105  108  117  110  113  118  108  117  106  114  107  116  116  117  116  122  120  124  116  123   28
ch:  13  125  121  121  120  119  121  115  123  116  109  120  120  125  109  115  119  120  123  118  118  109  115  112  127  117  116  116  118  119  125  138   43
ch:  14  123  116  119  124  106  117  116  101  102  115  107  109  113  118  120  119  107  110  114  119  110  117  108  110  119  115  125  121  121  121  130   27
ch:  15  108  114  122  118  113  117  107  114  107  118  115  105  115  118  107  106  107  123  116  103  123  115   99  115  125  125  109  117  124  127  133   39
ch:  16  109  117  119  124  111  122  120  120  106  108  111  106  110  117  109  110   -1  116  116  112  117  117  120  107  109  121  117  123  116  127  133   17
ch:  17  124  125  121  113  115  108  124  115  122  108  100  116  116  115  119  113  106  108  121  107  115  116  110  110  105  124  125  126  125  132  119   42
ch:  18  131  123  116  135  123  119  106  114  116  126  118  118  121  107  106  122  110  107  107  119  121  108  115  101  122  110  100  117  121  119  115   27
ch:  19  115  123  119  131  123  123  116  124  117  117  116  107  108  119  129  115  115  117  117  114  108  123  120  114  126  123  125  124  121  124  125   42
ch:  20  106  121  119  121  113  121  122  115  116  114  117  119  115  113  116  114  119  104  117  120  109  116  107  116  115  123  119  108  124  124  125   29
ch:  21  117  132  115  122  123  103  126  115  124  122  110  108  117  120  115  119  119  116  119  117  121  131  118  122  108  123  130  123  124  121  123   44
ch:  22  127  123  118  117  124  121  109  118  115  117  109  106  120  121  111  109  115  112  117  104  119  123  116  122  110  119  109  119  121  122  122   24
ch:  23  130  133  119  125  119  107  121  116  116  106  114  110  107  107  112  115  104  117  106  105  115  110  120  123  119  119  126  122  123  122  124   56
ch:  24  119  125  119  118  115  124  116  107  114  106  117  107  117  115  116  111  100  121  121  106  110  118  108  126  121  114  121  115  123  121  125   38
ch:  25  115  117  116  116  120  115  105  124  111  116  110  113  106  108  106  102  114  106  117  121  117  119  115  118  117  123  118  107  122  114  142   52
ch:  26  120  122  126  107  121  121  117  120  124  119  124  125  112  117  114  118  115  105  116  117  116  109  105  121  114  133  118  117  125  109  110   20
ch:  27  124  117  121  124  120  104  121  120  106  116  135  124  111  106  115  121  116  105  117  115  115  132  109  123  119  116  125  134  124  137  133   47
ch:  28  122  130  126  122  104  110  121  123  125  121  109  113  106  114  116  119  114  119  113  109  110  113  118  114  117  120  123  109  107  124  125   24
ch:  29  122  123  111  133  127  114  115  110  125  118  119  122  117  121  108  116  124  115  123  111  132  114  114  123  126  125  118  123  136  111  126   56
ch:  30  123  116  119  122  120  121  124  118  115  111  114  105  118  116  107  109  108  117  106  106  117  115  117  108  123  129  113  123  109  124  126   49
ch:  31  113  114  118  120  123  117  121  115  122  108  109  111  118  109  122  110  116  115  116  118  106  116  122  121  119  120  120  126  125  126  123   53
ch:  32  122  126  116  115  116  115  103  115  106  106  111  119  117  110  118  123  115  120  114  120  113  109  107  104  116  107  120  117  117  123  122   28
ch:  33  116  123  119  118  123  116  117  121  114  117  115  121  118  106  119  106  119  122  123  118  124  114  123  125  118  110  115  121  124  119  132   47
ch:  34  122  125  124  123  116  115  105  116  116  118  118  121  123  108  123  106  117  115  111  114  118  110  120  116  116  118  119  121  122  122  118   31
ch:  35  122  122  122  123  122  117  119  117  120  121  116  115  116  122  108  116  125  124  122  119  106  122  116  109  119  120  131  118  132  134  126   56
ch:  36  125  115  115  116  113  107  115  120  116  114  119  108  116  116  107  115  121  122  109  111  109  125  117  119  105  117  107  119  134  120  132   33
ch:  37  124  125  120  122  121  116  122  117  116  117  120  114  109  110  108  124  118  118  121  120  118  114  114  120  123  120  125  126  134  124  133   56
ch:  38  123  105  133  131  117  123  117  124  120  110  107  110  120  118  116  118  121  104  123  117  105  128  113  113  120  118  122  123  116  123  126   28
ch:  39  116   -1  122  118  119  133  118  117  106  111  125  119  127  117  106  110  119  116  124  111  118  116  113  119  132  119  121  127  125  135  126   49
ch:  40   -1   64   56   70   -1   90   96   71  105   97  119  111  120  117  118  113  117  104  109  120  114  120  115  108  116  116  119  119  116  134  129   14
ch:  41  130  125  115  111  116  109  118  109  120  117  107  118  120  107  122  114  122  112  110  119  117  119  117  116  127  127  122  127  133  124  119   54
ch:  42  121  117  114  115  113  116  118  123  126  112  103  116  109  104  106  115   -1  111  107  122  111  116  122  121  119  122  118  122  126  122  125   29
ch:  43  108  117  124  122  133  127  139  110  116  116  121  117  117  127  115  116  114  120  110  118  115  118  124  116  132  111  133  130  131  134  132   56
ch:  44  121  117  121  119  117  117  118  120  109  120  118  114  118  117  117  114  118  119  115  117  132  114  120  109  118  119  126  115  120  121  131   41
ch:  45  110  123  126  120  124  120  113  123  120  116  110  123  109  118  119  116  114  116  111  123  107  105  123  122  124  113  121  124  124  133  118   56
ch:  46  124  121  133  116  124  121  111  119  123  121  116  114  113  105  113  116  114  109  113  116  110  109  103  126  117  124  124  114  120  125  127   39
ch:  47  120  120  121  124  117  117  116  119  131  114  115  116  124  116  107  117   -1  116  116  119  115  117  109  115  118  133  107  135  134  133  125   50
ch:  48  119  119  120  124  115  124  104  118  121  115  116  120  116  115  123  110  120  101  104  118  107  109  113  109  108  123  110  118  122  130  119   26
ch:  49  118  113  108  124  118  124  111  125  121  117  124  110  121  107  114  119  121  115  122  115  113  115  118  122  119  127  122  126  137  133  124   52
ch:  50  126  130  122  106  114  118  117  127  115  109  105  111  117  115  105  108  106  106  111  109  114  114  116  115  106  116  105  116  110  118  124   44
ch:  51  132  125  123  121  115  126  119  122  116  106  111  119  106  123  120  127  108  115  110  126  126  120  118  114  124  127  120  122  134  138  134   52
ch:  52  125  118  115  108  117  120  100  123  108  103  118  130  110  110  116  115  114  114  119  120  109  117  108  115  114  117  109  118  124  110  134   47
ch:  53  117  120  120  121  113  106  122  119  121  106  115  122  110  108  119  113  108  114  134  107  119  122  119  135  132  122  123  123  122  134  133   56
ch:  54  118  116  117  119  120  114  122  109  122  113  118  120  104  119  115  118  108  125  117  115  116  114  111  108  121  116  114  119  123  121  119   41
ch:  55  132  107  117  115  120  111  114  121  122  121  113  109  110  119  119  120  111  114  110  132  123  123  123  133  120  130  122  110  136  120  133   56
ch:  56  119  130  101  117  108  118  124  110  121  119  116  121  118  118  107  119  117  109  107  119  104  117  124  115  119  120  118  123  119  118  134   41
ch:  57  122  125  120  120  118  105  125  122  130  115  115  108  118  121  125  118  116  114  119  116  111  116  118  120  134  122  119  117  124  132  132   48
ch:  58  124  114  116  124  113  121  120  107  122  109  123  110  110  123  125  116  110  105  123  101  105  102  111  106  121  109  116  122  122  122  121   32
ch:  59  125  119  118  121  119  122  125  134  114  105  100  116  111  117  114  115  116  115  117  124  131  122  118  119  125  121  125  119  122  132  131   56
ch:  60  118  124  125  120  125  122  115  111  110  117  122  114  121  115  119  121  118  112  121  108  106  111  111  137  127  115  119  126  121  121  131   47
ch:  61  123  118  117  124  121  120  123  119  102  124  121  123  124  115  106  116  118  118  105  130  123  109  117  126  115  127  133  114  126  131  124   56
ch:  62  116  122  119  137  109  126  123  123  119  109  121  116  119  124  123  108  116  118  131  118  121  117  110  117  118  111  134  132  125  121  131   36
ch:  63  122  119  119  118  127  126  115  130  106  118  120  106  117  115  116  108  109  119  119  119  123  111  118  126  121  133  122  110  113  119  124   50
ch:  64  130  132  129  126  121  115  116  121  119  121  118  107  117  107  118  118  108  118  121  114  121  115  119  118  120  115  108  120  117  122  127   40
ch:  65  126  131  122  117  118  119  119  125  122  123  107  122  108  113  117  118  112  111  119  122  116  123  120  124  120  116  121  124  120  134  130   56
ch:  66  130  105  105  121  122  119  122  114  121  111  114  105  118  116  114  121  113  101  119  120  122  107  106  110  117  123  114  117  115  126  118   33
ch:  67  121  119  119  125  121  126  115  118  129  125  109  119  117  108  122  114  123  110  131  118  135  120  117  103  116  115  130  131  123  135  133   56
ch:  68  122  124  129  118  119  108  118  118  120  120  114  109  119  117  111  118  120  108  118  111  127  115  119  124  132  125  116  119  123  115  120   43
ch:  69  121  123  108  121  123  124  118  111  120  115  108  109  119  124  101  117  119  123  107  117  120  122  110  115  122  121  121  135  117  132  121   56
ch:  70  121  113  120  115  116  117  122  113  116  110  110  108  110  108  118  118  110  121  109  118  117  124  118  117  124  122  121  119  130  134  131   47
ch:  71  125  133  133  123  117  116  117  118  123  123  119  118  112  121  117  123  120  115  120  119  121  122  120  123  125  124  117  144  136  127  125   42
ch:  72  116  135  122  121  120  109  124  116  107  135  122  105  120  120  115  113  106  102  119  122  111  116  117  114  108  119  121  122  120  111  124   39
ch:  73  119  122  125  122  121  121  121  107  121  117  119  108  117  121   -1  121  106  125  123  110  115  122  118  137  102  137  121  120  123  130  135   56
ch:  74  116  131  116  116  109  117  118  121  122  121  114  122  103  122  121  119  102  124  123  110  120  120  120  107  130  120  130  126  123  125  122   45
ch:  75  120  120  127  122  135  121  119  108  122  121  108  128  111  123  121  115  117  115  106  123  118  121  117  121  125  133  124  124  125  133  133   48
ch:  76  132  122  123  118  124  123  118  115  117  116  125  116  115  119  111  111  105  121  121  118   95  114  115  111  124  119  118  121  132  123  134   32
ch:  77  126  120  116  121  124  108  124  121  122  120  113  120  125  116  115  107  111  115  105  124  108  121  115  131  119  123  124  124  122  130  125   56
ch:  78  121  114  121  118  113  132  116  122  107  122  113  109  118  117  121  120  108  117  117  113  119  115  123  116  114  118  116  120  132  115  131   40
ch:  79  126  122  122  123  114  115  117  130  125  124  123  120  117  117  121  117  121  123  115  116  134  127  117  123  123  132  122  126  141  127  136   56
ch:  80  132  118  118  119  122  123  120  118  118  117  117  121  117  116  122  124  110  119  110  111  124  116  118  108  124  119  109  133  123  111  124   36
ch:  81  135  118  119  123  110  120  125  114  104  123  117  122  120  127  125  115  117  119  121  122  122  125  117  122  127  132  129  142  134  122  133   50
ch:  82  123  126  124  119  121  120  120  106  116  115  123  117  109  115  116  122  106  114  114  117  107  106  125  117  115  119  124  125  122  121  123   36
ch:  83  113  125  121  124  115  117  120  115  119  106  124  108  124  116  116  127  120  124  108  111  116  109  120  110  127  123  129  121  131  136  131   48
ch:  84  127  121  118  118  119  119  123  118  130  124  120  129  131  118   -1  118  106  120  113  116  118  110  114  107  116  125  117  120  137  123  124   26
ch:  85  110  108  119  110  125  120  119  106  124  117  111  115  119  120  113  120  119  115  118  107  123  106  110  117  118  115  116   -1  124  133  124   41
ch:  86  118  129  122  117  123  123  117  134  117  110  110  125  118  122  102  119  119  109  123  120  117  122  130  126  109  121  130  117  123  118  137   32
ch:  87  127  119  122  126  121  123  117  110  126  123  124  121  117  110  103  118  120  117  119  118  119  111  122  122  121  125  131  125  136  140  133   35
ch:  88  118  111  126  117  115  131  132  117  114  125  121  118  112  118  133  113  119  107  107  114  108  111  121  106  118  132  123  125  121  125  121   24
ch:  89  121  133  132  116  130  125  109  111  110  118  131  120  125  121  109  114  119  117  115  124  109  116  112  125  120  126  120  131  136  124  126   54
ch:  90  118  127  121  127  127  123  106  119  119  124  120  111  121  121  122  118  105  118  121  110  111  122  122  107  123  132  116  124  122  132  132   30
ch:  91  130  123  123  118  109  113  118  117  120  122  117  122  126  125  104  118  122  116  116  125  123  133  121  114  121  120  122  132  132  121  135   50
ch:  92  125  121  121  125  116  127  115  121  120  118  126  121  120  105  119  119  110  118  120  110  123  119  124  117  118  114  123  121  126  118  140   43
ch:  93  115  133  122  115  125  117  125  104  116  114  116  108  120  124  116  103  105  115  113  108  119  115  121  118  123  119  122  129  135  138  120   38
ch:  94  123  121  110  120  109  121  119  109  111  108  110  126  106  116  113  114  119  116  114  114  106  119  119  110  110  116  121  111  120  122  119   36
ch:  95  122  119  131  117  121  116  120  118  132  114  101  119  119  125  112  110  126  123  121  110  116  126  114  125  126  120  130  132  129  123  137   53
ch:  96  124  125  127  123  105  125  115  106  120  120  116  116  119  122  114  117  100  114  109  113  116  109  120  122  121  118  117  130  119  124  133   32
ch:  97  113  121  120  139  119  122  116  113  116  127  118  116  120  111  118  116  108  123  118  118  122  120  108  123  114  122  109  134  124  137  148   52
ch:  98  125  120  107  115  108  123  120  115  123  101  108  121  109  114  109  120  109  114  109  105  109  119  116  106  109  118  119  119  131  123  122   27
ch:  99  125  121  117  131  116  124  125  120  125  119  120  117  117  119  116  115  115  132  109  122  122  115  109  130  125  125  124  125  125  135  133   34
ch: 100  125  125  133  121  119  113  118  124  122  123  121  124  107  111  117  106  117  120  122  117  116  115  123  120  117  114  116  126  128  120  134   20
ch: 101  124  133  122  125  125  122  115  123  110  114  117  120  109  113  117  120  124  115  121  123  108  117  123  126  126  125  128  122  134  138  136   42
ch: 102  116  131  123  125  131  120  116  123  123  124  109  120  120  115  116  115  116  115  109  118  117  119  117  101  119  110  119  122  111  121  119   40
ch: 103  121  126  122  119  131  124  115  120  121  116  118  119  118  123  119  118  125  117  108  115  125  123  123  126  122  125  126  140  122  132  142   42
ch: 104  117  119  126  117  122  124  118  122  121  119  106  107  119  118  119  116  110  116  119  119  116  116  102  119  120  108  109  122  126  133  122   33
ch: 105  127  124  119  120  117  117  120  124  114  110  120  106  109  124  117  115  118  120  117  117  126  118  115  125  120  121  137  131  124  138  142   39
ch: 106  123  117  118  116  121  115  120  119  127  134  111  103  116  113  109  108  119  119  104  108  109  115  116  119  130  103  127  132  118  125  124   35
ch: 107  120  115  126  122  115  126  117  123  121  119  118  116  115  131  106  107  114  123  118  119  114  116  122  119  121  121  134  136  136  124  131   37
ch: 108  118  117  118  121  130  110  118  116  121  120  118  108  103  121  107  116  105  121  120  114  109  116  106  108  119  115  121  124  124  123  129   21
ch: 109  135  113  115  120  131  119  132  120  122  120  124  125  121  125  115  126  115  133  108  125  123  109  123  133  125  121  126  131  130  125  124   41
ch: 110  123  125  132  125  122  127  114  110  111  118  118  109  115  100  120  123  119  108  111  116  117  113  109  118  120  121  106  110  120  125  117   30
ch: 111  120  118  121  114  124  118  132  110  121  117  114  123  113  111  120  126  120  110  121  123  123  124  121  106  117  122  118  121  126  135  132   38
ch: 112  117  123  127  124  110  105  105  119  120  120  114  118  115  117  120  113  105  117  115  112  125  111  117  115  120  116  118  116  118  122  125   18
ch: 113  110  132  125  123  119  131  110  120  121  123  118  116  108  126  118  122  120  117  109  117  114  115  118  124  110  135  134  127  126  130  126   48
ch: 114  131  108  122  117  107  117  108  107  119  114  114  111  127  123  118  107  123  116  124  106  118  127  109  125  119  127  121  125  118  125  123   13
ch: 115  120  119  122  124  116  126  119  115  118  118  121  131  110  114  119  125  125  117  119  120  115  118  118  123  108  132  121  138  121  127  124   37
ch: 116  125  119  123  119  116  115  126  117  123  115  105  118  119  101  106  116  110  109  119  109  111  116  115  116  108  104  115  123  115  116  125   25
ch: 117  117  122  124  124  127  116  119  105  118  121  115  124  125  109  120  108  116  117  108  118  123  119  115  118  120  119  120  120  121  122  120   29
ch: 118  120  126  123  118  103  123  115  117  123  118  119  123  108  121  114  116  114  115  103  107  116  114  116  115  133  106  107  118  130  134  121   20
ch: 119  116  124  115  126  122  126  120  120  110  131  111  122  120  125  121  111  118  116  114  124  132  123  116  125  127  122  123  121  134  131  137   34
ch: 120  122  118  118  123  119  126  115  105  119  120  110  118  119  120  114  123  118  121  118  114  107  116  108  114  115  121  116  115  120  135  126   29
ch: 121  126  120  117  130  118  123  124  117  119  116  122  116  126  109  111  122  123  121  109  124  124  120  125  118  123  120  130  130  123  137  126   39
ch: 122  137  119  118  116  119  121  125  109  108  118  118  106   98  121  117  116  108  102  109  106  111  119  124  122  119  109  122  120  121  115  117   26
ch: 123  121  127  118  115  119  126  121  117  124  105  124  131  104  123  122  115  110  124  110  124  119  118  121  120  123  120  123  132  133  131  141   29
ch: 124  106  125  115  115  122  122  119  118  117  107  104  107  113  120  115  111  106  108  108  105  100  116  117  120  124  121  116  123  133  120  122   20
ch: 125  125  129  131  114  117  123  126  132  129  115  125  122  109  126  117  121  117  113  123  119  123  116  107  132  123  126  137  132  135  122  136   28
ch: 126  134  134  118  120  119  120  121  120  116  108  120  104  107  108  106  101  117  107  114  113  115  117  108  115  104  107  116  126  114  123  122   28
ch: 127  117  134  125  132  136  137  130  139  137  137  135  135  132  132  133  132  135  133  131  140  142  134  150  136  139  138  143  154  147  152  149   13
