# ID XA-000-08-003-000-002-012-07
# Tag _trim_
# Date 240620_16:55:44
# Vref_p 57
# Vref_n 24
# Thr2_glb 60
# Vref_t 118
# Vref_t_range 1
# Pol 0
# ADC range 30-247
# FAST disc 30
ch:   0  119  125  119  113  108  119  123  116  117  120  121  105  124  117  119  121  118  115  117  121  114  120  116  107  121  106  119  115  116  116  109   22
ch:   1  125  136  122  131  125  119  131  116  119  121  122  130  131  126  127  124  133  124  119  133  132  122  137  136  126  130  140  135  120  134  130   24
ch:   2  125  124  120  123  121  130  137  119  123  117  110  122  120  122  120  122  109  119  115  122  129  130  127  107  124  119  119  109  120  119  125   40
ch:   3  118  122  130  115  124  134  122  121  122  120  135  126  136  123  121  125  122  127  136  125  135  136  139  127  133  134  126  131  127  135  126   32
ch:   4  107  121  124  127  126  117  123  132  121  119  123  120  130  115  118  118  122  121  120  106  131  121  116  124  117  126  115  118  128  125  114   37
ch:   5  126  116  120  124  121  139  133  130  121  116  130  130  123  142  125  124  133  125  122  133  135  124  123  131  134  134  135  123  120  131  124   23
ch:   6  120  108  116  119  124  117  127  106  131  119  120  126  124  127  119  124  115  117  119  110  114  119  111  106  122  118  118  118  116  123  119   45
ch:   7  123  122  135  133  119  124  132  119  121  125  134  122  136  135  125  123  118  108  124  137  125  127  133  119  129  125  133  118  133  130  126   29
ch:   8  108  120  119  123  131  127  126  126  109  119  117  126  122  123  116  122  108  119  115  108  118  124  108  115  116  125  117  118  120  109  114   40
ch:   9  132  119  123  130  133  129  123  130  118  114  122  121  122  124  120  126  132  125  123  121  124  123  123  125  137  132  127  123  136  142  136   25
ch:  10  110  130  121  129  122  119  123  119  105  121  125  120  116  127  116  114  125  121  125  126  124  126  115  109  118  131  125  130  120  126  108   52
ch:  11  124  124  119  125  117  115  125  133  126  117  131  126  125  120  134  125  124  121  132  117  133  124  121  133  132  124  124  132  130  142  126   28
ch:  12  135  122  116  114  111  122  121  124  129  120  126  121  127  120  118  119  120  116  110  120  126  127  115  117  118  134  113  121  125  123  135   37
ch:  13  122  119  125  133  126  120  136  134  117  125  117  125  131  124  131  122  124  118  125  125  126  121  131  127  132  125  130  131  125  139  136   24
ch:  14  118  121  112  131  130  120  123  127  132  125  121  124  126  116  127  124  103  121  123  116  119  116  117  127  124  116  124  124  116  131  123   43
ch:  15  117  133  122  120  115  122  127  117  122  130  136  121  134  127  130  132  130  125  135  130  132  130  136  134  124  138  139  133  134  150  131   24
ch:  16  120  124  117  125  127  119  123  124  116  125  124  125  109  121  116  120  125  116  131  133  116  126  124  123  121  127  118  124  130  118  122   42
ch:  17  132  127  127  118  125  124  124  108  121  115  127  116  119  107  111  124  119  123  133  132  125  130  124  110  126  117  123  132  126  127  135   23
ch:  18  119  124  121  128  124  120  127  126  121  140  129  132  125  123  122  119  124  141  126  122  117  124  120  123  109  123  130  120  117  127  134   50
ch:  19  127  123  121  127  123  134  122  123  135  121  125  133  126  116  132  135  117  124  133  123  134  121  126  127  130  129  135  119  133  132  139   22
ch:  20  124  123  124  124  115  124  115  132  125  115  126  125  123  119  118  126  122  129  121  130  105  118  116  116  130  118  132  113  107  121  124   37
ch:  21  145  110  132  125  121  137  130  130  121  136  116  124  108  132  117  130  125  115  131  134  133  125  130  126  133  126  127  123  135  146  122   17
ch:  22  123  133  122  137  129  123  122  119  122  125  129  106  117  118  123  125  122  127  122  117  115  125  130  126  121  125  131  124  126  123  111   45
ch:  23  130  121  131  122  133  131  123  133  121  119  139  120  138  130  123  131  120  132  123  118  138  136  117  135  132  145  127  138  133  139  139   24
ch:  24  129  121  104  121  129  122  120  126  126  120  117  119  114  119  106  131  117  110  120  119  122  119  123  121  136  121  126  110  119  123  135   42
ch:  25  122  126  125  134  127  136  122  118  136  130  134  132  136  120  121  135  138  132  125  132  135  117  137  124  146  118  131  135  133  135  141   24
ch:  26  132  116  133  121  125  123  125  124  137  109  118  119  119  119  121  123  122  115  119  122  124  120  121  120  118  123  117  120  126  110  123   43
ch:  27  123  121  126  121  123  122  127  129  120  131  118  139  124  123  133  125  129  130  130  135  132  130  119  130  144  142  135  131  132  142  148   25
ch:  28  122  121  123  119  119  107  131  117  130  119  129  116  122  128  118  129  123  127  123  127  126  123  122  121  121  128  120  120  123  123  135   32
ch:  29  125  123  129  123  115  125  123  126  123  123  131  132  124  124  124  126  122  132  137  130  131  126  123  140  149  133  125  130  127  141  150   21
ch:  30  129  122  124  108  110  121  116  111  131  133  126  118  123  125  120  118  121  115  121  130  119  133  115  115  122  114  120  123  126  118  129   45
ch:  31  115  121  119  131  122  123  125  120  136  119  127  136  127  130  131  119  130  127  131  125  131  135  134  140  138  131  130  137  137  135  134   28
ch:  32  122  123  124  129  124  124  119  122  118  128  124  117  126  116  121  123  122  120  122  117  132  110  116  125  116  129  125  122  134  103  127   45
ch:  33  109  110  127  121  131  131  124  129  122  134  115  110  115  123  131  132  121  125  120  126  133  129  124  127  131  132  135  121  142  134  131   17
ch:  34  121  122  111  131  117  119  123  119  119  120  134  123  125  121  130  116  126  116  131  117  123  117  124  131  124  121  124  126  119  134  119   47
ch:  35  131  121  119  120  122  122  120  123  122  133  126  125  139  126  132  124  131  134  135  133  132  132  136  137  132  136  139  132  137  133  140   24
ch:  36  118  129  105  121  126  131  115  123  135  125  103  116  126  122  122  120  125  130  134  123  126  132  126  117  123  121  123  136  119  133  125   47
ch:  37  129  121  117  119  124  115  121  120  118  132  126  126  117  135  119  125  124  131  124  129  117  130  114  121  125  118  124  126  148  133  138   25
ch:  38  124  127  122  119  134  122  120  111  124  117  117  121  117  119  123  123  126  123  121  122  124  119  135  123  126  121  117  133  123  134  130   52
ch:  39  126  120  129  132  127  122  126  127  130  132  121  133  132  137  125  127  134  131  136  140  134  131  135  132  130  136  140  140  140  140  135   22
ch:  40  127  120  135  125  114  133  116  122  130  121  121  120  125  116  126  118  111  123  123  116  123  116  122  127  119  131  122  130  131  122  134   37
ch:  41  119  137  132  124  123  119  105  126  135  126  123  128  119  131  118  130  132  129  120  135  132  123  135  136  139  131  132  135  138  132  151   28
ch:  42  120  126  133  119  135  133  122  123  117  125  122  120  120  127  115  131  121  135  124  124  134  132  123  137  125  131  133  125  125  131  127   44
ch:  43  121  125  117  120  122  125  125  133  123  124  134  119  132  125  119  125  133  126  131  132  147  125  133  146  134  130  131  130  142  138  133   24
ch:  44  124  115  117  109  134  123  115  111  112  136  122  117  132  118  122  107  120  122  116  118  123  123  121  110  125  133  106  138  129  109  129   49
ch:  45  126  142  125  121  123  122  126  129  134  134  131  127  118  120  137  123  134  124  137  130  131  135  134  130  127  137  142  140  137  136  137   18
ch:  46  123  127  139  124  119  123  124  120  116  123  125  138  130  126  117  117  122  115  125  122  125  130  120  121  123  119  124  126  118  120  132   34
ch:  47  120  124  122  134  125  120  133  126  124  123  127  118  121  131  127  135  132  139  132  136  127  128  122  126  124  147  131  133  141  142  134   22
ch:  48  123  130  123  129  118  118  120  122  108  136  126  131  130  130  118  120  116  124  130  123  122  107  110  134  119  116  122  126  126  130  134   47
ch:  49  117  120  121  118  133  121  124  132  122  124  124  120  121  132  133  122  121  121  134  132  134  152  123  131  130  125  139  131  131  151  139   16
ch:  50  127  124  136  118  136  122  113  123  136  129  123  119  126  138  111  117  119  131  130  125  120  122  129  117  135  126  131  137  122  134  133   36
ch:  51  118  134  117  129  122  124  123  138  121  124  129  123  125  129  124  124  124  127  135  148  125  135  145  117  132  130  135  139  131  140  135   18
ch:  52  125  125  125  124  122  122  129  120  124  123  121  122  132  117  132  122  125  122  124  134  124  129  126  120  119  133  133  129  134  132  123   35
ch:  53  131  117  119  119  139  119  120  123  131  133  116  133  125  131  134  131  124  130  131  132  133  135  122  135  137  131  132  136  139  133  135   24
ch:  54  118  125  124  116  106  123  117  131  123  121  108  132  115  125  122  122  130  121  123  118  115  130  119  120  133  124  120  123  130  123  137   36
ch:  55  117  134  124  130  123  127  126  130  131  122  121  131  130  122  136  130  129  136  125  141  125  130  131  150  132  132  135  140  134  134  138   21
ch:  56  127  130  126  113  118  137  137  118  124  119  132  127  119  125  116  123  120  123  126  122  128  125  121  121  132  123  126  121  140  130  130   43
ch:  57  118  122  120  122  119  118  135  119  134  134  126  124  122  130  134  133  129  121  121  130  119  137  124  132  134  134  147  139  135  142  134   24
ch:  58  122  123  123  116  126  124  126  124  123  117  121  120  134  135  134  121  124  125  125  127  118  121  125  124  110  131  120  130  123  135  127   38
ch:  59  119  126  135  120  132  125  116  119  121  126  122  137  132  120  131  131  118  124  127  132  126  124  137  123  138  139  140  134  138  136  136   23
ch:  60  117  116  122  125  131  111  123  133  124  122  119  124  132  122  120  131  131  134  133  122  125  121  126  120  119  131  118  138  124  123  120   32
ch:  61  133  119  125  119  126  124  130  119  125  135  135  133  118  132  132  124  131  134  120  132  131  133  126  131  132  134  122  119  138  138  132   17
ch:  62  126  136  125  128  119  121  123  119  117  113  121  120  132  116  116  122  117  116  123  125  116  123  133  109  123  138  124  132  130  123  129   33
ch:  63  118  122  119  122  121  122  119  124  133  126  119  123  140  124  131  124  130  123  127  131  135  132  137  133  136  131  136  133  134  138  121   13
ch:  64  124  132  123  113  127  124  126  118  122  108  124  137  130  121  115  125  129  123  117  117  121  122  119  123  123  123  120  117  115  132  123   37
ch:  65  129  124  111  126  124  122  124  135  123  125  124  132  122  133  122  132  121  134  132  124  137  151  125  133  140  136  139  141  134  135  145   23
ch:  66  132  124  119  130  115  124  132  117  127  119  120  115  133  123  119  124  121  114  116  123  117  125  124  122  136  116  135  135  130  110  131   33
ch:  67  122  131  110  125  126  119  120  130  129  119  122  124  134  132  121  131  131  132  135  125  130  131  130  147  143  138  136  137  139  134  134   18
ch:  68  132  113  121  123  123  118  132  121  124  126  119  124  124  121  123  124  111  122  120  119  133  121  125  131  117  123  119  132  122  126  122   43
ch:  69  122  117  126  132  123  122  133  119  118  121  129  134  125  124  130  132  133  134  133  128  131  132  130  149  134  143  138  135  134  129  135   16
ch:  70  123  117  126  120  123  120  120  126  120  124  130  117  120  122  121  123  124  115  119  121  124  126  139  124  137  122  134  121  136  132  122   37
ch:  71  116  119  121  136  131  127  126  118  131  120  135  131  124  124  133  136  129  123  133  124  123  131  120  137  134  132  125  138  132  122  124   23
ch:  72  124  126  130  126  126  119  121  131  138  123  124  124  131  124  109  121  130  134  121  132  127  125  120  123  139  118  132  133  123  130  116   37
ch:  73  120  121  113  126  120  116  131  122  123  115  130  134  132  131  127  117  130  143  134  134  121  132  123  126  147  131  134  138  130  134  139   23
ch:  74  120  123  121  120  124  110  111  120  136  120  119  121  134  124  116  120  119  122  120  122  118  126  130  123  132  120  135  116  120  119  131   46
ch:  75  125  127  125  125  135  123  121  123  119  132  132  132  136  130  133  121  136  137  124  139  130  142  136  133  137  135  137  138  139  133  136   22
ch:  76  122  121  109  117  120  124  125  130  122  131  111  116  120  114  133  126  124  124  120  123  132  117  129  126  120  129  126  120  124  131  123   33
ch:  77  125  119  123  123  131  115  110  123  131  122  129  139  127  133  122  134  133  132  134  124  136  137  138  138  131  134  140  150  133  133  141   18
ch:  78  115  118  125  122  123  121  123  118  119  123  120  124  129  120  119  130  107  133  131  124  119  135  121  116  123  122  122  119  132  132  116   23
ch:  79  124  126  120  124  120  109  122  127  127  127  133  126  125  119  126  131  123  119  122  121   -1  134  132  139  135  147  126  134  140  132  133   17
ch:  80  115  132  124  123  126  117  132  123  116  130  127  120  125  123  117  122  131  117  122  132  132  120  110  126  124  130  114  121  125  125  137   32
ch:  81  131  122  120  119  134  129  108  118  124  132  124  132  131  132  124  132  122  127  131  133  133  136  134  130  141  145  125  138  137  131  134   15
ch:  82  126  124  122  131  131  133  119  124  125  123  123  126  124  132  124  122  123  121  125  118  121  111  131  125  122  124  133  132  131  125  123   31
ch:  83  124  123  118  126  127  127  131  129  117  132  131  130  144  133  137  133  132  145  135  138  136  135  148  143  138  137  136  137  139  140  141   22
ch:  84  126  116  131  126  126  126  123  120  124  120  124  126  122  132  131  134  121  121  124  135  120  122  121  126  122  127  127  126  122  135  131   33
ch:  85  119  122  124  125  129  129  120  133  119  131  140  133  126  135  123  130  134  126  130  133  135  135  125  136  137  127  141  133  133  134  137   21
ch:  86  120  119  121  117  120  124  117  118  117  123  123  123  120  123  122  117  122  118  118  133  134  129  123  120  121  107  120  135  126  123  123   36
ch:  87  123  126  121  119  129  123  133  127  122  132  135  140  138  130  126  127  126  127  133  131  131  126  136  138  126  139  140  133  135  139  141   17
ch:  88  119  122  129  130  122  123  116  111  120  123  119  121  118  116  124  135  110  120  120  119  122  117  124  121  106  134  136  134  131  136  131   30
ch:  89  119  134  122  123  129  132  126  122  126  129  129  133  130  126  123  129  136  136  145  136  120  137  124  131  123  133  137  138  137  131  139   11
ch:  90  123  126  121  120  116  119  127  125  133  109  123  122  122  109  121  129  119  126  120  122  123  118  123  139  131  119  126  140  131  134  137   27
ch:  91  118  122  132  120  119  121  131  132  134  119  134  120  118  124  126  122  126  135  124  125  131  135  135  137  140  133  135  130  137  145  142   15
ch:  92  123  132  115  129  123  121  117  130  130  119  126  125  133  134  130  122  126  132  122  122  117  126  126  120  124  110  120  119  126  131  133   34
ch:  93  122  131  118  129  122  125  122  130  123  129  107  126  125  122  130  123  135  124  134  137  132  119  120  137  129  124  136  126  138  135  130   17
ch:  94  121  121  120  120  121  117  124  119  117  124  119  131  120  120  119  121  109  122  118  116  118  122  123  116  116  121  132  119  126  124  124   30
ch:  95  126  118  129  127  123  126  122  109  119  131  130  121  123  130  127  117  119  120  126  119  122  127  120  136  127  121  126  144  131  125  133   10
ch:  96  130  120  126  110  117  120  126  122  129  124  120  124  114  105  122  132  131  124  130  132  110  123  133  132  121  129  133  120  139  124  127   28
ch:  97  126  124  123  121  125  120  112  124  126  121  127  137  118  124  138  131  121  137  132  125  130  134  135  138  133  131  126  118  125  136  149   17
ch:  98  117  122  117  116  133  122  122  137  110  115  125  126  126  127  135  131  122  121  107  126  137  130  123  115  118  114  123  134  134  132  125   33
ch:  99  123  123  130  126  119  132  130  122  118  110  126  124  120  135  130  126  135  135  129  130  136  129  131  126  123  133  126  134  133  126  126   15
ch: 100  115  123  108  121  120  132  134  120  126  120  121  126  122  121  129  125  110  121  124  123  133  136  119  129  125  126  125  138  134  120  122   25
ch: 101  119  132  125  121  123  117  118  126  119  132  136  122  130  139  126  123  126  138  117  127  123  133  130  123  129  132  130  123  135  120  130   15
ch: 102  120  122  116  129  122  124  123   -1  106  123  126  120  135  127  125  123  115  118  123  121  119  121  126  133  130  122  131  126  148  123  135   12
ch: 103  124  118  134  120  120  125  124  120  131  135  127  125  124  129  123  132  130  125  122  126  118  123  130  135  135  125  136  131  135  151  141   21
ch: 104  133  115  128  115  108  121  124  122  124  133  125  119  116  124  117  130  117  127  120  120  137  119  124  124  117  117  133  132  135  118  132   25
ch: 105  121  133  120  121  122  129  123  134  122  121  123  118  130  123  126  130  124  119  121  132  124  119  126  126  125  139  134  133  140  139  126   18
ch: 106  120  110  131  103  116  136  106  116  117  118  126  118  116  122  124  117  122  105  116  132  119  120  120  118  122  133  116  126  119  146  139   22
ch: 107  127  133  127  121  124  121  124  124  120  124  131  126  135  134  125  131  123  130  122  134  127  132  124  133  123  135  135  137  124  140  122   22
ch: 108  115  115  116  126  121  119  131  119  122  122  117  117  118  121  123  116  123  121  116  122  117  123  124  130  116  130  123  126  126  132  128   31
ch: 109  131  125  117  135  119  119  133  115  135  131  122  122  127  126  131  116  132  129  126  122  139  125  126  126  135  132  129  136  137  126  136    3
ch: 110  124  121  121  118  118  117  127  111  123  118  110  118  118  109  124  127  123  108  117  124  116  118  122  120  117  122  137  110  113  118  110   14
ch: 111  109  120  125  131  125  119  126  126  130  132  132  123  117  125  132  122  122  124  133  123  130  132  125  133  131  130  137  135  138  130  136   15
ch: 112  126  113  132  123  117  130  127  132  122  131   -1  118  121  118  117  122  130  126  131  130  125  120  125  125  122  124  119  133  135  135  132   25
ch: 113  124  124  122  123  122  122  133  120  120  117  132  125  119  126  136  131  123  121  123  125  139  132  136  135  147  135  126  117  135  147  136   13
ch: 114  122  125  120  120  119  120  126  118  109  118  123  125  115  120  123  120  118  122  123  119  117  123  128  122  115  121  120  118  120  132  122   11
ch: 115  136  123  109  132  118  125  125  124  126  131  137  126  126  123  126  126  124  126  116  131  134  122  139  145  141  140  136  125  123  134  138   11
ch: 116  130  117  121  129  116  131  119  124  117  124  132  117  136  127  123  119  127  124  123  117  124  131  126  132  120  115  124  129  133  132  119   26
ch: 117  125  123  120  135  121  124  129  110  126  129  122  130  123  120  127  121  130  126  124  123  124  132  140  130  129  134  131  147  139  147  132    8
ch: 118  122  126  116  131  123  121  124  126  118  120  118  121  113  123  121  107  130  124  123  125  120  116  132  120  119  121  110  126  120  127  123   20
ch: 119  122  123  134  116  125  131  135  117  119  123  133  130  130  120  123  130  138  110  125  130  131  131  129  137  131  132  135  126  126  135  125    9
ch: 120  140  119  115  131  122  118  123  115  125  122  122  122  120  121  119  107  115  120  110  131  124  126  112  121  107  137  119  118  127  122  127   17
ch: 121  125  131  122  116  126  115  121  109  126  121  120  126  125  124  126  135  125  126  121  131  130  131  123  122  134  135  135  118  122  133  137    7
ch: 122  126  132  119  124  127  129  120  122  119  124  121  122  126  116  124  121  122  119  121  117  125  115  121   -1  130  116  121  130  119  131  131   15
ch: 123  121  130  118  117  135  124  130  125  124  131  119  122  131  121  124  123  125  117  126  132  124  125  132  131  136  133  135  149  152  137  130    4
ch: 124  126  130  125  124  126  124  117  122  126  121  129  124  115  123  118  124  118  124  117  126  134  120  122  120  121  124  124  134  123  122  140   11
ch: 125  126  125  124  118  118  125  130  116  128  133  124  125  136  120  122  125  148  124  126  136  147  133  138  126  138  136  145  140  133  139  146    2
ch: 126  123  124  123  121  124  124  121  109  110  119  119  118  123  117  120  105  118  106  118  120  131  110  121  126  118  118  122  121  117  122  124    5
ch: 127  133  132  125  123  132  131  126  136  131  130  122  131  133  122  122  125  140  138  118  127  139  123  138  139  146  138  134  131  132  138  137    3
