# ID XA-000-08-003-000-002-015-07
# Tag _trim_
# Date 240620_17:52:47
# Vref_p 56
# Vref_n 28
# Thr2_glb 44
# Vref_t 118
# Vref_t_range 1
# Pol 0
# ADC range 30-247
# FAST disc 30
ch:   0  154  159  165  180  168  187  202  190  201  209  209  209  209  209  209  209  209  209  209  209  209  209  209  209  209  209  209  209  209  209  209    8
ch:   1  155  166  173  169  187  189  202  201  207  209  209  209  209  209  209  209  209  209  209  209  209  209  209  209  209  209  209  209  209  209  209   18
ch:   2  155  163  165  174  184  184  198  200  209  209  209  209  209  209  209  209  209  209  209  209  209  209  209  209  209  209  209  209  209  209  209   33
ch:   3  153  151  168  179  184  188  203  189  202  209  209  209  209  209  209  209  209  209  209  209  209  209  209  209  209  209  209  209  209  209  209   17
ch:   4  150  167  168  174  184  189  195  205  209  209  209  209  209  209  209  209  209  209  209  209  209  209  209  209  209  209  209  209  209  209  209    4
ch:   5  145  170  168  167  181  181  188  196  201  209  209  209  209  209  209  209  209  209  209  209  209  209  209  209  209  209  209  209  209  209  209   -1
ch:   6  167  163  163  169  194  188  198  209  209  209  209  209  209  209  209  209  209  209  209  209  209  209  209  209  209  209  209  209  209  209  209    8
ch:   7  150  169  169  174  188  188  198  203  205  209  209  209  209  209  209  209  209  209  209  209  209  209  209  209  209  209  209  209  209  209  209   -1
ch:   8  156  165  169  173  189  195  198  197  200  209  209  209  209  209  209  209  209  209  209  209  209  209  209  209  209  209  209  209  209  209  209   12
ch:   9  154  155  172  172  181  195  188  198  205  203  209  209  209  209  209  209  209  209  209  209  209  209  209  209  209  209  209  209  209  209  209   37
ch:  10  162  170  171  169  180  182  197  204  201  209  210  209  209  209  209  209  209  209  209  209  209  209  209  209  209  209  209  209  209  209  209   12
ch:  11  152  156  170  172  186  188  198  202  209  209  209  209  209  209  209  209  209  209  209  209  209  209  209  209  209  209  209  209  209  209  209    8
ch:  12  165  167  161  179  181  195  198  205  200  203  209  209  209  209  209  209  209  209  209  209  209  209  209  209  209  209  209  209  209  209  209   13
ch:  13  153  165  167  183  187  201  197  203  209  209  209  209  209  209  209  209  209  209  209  209  209  209  209  209  209  209  209  209  209  209  209   -1
ch:  14  167  166  168  183  187  184  206  204  207  209  209  209  209  209  209  209  209  209  209  209  209  209  209  209  209  209  209  209  209  209  209   29
ch:  15  159  166  168  170  183  173  190  201  206  204  209  209  209  209  209  209  209  209  209  209  209  209  209  209  209  209  209  209  209  209  209   -1
ch:  16  155  155  172  180  184  185  189  195  203  209  209  209  209  209  209  209  209  209  209  209  209  209  209  209  209  209  209  209  209  209  209   24
ch:  17  153  164  169  180  187  195  190  200  209  209  209  209  209  209  209  209  209  209  209  209  209  209  209  209  209  209  209  209  209  209  209   11
ch:  18  164  158  169  174  188  186  191  200  209  207  209  209  209  209  209  209  209  209  209  209  209  209  209  209  209  209  209  209  209  209  209   26
ch:  19  153  163  170  165  173  186  187  209  205  209  209  209  209  209  209  209  209  209  209  209  209  209  209  209  209  209  209  209  209  209  209   19
ch:  20  160  165  164  184  183  188  189  200  204  209  209  209  209  209  209  209  209  209  209  209  209  209  209  209  209  209  209  209  209  209  209   24
ch:  21  156  155  178  182  188  188  201  203  209  209  209  209  209  209  209  209  209  209  209  209  209  209  209  209  209  209  209  209  209  209  209   34
ch:  22  148  158  166  173  181  197  196  200  204  203  209  209  209  209  209  209  209  209  209  209  209  209  209  209  209  209  209  209  209  209  209   33
ch:  23  157  148  173  170  184  197  195  202  209  209  209  209  209  209  209  209  209  209  209  209  209  209  209  209  209  209  209  209  209  209  209   33
ch:  24  162  167  165  184  183  194  195  198  209  209  209  209  209  209  209  209  209  209  209  209  209  209  209  209  209  209  209  209  209  209  209   29
ch:  25  157  172  173  180  186  181  197  205  209  209  209  209  209  209  209  209  209  209  209  209  209  209  209  209  209  209  209  209  209  209  209   -1
ch:  26  152  166  167  178  186  203  187  195  201  209  209  209  209  209  209  209  209  209  209  209  209  209  209  209  209  209  209  209  209  209  209   39
ch:  27  153  164  180  174  181  183  199  198  209  209  209  209  209  209  209  209  209  209  209  209  209  209  209  209  209  209  209  209  209  209  209   40
ch:  28  154  170  165  167  183  189  189  201  205  209  209  209  209  209  209  209  209  209  209  209  209  209  209  209  209  209  209  209  209  209  209   44
ch:  29  150  168  169  179  174  185  202  205  205  209  209  209  209  209  209  209  209  209  209  209  209  209  209  209  209  209  209  209  209  209  209   -1
ch:  30  158  155  170  167  179  183  191  203  203  209  209  209  209  209  209  209  209  209  209  209  209  209  209  209  209  209  209  209  209  209  209   49
ch:  31  170  166  172  180  187  183  191  204  199  209  209  209  209  209  209  209  209  209  209  209  209  209  209  209  209  209  209  209  209  209  209   -1
ch:  32  162  151  156  181  197  191  198  196  209  209  209  209  209  209  209  209  209  209  209  209  209  209  209  209  209  209  209  209  209  209  209   56
ch:  33  155  165  171  188  183  185  201  189  209  209  209  209  209  209  209  209  209  209  209  209  209  209  209  209  209  209  209  209  209  209  209   -1
ch:  34  151  162  170  181  189  195  197  202  209  209  209  209  209  209  209  209  209  209  209  209  209  209  209  209  209  209  209  209  209  209  209   56
ch:  35  163  163  164  174  178  186  198  188  209  209  209  209  209  209  209  209  209  209  209  209  209  209  209  209  209  209  209  209  209  209  209   26
ch:  36  160  165  168  171  181  187  200  191  206  206  209  209  209  209  209  209  209  209  209  209  209  209  209  209  209  209  209  209  209  209  209   56
ch:  37  150  168  174  180  184  183  197  199  209  209  209  209  209  209  209  209  209  209  209  209  209  209  209  209  209  209  209  209  209  209  209   -1
ch:  38  151  153  168  179  181  184  203  197  209  209  209  209  209  209  209  209  209  209  209  209  209  209  209  209  209  209  209  209  209  209  209   50
ch:  39  153  167  179  172  184  189  200  202  209  205  209  209  209  209  209  209  209  209  209  209  209  209  209  209  209  209  209  209  209  209  209   -1
ch:  40  163  164  182  179  184  183  200  202  203  209  209  209  209  209  209  209  209  209  209  209  209  209  209  209  209  209  209  209  209  209  209   56
ch:  41  165  157  168  175  186  194  194  197  203  209  209  209  209  209  209  209  209  209  209  209  209  209  209  209  209  209  209  209  209  209  209   -1
ch:  42  153  164  165  179  188  182  190  202  206  209  209  209  209  209  209  209  209  209  209  209  209  209  209  209  209  209  209  209  209  209  209   52
ch:  43  151  159  163  172  187  195  199  195  207  209  209  209  209  209  209  209  209  209  209  209  209  209  209  209  209  209  209  209  209  209  209   -1
ch:  44  156  156  166  175  173  184  200  209  201  209  209  209  209  209  209  209  209  209  209  209  209  209  209  209  209  209  209  209  209  209  209   56
ch:  45  155  158  163  186  186  196  190  199  203  209  209  209  209  209  209  209  209  209  209  209  209  209  209  209  209  209  209  209  209  209  209   -1
ch:  46  158  167  152  171  179  188  189  198  209  205  209  209  209  209  209  209  209  209  209  209  209  209  209  209  209  209  209  209  209  209  209   56
ch:  47  156  166  163  175  181  183  207  197  198  209  209  209  209  209  209  209  209  209  209  209  209  209  209  209  209  209  209  209  209  209  209   -1
ch:  48  161  153  166  187  185  185  204  198  205  209  209  209  209  209  209  209  209  209  209  209  209  209  209  209  209  209  209  209  209  209  209   56
ch:  49  154  163  180  189  194  189  189  190  199  209  209  209  209  209  209  209  209  209  209  209  209  209  209  209  209  209  209  209  209  209  209   40
ch:  50  139  165  170  181  184  184  200  195  205  209  209  209  209  209  209  209  209  209  209  209  209  209  209  209  209  209  209  209  209  209  209   56
ch:  51  157  166  169  172  175  173  198  196  207  209  209  209  209  209  209  209  209  209  209  209  209  209  209  209  209  209  209  209  209  209  209   14
ch:  52  152  164  164  181  185  182  199  204  209  209  209  209  209  209  209  209  209  209  209  209  209  209  209  209  209  209  209  209  209  209  209   56
ch:  53  157  161  169  170  197  198  195  209  209  204  209  209  209  209  209  209  209  209  209  209  209  209  209  209  209  209  209  209  209  209  209    3
ch:  54  154  155  165  178  185  185  197  203  201  209  209  209  209  209  209  209  209  209  209  209  209  209  209  209  209  209  209  209  209  209  209   56
ch:  55  162  162  182  174  185  186  199  197  203  209  209  209  209  209  209  209  209  209  209  209  209  209  209  209  209  209  209  209  209  209  209   -1
ch:  56  162  161  166  181  182  196  191  204  200  209  209  209  209  209  209  209  209  209  209  209  209  209  209  209  209  209  209  209  209  209  209   56
ch:  57  153  165  186  174  187  189  196  199  209  209  209  209  209  209  209  209  209  209  209  209  209  209  209  209  209  209  209  209  209  209  209   -1
ch:  58  153  157  172  171  181  188  203  209  201  206  209  209  209  209  209  209  209  209  209  209  209  209  209  209  209  209  209  209  209  209  209   56
ch:  59  164  166  156  171  168  195  195  196  209  209  209  209  209  209  209  209  209  209  209  209  209  209  209  209  209  209  209  209  209  209  209   43
ch:  60  152  163  167  179  182  188  202  206  205  209  209  209  209  209  209  209  209  209  209  209  209  209  209  209  209  209  209  209  209  209  209   56
ch:  61  164  164  174  169  195  189  196  203  200  209  209  209  209  209  209  209  209  209  209  209  209  209  209  209  209  209  209  209  209  209  209   35
ch:  62  164  164  180  174  179  195  197  204  209  206  209  209  209  209  209  209  209  209  209  209  209  209  209  209  209  209  209  209  209  209  209   56
ch:  63  155  159  173  171  187  190  198  209  209  209  209  209  209  209  209  209  209  209  209  209  209  209  209  209  209  209  209  209  209  209  209   -1
ch:  64  166  165  168  181  180  197  198  198  205  204  209  209  209  209  209  209  209  209  209  209  209  209  209  209  209  209  209  209  209  209  209   56
ch:  65  166  154  177  186  187  183  195  202  204  209  209  209  209  209  209  209  209  209  209  209  209  209  209  209  209  209  209  209  209  209  209   -1
ch:  66  156  158  166  169  180  187  187  201  209  209  209  209  209  209  209  209  209  209  209  209  209  209  209  209  209  209  209  209  209  209  209   56
ch:  67  152  161  169  179  186  185  194  203  209  204  209  209  209  209  209  209  209  209  209  209  209  209  209  209  209  209  209  209  209  209  209   48
ch:  68  157  155  169  167  187  185  186  209  209  206  209  209  209  209  209  209  209  209  209  209  209  209  209  209  209  209  209  209  209  209  209   56
ch:  69  147  156  173  171  189  195  197  206  209  209  209  209  209  209  209  209  209  209  209  209  209  209  209  209  209  209  209  209  209  209  209   28
ch:  70  156  166  164  182  187  180  195  190  209  209  209  209  209  209  209  209  209  209  209  209  209  209  209  209  209  209  209  209  209  209  209   56
ch:  71  150  163  171  166  195  185  198  198  197  209  209  209  209  209  209  209  209  209  209  209  209  209  209  209  209  209  209  209  209  209  209   -1
ch:  72  149  162  177  167  188  182  196  199  206  209  209  209  209  209  209  209  209  209  209  209  209  209  209  209  209  209  209  209  209  209  209   56
ch:  73  147  157  167  171  174  198  195  196  203  209  209  209  209  209  209  209  209  209  209  209  209  209  209  209  209  209  209  209  209  209  209   -1
ch:  74  154  168  158  183  172  197  195  203  209  206  209  209  209  209  209  209  209  209  209  209  209  209  209  209  209  209  209  209  209  209  209   56
ch:  75  166  178  180  180  179  184  185  205  209  209  209  209  209  209  209  209  209  209  209  209  209  209  209  209  209  209  209  209  209  209  209   15
ch:  76  154  164  171  187  188  189  191  201  205  206  209  209  209  209  209  209  209  209  209  209  209  209  209  209  209  209  209  209  209  209  209   56
ch:  77  163  167  169  185  184  188  191  202  206  209  209  209  209  209  209  209  209  209  209  209  209  209  209  209  209  209  209  209  209  209  209   25
ch:  78  162  168  165  178  185  182  194  205  193  209  209  209  209  209  209  209  209  209  209  209  209  209  209  209  209  209  209  209  209  209  209   56
ch:  79  157  170  164  179  187  180  183  194  203  209  209  209  209  209  209  209  209  209  209  209  209  209  209  209  209  209  209  209  209  209  209    2
ch:  80  162  155  178  171  182  187  186  201  206  203  209  209  209  209  209  209  209  209  209  209  209  209  209  209  209  209  209  209  209  209  209   56
ch:  81  155  157  173  174  185  197  180  201  209  209  209  209  209  209  209  209  209  209  209  209  209  209  209  209  209  209  209  209  209  209  209   -1
ch:  82  150  158  165  173  184  188  202  195  209  200  209  209  209  209  209  209  209  209  209  209  209  209  209  209  209  209  209  209  209  209  209   56
ch:  83  151  162  164  180  173  188  202  209  205  204  207  209  209  209  209  209  209  209  209  209  209  209  209  209  209  209  209  209  209  209  209   56
ch:  84  157  163  174  171  179  189  198  202  201  209  209  209  209  209  209  209  209  209  209  209  209  209  209  209  209  209  209  209  209  209  209   56
ch:  85  163  164  162  173  185  188  199  202  209  202  209  209  209  209  209  209  209  209  209  209  209  209  209  209  209  209  209  209  209  209  209   -1
ch:  86  151  163  171  170  182  194  203  200  199  209  209  209  209  209  209  209  209  209  209  209  209  209  209  209  209  209  209  209  209  209  209   56
ch:  87  160  163  159  167  182  185  199  197  201  209  209  209  209  209  209  209  209  209  209  209  209  209  209  209  209  209  209  209  209  209  209   -1
ch:  88  152  163  173  173  184  183  199  203  209  209  209  209  209  209  209  209  209  209  209  209  209  209  209  209  209  209  209  209  209  209  209   56
ch:  89  161  162  172  173  180  185  198  205  209  209  209  209  209  209  209  209  209  209  209  209  209  209  209  209  209  209  209  209  209  209  209   -1
ch:  90  170  157  172  175  178  190  205  197  201  203  209  209  209  209  209  209  209  209  209  209  209  209  209  209  209  209  209  209  209  209  209   56
ch:  91  162  152  168  181  189  197  185  204  205  209  209  209  209  209  209  209  209  209  209  209  209  209  209  209  209  209  209  209  209  209  209   24
ch:  92  157  157  165  168  186  185  188  206  203  209  209  209  209  209  209  209  209  209  209  209  209  209  209  209  209  209  209  209  209  209  209   56
ch:  93  163  162  165  182  188  188  196  205  209  209  209  209  209  209  209  209  209  209  209  209  209  209  209  209  209  209  209  209  209  209  209   24
ch:  94  155  155  166  179  171  194  195  201  205  202  209  209  209  209  209  209  209  209  209  209  209  209  209  209  209  209  209  209  209  209  209   56
ch:  95  153  169  166  180  187  189  209  196  205  209  209  209  209  209  209  209  209  209  209  209  209  209  209  209  209  209  209  209  209  209  209   26
ch:  96  149  163  166  187  185  187  186  190  205  209  209  209  209  209  209  209  209  209  209  209  209  209  209  209  209  209  209  209  209  209  209   56
ch:  97  150  167  165  175  186  188  197  201  206  201  209  209  209  209  209  209  209  209  209  209  209  209  209  209  209  209  209  209  209  209  209   -1
ch:  98  153  168  165  169  180  180  195  204  209  209  209  209  209  209  209  209  209  209  209  209  209  209  209  209  209  209  209  209  209  209  209   56
ch:  99  147  158  171  167  181  181  199  196  201  209  209  209  209  209  209  209  209  209  209  209  209  209  209  209  209  209  209  209  209  209  209   -1
ch: 100  158  161  171  182  181  181  190  197  206  209  209  209  209  209  209  209  209  209  209  209  209  209  209  209  209  209  209  209  209  209  209   56
ch: 101  150  155  171  179  172  183  203  174  202  209  209  209  209  209  209  209  209  209  209  209  209  209  209  209  209  209  209  209  209  209  209   -1
ch: 102  154  156  172  179  186  188  200  199  187  205  209  209  209  209  209  209  209  209  209  209  209  209  209  209  209  209  209  209  209  209  209   56
ch: 103  151  167  174  164  182  178  198  199  205  209  209  209  209  209  209  209  209  209  209  209  209  209  209  209  209  209  209  209  209  209  209   -1
ch: 104  154  165  169  171  179  191  203  204  203  209  209  209  209  209  209  209  209  209  209  209  209  209  209  209  209  209  209  209  209  209  209   56
ch: 105  151  157  170  172  187  196  190  204  198  209  209  209  209  209  209  209  209  209  209  209  209  209  209  209  209  209  209  209  209  209  209   -1
ch: 106  166  165  169  173  183  184  196  196  203  209  205  209  209  209  209  209  209  209  209  209  209  209  209  209  209  209  209  209  209  209  209   56
ch: 107  151  162  179  164  173  185  197  202  209  201  209  209  209  209  209  209  209  209  209  209  209  209  209  209  209  209  209  209  209  209  209    7
ch: 108  167  156  169  175  162  187  190  197  209  209  209  209  209  209  209  209  209  209  209  209  209  209  209  209  209  209  209  209  209  209  209   50
ch: 109  146  169  165  170  171  187  190  197  209  209  209  209  209  209  209  209  209  209  209  209  209  209  209  209  209  209  209  209  209  209  209   -1
ch: 110  153  157  185  185  180  180  195  203  200  209  209  209  209  209  209  209  209  209  209  209  209  209  209  209  209  209  209  209  209  209  209   50
ch: 111  150  156  167  177  190  188  190  203  209  209  209  209  209  209  209  209  209  209  209  209  209  209  209  209  209  209  209  209  209  209  209   29
ch: 112  157  163  166  183  180  195  186  199  209  206  209  209  209  209  209  209  209  209  209  209  209  209  209  209  209  209  209  209  209  209  209   29
ch: 113  153  166  154  170  182  185  187  202  199  203  209  209  209  209  209  209  209  209  209  209  209  209  209  209  209  209  209  209  209  209  209   -1
ch: 114  154  163  172  171  187  190  198  187  209  209  209  209  209  209  209  209  209  209  209  209  209  209  209  209  209  209  209  209  209  209  209   31
ch: 115  156  156  181  185  170  185  179  204  203  205  209  209  209  209  209  209  209  209  209  209  209  209  209  209  209  209  209  209  209  209  209   22
ch: 116  157  161  166  168  179  185  186  199  199  204  209  209  209  209  209  209  209  209  209  209  209  209  209  209  209  209  209  209  209  209  209   40
ch: 117  163  166  169  189  186  198  197  198  207  209  209  209  209  209  209  209  209  209  209  209  209  209  209  209  209  209  209  209  209  209  209   11
ch: 118  162  153  163  174  186  178  200  199  200  209  209  209  209  209  209  209  209  209  209  209  209  209  209  209  209  209  209  209  209  209  209   16
ch: 119  167  150  181  177  187  185  198  204  203  209  209  209  209  209  209  209  209  209  209  209  209  209  209  209  209  209  209  209  209  209  209    7
ch: 120  154  163  168  180  189  188  201  203  201  209  209  209  209  209  209  209  209  209  209  209  209  209  209  209  209  209  209  209  209  209  209   13
ch: 121  151  164  173  179  186  195  190  200  203  209  209  209  209  209  209  209  209  209  209  209  209  209  209  209  209  209  209  209  209  209  209   50
ch: 122  149  152  163  171  185  186  209  198  209  209  209  209  209  209  209  209  209  209  209  209  209  209  209  209  209  209  209  209  209  209  209   -1
ch: 123  143  158  165  179  181  186  206  200  209  209  207  209  209  209  209  209  209  209  209  209  209  209  209  209  209  209  209  209  209  209  209   36
ch: 124  150  171  169  171  183  182  199  196  201  206  209  209  209  209  209  209  209  209  209  209  209  209  209  209  209  209  209  209  209  209  209   27
ch: 125  157  157  165  172  174  183  194  200  209  209  209  209  209  209  209  209  209  209  209  209  209  209  209  209  209  209  209  209  209  209  209   54
ch: 126  147  157  168  175  183  180  188  204  204  205  209  209  209  209  209  209  209  209  209  209  209  209  209  209  209  209  209  209  209  209  209   29
ch: 127  158  162  166  168  185  185  194  191  209  209  209  209  209  209  209  209  209  209  209  209  209  209  209  209  209  209  209  209  209  209  209   -1
