ch    0:      0     0     0     0     0     0     0     0     0     0     0     0     0     0     0     0     0     3     8    18    57   499  2706 11834  6933 12874  3888  6775 13209 14246 10372 13048
ch    1:      0     0     0     0     0     0     0     0     0     0     0     0     0     0     0     0     0     0     6    42   182  1361  4640 13454 12095 10219  5602  9327 12356 11715 13171  8551
ch    2:      0     0     0     0     0     0     0     0     0     0     0     0     0     0     0     0     0     2    11    35   115   492  3765  3665 11833 11938  9914 10123  8120 15543 10976  8471
ch    3:      0     0     0     0     0     0     0     0     0     0     0     0     0     0     0     0     2     4    16    58   262  2323  8905 13047  9592 15165  9840  9523 10373  8192  5590  7430
ch    4:      0     0     0     0     0     0     0     0     0     0     0     0     0     0     0     0     0     3    14    46   186   827  4374  6639 17516  8971 12321 14464 12610 12321 10820 11757
ch    5:      0     0     0     0     0     0     0     0     0     0     0     0     0     0     0     0     1    12    32    71   312  2053 14156  7098 10493 12184  9462 11460 10949 13795 11090 14568
ch    6:      0     0     0     0     0     0     0     0     0     0     0     0     0     0     0     0     2     8    23    69   228  1244  6597 10168  4493  9183 12810 11341 10195  9622 15760  9385
ch    7:      0     0     0     0     0     0     0     0     0     0     0     0     0     0     0     0     2     5    22   108   404  3359 12440  9002  9587  7405  8750  9261  4877  7318  8784 13353
ch    8:      0     0     0     0     0     0     0     0     0     0     0     0     0     0     0     0     1     3    24    63   258  1339  7264  9818 14730 12226 11386 10369 11054  7444  9590  8147
ch    9:      0     0     0     0     0     0     0     0     0     0     0     0     0     0     0     0     0     4    17    85   524  1785 17597 13720 15161 14310 11026  8300 10327  4739 10872  8742
ch   10:      0     0     0     0     0     0     0     0     0     0     0     0     0     0     0     0     1     4    29    81   262  1143  7085 12741 15173 10728 13807 13383  4085  9177  9581 11927
ch   11:      0     0     0     0     0     0     0     0     0     0     0     0     0     0     1     1     3     7    23    84   425  2520 16715 12033 10107  5703 11060  5435  9232 11938  6945  9531
ch   12:      0     0     0     0     0     0     0     0     0     0     0     0     0     0     0     0     3     6    30    62   296  1386 10441 11775 11689 12741 10220 13812 13519 12373 12668 11433
ch   13:      0     0     0     0     0     0     0     0     0     0     0     0     0     0     0     0     2     5    16    67   554  1795 13998 12144  6819  5550 12164  9681 10240 11440 12743 12784
ch   14:      0     0     0     0     0     0     0     0     0     0     0     0     0     0     0     1     1    12    25    80   217  1343  9746  7225  5066  8976 10751 13019  9174  5714  8397  7932
ch   15:      0     0     0     0     0     0     0     0     0     0     0     0     0     0     0     1     2     6    24    90   427  2225 11588  8558 13491  9268  6223 13308  7523 11829  9617 10418
ch   16:      0     0     0     0     0     0     0     0     0     0     0     0     0     0     0     0     2    11    26    85   307  1299  7445 11074 12016 11254 10422  5910  9130 13654  6019 13266
ch   17:      0     0     0     0     0     0     0     0     0     0     0     0     0     0     0     0     0     1     2     3    12    41   326  2289  9659  8371 12377  9016 12732  4755  9321  6691
ch   18:      0     0     0     0     0     0     0     0     0     0     0     0     0     0     0     0     0     1     1     6    13    43   223  1158  9208 12732  6161 13187 10778 10703 12673  8124
ch   19:      0     0     0     0     0     0     0     0     0     0     0     0     0     0     0     0     0     0     0     1     9    56   296  2290 12696  5678  9242  9097 10824  8892 13355 14511
ch   20:      0     0     0     0     0     0     0     0     0     0     0     0     0     0     0     0     0     0     0     1    16    51   218  1031  7841 12561 10021 14337  8471  7572  6537  7599
ch   21:      0     0     0     0     0     0     0     0     0     0     0     0     0     0     0     0     0     0     0     0    10    44   304  1738  3743 12060 10615  6554  5942  8223 11175 10995
ch   22:      0     0     0     0     0     0     0     0     0     0     0     0     0     0     0     0     0     0     0     0     9    40   225  1199  8338  9908  6708 10065 11407 11315  8518 12618
ch   23:      0     0     0     0     0     0     0     0     0     0     0     0     0     0     0     0     0     0     1     2    12    60   370  3101  9683  6051 14860 12395 11560  5285 11509  9358
ch   24:      0     0     0     0     0     0     0     0     0     0     0     0     0     0     0     0     0     0     0     1    12    48   166  1138  7511 12169  8096 13575  8335  9175  7731  9753
ch   25:      0     0     0     0     0     0     0     0     0     0     0     0     0     0     0     0     0     0     0     0     7    41   306  2778  5377 16891  5364 10293  7122  8661 10591  8979
ch   26:      0     0     0     0     0     0     0     0     0     0     0     0     0     0     0     0     0     0     0     1    16    62   238  1328  9133  8004  8796 11267  6668  9688  9822 11377
ch   27:      0     0     0     0     0     0     0     0     0     0     0     0     0     0     0     0     0     0     0     2    11    55   292  2085 14022 10395 11683  8207  7884 11550 12689 10331
ch   28:      0     0     0     0     0     0     0     0     0     0     0     0     0     0     0     0     0     0     0     3    17    60   224   936  9430  6021 12854 10811 16489  9266  9395 10375
ch   29:      0     0     0     0     0     0     0     0     0     0     0     0     0     0     0     0     0     0     0     1    15    70   239  2337  4594  8571 11897 10969  9503 10442 12155  6971
ch   30:      0     0     0     0     0     0     0     0     0     0     0     0     0     0     0     0     0     0     0     2    15    66   245  1181  7913  8881 16876 11787  7401 11031  9580  9485
ch   31:      0     0     0     0     0     0     0     0     0     0     0     0     0     0     0     0     0     0     0     9    20    61   340  4549 13614 11176  8677 11510  8964  9302  8867 10151
ch   32:      0     0     0     0     0     0     0     0     0     0     0     0     0     0     0     0     0     0     0     2    19    89   270  1405  9328  8940  7714  9329 16213 11920  7130  8516
ch   33:      0     0     0     0     0     0     0     0     0     0     0     0     0     0     0     0     0     0     0     0    13    65   400  2794 11562 15481  9603 10357  9424 12576 11319 11337
ch   34:      0     0     0     0     0     0     0     0     0     0     0     0     0     0     0     0     0     0     0     2    10    59   308  1147  8763 16028  8584  9538  7977 10575  8220  8761
ch   35:      0     0     0     0     0     0     0     0     0     0     0     0     0     0     0     0     0     0     0     3    19    88   417  5617  7722 12881  7951  8598  8514 12107  9596  8818
ch   36:      0     0     0     0     0     0     0     0     0     0     0     0     0     0     0     0     0     0     0     6    32    79   292  1369 10085 10821  7714  7997 10839  6025 10462  9160
ch   37:      0     0     0     0     0     0     0     0     0     0     0     0     0     0     0     0     0     0     1     1    14    49   321  2278 13588  7279 16530 14091 10191  8349  8777 13078
ch   38:      0     0     0     0     0     0     0     0     0     0     0     0     0     0     0     0     0     0     0     5    23    81   267  1255  8458  9729 11294 13768  9021 15491  5801  3185
ch   39:      0     0     0     0     0     0     0     0     0     0     0     0     0     0     0     0     0     0     0     0    15    76   365  3431  7963 10335 11509 14135 12144  7308 13451  6752
ch   40:      0     0     0     0     0     0     0     0     0     0     0     0     0     0     0     0     0     0     0     2    14    88   352  1322  7064  7827 14171  8960  6063 11734  3637  5615
ch   41:      0     0     0     0     0     0     0     0     0     0     0     0     0     0     0     0     0     0     0     0    11    58   308  2250 12350 11880  9071 11128  8831 10777 11689  7600
ch   42:      0     0     0     0     0     0     0     0     0     0     0     0     0     0     0     0     0     0     0     4    24    92   396  1320 11824  6933  8852  6746 12306 13604 11651 10891
ch   43:      0     0     0     0     0     0     0     0     0     0     0     0     0     0     0     0     0     0     0     0    12    82   458  3257 14755 13257  8650 11128 12778 10714  6749  5995
ch   44:      0     0     0     0     0     0     0     0     0     0     0     0     0     0     0     0     0     0     0     3    21    71   350  1442 13008  7427 15616 11638 12963  9568 11459  6913
ch   45:      0     0     0     0     0     0     0     0     0     0     0     0     0     0     0     0    17    25    29    42    58   135   514  3778 17530 13411 11355 10483 14810 11316  4958 11049
ch   46:      1     1     1     1     1     3     3     3     4     3     3     3     4     4     8    10    19    29    39    44    72   155   460  1638 15975 12176 10799 13147  7951 11703 12431 10160
ch   47:      0     0     0     0     1     1     2     3     4     4     5     5     4     6     6     8    12    21    39    45    80   154   659  3696 14140 15405 12046  9608 11135 11897 14782  6060
ch   48:      1     1     1     1     1     1     1     2     3     4     5     5     5     6     8    13    23    30    33    48    68   154   420  1754 13918 10427 11597  5558  4280 11157  7623 16034
ch   49:      0     1     1     1     1     1     1     2     3     3     4     5     4     4     9    10    13    21    33    41    52   125   357  2740  8268 11997 13944  6914  6711 10830 16657 10105
ch   50:      1     1     1     1     2     3     3     3     3     3     3     4     5     6     7    15    17    24    31    39    58   140   435  1550 11115  5222  9089  9309 10647  6343 10182 12738
ch   51:      0     0     0     0     1     1     1     1     4     4     4     6     6     5     7    13    16    27    28    47    69   154   632  2557 12251  2684  6116  5447 13970 10297 11069 11776
ch   52:      1     1     1     1     1     2     2     3     3     3     5     4     5     5    11    14    20    23    32    41    84   169   404  2301 17382 12160  2885  8015  8920  8248 11857  9874
ch   53:      0     0     0     1     1     1     3     3     3     3     5     5     4     5     7    12    18    30    39    42    65   121   452  2611 15073 12400 13796 11559 10060  7952 10745 11584
ch   54:      0     1     1     1     1     1     2     3     3     3     4     4     5     6     7    14    22    26    36    49    81   185   439  2407 14056 13162 13343  8679  8371 14208  9504  8041
ch   55:      0     0     0     0     1     1     3     3     3     4     4     4     3     4     7    10    19    25    28    38    56   133   573  3459 11715 14751  9794  9661 11606 10712  8524 10952
ch   56:      1     1     1     1     1     1     2     3     4     3     4     4     5     5     7    15    20    32    34    44    68   165   454  2091 14420  9381 11339  9203  9448  9704 12215  7501
ch   57:      0     0     0     0     0     3     3     3     3     4     5     5     4     4     7     9    16    22    33    41    59    97   517  3341  5914 12455 11515 10745  7778 10271 10394  8431
ch   58:      1     1     1     1     1     2     2     2     2     4     3     4     5     6     9    17    22    24    35    43    68   151   581  2367 13634  8972 14854  8850 12346 12006 14328 13858
ch   59:      0     0     0     1     1     1     1     2     4     4     4     3     5     7     8    11    18    22    29    39    72   154   666  2855  8688  9112  9248 11883  6329 12501 14150  3254
ch   60:      1     1     1     1     2     2     2     3     3     3     3     3     5     7     8    12    19    26    35    44    73   173   515  2084 16094 14760 13545 13328 10717 11293  7920  4867
ch   61:      0     0     1     1     1     1     3     3     3     4     4     5     5     6     7    10    19    28    32    39    57   161   604  5047 14982  4954 10544  9981  6526  9332 14552 10986
ch   62:      1     1     1     2     2     3     3     3     3     3     3     5     6     7    10    15    17    27    38    45    77   153   484  2410 19318 12922  6184  5168 10675 13013 10269  7924
ch   63:      0     0     0     0     0     0     1     3     4     4     5     5     4     6     7    10    15    27    36    49    70   126   575  4274  2729 14516 12055 13251 13953  4964  8402  9772
ch   64:      1     1     1     1     1     2     3     3     4     3     4     4     4     7     9    16    21    23    35    47    84   206   536  2332 19211  8260 11593  8645 11923 13093 12146 12266
ch   65:      0     0     0     0     1     1     1     1     2     3     4     6     4     4     5     8    13    24    37    46    64   138   664  4128  6976  7874  8041  8224  8230  2588 11115 10574
ch   66:      0     1     1     1     1     1     1     2     2     3     3     4     4     5     6    14    21    31    35    50    69   203   580  2585 12540  9444 12953  6837 10851  7771  9143 13902
ch   67:      0     0     0     1     1     1     1     1     2     3     4     4     3     4     6     7    15    25    32    37    57   154   633  5883 14407  6681 10443  9090  6967 11948 10152 13230
ch   68:      0     1     1     1     1     1     1     1     3     4     3     4     5     6    10    14    23    31    35    35    73   197   628  2378 16809 10829  9099  2250 12707  4338  8110  8780
ch   69:      0     0     0     0     0     0     2     3     4     4     4     4     5     7     8    12    18    21    31    38    73   157   596  4728  6268 14435  5159 11833  6418 12469  8232  9107
ch   70:      1     1     1     1     1     3     3     3     3     4     4     4     4     5     9    11    20    25    37    49    79   196   619  3621  7591 14602 12243 10307 10744 13626  7184 13020
ch   71:      0     0     0     0     1     1     1     3     3     3     4     4     5     5     7     8    14    25    28    44    52   164   724  6068  8099  6708  6337  7575  8144  9815 12747 12037
ch   72:      0     1     1     1     2     2     2     3     3     3     4     4     5     5     6    16    18    29    37    43    90   226   625  3959  8365 11186 10745 16656  6566 11224 13175 10887
ch   73:      0     0     0     0     0     1     2     3     4     4     4     3     4     6     7    10    15    24    33    33    66   171   700  4759 16326 11611 11467 11614  8299  7478  9970  6291
ch   74:      1     1     1     1     2     3     3     3     3     3     3     3     4     5     8    12    20    25    31    53    86   182   725  2576  8268 12283 11030 12013  7814 13343  8486  9703
ch   75:      0     0     1     1     1     1     2     4     4     4     4     4     6     8     8    12    19    27    37    41    65   168   817  5322  5497 10260  9869  2989  8320 10052  7882 11046
ch   76:      1     1     1     1     1     1     3     3     3     3     4     4     5     7     9    11    20    28    42    50    74   211   583  3571  5131  9869  7430  6229  8964 11317  9022 11976
ch   77:      0     0     1     1     1     2     2     2     4     4     4     3     5     5     8    10    16    25    34    41    66   179   815  9061 12214 12483  9278  7695 11096  9148 12857 14194
ch   78:      1     1     1     1     1     2     3     3     3     3     4     4     5     6    12    15    21    28    33    46    81   235   607  2791  5850  9217  5583 13019  6069 15166 12360  8368
ch   79:      0     0     1     1     1     1     1     1     4     4     4     4     6     7    13    16    19    26    35    53    89   186  1058  5520 10024  9393  6560  7924 11060 13172  6385  7518
ch   80:      0     0     1     1     1     1     2     3     3     3     3     5     5     7     9    16    22    29    35    43    86   255   746  3619 17421 12288 11004  5873  9027 11997  8366  8205
ch   81:      0     0     1     1     1     2     2     2     3     3     3     4     4     7     9    13    20    24    33    49    81   204   809  8666 17425  9951  5410  9384 11411  8207  8055 11579
ch   82:      1     1     1     1     1     2     2     3     3     5     4     4     6    10    12    16    20    30    39    48    85   223   771  3817 15712 10142  5881 10565  9339 12113 13362 12185
ch   83:      0     0     0     1     1     1     2     2     3     3     4     4     4     5     7    12    20    30    35    43    83   187  1038  7025  8512 10290  5880 10480 10598 12345 13835 12467
ch   84:      0     1     1     1     1     1     2     2     3     3     3     3     7     8    11    17    22    28    34    41    82   224   818  4685 15191 14634 10918  9468  9634  7473  8648  6901
ch   85:      0     0     0     0     1     1     1     2     4     4     4     5     4     5     5     9    16    28    37    53    80   196   810  8060  6915 11016  9782 12817 10741 11896  8841 15606
ch   86:      0     1     1     1     1     1     3     3     4     4     3     5     6     6     7    14    23    29    38    49    75   245   820  4923 19492 12342  8262 12447 11545 11606 15949 12733
ch   87:      0     0     0     0     1     2     2     2     4     4     4     4     4     4     8    14    20    26    36    56    68   210  1046  9620 14801 11050 11326  8691  7752  6819  8345 12691
ch   88:      1     1     1     1     1     2     2     3     3     3     4     4     5     5     9    13    20    28    34    48    85   229   936  4884 16318  5229 13580  5784 10733 10499 11941 13604
ch   89:      0     0     0     0     0     1     2     3     3     4     4     4     3     3     9    13    20    23    39    50    74   204   812  8699  8824 11493 10434  6213 10928 15394  9101 11721
ch   90:      1     1     1     1     1     1     1     3     4     3     4     5     6     6     9    13    21    29    37    50    74   262   844  4554 16023 13267 12404  8733  8752 10202  8328 12826
ch   91:      0     1     1     1     1     1     1     3     4     4     4     3     3     6     7    10    16    25    30    52    76   220  1062  7708 15239 11881 10260  9992 11470  9861  6420 12283
ch   92:      1     1     1     1     1     3     3     3     3     3     4     4     5     8    11    18    26    31    34    52    98   250  1098  5264  4625 10202 13982  5048 11414 11541 12138  7404
ch   93:      0     0     0     1     1     2     2     2     3     4     4     4     4     8    10    15    17    26    35    45    82   198  1586  9920  6893  8037  5336 10143 14299 10970 12112 12735
ch   94:      1     1     1     1     2     2     3     3     3     3     4     5     6     7    12    14    25    36    36    51    94   336  1034  4478 15861 16008 13676 11269 13430  8036  9043  9338
ch   95:      0     0     1     1     2     2     2     3     3     3     3     5     5     6     9    11    17    26    37    43    76   251  1188 12207 13950 12637 11470  6989 11177  9323 11391 11824
ch   96:      1     1     1     1     1     1     1     4     4     4     3     3     6     7    12    16    24    31    40    51   114   317  1082  4765 15743  7596  7661 13828 11186  9566  5685  8460
ch   97:      0     0     0     1     1     1     2     2     3     3     3     6     5     5     8    12    18    30    36    48    78   252  1162 12633  8399  6766  9610  8026  7285 15210  8369  8841
ch   98:      1     1     1     2     2     2     3     4     4     3     3     4     5     6    10    16    27    36    48    55   120   336  1123  5648  4739  9585 14021  7686 15384  9538  7826 10674
ch   99:      0     0     0     2     2     2     2     2     3     3     4     5     6     7     8    11    18    30    39    46    98   315  1750 16623 11136 13294 12038  3380  8627  9542  7653  9323
ch  100:      1     1     1     1     1     2     2     4     4     3     3     4     7     9    13    22    28    28    38    55   105   353  1461  8438  6518  9679 12330 11109  8524 12052 13273  8516
ch  101:      0     0     0     0     0     1     1     2     2     4     4     6     6     6     6    11    13    29    43    52    83   306  1777 18048  9402  8715 11803 12726  8114  4469  5563  8259
ch  102:      1     1     1     1     1     1     3     3     4     4     4     4     6     7     8    19    25    28    35    55   114   320   975  6647 11479 11001  9832 10418  9596  9730  9672 15979
ch  103:      0     0     0     1     1     2     2     2     3     3     4     4     5     5     7    13    19    32    38    44    95   252  1774 17287 12397  9313  9244 11207 10920 12751  8229 12160
ch  104:      1     1     1     1     1     1     3     3     4     4     4     4     6     8    13    19    29    30    34    50   117   331  1333  6417 10674  9828  9687 13420 13621 13923  5151 11779
ch  105:      0     0     0     0     1     1     3     4     4     4     4     4     5     5    10    14    18    32    40    52    90   350  1920 12346 10527  9941 12248  8783 10669 12099 10128 12514
ch  106:      0     1     1     1     1     3     3     3     3     4     3     4     6     6    13    19    24    32    42    54    93   340  1290 10479 13659  8560 12106 14893  8836  6818 14942 10156
ch  107:      0     0     0     0     1     1     1     2     4     4     5     5     5     5     7    16    24    29    37    49    98   371  2359 19625 10233  5752  6984 12726 12113 10715 11052  8617
ch  108:      1     1     1     1     1     2     4     4     3     5     6     5     6     8    11    23    29    35    41    58   136   429  1635  7107  8438 10114 10109 14647 12114 12866 10167 11078
ch  109:      0     0     0     1     1     1     1     4     4     4     5     4     5     6     7     9    21    28    35    50   106   323  1551 18478 11271  7515  7052  7478  8936  3900 10308  8237
ch  110:      1     1     1     1     1     2     3     4     4     3     5     6     7     9    12    19    25    37    46    61   125   350  1320  9168  9514 11512 12463  6057  7986 11405 13811 13445
ch  111:      0     0     0     1     2     2     3     3     3     4     4     3     4     6     7    13    25    37    40    58   115   403  2623 18941  7665  9184 11909  7500  6628  7952  7062  6738
ch  112:      1     1     1     2     2     2     2     4     4     5     5     5     6     9    15    23    29    35    41    56   142   422  1605  8891 13935  7581  9217  8625 11881 12737  6328  8296
ch  113:      0     1     1     1     1     2     4     4     4     4     4     5     6     6    10    14    17    27    40    57   106   424  2198  3492 11643 10012  6997  9793 13223  8607 12801  8833
ch  114:      1     1     1     1     1     2     3     4     4     3     4     5     5     8    14    22    30    32    44    70   122   459  1646  9911  9725 11612 11384 13417 16026 13062 11820  9809
ch  115:      0     0     0     0     1     2     2     3     3     4     4     8     7     7     7    11    20    29    37    57   143   575  3040  4416 12763 10043  6961  6512 13778  6598  7838 10331
ch  116:      1     1     1     2     2     2     3     4     3     3     4     4     6     9    16    21    29    33    42    62   152   506  2075 11144  7775 13416 10179 15743  8012 10362 10431 13170
ch  117:      0     0     1     1     1     1     1     4     4     4     4     4     6     9     9    10    18    30    38    60   146   500  2757 12682 15362 10488  9873 10113 11334 11246 11599  7349
ch  118:      0     0     1     1     2     2     4     4     4     5     6     6     8    11    16    18    29    34    41    63   140   370  1688 10583  8097 12298 10564  3153 10955 16881 10324 10686
ch  119:      0     0     0     1     2     2     2     3     3     5     6     5     5     8    10    16    21    28    43    70   155   438  3336  8706  8920 14780  9490  7536  8446 10751  9889 11418
ch  120:      1     1     1     2     2     2     3     3     4     3     5     6     6     9    14    17    25    34    42    73   185   575  2272 13570  7203  6336  7135  4669 10394 13192 12508 10719
ch  121:      1     1     1     1     2     2     3     4     4     4     4     4     5     7     9    16    24    36    46    63   135   547  3182 12124  9564  9688  8087 12733 14363 13406 14477 12031
ch  122:      1     1     1     2     2     3     3     3     3     4     4     5     7     9    13    20    29    36    38    63   167   489  1340  9707  7222 10210 11595  9582  9527 11173 15138 11611
ch  123:      0     1     1     1     2     3     3     4     4     4     4     3     4     5    10    17    28    33    47    66   144   695  3298  7775 13080  9579 13050  9856  3750  6294  9018 13211
ch  124:      1     1     1     1     1     2     3     4     4     3     3     4     6    11    13    17    28    40    46    85   205   570  2419 13951  8709  7329 10197  7217 12178  8509 11888 12246
ch  125:      1     1     1     1     1     2     3     4     4     4     4     5     7     8    13    17    26    35    47    81   228   722  4680  8598  9217 11858  8812 10272 11228  6578  6947  9919
ch  126:      1     1     1     1     2     3     3     3     4     4     4     5     7     8    16    22    35    39    46    92   221   647  2898 16709 13306 13194 11048  7470 13430  6776  7903 12578
ch  127:      1     1     1     2     2     3     4     4     4     4     6     6    12    14    20    32    36    42    74   145   454  1869 15536  7165  9327 11083  5574  5561  8421 14041 17465  8285
