ch    0:      0     0     0     0     0     0     0     0     0     0     0     0     0     0     0     0     0     0     0     4    44   139   940  3953 17093  8231  8645  3436 13304 10952 11199  8699
ch    1:      0     0     0     0     0     0     0     0     0     0     0     0     0     0     0     0     0     0     2    14   106   682  2266 13292  7342 14748 11888 12527  5647 10211  6630  8414
ch    2:      0     0     0     0     0     0     0     0     0     0     0     0     0     0     0     0     0     0     0     3    29   132   992  4850  5646 10409 11700  8447 13576 12109  8728 11242
ch    3:      0     0     0     0     0     0     0     0     0     0     0     0     0     0     0     0     0     0     2    15    85   489  3113 10540  7112 11104  7184  6717  5625  6955  5983 11096
ch    4:      0     0     0     0     0     0     0     0     0     0     0     0     0     0     0     0     0     0     0     1    20   104   787  5808  8632  9650 12480 13056 11145  7553 13195  9316
ch    5:      0     0     0     0     0     0     0     0     0     0     0     0     0     0     0     0     0     0     4    15   143   797  4975  6133 12789 11005  3642 10459  8416 12353 10535 13130
ch    6:      0     0     0     0     0     0     0     0     0     0     0     0     0     0     0     0     0     0     1     7    23   137   822  4607  6620  4737  7741  7807  7134  4470  5122  7763
ch    7:      0     0     0     0     0     0     0     0     0     0     0     0     0     0     0     0     0     0     7    26   140   793  8343 11471  9293 12573 10878  3219  8140  6649 12351  7610
ch    8:      0     0     0     0     0     0     0     0     0     0     0     0     0     0     0     0     0     1     3    13    29   197   967  7104  9364  8940 14072  8089 11053  7447  9290 12099
ch    9:      0     0     0     0     0     0     0     0     0     0     0     0     0     0     0     0     0     0     5    16   101   679  5848  5749  6560 13636  8405 11726 13974 10434  5700 11218
ch   10:      0     0     0     0     0     0     0     0     0     0     0     0     0     0     0     0     0     0     0     6    32   150   804  7068 11687 10717 12459 12899  9203 10753 15023 10611
ch   11:      0     0     0     0     0     0     0     0     0     0     0     0     0     0     0     0     0     2     8    21   126   775  4775 12185 12470  8649 10092 10152 15929 11863 10467  9952
ch   12:      0     0     0     0     0     0     0     0     0     0     0     0     0     0     0     0     0     1     1    15    35   214  1573 12519 12920 14923  7633 11759  5180 11064  8435  9810
ch   13:      0     0     0     0     0     0     0     0     0     0     0     0     0     0     0     0     0     1     7    27   104   818  4718 11473 10866  7251  7180  9772 10853 12298 12316 13229
ch   14:      0     0     0     0     0     0     0     0     0     0     0     0     0     0     0     0     1     2     5    12    75   285  1333  7840 14654 10362  7710  7084  8850  5418 12185  9933
ch   15:      0     0     0     0     0     0     0     0     0     0     0     0     0     0     0     0     0     0     4    17    85   644  6670  3427  7399 13917 10456  6907  8479 14422 15212 10345
ch   16:      0     0     0     0     0     0     0     0     0     0     0     0     0     0     0     0     0     1     1    13    54   235  1814 10398 10035 13993 13882  5975  9957 10869  8625  5341
ch   17:      0     0     0     0     0     0     0     0     0     0     0     0     0     0     0     0     0     0     3    10   103   715  4513  6761 11836 12056 10024  9832  9880  6538 11209 11104
ch   18:      0     0     0     0     0     0     0     0     0     0     0     0     0     0     0     0     0     1     1     8    73   279  1336  8014 13222 12506 11629 11298  8720 11400  9543 13014
ch   19:      0     0     0     0     0     0     0     0     0     0     0     0     0     0     0     0     1     1     5    28    83   769  4738  7304 12447  9787 11198 12468  6629 13881  8558  7725
ch   20:      0     0     0     0     0     0     0     0     0     0     0     0     0     0     0     0     0     0     4    21    63   200  1390  8691  8518  7728  5327  5897  9043  9278  9884  6333
ch   21:      0     0     0     0     0     0     0     0     0     0     0     0     0     0     0     0     0     1     4    17    71   687  4932  8688  9209  7709 14001 12576 10420  7507  9922  9404
ch   22:      0     0     0     0     0     0     0     0     0     0     0     0     0     0     0     0     0     1     3     9    51   351  1587  7798 15144 13720  5078 14611 10284  7971 12851 10676
ch   23:      0     0     0     0     0     0     0     0     0     0     0     0     0     0     0     0     0     0     2    27   143   822  5601  8889 15668 11644  5929 12839 13197 13108 11120  5882
ch   24:      0     0     0     0     0     0     0     0     0     0     0     0     0     0     0     0     0     1     2    17    47   202  1492 11324 13994  8570  8091 12003  6373 11774  8336  3626
ch   25:      0     0     0     0     0     0     0     0     0     0     0     0     0     0     0     0     0     1     1     9   105   493  4925 11057 12498  8680  8791 12868 10862  5329  6962  7897
ch   26:      0     0     0     0     0     0     0     0     0     0     0     0     0     0     0     0     0     0     0    15    44   283  1763 10039 15202 12006 12527 13712 10855  8039  7605  6191
ch   27:      0     0     0     0     0     0     0     0     0     0     0     0     0     0     0     0     0     1     5    17    87   586  7510  6987  1749 12092  9347 15322 11092 10339 14942 13665
ch   28:      0     0     0     0     0     0     0     0     0     0     0     0     0     0     0     0     1     2     5    13    62   267  2029 13752 11464  8770 10765  8353 14259  8346  8897 10662
ch   29:      0     0     0     0     0     0     0     0     0     0     0     0     0     0     0     0     0     1     2    16    63   534  4361  7994  6508 10089  7030 10927 12664 10823  8757 10641
ch   30:      0     0     0     0     0     0     0     0     0     0     0     0     0     0     0     0     0     0     3    16    52   268  1424  9693  7526 11739 12474 11684 16565  4244 11363  7741
ch   31:      0     0     0     0     0     0     0     0     0     0     0     0     0     0     0     0     1     1     2    19   112   813  4394  2955 11017 10912 11258 10706  7115  8151  9645  7855
ch   32:      0     0     0     0     0     0     0     0     0     0     0     0     0     0     0     3    33   275  1748  7661  9531  8598  9499 14369 12413  6912  6455  7702 10552 12166 13233 13115
ch   33:      0     0     0     0     0     0     0     0     0     0     0     0     0     0     0     0     0     0     1    14   111   722  4620  4236 11575  9791 15457  8233 10152  9394 14835  8066
ch   34:      0     0     0     0     0     0     0     0     0     0     0     0     0     0     0     0     0     0     4    13    76   292  2174  8300 11299 11962  7511 10421  7551  3132  9380  8215
ch   35:      0     0     0     0     0     0     0     0     0     0     0     0     0     0     0     0     0     1     4    29   103   729  5397 11395 12346 11749  9606  6283 10801 11696  7430  7675
ch   36:      0     0     0     0     0     0     0     0     0     0     0     0     0     0     0     0     0     2     7    20    85   282  1579  9429  6172 10583  8408  7967 12712  8418  8783 11355
ch   37:      0     0     0     0     0     0     0     0     0     0     0     0     0     0     0     0     0     1     2     8    84   606  3507  4877  7673 10646  5382  6398  9062 10898 13580 12401
ch   38:      0     0     0     0     0     0     0     0     0     0     0     0     0     0     0     0     1     2     4    18    63   285  2079  7145  8282 10577  9626 12310  8613  6552 13342 11031
ch   39:      0     0     0     0     0     0     0     0     0     0     0     0     0     0     0     0     0     1     6    16   143   525  5047  3878  9899 10722  9476 10207 10403  6550 14129 13732
ch   40:      0     0     0     0     0     0     0     0     0     0     0     0     0     0     0     0     0     0     4    14    74   311  1299  7860 16235  9840 10250 10859 10825 14259 14331 12198
ch   41:      0     0     0     0     0     0     0     0     0     0     0     0     0     0     0     0     1     3     8    19    97   565  4001  8884 10671 12613  8343 10842  9084 11320 13162  7862
ch   42:      0     0     0     0     0     0     0     0     0     0     0     0     0     0     0     0     0     1     5    30    92   365  1889  9244  8742 11106 11898  8995  9175  7929  8273  9448
ch   43:      0     0     0     0     0     0     0     0     0     0     0     0     0     0     0     0     0     0     4    21   145   663  3463  5627 12648  7533 13646  6874 13823 12157  8354 15967
ch   44:      0     0     0     0     0     0     0     0     0     0     0     0     0     0     0     0     0     1     3    19    88   307  1888  8965 10341 12840  8601 11040  7851 12604 15862  9733
ch   45:      0     0     0     0     0     0     0     0     0     0     0     0     0     0     0     0     0     1     6    28   123   645  4399  5582  5780 12765 13079 15272  7211  8815 11128 17529
ch   46:      0     0     0     0     0     0     0     0     0     0     0     0     0     0     0     0     0     2    10    24   100   418  1948  9159 12863 12163  9598 13099 11632  9422  9048  6936
ch   47:      0     0     0     0     0     0     0     0     0     0     0     0     0     0     0     0     0     1     3    25   119   795  4282  6474 10785  7979 10728  8543 12690  4389 10888  5536
ch   48:      0     0     0     0     0     0     0     0     0     0     0     0     0     0     0     0     1     2     8    38   125   351  1689  8544  9707  7728 13309  8827  9153 11716  8233 13794
ch   49:      0     0     0     0     0     0     0     0     0     0     0     0     0     0     0     0     0     0     3    14    71   603  2778 10926 10433 10512  9969  4477  9913  8504 12046 12142
ch   50:      0     0     0     0     0     0     0     0     0     0     0     0     0     0     0     0     1     4    10    35    81   317  1583 12880 13928 11323  7506  7646  8382  9868 11078  9619
ch   51:      0     0     0     0     0     0     0     0     0     0     0     0     0     0     0     0     0     0     8    26   121   642  3816 11913 10333  5326  9659 10994 14011  7994 12896 11068
ch   52:      0     0     0     0     0     0     0     0     0     0     0     0     0     0     0     0     0     0     5    28   100   430  1895 14678  8618  8345 11094  7530 14708  8029  9575 12190
ch   53:      0     0     0     0     0     0     0     0     0     0     0     0     0     0     0     0     0     0     6    24   121   577  3837 11507  4071  8246 11306  9805 10197  9896  6807  7582
ch   54:      0     0     0     0     0     0     0     0     0     0     0     0     0     0     0     0     0     2     5    29   146   394  1702 13116 10869 10693  8930  7452  7893  9330  5048 11146
ch   55:      0     0     0     0     0     0     0     0     0     0     0     0     0     0     0     0     0     0     4    27   111   617  6659 12524 13755  8652 14048  9408  4253 13123  8485 13982
ch   56:      0     0     0     0     0     0     0     0     0     0     0     0     0     0     0     0     0     1     9    37   123   463  2109 14602 11201 15173 10125 12193 12025 12954 11207  9286
ch   57:      0     0     0     0     0     0     0     0     0     0     0     0     0     0     0     0     0     2     6    25   117   618  4356 12619 12540  9532  7905 10151 10851 12272 11459 10558
ch   58:      0     0     0     0     0     0     0     0     0     0     0     0     0     0     0     0     1     2     3    26   105   492  1199 11149 12342  9512  7950  9758  8434  7443 10958 11778
ch   59:      0     0     0     0     0     0     0     0     0     0     0     0     0     0     0     0     1     2     5    49   163   839  5074 14043 10880 12716  7993  8155 13728 10595  5166 16101
ch   60:      0     0     0     0     0     0     0     0     0     0     0     0     0     0     0     0     0     3    15    41   118   468  2577 12006  8242 13080 10717 12247  9254  7071 10195  6291
ch   61:      0     0     0     0     0     0     0     0     0     0     0     0     0     0     0     0     0     1     4    40   182   787  5632  9681 12041 14639  6833  7119 14470  7023  9186  9393
ch   62:      0     0     0     0     0     0     0     0     0     0     0     0     0     0     0     0     1     5    14    39   127   466  2405 13708  9237 13003 15023 15489 11093 11222  5675  7480
ch   63:      0     0     0     0     0     0     0     0     0     0     0     0     0     0     0     1     2     2    10    26   154   606  4081  6148 13156 12576  8550 17273 10587  6949  4021 11197
ch   64:      0     0     0     0     0     0     0     0     0     0     0     0     0     0     0     0     0     2     8    40   141   468  1996 14847  9148 13414  8296 11536 10429 10469 12679  9103
ch   65:      0     0     0     0     0     0     0     0     0     0     0     0     0     0     0     0     0     0    10    41   183   753  4926 15322 11955  8262  9233  6054  8138  5502  8889 13831
ch   66:      0     0     0     0     0     0     0     0     0     0     0     0     0     0     0     0     0     0    10    44   139   510  2509 14319 12404 12985  8782 13920 13075  8793 15864  8156
ch   67:      0     0     0     0     0     0     0     0     0     0     0     0     0     0     0     0     0     2     6    33   170   926  4648 10801  6345 13560  8743  4220 11119  4801  9431  6633
ch   68:      0     0     0     0     0     0     0     0     0     0     0     0     0     0     0     0     0     3    12    47   156   616  2423 15450  4119  7523 13159  8831  8533 14758 16009 12258
ch   69:      0     0     0     0     0     0     0     0     0     0     0     0     0     0     0     0     0     0     9    33   151   869  5016  2443 16982 11936 10020  9933 12757  7785 11184  8154
ch   70:      0     0     0     0     0     0     0     0     0     0     0     0     0     0     0     0     0     0     6    20   127   620  3503  4706 13577  8635  7207 13042  7626  7943  7189 10083
ch   71:      0     0     0     0     0     0     0     0     0     0     0     0     0     0     0     1     1     2    10    45   142   872  7924 11285  5744  8927 12429  6378 15143 11676 10582 11158
ch   72:      0     0     0     0     0     0     0     0     0     0     0     0     0     0     0     0     0     2    10    44   192   570  2265  8525  8854 10038 11808  7297  5010  9445 10574 11695
ch   73:      0     0     0     0     0     0     0     0     0     0     0     0     0     0     0     1     1     2    10    40   242   878  3700  7801  7677 12720 10310  7787  7569 10353  6816  8930
ch   74:      0     0     0     0     0     0     0     0     0     0     0     0     0     0     0     0     0     2     8    39   155   673  2521  3704  8779 12986  8296 14792 10334 12304  8572  7663
ch   75:      0     0     0     0     0     0     0     0     0     0     0     0     0     0     0     0     0     1    11    53   174   721  6595  5873  6557 11890 12645 10362  8466 14158  6588 10631
ch   76:      0     0     0     0     0     0     0     0     0     0     0     0     0     0     0     0     0     3    12    48   145   683  3456  1691 11579  7426 14320 16512  8507  9563 12003  9653
ch   77:      0     0     0     0     0     0     0     0     0     0     0     0     0     0     0     0     0     2    12    39   211  1033  7510 14618 10018  2296 13611  7944  7468  9551 10830  6044
ch   78:      0     0     0     0     0     0     0     0     0     0     0     0     0     0     0     0     0     2     6    32   180   713  3389 15088  8174 15221 12421 11692 13841  9187 10840  6311
ch   79:      0     0     0     0     0     0     0     0     0     0     0     0     0     0     0     0     0     2    11    47   195   744  6963  5611 14210 12371  8721  9561 11992 12245  6847 11769
ch   80:      0     0     0     0     0     0     0     0     0     0     0     0     0     0     0     0     0     2    15    61   165   639  3788  5579 12583 10720 11370 14267 12911  9267 12475 12426
ch   81:      0     0     0     0     0     0     0     0     0     0     0     0     0     0     0     0     0     2    11    57   210  1187  5524 10701 10500  9476 13777 12792  8572 17020  7369  5111
ch   82:      0     0     0     0     0     0     0     0     0     0     0     0     0     0     0     0     1     2    10    57   186   685  3416 13259  7790 12628 10733 10779 13014 10336 10222  4018
ch   83:      0     0     0     0     0     0     0     0     0     0     0     0     0     0     0     0     0     5    17    45   206  1626 11185 10113 12127 13626  5971 13197  8776  7831  8780  8294
ch   84:      0     0     0     0     0     0     0     0     0     0     0     0     0     0     0     0     0     2    13    73   219   869  4470 12539  7619  6100  8440  8843 11169  8860 12135 15404
ch   85:      0     0     0     0     0     0     0     0     0     0     0     0     0     0     0     0     0     1     7    57   285  1251 10566 13072  9069  6232 15412 10000 11874  4147 11649  4425
ch   86:      0     0     0     0     0     0     0     0     0     0     0     0     0     0     0     0     0     1    16    40   194   741  3275  9711  8379 12373 10733 12905  7910  9469  6229 10233
ch   87:      0     0     0     0     0     0     0     0     0     0     0     0     0     0     0     0     0     2     5    54   264  1668  9831  8132 11808 12860 10925  5922 11112  8954  6022  8821
ch   88:      0     0     0     0     0     0     0     0     0     0     0     0     0     0     0     0     0     1    17    77   263   720  3662 11804  7085  6330  6878 13040 12986  8809 10679 14424
ch   89:      0     0     0     0     0     0     0     0     0     0     0     0     0     0     0     0     0     1    13    60   282  1783 16389 10059 11245 12955  8564  7973 12909  6175  9418  9505
ch   90:      0     0     0     0     0     0     0     0     0     0     0     0     0     0     0     2     2     3     8    91   225   759  3755 10951  8298 14301 13870  8901 10225  6931  8559 11521
ch   91:      0     0     0     0     0     0     0     0     0     0     0     0     0     0     0     0     1     7    11    58   359  2754 13569 13168 11155 14461  6436  7342 14010  6917 10291  9053
ch   92:      0     0     0     0     0     0     0     0     0     0     0     0     0     0     0     1     1     4    20    46   260  1050  5659  3873 11553  8765 10207 12461  8385  7133  8036  7405
ch   93:      0     0     0     0     0     0     0     0     0     0     0     0     0     0     0     0     0     5    18   103   392  1626 12565 12606 14149 11709  9415  5720  9462 14023  8510  8185
ch   94:      0     0     0     0     0     0     0     0     0     0     0     0     0     0     0     0     1     4    18    60   290   969  4415 15258 12594  9792  8692 10115  6731 11313  4654 11229
ch   95:      0     0     0     0     0     0     0     0     0     0     0     0     0     0     0     0     0     4    20    69   445  2331 15374 13846 11843  7622  8301 10430 10526 11684 10348 10837
ch   96:      0     0     0     0     0     0     0     0     0     0     0     0     0     0     0     0     0     2    14    64   291  1018  5940 13450  8422 13275 12563 11737  7285 12528  8271  8751
ch   97:      0     0     0     0     0     0     0     0     0     0     0     0     0     0     0     0     0     3    14    84   373  2946 15971 10782  9485 12422 10150  8681  6297  9872  5738 15841
ch   98:      0     0     0     0     0     0     0     0     0     0     0     0     0     0     0     2     3     5    14    79   307   889  4906 15085 10248  7057 10155 12050 15955 13618 10200  8538
ch   99:      0     0     0     0     0     0     0     0     0     0     0     0     0     0     0     0     2     5    20    91   356  3042  8788 10706  9525 12344  6805  8866  9992 10572  7982  9482
ch  100:      0     0     0     0     0     0     0     0     0     0     0     0     0     0     0     0     0     2    13    93   344  1459  7412  9462 10405  7643 11537 13647  9883  8642 10365  8700
ch  101:      0     0     0     0     0     0     0     0     0     0     0     0     0     0     0     0     1     4    13    67   401  2755 15178  8619  8844 13071 11183  9975  7278 10460  9963 13770
ch  102:      0     0     0     0     0     0     0     0     0     0     0     0     0     0     0     0     0     1    14   107   441  1608 12677 12889 17891 12523  7668 14381  9229 12787  9622 11975
ch  103:      0     0     0     0     0     0     0     0     0     0     0     0     0     0     0     0     1     5    32   144   472  4668 15420  6566 11659 13354  9826  6302  8652  6945 11812 14266
ch  104:      0     0     0     0     0     0     0     0     0     0     0     0     0     0     0     0     1     5    27   130   460  1628 13236  9311 10813  9480  8576  8954 11962 13232 11837  9772
ch  105:      0     0     0     0     0     0     0     0     0     0     0     0     0     0     0     0     1     3    11   103   473  3528  5759 12248  7779 12043  8963  8407  7742 11493 11187 11685
ch  106:      0     0     0     0     0     0     0     0     0     0     0     0     0     0     0     0     0     4    18    77   441  3086  9092  5949 11125 11550  9447 13854  8055  7722  9891  5408
ch  107:      0     0     0     0     0     0     0     0     0     0     0     0     0     0     0     0     1     8    29   143   567  5387  2847  9123  9677  8707  9784 11845 10923  7314  8218  2916
ch  108:      0     0     0     0     0     0     0     0     0     0     0     0     0     0     0     0     0     8    26   150   449  2188 14632 15056  8659  8582 10325 15006  8719 12350  9698 12393
ch  109:      0     0     0     0     0     0     0     0     0     0     0     0     0     0     0     0     0     2    25   167   782  3833  5163  6004 10850 11567 10982 12009 12337  7300  9058  7798
ch  110:      0     0     0     0     0     0     0     0     0     0     0     0     0     0     0     0     0     4    24   117   422  2470 12718 14623 10547  6368  8567 14413 12676 12910 12922  3648
ch  111:      0     0     0     0     0     0     0     0     0     0     0     0     0     0     0     0     1     9    39   180   527  5505  4679 14133  9778  9843  9111 10424  9352 11987 10603 11678
ch  112:      0     0     0     0     0     0     0     0     0     0     0     0     0     0     0     0     2    11    40   140   587  3051  2123  9762  5062 13292 14912  6753 17363 12041  8263 12517
ch  113:      0     0     0     0     0     0     0     0     0     0     0     0     0     0     0     0     1     8    33   216   901  2743 11647 10825 14913 15191 14997 12073  4799 13916 11887  9541
ch  114:      0     0     0     0     0     0     0     0     0     0     0     0     0     0     0     1     1     4    33   182   684  3541  3185  8041  6964 11586  7319 10949 13691 11397  8094  9376
ch  115:      0     0     0     0     0     0     0     0     0     0     0     0     0     0     0     1     2     9    56   268  1212  7343 15481 15747  6939  9331 11284  9958  7002 10759 11736  6075
ch  116:      0     0     0     0     0     0     0     0     0     0     0     0     0     0     0     2     4    16    64   192   733  3526  1327 16087  8468 11500  8543 11420 12933  9002  9588  7665
ch  117:      0     0     0     0     0     0     0     0     0     0     0     0     0     0     0     0     3    14    50   291  1619  7537 14085 16098 13279  6731 11970 11755 11604 13418  8314  8926
ch  118:      0     0     0     0     0     0     0     0     0     0     0     0     0     0     0     2     3    14    73   204   742  3156 11851 15559 16806  8063 12560  7472  9701 15026  9907 11090
ch  119:      0     0     0     0     0     0     0     0     0     0     0     0     0     0     0     0     3    17    84   372  1366 11923  5300  8803 10270 11962  6272  6782  8231 11443 12979  8588
ch  120:      0     0     0     0     0     0     0     0     0     0     0     0     0     0     0     1     5    27    88   280  1179  5171 14031  6496  8793  7617 12442  8234 13332 10233 13537  7574
ch  121:      0     0     0     0     0     0     0     0     0     0     0     0     0     0     0     1     4    19    85   310  2045 16335 12040 12434  8598  8222  8811  9201 11481  5797  9415 11304
ch  122:      0     0     0     0     0     0     0     0     0     0     0     0     0     0     0     3     5    24    69   292  1321  7099  8015  7569 12941  6543 13138 11611 13564 14550 10037 10175
ch  123:      0     0     0     0     0     0     0     0     0     0     0     0     0     0     0     0     2    13    99   480  2869 16970  7295  9591  7882 10452 12639 13769  8091 14528  5978  6132
ch  124:      0     0     0     0     0     0     0     0     0     0     0     0     0     0     0     0     6    28   147   500  1232  9340 13533  6365  6868 11084 10959  8619 10076 10414 15699  6525
ch  125:      0     0     0     0     0     0     0     0     0     0     0     0     0     1     1     1     3    27   166   686  4483  5038 11616  3659 11458  8370 11610  7608 10295 15042 11693 14481
ch  126:      0     0     0     0     0     0     0     0     0     0     0     0     0     0     1     3     7    44   148   505  2640 10197 11577 10942  9515  9814  9846  8134 10566 14994 11995 13220
ch  127:      0     0     0     0     0     0     0     0     0     0     0     0     0     0     2    12    31   119   367  1346  6432  8599 13025 11181 10714  4496  6488 11752 11747 11553 10212 10711
