ch    0:      0     0     0     0     0     0     0     0     0     0     0     0     0     0     0     0     0     0     0     4    13    64   219  1164  5410  4086 10057  5520 11638  6788  8735 11923
ch    1:      0     0     0     0     0     0     0     0     0     0     0     0     0     0     0     0     0     0     0     6    73   240  1747  7262  7126  5211 11508  9748 10370 14217  7989  9796
ch    2:      0     0     0     0     0     0     0     0     0     0     0     0     0     0     0     0     0     0     0     1     6    33   160  1721  8739  8965 11988 10095  5663 12013  4337 10302
ch    3:      0     0     0     0     0     0     0     0     0     0     0     0     0     0     0     0     0     0     0     8    48   322  2475 12589 12221  7644 12069 14454 14641 11956  6687  7801
ch    4:      0     0     0     0     0     0     0     0     0     0     0     0     0     0     0     0     0     0     0     0     1    10   148  1283  8546  6650  7803  7908 11206 12351 13257  5919
ch    5:      0     0     0     0     0     0     0     0     0     0     0     0     0     0     0     0     0     0     0    20   116   421  3047 13616  8846 10689  8261  8061  8725 11912 14342 11998
ch    6:      0     0     0     0     0     0     0     0     0     0     0     0     0     0     0     0     0     0     1     2     5    50   266  3071 16001 14349 11036  7548 14771 11071  6333 11099
ch    7:      0     0     0     0     0     0     0     0     0     0     0     0     0     0     0     0     0     0     1    10    72   642  4856  8538  8373  8798 10839 11988  8947 10665  9137 13249
ch    8:      0     0     0     0     0     0     0     0     0     0     0     0     0     0     0     0     0     0     0     0     7    36   473  3081 13356 12015 11271  7714 12463 15264 11865 12213
ch    9:      0     0     0     0     0     0     0     0     0     0     0     0     0     0     0     0     0     0     2    13   155   598  4226 12385 11585 14154  9688  9998 12521  8092 12448  9637
ch   10:      0     0     0     0     0     0     0     0     0     0     0     0     0     0     0     0     0     0     1     1    11    36   534  2738 14897 10873 12453 12655  3751  7142 10152  9371
ch   11:      0     0     0     0     0     0     0     0     0     0     0     0     0     0     0     0     0     0     2     9    65   585  3590 13882  6903  9480  9437 16121 10096 16248 10294  6999
ch   12:      0     0     0     0     0     0     0     0     0     0     0     0     0     0     0     0     0     0     0     1     6    68   418  3510  8321  7644 10185 13148  8820  9594 11780  9904
ch   13:      0     0     0     0     0     0     0     0     0     0     0     0     0     0     0     0     0     1     1     9    84   498  2410  8385  6665 13189 14750 16612 12293 11010 13832 11405
ch   14:      0     0     0     0     0     0     0     0     0     0     0     0     0     0     0     0     0     0     0     2     7    65   510  3808 14991 10108 12153  9848  7078  9242  8509 10682
ch   15:      0     0     0     0     0     0     0     0     0     0     0     0     0     0     0     0     1     1     6    10    79   685  5382  4966 14361  5929  7816  4105 15013 10738  7494 10660
ch   16:      0     0     0     0     0     0     0     0     0     0     0     0     0     0     0     0     0     0     0     2    11    55   451  3610 13893  6497  7990  9036  6958 17347 12486  4273
ch   17:      0     0     0     0     0     0     0     0     0     0     0     0     0     0     0     0     0     0     2    11    85   517  3327  5636 11415  9576 12955  6261 12670  8312 11427  8756
ch   18:      0     0     0     0     0     0     0     0     0     0     0     0     0     0     0     0     0     0     0     4    10    70   278  2859  5836 13537  9169  7182  8099  9373 10204 13107
ch   19:      0     0     0     0     0     0     0     0     0     0     0     0     0     0     0     0     0     1     1     8    62   696  4102 10689 10339 11631 15516  9617 11794 14234 10737  7348
ch   20:      0     0     0     0     0     0     0     0     0     0     0     0     0     0     0     0     0     0     0     0    12    81   805  4354 13392 12247 10546 16127  7733  9611 10389  5558
ch   21:      0     0     0     0     0     0     0     0     0     0     0     0     0     0     0     0     0     0     1    12    61   414  3465 16854 10683  6388 12507  8842  9064 10448 10882 15581
ch   22:      0     0     0     0     0     0     0     0     0     0     0     0     0     0     0     0     0     0     1     1    10    85   464  3612  9893  6411  9873  8988  6686 14612  3615 13061
ch   23:      0     0     0     0     0     0     0     0     0     0     0     0     0     0     0     0     0     0     1    16    85   518  4639  4199  7230  9239 11183  9947 10289 12164 10135 11712
ch   24:      0     0     0     0     0     0     0     0     0     0     0     0     0     0     0     0     0     0     0     3     9    64   829  3176 15101 12485 15777  8498  8189  5418  6951 13309
ch   25:      0     0     0     0     0     0     0     0     0     0     0     0     0     0     0     0     0     1     1     9    77   311  3026  6321  9959  7743  6094  5539 12293  6858 12024 13630
ch   26:      0     0     0     0     0     0     0     0     0     0     0     0     0     0     0     0     0     0     0     0    13    73   578  4612  5842 10639 14573 12333 11884 10263  4760  4757
ch   27:      0     0     0     0     0     0     0     0     0     0     0     0     0     0     0     0     0     0     2     5    43   541  3444  4956  7948  7792  7130  9036 11499  7780 12166 13269
ch   28:      0     0     0     0     0     0     0     0     0     0     0     0     0     0     0     0     0     0     0     3    14    69   751  3445 10406  9539 12734 14343 11673  8726  7144 13114
ch   29:      0     0     0     0     0     0     0     0     0     0     0     0     0     0     0     0     0     0     0     5    45   592  3563 14984  6358 11207  7676 13072  7716 10710 11777  5070
ch   30:      0     0     0     0     0     0     0     0     0     0     0     0     0     0     0     0     0     0     0     3    17    91   551  4299 12377  7613  6635  7493 10174  7755  4736  8383
ch   31:      0     0     0     0     0     0     0     0     0     0     0     0     0     0     0     0     0     0     2     8    64   511  2628 11305  6752 10504 11177  5497 11028 13931  7819  9316
ch   32:      0     0     0     0     0     0     0     0     0     0     0     0     0     0     0     0     0     0     1     5    26   105   694  3696 13402  8848  9273 13636 12884 13499  9530  7502
ch   33:      0     0     0     0     0     0     0     0     0     0     0     0     0     0     0     0     0     1     2    12    68   394  3905  8611  9169 11667  9080  9237  8769  6529 10466 14418
ch   34:      0     0     0     0     0     0     0     0     0     0     0     0     0     0     0     0     0     0     0     2    26   104   702  5220 11926  8410 13441 14141 10859 11336 11481 11670
ch   35:      0     0     0     0     0     0     0     0     0     0     0     0     0     0     0     0     0     2     3    16    47   414  3484  5951 11890  8169  8325  7496 10771  9269  8548 10543
ch   36:      0     0     0     0     0     0     0     0     0     0     0     0     0     0     0     0     0     0     2     5    35   156   780  9375 11323 14496  9819  9036 15615 14958 11925  9164
ch   37:      0     0     0     0     0     0     0     0     0     0     0     0     0     0     0     0     0     1     2    12    70   503  3574  8448 11742 12720 13642 13651 10722 11709 11907 16857
ch   38:      0     0     0     0     0     0     0     0     0     0     0     0     0     0     0     0     0     0     1     6    25   136   764  6039 12479  7935 11215  7957  7376 11030 15427  7670
ch   39:      0     0     0     0     0     0     0     0     0     0     0     0     0     0     0     0     0     1     2    17    87   667  4163  3438 10124  5930 12515  6271 11921  6591  7110 12241
ch   40:      0     0     0     0     0     0     0     0     0     0     0     0     0     0     0     0     0     0     1     9    37   134   908  5940 10797  3520  8244  6698 12701  8544  9609  7953
ch   41:      0     0     0     0     0     0     0     0     0     0     0     0     0     0     0     0     0     0     1    11    51   418  3838 11476  8048  5934  9305  7130  7477  9438 10938  7646
ch   42:      0     0     0     0     0     0     0     0     0     0     0     0     0     0     0     0     0     0     0     5    39   122   733  6329  8511  9843 11376 14653 13424  6082 13861  9560
ch   43:      0     0     0     0     0     0     0     0     0     0     0     0     0     0     0     0     0     0     1     9    48   372  2804  6432 15067  9766 13348  8841  8966 11096  8481  8878
ch   44:      0     0     0     0     0     0     0     0     0     0     0     0     0     0     0     0     0     0     0     6    43   179   700  5873 10390 10666  7740  9861 12555  9822  6234  7793
ch   45:      0     0     0     0     0     0     0     0     0     0     0     0     0     0     0     0     0     1     5    19   100   677  4710  4640  6927 10762 11627  9616  5125 11889  8370 11293
ch   46:      0     0     0     0     0     0     0     0     0     0     0     0     0     0     0     0     0     0     0     8    43   235   839  6330  7811  6237 13436  8217 11003  9579  7286  8466
ch   47:      0     0     0     0     0     0     0     0     0     0     0     0     0     0     0     0     0     1     3    17    75   721  4149 10442  9089  8985  9037  9385  9131  6288 15023 12706
ch   48:      0     0     0     0     0     0     0     0     0     0     0     0     0     0     0     0     0     0     2    10    53   160   907  7774 11111  9945 12573  9324  5101 10975 14778  9600
ch   49:      0     0     0     0     0     0     0     0     0     0     0     0     0     0     0     0     0     0     1    25    97   460  4545 12848  8936  8466 10651  9748  7779 11372  9095  5826
ch   50:      0     0     0     0     0     0     0     0     0     0     0     0     0     0     0     0     1     1     1    12    48  1199   870  5420  6476 10348  6557  8256  5820 13452 14159 11400
ch   51:      0     0     0     0     0     0     0     0     0     0     0     0     0     0     0     0     0     0     2    18    93   565  4510 11211  9512  8042  9180 10276  8988  5437 13436 13438
ch   52:      0     0     0     0     0     0     0     0     0     0     0     0     0     0     0     0     0     1     3    24    66   239  1299  7954 13372 11946  8915  9572  9904 14415  8192 10523
ch   53:      0     0     0     0     0     0     0     0     0     0     0     0     0     0     0     0     0     0     2    14   107   566  4643  9026  9308 14582  9958  7142 11064  6566  8134  9045
ch   54:      0     0     0     0     0     0     0     0     0     0     0     0     0     0     0     0     0     0     0    13    57   245  1179 11498 12498  8554  6237  8982  5559  9042 11505  9407
ch   55:      0     0     0     0     0     0     0     0     0     0     0     0     0     0     0     0     0     2     5    18    79   563  4809 13150  7682 13549  8898  7445  9950  5270  9732 10220
ch   56:      0     0     0     0     0     0     0     0     0     0     0     0     0     0     0     0     0     1     3    20    75   316  1378  6496 14005 12894  7964  6401  9903 15239 13856 11026
ch   57:      0     0     0     0     0     0     0     0     0     0     0     0     0     0     0     0     0     2     3    28    98   549  4352  3961 12052  9051 12925  6975 13766  9301  4111  6676
ch   58:      0     0     0     0     0     0     0     0     0     0     0     0     0     0     0     0     0     1     8    22    74   219  1199  4884  9153  8854  3908 10022 10810 12380 12460  8876
ch   59:      0     0     0     0     0     0     0     0     0     0     0     0     0     0     0     0     0     0     3    20   106   614  4179  7678  8213 15061  9923  8104 12851  7958 13455 15090
ch   60:      0     0     0     0     0     0     0     0     0     0     0     0     0     0     0     0     0     1     4    22   101   290  1078  7183 12979  8043  7867 13994  7056  8278  9558  8375
ch   61:      0     0     0     0     0     0     0     0     0     0     0     0     0     0     0     0     0     0     8    26   109   591  8214  6217 10249  6788 11533  9208  6903  5281  5956  5264
ch   62:      0     0     0     0     0     0     0     0     0     0     0     0     0     0     0     0     0     1     3    18    88   333  1567 13706 14395 10941 12291 12806  8612  9605  9985 11010
ch   63:      0     0     0     0     0     0     0     0     0     0     0     0     0     0     0     0     0     0     3    15   115   990  6472 11578 11787  9831 15369  9553 13920  8637  8798 10268
ch   64:      0     0     0     0     0     0     0     0     0     0     0     0     0     0     0     0     0     0     1    12    80   287  1262 10056 17179 10314  8788 11547  9958  6850  8609 12485
ch   65:      0     0     0     0     0     0     0     0     0     0     0     0     0     0     0     0     0     1     6    26   114   758  4501  6689 13869 10584 14075 14954  8645 12716 13997  9829
ch   66:      0     0     0     0     0     0     0     0     0     0     0     0     0     0     0     0     0     0     1    20    62   323  1944 13945 13825 11931  9383 12227 10764  9588 11031 11751
ch   67:      0     0     0     0     0     0     0     0     0     0     0     0     0     0     0     0     0     2     6    25   119   906  6206 12504  6933 14662  6284 14804 11480  8834 11726  9423
ch   68:      0     0     0     0     0     0     0     0     0     0     0     0     0     0     0     0     0     2     4    22   118   323  1645  8631 10205  8249 11899 14283  5517  5359 10478  8553
ch   69:      0     0     0     0     0     0     0     0     0     0     0     0     0     0     0     0     0     0     6    24   159   839  6195  9519  7809 14436  7037 12225 10499  8789  7046  6862
ch   70:      0     0     0     0     0     0     0     0     0     0     0     0     0     0     0     0     0     0     5    30    89   440  2321 13846 12813  7549  8765 11076  6741 12093 12925  7967
ch   71:      0     0     0     0     0     0     0     0     0     0     0     0     0     0     0     0     1     2     5    34   150   819  6806  8459 12757  8902 12483  8836 12849  3535  8901 11254
ch   72:      0     0     0     0     0     0     0     0     0     0     0     0     0     0     0     0     1     1    10    32   136   397  2424 13359 11888  8687 11784 14648 14427  8215  8782 14268
ch   73:      0     0     0     0     0     0     0     0     0     0     0     0     0     0     0     0     0     1     6    37   189  1052  8804  6949  7306 13065  5382 11057  8725 12461 11662  7333
ch   74:      0     0     0     0     0     0     0     0     0     0     0     0     0     0     0     0     0     1     3    20   105   554  2109 15996 13167 11908 11099 12394  9087 10709  7155  7862
ch   75:      0     0     0     0     0     0     0     0     0     0     0     0     0     0     0     0     0     1     4    39   147  1206  6008  8644 10406 15170 12779 10305  8884 10031  8946 10163
ch   76:      0     0     0     0     0     0     0     0     0     0     0     0     0     0     0     0     0     0     5    38   144   472  1840 16721 13043  8329 11056 11069  6382 11849 12480 13371
ch   77:      0     0     0     0     0     0     0     0     0     0     0     0     0     0     0     0     1     1     5    37   243   898  9980  9746 11773 10982 13244  8323  8965 11085 11572 11268
ch   78:      0     0     0     0     0     0     0     0     0     0     0     0     0     0     0     0     0     0     7    31   145   480  2256 14630 10558  9348  8146  7921 12173 10880 11249 10198
ch   79:      0     0     0     0     0     0     0     0     0     0     0     0     0     0     0     0     0     2     8    48   174  1146  6704 12353  8784 10807 12658 12970 10909 12720  9690 12984
ch   80:      0     0     0     0     0     0     0     0     0     0     0     0     0     0     0     0     0     1     8    22   138   645  3558 17051  4651 10022  9844  9438 10783 11968  8845  4254
ch   81:      0     0     0     0     0     0     0     0     0     0     0     0     0     0     0     0     0     0     8    51   272  1527 11624 15217 10188 13394  6545  4712 10731 13877  9563 10737
ch   82:      0     0     0     0     0     0     0     0     0     0     0     0     0     0     0     0     0     0     5    27   113   415  2231 10942  6279  8302 12541 10872 12641  7747 11254 11816
ch   83:      0     0     0     0     0     0     0     0     0     0     0     0     0     0     0     0     0     1     7    39   212  1335  7698 10072 14722 11504 11196  8986  9284 11286 11109  9390
ch   84:      0     0     0     0     0     0     0     0     0     0     0     0     0     0     0     0     1     2     6   456   172   482  2507 10771 10797  9157  9851 13678 10702 12275  9007 17066
ch   85:      0     0     0     0     0     0     0     0     0     0     0     0     0     0     0     0     0     5    11    46   272  1649 12081  7940  8631  9269 11798 13411  6699  8490 13085 13286
ch   86:      0     0     0     0     0     0     0     0     0     0     0     0     0     0     0     0     0     2     4    37   140   515  2732  8203 12058 13403  9182 10160 13221 10494  7394  6202
ch   87:      0     0     0     0     0     0     0     0     0     0     0     0     0     0     0     0     0     2     6    39   217  1758 13455  6560 13512  7588 11851  8893  8733  8423 12400 11636
ch   88:      0     0     0     0     0     0     0     0     0     0     0     0     0     0     0     0     0     1     8    45   164   597  2995 10683 13513 13550 11541 11535 15135  9774 13408 14305
ch   89:      0     0     0     0     0     0     0     0     0     0     0     0     0     0     0     0     1     1     9    42   325  1622 12093 10620  8435  8705  9047 12019  8971  7421 12806 14813
ch   90:      0     0     0     0     0     0     0     0     0     0     0     0     0     0     0     0     0     1     5    48   173   659  2921  7383  9748 13554 13492 12806 10047 10455  8287 10352
ch   91:      0     0     0     0     0     0     0     0     0     0     0     0     0     0     0     0     0     2     7    38   258  1854  8844  7156 11394 12206 14977 14195  6918 14543 12765  8358
ch   92:      0     0     0     0     0     0     0     0     0     0     0     0     0     0     0     0     1     3     8    34   194   879  3258  7807  5534 12122  8786 10360 17416 10629  8710  6959
ch   93:      0     0     0     0     0     0     0     0     0     0     0     0     0     0     0     0     0     1     3    59   310  1299 13456  9016 14532  8099  6789 12922  7407  7548 11472 12925
ch   94:      0     0     0     0     0     0     0     0     0     0     0     0     0     0     0     0     1     2    11    41   125   648  4733 11111  6747  7005 15405 16190  6169 12169  9799 10690
ch   95:      0     0     0     0     0     0     0     0     0     0     0     0     0     0     0     0     0     2    12    54   320  2629 15492 15534 12244  9604 14870 11296 13149  8697  9603  8541
ch   96:      0     0     0     0     0     0     0     0     0     0     0     0     0     0     0     0     0     0     9    39   148   786  4710 10057  7644  9472 11590 14780 13617 11006  4251  7275
ch   97:      0     0     0     0     0     0     0     0     0     0     0     0     0     0     0     0     0     2    14    62   355  1891 16659 11568  8999 11712  5836  6729 10236 10773 11090  9029
ch   98:      0     0     0     0     0     0     0     0     0     0     0     0     0     0     0     0     0     3    11    53   234   800  4732 11413  6272  7004 13444  9961 11277  7397  7634 10939
ch   99:      0     0     0     0     0     0     0     0     0     0     0     0     0     0     0     0     0     2    10    70   408  2749  8775  7176 12999  6322  7998 12909 13752  5654  6354  4885
ch  100:      0     0     0     0     0     0     0     0     0     0     0     0     0     0     0     0     1     5    12    64   262   778  3448  8711 11676 10438 10663 10099  6985  7414  5710  8832
ch  101:      0     0     0     0     0     0     0     0     0     0     0     0     0     0     0     0     2     5    26    76   541  2178  8263  9739 13500 13599 11259 13513 12808  9221 10603 14125
ch  102:      0     0     0     0     0     0     0     0     0     0     0     0     0     0     0     0     0     1     6    48   201   755  3729 10170  9040  7058 10436 10220 11927 14938 15455 15626
ch  103:      0     0     0     0     0     0     0     0     0     0     0     0     0     0     0     1     1     3    19    82   392  2950 10073 10994  7226 13492 10282  8209 11062 10064 14905  7077
ch  104:      0     0     0     0     0     0     0     0     0     0     0     0     0     0     0     0     1     3    22    59   235  1002  4198  8161 14244  9094  9724  9016 12019 13229 10566 13497
ch  105:      0     0     0     0     0     0     0     0     0     0     0     0     0     0     0     0     1     3    13   101   479  3060 13373 15304 15029 14519  9810 12450 11621  8064  7147  5418
ch  106:      0     0     0     0     0     0     0     0     0     0     0     0     0     0     0     0     0     2    19    63   206   873  3808 11056 12252  8059 12690  7351 11041 11420  8630 13337
ch  107:      0     0     0     0     0     0     0     0     0     0     0     0     0     0     0     0     2     7    28   134   661  3509 14243 11151 11652 11871  6479  9156  8315  8802 16595  9414
ch  108:      0     0     0     0     0     0     0     0     0     0     0     0     0     0     0     0     1     4    15    54   211  1104  4374 10051  9976  6130 14264  7322 13327  8698 12205 11125
ch  109:      0     0     0     0     0     0     0     0     0     0     0     0     0     0     0     0     0     5    30   153   746  3782  8363 10087 12443 12134 14332  9861  9888 12076 16382  9192
ch  110:      0     0     0     0     0     0     0     0     0     0     0     0     0     0     0     0     1    23   263  1237  9862 10889  9054  8262  7869 11369 13024  7618  7606  7183  9973  6700
ch  111:      0     0     0     0     0     0     0     0     0     0     0     0     0     0     0     0    18   211  1199  7796  9547  8759 13657  7164 11344  8164 10319  8328  7008  7857  8639  7554
ch  112:      0     0     0     0     0     0     0     0     0     0     0     0     0     0     0     0     3     7    33    81   345  1064  6366 10168 11029  9345 13495 14796  7959 11828  7157 12250
ch  113:      0     0     0     0     0     0     0     0     0     0     0     0     0     0     0     0     0    13    95   714  4478  8495  9959  8336  5881 14729 11822 11393  8514  8029  8524  5939
ch  114:      0     0     0     0     0     0     0     0     0     0     0     0     0     0     0     0     0     1    11    78   301  1179  4426  7558  4345 14097  9831  9048 10135 12717 10918 10460
ch  115:      0     0     0     0     0     0     0     0     0     0     0     0     0     0     0     1     2     9    47   177   953  5375 12908  6266  9308  6582  9262  8426 13674 11576 11284  5640
ch  116:      0     0     0     0     0     0     0     0     0     0     0     0     0     0     0     0     2     7    41    95   405  1316  6964  8620 10765  8842 14510 12676  3322  7275 13112  4398
ch  117:      0     0     0     0     0     0     0     0     0     0     0     0     0     0     0     0     2    13    48   219  1141  6126  9913  8977 12637  9499 10649 13357 11381 11953 15754  9143
ch  118:      0     0     0     0     0     0     0     0     0     0     0     0     0     0     0     0     2     5    36   104   384  1594  5711  8263 10801  8826 14550  6162 14921 11622 10989  9910
ch  119:      0     0     0     0     0     0     0     0     0     0     0     0     0     0     0     0     3    11    73   284   846  6096 10336  8127  6919  9151  6248 13460  8029 11149 14290  9785
ch  120:      0     0     0     0     0     0     0     0     0     0     0     0     0     0     0     9     2    12    56   169   562  1796  8832  5353  9318 11037 11268  5458  6726 10890 14180  9253
ch  121:      0     0     0     0     0     0     0     0     0     0     0     0     0     0     0     0     1    14    69   366  1390  7935  9932  9772 11964 14198  9952  4499 11796 12765 13533  8605
ch  122:      0     0     0     0     0     0     0     0     0     0     0     0     0     0     0     0     0     9    38   153   458  2965 10620 12636 12939  9460  8623  9065 13703 10717  8507 13458
ch  123:      0     0     0     0     0     0     0     0     0     0     0     0     0     0     0     0     0    15    92   356   981 10493 10627  7120  8183 12578  7888 11698  7031 11382 10830  7417
ch  124:      0     0     0     0     0     0     0     0     0     0     0     0     0     0     0     2     3    18    78   197   596  2214 15371 11849  8020 11703  7839  9920  9158  7453 11307 16595
ch  125:      0     0     0     0     0     0     0     0     0     0     0     0     0     0     0     0     2    14    95   538  2853 11257  8241  7228  9796 10593  8894 11899 10919 11659 10229 11925
ch  126:      0     0     0     0     0     0     0     0     0     0     0     0     0     0     0     1     3    26    74   219   745  3184 15208 12332 11694 16482  9820 10759  4777  8919 13881 10198
ch  127:      0     0     0     0     0     0     0     0     0     0     0     0     0     0     2     4    13    38   143   608  3516 13506  9787  8845 12074 11668 10376 10819  9699  5483  8794 12136
