# ID XA-000-08-003-000-001-245-15
# Tag _trim_
# Date 240620_13:05:37
# Vref_p 57
# Vref_n 23
# Thr2_glb 44
# Vref_t 118
# Vref_t_range 1
# Pol 1
# ADC range 30-247
# FAST disc 30
ch:   0  125  126  130  119  123  129  121  122  127  123  126  116  117  117  125  119  108  123  115  117  120  133  109  136  102  116  126  121  119  136  130   -1
ch:   1  132  132  132  123  119  119  125  106  128  116  122  124  117  125  121  113  125  130  119  109  114  117  124  115  114  120  122  131  102  123  127    8
ch:   2  115  121  131  124  118  117  123  133  112  106  121  121  119  117  120  126  115  103  113  115  119  118  120  119  124  121  116  130  121  125  123   11
ch:   3  134  133  132  116  126  118  121  109  117  114  126  122  120  124  117  125  119  109  110  121  112  129  121  120  118  123  122  134  123  132  137   17
ch:   4  140  125  125  118  124  117  121  127  121  116  118  107  116  113  110  122  107  122  114  120  119  108  131  116  123  122  118  122  118  126  117   10
ch:   5  131  125  117  121  113  121  125  125  116  118  111  121  118  120  131  133  116  122  115  116  116  117  121  125  122  120  125  127  136  123  123   32
ch:   6  123  123  123  122  122  127  131  123  118  116  119  126  119  122  120  118  108  121  108  118  121  120  107  115  108  104  121  123  121  118  116   23
ch:   7  122  123  116  122  123  119  119  108  121  115  114  116  110  126  121  116  119  120  109  134  111  118  115  116  122  123  126  129  125  131  136   37
ch:   8  129  119  127  130  120  121  127  111  118  117  132  123  119  116  118  115  120  106  115  126  121  118  119  110  108  121  116  119  117  126  133   19
ch:   9  126  126  125  121  131  124  137  122  116  120  124  105  126  111  118  127  117  108  120  105  116  118  115  123  116  122  117  126  119  121  121   24
ch:  10  127  131  125  125  127  118  120  132  123  122  126   -1  109  112  116  111  124  112  118  118  109  107  120  111  121  110  103  125  115  122  121   20
ch:  11  124  124  132  125  119  135  108  119  111  120  122  124  115  125  120  111  120  119  119  118  124  122  122  120  125  115  123  130  125  124  130   25
ch:  12  132  129  129  123  129   -1  120  126  124  116  116  110  117  107  116  121  118  108  119  119  121  110  117  108  124  135  119  123  121  107  118   15
ch:  13  118  127  117  131  127  121  135  120  124  123  119  125  120  116  123  123  126  123  117  116  129  117  125  125  124  120  122  119  133  124  120   42
ch:  14  122  133  124  117  121  125  127  119  104  132  118  118  122  110  125  120  122  120  121  115  115  120  115  107  122  108  117  122  124  120  124   31
ch:  15  131  120  127  127  118  124  124  121  135  131  133  125  118  124  124  116  127  108  115  111  117  114  123  136  119  123  126  123  121  122  134   37
ch:  16  124  130  133  135  135  120  125  116  118  122  119  123  114  120  104  119  106  114  118  110  115  116  109  121  106  125  117  118  120  115  127   31
ch:  17  124  132  114  120  125  136  123  125  133  125  108  122  103  123  120  122  120  106  108  123  114  117  124  119  119  133  115  126  130  127  123   39
ch:  18  129  132  119  122  126  126  126  116  131  123  125  119  121  130  116  117  120  116  106  116  116  105  110  120  116  124  121  116  123  110  122   26
ch:  19  127  135  119  133  122  132  124  133  122  134  119  110  122  123  117  118  118  105  105  118  123  117  123  125  117  125  120  119  122  125  123   39
ch:  20  122  116  116  127  121  122  122  120  121  124  125  121  118  119  125  118  123  118  119  117  122  119  119  131  120  122  117  108  125  121  121   12
ch:  21  131  134  127  125  130  130  122  131  123  127  122  124  120  123  119  125  117  123  117  115  107  126  122  119  119  109  133  119  126  124  131   43
ch:  22  121  122  125  124  124  116  116  132  121  108  118  104  117  110  118  108  108  118  121  119  115  114  125  117  117  116  120  124  117  123  122   27
ch:  23  130  123  122  109  140  123  134  122  119  127  116  125  119  131  123  109  115  109  111  122  122  116  123  118  121  119  126  115  133  137  131   46
ch:  24  135  134  135  125  119  119  133  122  105  133  121  125  121  119  114  117  111  120  106  122  106  126  109  116  120  118  107  109  118  127  123   25
ch:  25  120  125  139  130  119  124  119  125  124  120  120  137  117  122  115  107  106  105  108  116  115  119  116  116  106  118  120  114  123  132  137   42
ch:  26  127  125  126  119  125  129  132  122  119  115  122  122  123  107  122  119  123  129  107  118  119  119  122  121  121  126  123  115  137  126  119   35
ch:  27  148  126  133  116  121  110  131  110  121  125  116  120  116  118  115  117  121  135  109  125  124  119  130  121  122  108  117  129  123  125  131   51
ch:  28  122  126  123  135  124  126  124  124  106  117  122  120  116  120  103  117  104  111  105  117  116  119  108  124  110  121  105  125  110  122  119   30
ch:  29  124  133  124  127  126  115  117  108  116  123  125  127  119  121  123  119  120  107  120  122  126  116  109  124  120  109  122  132  123  129  133   48
ch:  30  131  123  135  110  124  125  117  110  118  135  121  117  118  117  114  111  115  108  113  110  114  115  111  117  119  120  116  115  118  116  124   17
ch:  31  133  126  123  125  119  117  122  109  119  116  118  111  120  120  122  106  121  117  120  133  130  120  115  118  126  124  117  134  122  134  127   40
ch:  32  131  132  124  122  122  115  123  115  126  120  119  122  108  122  115  120  119  116  125  115  120  108  117  110  118  105  119  120  132  123  137   30
ch:  33  134  132  138  135  123  123  120  122  123  110  125  118  109  125  124  121  127  118  119  131  121  122  117  118  121  120  131  122  125  124  126   53
ch:  34  132  118  124  124  124  126  113  124  115  125  117  132  129  119  117  121  117  105  117  108  125  119  121  107  119  116  121  132  126  121  118   34
ch:  35  132  130  135  125  129  123  129  129  125  121  119  122  131  121  114  120  124  119  109  124  119  120  131  126  124  122  124  125  124  134  141   52
ch:  36  120  117  125  122  121  130  126  123  130  125  105  123  109  122  117  126  125  116  120  124  118  124  122  118  116  122  120  124  130  136  134   28
ch:  37  125  125  132  109  121  122  117  125  116  125  121  121  125  131  132  124  120  116  125  121  120  110  134  127  126  107  135  116  128  124  137   43
ch:  38  131  130  133  133  122  123  131  118  122  122  110  116  122  117  118  122  119  123  117  122  120  119  120  116  121  122  117  117  121  122  119   33
ch:  39  127  124  131  130  125  115  125  122  127  131  130  124  117  117  123  106  121  116  123  111  119  110  117  132  115  120  119  121  141  137  135   56
ch:  40  131  147  124  121  132  119  133  121  117  113  123  120  123  130  104  106  118  121  104  122  118  105  125  131  121  127  118  118  135  129  126   33
ch:  41  126  126  124  128  125  132  125  123  134  122  125  125  125  115  122  109  116  122  119  125  118  123  129  115  127  133  132  123  125  122  132   56
ch:  42  132  120  141  132  127  119  125  116  130  119  118  120  108  117  126  122  124  119  106  123  116  116  119  118  126  124  121  114  123  121  119   26
ch:  43  128  121  130  129  120  127  123  118  116  120  120  118  123  132  131  121  121  125  116  120  115  124  123  109  113  108  122  117  118  135  122   56
ch:  44  140  134  134  122  122  119  117  130  116  130  117  107  118  126  119  119  118  115   95  124  130  119  108  118  117  106  118  117  111  122  126   24
ch:  45  125  124  126  125  130  120  122  134  119  123  116  127  117  126  124  119  126  134  127  124  121  117  121  126  123  128  133  138  142  133  134   53
ch:  46  136  124  117  123  118  117  130  122  118  108  116  121  122  115  122  121  122  106  113  126  108  125  119  132  125  131  126  121  125  139  134   21
ch:  47  124  129  131  137  118  126  132  136  127  131  123  125  120  108  123  119  125  127  119  124  126  121  121  119  137  123  120  121  140  124  131   56
ch:  48  138  118  123  121  130  133  124  121  123  117  118  116  120  122  118  120  116  117  124  122  108  111  119  123  117  110  117  126  123  123  131   26
ch:  49  130  130  133  123  130  137  132  125  126  118  121  142  121  123  129  120  121  119  118  116  130  123  116  126  120  124  124  133  126  133  135   43
ch:  50  129  132  132  123  131  122  120  115  134  134  122  121  117  120  116  116  111  116  118  123  108  110  123  116  121  118  139  122  125  127  119   29
ch:  51  133  124  119  125  130  133  134  118  125  123  109  117  124  123  121  124  107  118  118  122  119  129  136  128  132  126  132  133  135  138  134   50
ch:  52  126  125  121  120  122  120  125  114  125  105  125  126  114  120  127  122  124  123  115  118  117  132  110  121  117  123  123  126  118  132  118   25
ch:  53  134  126  129  138  118  137  124  123  131  123  118  119  126  123  123  115  116  120  126  116  118  123  108  126  128  131  126  136  124  123  125   44
ch:  54  125  124  127  122  132  131  126  122  120  116  105  119  122  108  119  116  119  117  116  117  123  116  106  117  109  117  121  125  123  110  123   22
ch:  55  121  118  130  117  130  132  116  131  119  133  117  121  123  124  122  124  117  122  121  123  126  121  122  129  120  125  127  141  130  142  148   56
ch:  56   -1  140  122  134  127  121  120  116  126  126  118  122  117  116  122  115  118  115  112  116  110  122  107  105  122  121  125  122  117  136  134   28
ch:  57  134  135  127  132  124  122  122  135  126  123  128  126  112  133  120  109  132  123  117  117  116  120  118  108  120  119  125  121  125  131  135   44
ch:  58  123  131  120  122  129  118  121  122  129  122  110  123  117  122  124  115  123  118  118  120  117  107  118  115  119  114  122  115  114  118  119   34
ch:  59  129  127  134  133  115  119  131  124  133  119  125  105  122  137  129  124  107  133  115  126  112  124  122  117  132  127  131  141  128  134  134   55
ch:  60  126  119  132  130  125  109  126  123  122  119  118  121  121  122  120  123  119  119  122  105  107  126  119  117  123  126  126  126  117  117  130   35
ch:  61  123  134  122  124  131  121  122  115  132  110  114  125  120  122  123  130  122  124  123  117  122  122  126  119  116  129  130  132  116  141  132   46
ch:  62  121  124  127  131  124  115  120  122  131  118  126  125  120  117  124  115  115  104  115  113  115  121  117  116  125  115  116  117  135  123  119   31
ch:  63  131  129  135  126  134  131  133  124  122  132  119  117  119  126  105  124  123  118  126  118  126  118  123  126  117  126  133  134  137  126  131   56
ch:  64  132  119  138  131  131  114  129  109  116  121  122  110  117  123  120  114  122  123  118  109  106  117  122  115  118  117  123  120  125  120  135   32
ch:  65  126  124  123  130  120  118  124  127  131  125  108  121  120  120  133  124  120  119  130  118  122  133  121  120  131  132  146  135  131  138  136   56
ch:  66  131  123  136  118  136  135  117  120  120  122  119  124  116  119  117  119  125  119  116  103  105  118  111  116  110  119  116  119  118  122  131   33
ch:  67  132  126  121  126  121  121  136  126  125  124  124  116  134  125  121  115  119  121  108  122  117  124  121  133  114  131  131  131  116  127  135   52
ch:  68  136  126  119  124  122  123  115  123  121  118  134  124  117  119  119  107  115  121  114  121  116  103  127  124  118  116  131  131  107  129  126   19
ch:  69  123  125  136  139  124  126  120  136  130  125  126  126  130  130  118  116  119  123  117  123  126  122  125  125  120  130  135  135  120  127  127   49
ch:  70  123  122  121  125  125  121  132  120  123  125  130  113  118  117  114  116  117  121  124  126  120  117  115  123  120  131  123  124  127  120  127   24
ch:  71  123  126  132  123  135  134  129  119  118  126  118  119  123  122  123  131  120  110  118  123  118  120  116  120  116  124  126  123  134  136  126   52
ch:  72  133  121  120  124  120  126  120  126  115  118  124  123  125  108  132  120  119  114  116  133  104  119  118  118  118  120  122  126  121  119  129   20
ch:  73  119  121  124  125  127  122  122  133  135  122  119  124  125  125  115  135  118  116  130  120  122  122  117  107  120  130  123  136  130  132  131   56
ch:  74  133  131  127  123  127  131  125  130  120  118  116  118  131  105  118  116  117  107  124  119  121  114  116  123  105  121  132  127  124  131  133   24
ch:  75  120  137  107  125  123  123  121  134  118  107  137  113  117  124  124  110  118  119  123  116  118  121  130  120  121  119  124  137  125  122  133   56
ch:  76  132  132  123  129  126  127  133  122  121  123  127  117  116  126  120  118  116  117  114  115  126  119  111  116  106  119  125  117  121  127  130   38
ch:  77  130  119  132  119  125  135  127  121  117  124  115  123  120  118  134  117  115  115  118  122  106  116  119  123  117  108  123  132  125  123  135   49
ch:  78  123  137  124  117  118  122  117  126  116  117  115  126  119  133  121  124  123  120  111  115  107  130  120  118  109  123  123  117  117  109  126   26
ch:  79  132  134  125  131  118  120  135  118  110  108  120  121  108  118  124  112  109  104  115  105  116  119  118  119  122  119  122  121  120  127  123   56
ch:  80  127  132  123  133  126  110  118  133  121  121  114  131  119  126  120  124  107  117  117  108  120  108  132  117  105  120  122  121  131  141  134   27
ch:  81  118  120  127  127  131  117  122  124  124  121  108  131  121  124  123  124  122  122  118  116  104  120  110  132  121  122  130  123  126  132  133   56
ch:  82  123  134  126  121  131  122  124  110  123  117  134  119  113  118  118  115  124  116  117  103  115  122  130  106  126  117  105  131  126  130  111   28
ch:  83  126  125  122  118  125  123  125  113  119  105  118  123  121  105  132  107  117  118  118  108  130  115  119  126  125  127  119  135  124  136  139   47
ch:  84  126  124  134  124  130  111  124  115  115  115  119  117  118  108  121  108  116  118  126  118  121  118  118  123  117  109  121  125  116  120  122   35
ch:  85  133  134  124  124  122  128  121  121  118  129  121  125  118  121  117  120  120  133  117  115  117  128  122  120  132  120  130  120  137  121  138   51
ch:  86  126  127  134  124  133  123  127  130  124  138  120  115  126  109  109  119  120  136  122  116  119  119  120  120  120  131  131  121  115  121  125   39
ch:  87  122  133  131  124  125  121  132  118  130  122  132  119  125  138  122  110  120  124  118  117  108  124  123  122  117  134  131  125  127  119  124   45
ch:  88  125  130  127  132  123  132  118  131  124  125  124  125  118  118  134  117  124  127  116  121  122  118  106  118  124  120  125  111  125  123  119   27
ch:  89  121  125  124  129  122  127  121  130  119  124  119  121  108  115  120  117  110  116  115  112  121  114  120  114  117  118  119  116  125  121  132   49
ch:  90  132  119  121  130  131  134  123  126  130  117  116  114  122  125  125  118  110  121  122  115  122  119  116  123  122  113  124  116  130  123  133   24
ch:  91  124  132  118  121  119  134  120  122  121  132  130  118  104  122  133  116  118  115  117  125  121  107  125  121  126  110  121  130  130  122  132   40
ch:  92  119  129  126  124  123  137  108  125  118  123  118  119  124  109  108  119  107  117  118  125  121  118  121  115  114  119  113  123  126  136  126   19
ch:  93  134  122  133  124  126  132  108  120  120  122  123  121  128  123  125  108  120  118  132  117  138  115  118  108  120  118  125  126  123  132  133   32
ch:  94  130  131  125  124  121  116  120  122  123  109  120  115  120  119  113  111  121  130  114  116  108  115  132  118  124  115  116  112  123  127  121   31
ch:  95  124  124  127  126  126  130  132  124  118  122  133  132  118  120  125  124  119  116  118  119  118  124  131  121  114  125  122  121  135  120  138   32
ch:  96  122  126  130  125  119  125  122  122  107  121  117  122  122  120  124  116   -1  119  107  118  120  135  119  116  121  115  119  114  114  119  121   26
ch:  97  133  126  138  122  130  123  123  122  123  124  129  122  122  123  116  125  117  108  119  121  121  114  116  115  118  121  122  120  131  125  134   39
ch:  98  117  130  126  120  120  121  130  118  123  115  116  123  107  115  109  117  107  107  107  117  119  119  120  119  107  120  120  133  108  124  132   18
ch:  99  124  124  130  125  126  127  122  116  123  111  130  132  124  117  119  114  118  120  117  114  121  123  120  120  129  131  115  135  114  130  131   36
ch: 100  126  131  126  124  123  116  130  122  118  134  120  125  123  107  119  110  120  119  107  107  124  121  105  122  122  131  116  106  133  120  134   16
ch: 101  122  133  124  132  123  123  130  119  115  134  127  127  130  116  117  114  110  106  118  114  116  118  122  123  126  131  120  124  122  135  131   37
ch: 102  134  136  126  130  125  118  124  123  121  121  124  101  122  115  118  115  119  119  121  114  117  109  119  119  115  118  115  130  118  124  123   14
ch: 103  123  133  121  130  122  114  116  120  121  124  132  118  107  125  118  114  122  112  116  114  117  129  118  116  119  121  109  127  129  131  131   26
ch: 104  142  123  125  110  125  125  123  124  117  127  123  118  117  123  123  114  124  116  119  106  130  116  109  109  118  125  120  123  109  122  123   11
ch: 105  128  126  134  132  123  121  138  120  121  116  114  114  117  119  123  110  122  121  119  116  116  123  118  122  123  129  130  123  124  137  134   29
ch: 106  129  121  126  135  121  123  123  117  116  114  110  126  113  120  119  119  108  115  119  120  123  119  116  116  116  117  116  123  117  121  123   15
ch: 107  126  130  135  136  120  119  122  114  118  105  120  126  119  124  110  125  116  115  114  125  119  116  122  122  129  118  120  125  136  129  133   22
ch: 108  138  136  134  140  130  119  118  122  123  123  114  108  123  119  123  126  123  125  107  119  118  117  115  121  120  124  121  118  121  128  123   12
ch: 109  130  122  120  130  130  123  132  115  112  116  122  116  124  119  120  124  124  119  114  121  124  119  121  115  122  119  132  121  132  135  138   23
ch: 110  136  134  118  120  131  115  119  125  126  115  111  120  115  108  124  127  105  130  107  114  119  108  119  122  118  121  126  129  135  125  126   12
ch: 111  135  135  124  133  122  125  132  125  118  126  125  120  107  114  125  129  120  126  123  107  126  119  116  126  131  120  119  127  121  133  135   16
ch: 112  124  129  136  118  120  131  129  136   -1  115   -1  111  116  120  117  125  120  117  118  107  116  119  119  116  118  132  118  133  110  120  132    9
ch: 113  124  133  137  133  123  131  120  115  131  119  115  119  117  123  119  121  109  127  118  107  132  116  111  127  124  118  136  131  134  137  125   20
ch: 114  130  121  133  129  122  125  119  110  119  117  131  124  118  109  117  115  120  124  115  116  118  114  117  122  122  116  113  117  123  116  125    6
ch: 115  131  133  122  139  140  131  115  119   -1  114  117  126  107  121  105  120  121  117  121  110  114  115  125  125  134  120  130  135  125  125  134    9
ch: 116  119  123  117  135  127  133  127  136  107  123  121  122  128  117  108  115  108  110  116  109  107  119  104  117  110  122  117  118  122  119  119    4
ch: 117  126  127  130  134  121  139  124  130  126  120  125  129  122  115  133  117  123  123  108  119  122  122  118  132  118  121  122  131  125  119  129   21
ch: 118  130  127  122  121  132  125  124  120  118  112  124  119  123  123  108  118  119  117  118  124  120  111  114  123  118  115  114  110  110  116  127    7
ch: 119  135  132  120  131  126  125  135  118  130  130  122  132  127  127  119  124  121  115  111  123  124  132  117  131  136  118  125  131  132  124  133    9
ch: 120  127  125  119  121  121  131  123  118  125  115  122  118  124  123  123  116  118  109  113  122  116  115  107  120  122  123  121  125  123  131  131   12
ch: 121  120  133  137  132  130  132  126  124  116  120  118  123  119  109  135  126  120  119  122  116  121  118  118  122  122  111  121  120  132  136  132    7
ch: 122  137  120  135  121  126  130  116  117  115  118  117  117  107  118  122  117  104  118  120  115  122  121  120  122  116  121  123  123  119  131  130    5
ch: 123  135  126  117  132  126  117  138  126  127  119  117  120  120  121  107  124  110  114  108  130  123  129  121  132  124  119  129  124  132  125  124    5
ch: 124  126  134  120  131  122  121  126  120  120  123  118  122  119  122  131  117  114  122  110  114  130  129  117  125  120  122  125  120  123  133  125   -1
ch: 125  136  108  126  124  125  119  123  127  122  117  122  119  124  124  124  113  125  116  121  124  124  121  123  132  126  121  126  132  131  132  134   -1
ch: 126  121  120  131  125  132  123  132  117  106  122  117  126  113  115  108  122  111  100  117  107  108  119  105  120  110  127  125  118  131  124  121   44
ch: 127  120  131  123  132  119  130  124  123  133  123  122  117  117  119  125  124  126  126  118  135  125  131  137  134  132  122  137  134  140  131  150   -1
