# ID XA-000-08-003-000-001-240-15
# Tag _trim_
# Date 240620_12:27:16
# Vref_p 56
# Vref_n 23
# Thr2_glb 10
# Vref_t 118
# Vref_t_range 1
# Pol 1
# ADC range 30-247
# FAST disc 30
ch:   0  139  124  123  133  121  133  119  118  122  116  106  123  100  115  114  116  110  104  107  113  106  109  118  123  113  108  110  114  121  119  105   42
ch:   1  137  134  122  123  133  118  131  121  134  120  114  104  109  111  118  115  119  107  105  110  102  106  114  112  107  114  110  104  113  113  109   18
ch:   2  139  124  131  115  122  129  121  122  115  108  115  123  123  115  124  106  116  102  111  105  121  107  109  109  117  116  106   91  115  110  135   46
ch:   3  125  138  121  125  121  111  131  132  118  119  131  103  121  117  121  101  107  110  117  118  115  108  108  113  115  107  119  114  113  114  120   -1
ch:   4  135  117  131  131  123  119  118  118  124  106  120  115  103  120  115  107  108  104  104  115  108  113  103  115  109  104  119  118  117  112  110    2
ch:   5  132  138  123  130  125  121  117  118  122  117  106  115  107  113  117  117  105   92  103  114  112  101  112  111  108  127  107   98  101  119  109    1
ch:   6  121  134  125  132  122  115  108  113  109  134  113  114  125  108  104  104  102  118  102   99  108   98  105  121  108  110  108  102  116  119  122   -1
ch:   7  136  131  132  114  108  125  116  116  117  114  115  108  103  114  103  113  104  106  104  100  100  105  102   98  114  113  115  106  116  117  108   10
ch:   8  134  133  122  122  117  119  117  118  116  116  118  120  117  113  115  114  116  111  115  107  102  112  101  116   -1  116  104  108  116  109  108   -1
ch:   9  123  124  124  117  123  122  122  119  118  123  123  131  110  113  117  100  113  117  103   99  103  106  109  100  115  109  113  114  120  106  109   -1
ch:  10  126  125  125  117  120  120  103  108  117  117  119  109  113  104  107  107  104  104  100  117  113  105  106  105  108  117   94  115  108  111  108   -1
ch:  11  137  135  137  123  131  120  124  119  116  117  124  116  110  113  115  107  104  116  107  107  106  112  109  109  107  105  119  107  119  119  117   49
ch:  12  119  122  133  124  120  119  130  119  120  117  114  118  114  120  119  115  102  107  105  116  104  101  108  117   95  106  103   -1  106  111  114   42
ch:  13  133  135  121  124  125  123  124  121  123  119  118  123  109  116  118  107  114  120  120  110  119  107  118  108  100  117  101  110  118  107  120   20
ch:  14  125  136  119  131  139  116  133  123  131  131  105  115  109  105  118  117  106  108  116  104  102  117   -1   94  106  105  105  101  116  114  109   -1
ch:  15  139  122  133  130  118  132  122  118  118  124  121  109  122  104  111  118  121  121  103  118  100  108  118  116  100  116  113  111  107  110  125   25
ch:  16  138  140  130  122  121  119  117  124  120  124  108  107  114  111  108  108  113  120  104  116  108  100  101  103  112  110  106  118  107  108  111   -1
ch:  17  136  127  141  137  133  133  136  117  114  119  115  121  108  109  110  117  107  120  120  115  104  114  108  124  114  107  107  116  110  116  115   -1
ch:  18  138  132  138  120  127  118  117  124  110  135  120  114  106  107  115   99  101  110   94  113   97  104  107  109  109  108  109  115  116  116  105   -1
ch:  19  121  123  121  125  124  123  109  119  115  114  118  116  125  131  124  120  113  117  114  105  109  114  118  110  109  116  118  111  122  114  116   41
ch:  20  133  120  124  121  132  110  115  134  119  117  111  108  114  116  114  107  115  118  113   99  112  113  106  118  106  100  106  121  107  106  106   12
ch:  21  133  118  118  121  126  123  122  124  116  110  108  119  117  109  125  113  110  111  110  112  104   95  115  111  104  107  110  108  117  115  136   -1
ch:  22  140  134  125  124  122  114  110  116  122  118  121  116  116  103   -1  116  104  111  110  111  106   92  104  107  108  107  100  109  102  102  109   18
ch:  23  133  137  133  118  133  134  119  136  119  121  126  119  116  120  117  112  109  117  120  122  110  111  108  107  108  110  118  111  115  124  111   39
ch:  24  121  134  114  121  119  122  125  120  122  117  127  103  115  109  115  105  108  102  109  106  116  114  108  104  107  105  102  121  102  117   93   47
ch:  25  139  134  135  124  140  109  117  125  120  121  121  121  116  121  113  108  107  114  117  107  125  115  121  106  101  108  118  105  113  116  123   41
ch:  26  133  129  124  135  118  119  136  120  121  123  114  117  120   -1  106  115  116  117   91  105  108  114  110  108  103  106  105   93  105  101  115   -1
ch:  27  123  132  123  133  124  133  118  115  118  113  125  124  121  119  115  115  115  105  111  103  115  107  111   98  119  119  106  124  117  114  109   24
ch:  28  134  119  117  120  121  137  110  119  121  117  105  116  117  117  110  114  106  104  110  104  114  114  109  106  106  110   91  114  106  115  115   45
ch:  29  134  119  122  133  124  119  121  118  123  122  120  114  110  111  114  125  122  115  111  103  115  100  107  102  107  102  105  110  115  109  108   37
ch:  30  123  133  140  121  133  114  136  123  122  117  115  110  117  133  117  119  110   -1  105   -1  107   98  104  108  105  103  117  107  109  104  115   -1
ch:  31  126  132  134  121  133  122  134  124  132  120  123  123  115  117  133  116  111  106  108  119  105  102  105  105  116  120  111  118  110  123  124   -1
ch:  32  136  125  118  135  118  119  110  118  119  121  118  118  108  118  118  107  107  105  104  105   98  103  103  103  105  104  120  105  108  115  110   -1
ch:  33  133  135  134  136  122  132  134  115  109  124  126  115  115  132  132  111  120  110  115  106  107  113  119  114  117  117  114  112  131  119  108   -1
ch:  34  125  133  134  135  122  117  124  134  117  118  118   94  121  116  106  122  103  106  107  114   95  108  108  104  103  103  104  107  109  109  116   16
ch:  35  139  141  134  132  133  115  137  115  123  116  124  119  109  114  120  110  127  113  116   99  119  120  118  121  105  124  120  115  130  124  121   13
ch:  36  127  140  137  118  132  117  123  116  109  111  108  106  107  113  103  107  105  114  110  103  115  104  110  107  114  109  108  116  115  108  107   52
ch:  37  136  133  116  121  121  115  126  118  119  132  119  121  120  111  111  117  113  107  120  120  108  116  103  114  115  110  122  109  120  132  108   -1
ch:  38  134  137  124  123  123  119  133  117  118  113  104   -1  106  105  103  118  111  116  108  107  105  114  101  112  118  102   94  107  104  118  108   -1
ch:  39  135  132  123  134  133  136  120  118  124  120  118  124  118  123  115  115  114  108  110  117  104  106  115  121  118  133  115  122  133  118  117   10
ch:  40  137  132  117  110  133  121  118  118  116  123  109  110  122  107  107  108  109  113  101  118  110  104  105   94  116  105  111  117  107  116  108   -1
ch:  41  126  139  132  139  135  118  120  118  107  121  122  119  108  117  121  123  113  117  116  110  119  118  114  103  120  108  109  116  115  115  118    4
ch:  42  124  134  137  136  125  123  110  110  123  117  123  108  115  119  123  113  120  110  106  105  106  114  104  114  104  106  107  108  104  100  115   48
ch:  43  134  133  136  119  122  119  123  125  118  107  115  118  110  115  110  115  118  111  117  116  108  116  103  116  116  119  110  117  116  119  122   54
ch:  44  124  140  123  136  135  118  120  120  124  124  117  109  120  122  117  110  111  109  116  102  106  107  118  104  114  106  118  103  106  104   97   12
ch:  45  137  121  122  132  121  131  124  132  125  115  119  119  114  115  102  118  107  118  119  118  108  105  120  115  116  113  126  119  118  115  119   44
ch:  46  131  140  132  118  123  125  115  115  121  111  120  119   -1  118  106  108  121  107  109   94  102  107  108  105  111  105   99  105  108  101  113   -1
ch:  47  138  132  142  134  131  135  118  122  122  115  123  112  133  113  116  116  119  109  111  117  122  117  105  123  116  115  113  108  120  124  126   34
ch:  48  134  125  123  131  122  125  120   -1  117  118  102  119  117  114  105  107  104  106  108  103  109  106  109  105  114  109  103  106  117  104  101   -1
ch:  49  134  132  141  131  117  132  117  123  131  124  126  126  104  116  120  106  122  117  110  115  111  111  115  108  106  108  116  106  123  124  123   -1
ch:  50  138  132  121  123  123  121  121  122  124  116  120  123  115  101  116  115  107  117  119  107  105   90  110  117  108  105  114  119  107  121  109   52
ch:  51  138  126  135  132  122  127  124  121  120  115  108  119  126  120  105  105  116  115  115  120  119  108  117  118  118  122  125  121  115  121  122   32
ch:  52  125  126  133  115  122   -1  120  109  132  122  115  126  115  104  118  111  110  118  107  110  106  104  108  110  109  109  105  115  114  117  114   11
ch:  53  123  137  135  121  131  124  119  135  111  123  125  122  109  122  120  117  109  108  124  109  117  105  107  107  117  122  121  109  110  125  110   35
ch:  54  148  134  121  133  134  132  123  130  132  118  114  121  117  109  111  104  120  103  111  115  116  116  109  122  109  107  106  101  107  114  105   -1
ch:  55  137  139  133  132  119  135  131  118  138  137  118  118  126  114  104  121  104  118  123  117  117  113  117  116  114  113  133  118  107  133  118    6
ch:  56  124  122  121  131  118  124  114  121  123  123  126  122  118  124  110  121  118  103  105  125  107  117  106  114  117  106  104  111  118  120  118   -1
ch:  57  134  132  124  139  135  132  123  136  131  107  120  117  115  123  108  118  116  120  115  115  110  122  122   99  109  115  106  116  119  107  123   -1
ch:  58  123  131  121  136  123  122  117  124  123  124  108  116  119  117  102  117  120  108  110  108  104  105  113  120  107  106  105  114  106  120  132    4
ch:  59  153  134  119  120  126   -1  132  120  124  133  111  122  114  125  121  118  102  109  118  117  103  113  115  109  117  108  116  116  122  121  119   23
ch:  60  122  139  130  126  121  118  132  131  121  115  121  117  108  115  117  105  111  114  111  104  114  105  110  108  114  110  114  119  104  111  108   28
ch:  61  137  124  141  130  131  130  133  120  115  123  114  122  116  123   99  114  124  121  115  117  111  109  118  114  109  121  116  116  117  117  126   -1
ch:  62  123  120  118  141  121  114  119  120  120  116  114  125  117  103  111  103  114  111  115  114  106  102  100  101  103  107  108  115  114  123  124   39
ch:  63  137  125  132  122  138  123  120  130  123   -1  116  126  117  111  130  126  118  122  115  126  105  112  114  126  116  113  114  110  118  124  110   35
ch:  64  125  124  123  125  131  121  118  130  120  121  122  117  108  117  114  115  120  106  122  116  108  109  109  108  107  110  105  120  113  120  131   -1
ch:  65  132  121  126  118  124  118  124  122  122  116  114  117  114  114  123  120  110  108  120  110  115  111  115  106  107  116  110  120  113  107  124   39
ch:  66  131  136  139  132  126  125  118  118  132  110  117  123  122  117  104  119  117  106  105  105  110  109  107  116  106  115  104  108  113  114  119   53
ch:  67  136  131  138  139  124  124  122  121  133  117  123  117  117  121  108  122  119  121  119  118  117  122  114  125  116  120  125  120  136  119  124   43
ch:  68  133  129  132  126  115  129  121  122  117  122  130  116  110  114  113  117  117  115  110  110  103  104  102  104  119  107  115  113  118  116  115   -1
ch:  69  137  134  131  125  118  133  123  132  127  118  124  114  119  116  114  118  116  108  118  116  118  111  120  114  115  124  121  107  126  134  123   -1
ch:  70  135  136  136  136  131  136  127  115  123  106  119  111  121  109  105  110  108  118  110  104  116  123  115  114  111  118  113  113  107  102  108   11
ch:  71  124  137  135  131  132  135  130  116  118  125  123  119  122  116  118  116  116  106  110  120  112  111  115  116  115  114  111  123  124  123  121   52
ch:  72  140  135  136  119  122  129  127  124  117  115  115  107  114  116  118  117  118  118  122  117  112  118  119  109  108  122  109  114  118  122  125   -1
ch:  73  124  134  133  134  119  122  122  120  120  125  120  133  109  120  112  117  120  118  120  116  115  106  116  109  117  108  114  111  125  121  123   36
ch:  74  118  139  132  121  118  121  118  124  121  125  110  115  117  108  117  106  116  109  108  107  120  109  114   98  110  108  112  109  135  122  117    8
ch:  75  123  120  146  135  140  110  115  123  121  122  123  118  120  129  115  113  118  108  119  109  108  121  119  125  122  115  117  113  122  121  120    2
ch:  76  136  137  136  139  137  132  109  120  124  117  112  109  116  114  119  111  107  115  115  110  118  117  107  106  105  114  113  118  115  114  110   42
ch:  77  140  141  138  131  117  136   -1  123  121  119  118  117  120  111  123  115  115  123  120  114  118  111  114  109  125  106  121  133  124  131  119   -1
ch:  78  132  125  136  132  134  125  137  118  122  120  123  131  109  117  114  109  118  114  101  109  121  104  105  118  115  119  105  105  105  122  107   -1
ch:  79  131  135  133  124  132  132  118  125  124  116  123  108  109  105  111  122  122  108  124  111  123  113  113  116  117  111  119  111  115  120  120   -1
ch:  80  135  124  122  121  120  131  132  122  122  110  133  126  119  119  117  107  110  115  107  121  111  117  135  121  118  118  116  115  114  110  124   -1
ch:  81  138  132  131  126  122  125  119  125  126  126  121  109  116  117  116   -1  120  112  114  105  109  115  121  110  115  106  115  114   -1  115  113   -1
ch:  82  122  137  140  125  126  133  117  115  122  116  120  121  120  104  108  113  120  123  106  117  113  121  110  116  120  116  105  110  117  119  130   -1
ch:  83  135  134  121  123  120  122  120  124  114  125  123  130  122  123  117  122  110  117  119  107  121  108  123  110  121  118  121  119  116  119  123   49
ch:  84  126  134  125  121  142  122  119  116  131  118  118  115  117  115  122  110  116  109  127  118  116  114  108  109  116  104  113  100  111  105  116    2
ch:  85  137  131  138  134  123  137  135  119  124  110  117  117  123  122  112  126  115  109  117  106  119  121  111  117  125  121  112  117  114  116  126    8
ch:  86  134  138  136  133  132  121  122  125  115  106  115  124  116  118  114  116  113   99  114  115  121  102  114  108  101  110  108  118  118  121  114   12
ch:  87  139  136  138  124  134  147  134  123  126  121  120  118  125  118  119  118  109  123  104  118  118  120  122  123  127  131  121  124  118  120  121   29
ch:  88  148  147  157  148  157  150  155  162  163  162  159  165  165  172  173  173  170  176  168  184  178  188  191  182  192  188  187  184  196  202  198   -1
ch:  89  140  118  139  134  124  133  134  125  119  136  121  110  114  120  118  123  108  138  121  115  110  116  118  119  118  123  135  116  122  119  132   -1
ch:  90  132  127  134  132  116  133  121  115  131  108  121  110  120  121  110  108  103  108  118  113  107  114  100  122  117  110  105  116  112  105  122   -1
ch:  91  134  119  134  133  139  121  122  115  135  139  117  106  110   99  126  120  126  125  114  122  115  130  131  121  116  114  125  131  116  124  132   34
ch:  92  137  125  137  132  119  131  124  118  124  107  114  122  109  121  109  124  123  108  108  108  106  103  108  117  118  122  115  110  119  119  115   19
ch:  93  139  133  126  123  122  134  125  118  121  121  122  115  133  132  120  109  119  123  125  108  120  121  124  117  114  109  119  121  118  118  119   56
ch:  94  123  132  137  130  134  121  121  118  118  122  119  123  112  124  111  115  121  107  120  120  108  110  114  117  111  111  106  115  119  112  115   49
ch:  95  139  131  136  131  118  136  125  121  120  130  132  120  120  109  109  123  108  119  106  115  107  120  110  115  116  118  121  115  119  133  118   -1
ch:  96  134  134  144  134  116  123  115  121  124  118  118  117  118  106  109  116  101  120  120  108  120  101  100   98  104  113  105  103  106  115  117   18
ch:  97  140  117  118  135  132  122  134  134  122  131  122  122  124  124  117  117  116  110  118  106  114  111  116  111  115  113  117  117  116  126  123   -1
ch:  98  125  135  132  133  121  132  119  131  119  115  123  118  109  115  105  106  105  117  121  106  120  116  108  119   94  115  117  114  119  120  110   -1
ch:  99  132  118  126  126  123  123  135  121  125  115  116  117  114  107  109  106  103  115  106  118  114  120  114  109  116  109  110  111  116  119  116    7
ch: 100  124  130  131  134   -1  113  123  120  118  121  121  116  123  118  116  117  114  102  104  116  109  118  103  107  101  109  109  118  114  125  114   -1
ch: 101  151  138  136  132  123  122  124  117  115  120  114  117  106  122  117  116  107  116  104  131  109  115  124  117  110  115  100  109  122  116  121   13
ch: 102  134  146  135  141  122  120  137  116  126  137  121  119  110  117  111  121  114  102  113  118  105  113  108  124  106  110  118  113  117  115  113   27
ch: 103  137  131  132  131  123  118  123  122  124  121  123  115  115  107  132  119  105  117  109  112  106  108  113  118  108  115  110  116  118  131  117   -1
ch: 104  136  126  119  134  132  124  114  123  123  109  121  117  108  114  102  109  109  105   93   91  105  103  114  104  109  107  111  109  115  108  122   49
ch: 105  135  131  117  124  133  126  133  118  117  107  116  109  106  124  121  116  106  103   99  118  113  102  114  115  110  121  119  117  109  120  124   16
ch: 106  120  133  118  127  132  135  107  117  120  126  122  114  124  116  118  113  105  105  110   95  102  103  104  103  108  107  111  107  114  118  115   32
ch: 107  135  134  137  118  124  123  123  117  125  118  119  111  117  123  117  115  120  106  120  119  118  103  110  118  110  106  109  115  123  121  116    1
ch: 108  135  121  135  134  138  120  124  113  114  119  108  124   -1   -1  111  106  110  118  101  115  111  108  112   92  113  107  119  114  110  116  106   34
ch: 109  122  137  120  117  123  123  124  119  111  130  135  117  111  117  111  116  113  111  116  109  116  105  118  122  103  115  117  121  120  117  117    5
ch: 110  137  131  126  123  130  130  132  115  118  114  123  114  113  119  121  105  118  105  105  116  108  111  108  108   -1  110  119  110  117  113  105   -1
ch: 111  141  149  143  138  153  151  141  149  149  152  154  163  163  152  141  152  139  157  164  165  155  159  156  164  184  170  182  170  170  177  177   -1
ch: 112  143  133  147  141  132  147  141  133  147  142  142  136  137  147  142  142  148  137  141  154  141  149  150  150  158  148  158  148  143  169  153   14
ch: 113  136  120  134  137  132  121  131  111  115  134  108  107  118  113  117  116  120  101  116  102  115  106  115  116  102  110  109  104  119  120  121    3
ch: 114  143  143  135  135  115  125  123  122  119  131  121  132  107  115  106  108  104  101  108  107   92  107  107  115  108  106   88  104  109  109  118    8
ch: 115  139  132  133  123  124  135  136  122  120  133  124  120  108  118  107  109  117  109  115  120  106  123  108  109  106  116  106  110  110  120  116   -1
ch: 116  121  122  135  126  124  121  123  115  119  117  116  119  119  122  116  103  109  118  106  107  108  117   94  106  107  105  109  101  108  113  119   -1
ch: 117  126  120  132  125  122  118  133  123  113  120  110  122  122  122  119  110  117  114  115  110  106  118  116  119  106  110  110  118  119  110  117   -1
ch: 118  134  129  125  119  125  119  123  118  122  122  116  111  121  107  109  105  116  107  115  102   99   -1  105  114  110  103  103  104  120  105  105   -1
ch: 119  132  122  138  129  118  125  115  115  125  122  122  106  125  106  112   -1  109  115  111  108  105  116  114  126  108  106  119  109  119  122  118   -1
ch: 120  118  125  141  120  131  118  122  117  116  132  105  114  117  107  106  116  117  110  115  115  101   92  108  108  107  102  107  102  102  110  109   -1
ch: 121  133  124  131  131  121  119  124  117  119  116  123  118  117  116  110  109  115  119  115  101  113   94  115  119  102  114  110   -1  119  105  116   31
ch: 122  134  136  142  109  122  114  109  104  108  119  121  113  121  121  119  117  103   95  114  110   99  105  106  117  106   95  109  115  106  105  116   10
ch: 123  133  141  130  125  119  126  120  125  117  108  118  132  116  123  120  109  106  105  116  108  112  108  116  118  114  107  105  105  118  120  122   -1
ch: 124  132  124  131  132  123  132  118  105  124  116  109  114  110  121  107  110  107  107  107  107  108  105   91  104  114  108  103  102  103  106  120   29
ch: 125  124  133  135  115  136  126  122  120  114  110  123  109  125  114  109  117  119  116  122  107  117  115  118  108  109  114  116  109  116  111  106   22
ch: 126  136  133  139  120  117  115  123  118  118  119  118  116  123  107  120  101  115  108  103  103  113  114  108  104  115  101  110   90  117  108  115   25
ch: 127  136  131  132  120  114  121  123  119  119  117  109  122  109  123  117  116  118  115  117  117  116  121  111  119  105  105  109  115  119  125  121   14
