ch    0:   2730  3336  4160  4935  5783  7212  8643 10249 11664 14342 11796  7546 10654 10685 10339  8922  9366 11696  9312 10494 10930  7055  6609  9355  5515  9678  8475 11509 13704 11308 12553 10119
ch    1:      0     0     0     0     0     0     0     0     0     0     0     0     0     0     0     0     0     0     0     0     0     3    19  8099   261 12432 12483     0     0     0     0 14699
ch    2:   6529  8470 10096 11547 15092 13700  6481  9914 16803 11345  8223 11271  7438 14413 18163  8169  6478  4082 10507  9038  2994  7670  8948  9744 12816  7893 11006 11216 13335 10772  9923  4954
ch    3:  10320 12388 14286 10377  5884  6881 11961  8255  9257 12248  9147  8979  6378 11219 12029  8188 16640 14149 11250  7979  7006  7609 10555  6301  7926  8835  6180  6033 12062  6775  6624  7280
ch    4:   7901  9343 11723 11486 11683  8757 14022 12933  6620  8097  8937 11459  9897 10177  7143  8451  9874 13043 12798 11479 15574 11290 11215  8719  7523  9520 13806  8467 11552  7270 12017 12379
ch    5:   9536 11537 15077 14576  3144  9987  8260 11812 13688  7682  4551  9863 10490  9756  5830 10641 10626 10329 12044  8048 14742 10925 13887 12568 14967  4498 10044  7130  8741  9552 12994 10724
ch    6:   9733  9994  8887 11359  6122 11837 12129  7546 11818  7359 14442 10620 12385 14576  7687 13204 12703 13521  9832  9270  9451 14686 15059 10648 12536 12752  8325 12189  9260  7404  8469  5932
ch    7:  12847 11821 11750 11257 11753  7840  8747 12701  8529  6465 10528 12917 10975  7297  9877 10532 10096 13040  8812 10705 10932  8608 11529 13369  9553  5753 11690  9515 10829  3949 10264 10895
ch    8:   9845 12798 11590 12544 10620  6550 10505  9562 13684  4511 13301  5239  9195 12362 11129  7540 10956  5866 13296  7162  7313 16078  9216 11905 10280 10807  9069 10640 10129 10307  9277  9390
ch    9:  12055  9886 11763  9143 12141 13038  7207  9553 11307  8477  9922 11253  9854  8068 14255 15418  8320  4894  9743  9619  7791  7451 11686 14199 10524 11666  7895 14287  6424 13693 10418 15292
ch   10:  11150 12734 13005  5693  9644  8184  7870  7812 15242 10575 13142 12231  9475 15039 13529  5803  6251 11879 12702 11453 10407 13690 12262 12659 10543  8869  8348 11546  9212  9652  6849  9681
ch   11:  13592 12843 11001  7402 14007  8470 10599 13692 12150  8585 12077  6895  3642 11820 13838 14025  9385 10264  7825 10989 15100  6735 11635  7744 12790 10200  9859 10083  8913  5769 12169  7499
ch   12:  14859 11140 11700  8911 14782  5011 15277 13701  9438 11899  5189 10203 11571 10889 12107  6354 11767 12097  6115 13114  6542  9297 12511  9958  8105 13563 13408  8960 10334 10468 12463 12217
ch   13:  13838 11931  6313 13153 16461  8091  4349  4263  6806  9709 11988  5683  6676  8797 15033 11778  7895 15482  5815  9052 11853 10627 12251 11055  9862  6640 13390 10624 10993  9766 14183 13689
ch   14:  14614 11948  5610 11629 12922 11225  8839  9594  7697  8717  7232 12051  9961 12865  5866  9631 14674  7365  5259  8543 10814 12670 11745  9668 14573  7516 13308  8366 10893 11323  9866  8987
ch   15:  11426  5004 10996 12497  9906  8655  7389  8400  9410 10357 10994  7832 11975 11212 13510  9182 10013  9713  9341 10727 11522 12946 12497  8479 10430  5095 13399 11770  7108  8295 10759 13714
ch   16:  13928  7719  6471 11837 11681  8783  9143  8384 10880 12436  8168  7182 13251 11658 11268  7597 13078  4962 15266  8163  9011  9869 10564  8409 10722  8160  7470 10524 12738 14165 12895 10201
ch   17:  13960  9158  8996  9806 11508  7447  8253  5980  9301 15988  6937 12885  7704 13686  8778 10111  6947  4635 10314  5222  9877 11299 13702  9510  8547  9001  9667  9335  7275 11306 10638 13432
ch   18:  15192  5034  9320  8430 15269  9727  7645  7271 13610 10559 12629 10538  6512 13525 10291  7941  8414 15377  8983  6519 10953 12998 12181  9273  9630  7238  5862  7777 14058 11204 13699 14460
ch   19:   5566 10443 10949 12472 11388 15137 10954  6533  6617 14055  4876 10424  6689 10634 14367  8651  8168 12558  9275 13475  5111 13460 11484  4704  9231  8870  6376 10365  9729 13104 10427  8552
ch   20:   3452 10619 13899  8842 15614  9275 10754  8679  8639 10507 15388  7873  9789  9228 12982 10489 13536 11493  6728 10607 10816 10168  4779 10662  8825  8625  9499  6140 10078  5837  5142 13505
ch   21:   3970 11755  9135 12157  8638 18280  4874 11150  8623 10006 11791  9518  8251  6869  8063 11287 14871 12578  6016 12007 10231  6242  9088 14232  5457 15739 13331  9836  6325  5726  9482 13660
ch   22:   4548 12394 10948 12511 11830 14583  7116 11068  9847 10121 12608 14275 10708  9172  7662 11819  9789  7003 11192 13183 12355 11592 10534  9669  9409 11286  7469  6209 10429  6632  9336  9534
ch   23:   5881  9880 13757 10945  7690  7185  9204  8094 13727  4107  9142 10343 11585  8062  8305  6891 12070 13095  9405  5149 13277 11472  6251 13944 11278 13064 11025 10680  9988 13692  7585 12448
ch   24:   7018  6542 12098  5801 17256 14050  5679  8221 15326 14266 15294 12434 13988  8435 10132 15757 10309 13195 12197  8737  7839  8958  9468  8713  9189  9729  7421  6110 11674 16553  7565 11520
ch   25:   6695  8981 14749  8782  6249 11306 14006  9195  7056  8576  9783 11137  9069 10358 12696 10351  8761 10268 13307  5103 10045 14911  8313  8342  9085 11298 11205 16546  7675 10028 12803  9824
ch   26:   3667  8895  9981  6576 11171 13054  8542 11018  8334 12626 10203 10782  6086  7281  8296 11420 15325  9210 16487 11804 13821  6769  9391 11112 14304 10863 13527 10408 10746  6753 11940 14118
ch   27:   9385  9620  7591 11420  7365 11236 11851 13734  7203  7594 14528  7377 12898  4909 10045 10799  9835  9746  7901  5537 12039  8262 13468  9817  9308 14226 16458  9334  5355 11395  8028  5384
ch   28:   6652 11426 12233  9395  6671 10301  4230  7832  7702 11363 12804  8914 12173 12967 11144 11953  8451 11145 15688  7444 10101 13000  6441  8675 11494  8105 11655  8434  8541  8269  5459 11757
ch   29:   9494 11006  7870 12035  8154  7254 10854 11188 12171 13879 11377 12220 14280 13170  8983  7362  9096 13231 13927 13174 11492 11061  9780 16478 10993 10140  6330  7232 13105 13198 12358  9200
ch   30:   7208 11029 13305 10886  8456  9776  9664 12722  9509 14113 10677  7937 10344  7898  8455  6181  8887 10107  9141 10467  7296  9931  7026  9474  7326 11008 15279  7606 11694 10715  7486  9330
ch   31:   9870 10247  4629 15686 11172 14790  2796  7903  7090  9001  7874  9717  5447  3316  7196  6382  7896 12504  7341  7911 13447  6688 12344 11673  7211  4619  8197  7395 12014  6618  7101  6308
ch   32:   4170 13937 10918 10072 11105  5598 10099  4856 11028  6921 15775 11467 14931  9564  6618 12147  8308  9690 15611  5217  5928 13577 16127 15054 10250 12190  8582 12252 10652 13664  3717  9680
ch   33:  10343 11593  3204 14017 14339 11603  7935  6904 10200  9530 12412 12983  9816  6319  9781 12539 10879 10482  8836 11617 12386 11755 13467 11899  9482  9169  6870 11734 17057  6853  9024  7626
ch   34:   7366  8727 12773  9673 11195  9840  9173  9828  7594  8433  9627  8504 12132 13158  8377  5430 15312  7810 14514 10902 11167 15480  9257 11733 16077 11035 12481  6022  8855 12860 12626  6965
ch   35:   9985  9709  9079  5857  7215  3863 11784  7058 14793 14012 14692 10017 14238  6731  9999 11097 13420  9310 12010  9130 11179 11569  8292 12357 11513 12802  7995 10271 14254 16383  9077  7517
ch   36:   9306 11241  6845 12570  8020 11763 11735 15730  8330 10234  8479 11085  7264 11082 11943 13132 11686  7803 10033 12007 12242  7985 13121  8270  8599 11519  9876 14534  4657 14466 12471 14208
ch   37:  11202  8970  8548  5565 10489  8021  9869 11749 10896  9147  7587 17852  9082  8618 14607  9196 12584  6366 11876  8209  6147 13201 12514  8651  8409  8624 10320 12053  6657  8679 11892  8726
ch   38:   8222 14290 11688 10648 10713  9015 10837 11429 10241 12099 14082  5212 11723 10868 14122  7811 16187  7336 14041 11436  9718  8041  8853 11298  9432  8714  8655 11391 11351  9598 11364  9827
ch   39:   9729  7521  8628 12679  7642 10218 10707 13660  9663 11118 14614  4653 11940 10415 14830 14794  8838 10284 13139 10091  8317  6771  9003  7097  5673  5245 11639 11057  9720 11216  7330 16195
ch   40:  11569  8912 10505  9694 12745 14480 14191 10784  7489  5005 10070 10300 10779 10264  9307 12545 11129 12032  8900  6734 10500  7889 10208  7210 11118 14168  7293  9448 12792  8953 11390 10677
ch   41:   9735  5775  8278  8034  8023  9396 12224 11903 11252  7765 15152  6560  8692 11232 10597 13480 13378  9898 12396 11772 11162  9984 14470  9022  9120 12807  7192  7406 13153  9132  8062 12371
ch   42:   8986 12837 10188 12303 11175 12987 14055  9568 12409 10144  8140  4771 10603  8439  3605 15479 14507 10558  7854  9342  8784  7609  7405 10153  7646 14948 12020  6292 10004 13275 12388 13730
ch   43:  13574 12720  8725  9745  6521 10023 11294  6987  6871  6056 11509 10416  7878  9499 10633  4111 13903 12696 11193  8522 11666  9632  9253 12244  6256 11446 10580  8924 16631 11697 12141 11065
ch   44:  11551  9943  9592 10407  9990 11918 10637 13281 10448  9038 15906  5600 10908 11116 11796  7554  8795  9550 10563  7754 12622 10759 13019 11156 14284 11387 12642 12466 10378 12158 10200 10158
ch   45:  11658  7962  9561  8930  9008 11142  8627 13687  9896 11752  5429 11674 10602  6660 16472 11099 13528 10380 10741  8981  9795 12609  9346 10474 15054  6030  9293  8755 13249  9424 14914  9760
ch   46:  10021 11300 10635  4846  7139 10859 10137  9920  5856  4397 11049  5865 11995  7139 10483 10554 11325  8880 14833 10293 14501 12935 10372 10810 14920  9109 14333 10212 13639 15380 11584  9308
ch   47:   5484 10770 10664 13053 13247  4883 10161 10418  7010 11669 11941  9483  8737  8436 11923 13578  8180  9763 10234  8625  6957  9440  4116  8863 10359  8772  7964 13888  8949  7686 11076 10602
ch   48:   9916 11148 11051 11418 10311 16418  6046 15851  9350  4956 11591 11762  7938  4761  6078  8814 16063 10758 15096 13940  9616 11102 11464  7804  9447 12670 13165  9730  9255  6963 12935 10403
ch   49:  11088  8889  9026  8222 10396 13156 14365 12062 11205 11290  9963 11155  6937 14593 13226 11881  6658  7914  6990  8684  9200 12553 10529 10884  8742  7245 10253  9322 11261 13027  8570 13056
ch   50:  11243  7245 11188 13533 15656 12732 13153 12146 14464  6169  5799 10273 10047 11101 12436  6217  9422 10228 13821  9368 11714 15413 14032 10210 16093 10441  9722  7975  3409 12300  8919  6436
ch   51:   8955 14404 13002 13568 10853 13329  8638 15378 12000 13336 11612 10997 11643 10961  9002  8845  7282  6615 15842 15061 10525 10751  5515 11645 10324  7543  7571  9183  8223 11127 13821 13093
ch   52:  12133  7162 10911 10881  7422 13522 12027 11932 12645  6557 17310  9832 13532  7681 13026  9063 14405 12664 14091 14514 11284 10983 14991 11058 15748  9666  4183  7697  7240 13882 11485 11817
ch   53:   4496 11336 10485  9304  9956  6112  9410  9510 11475  7405 13512 14168  7981  7916 12053 10657 10687 10505  9275  4739 13907  7196 11460 11273  7058  4776 12355 11093  6873 13004 10050 10535
ch   54:  12641 11456 12061 10399 10138  8493 12634  9416 13599 11166 13412  7963 10388  7384  6015  6267  8049  8161  9015 13637  8208  7951 10516 11437 11628  9964 10842 10756  6843 14740  7668 13633
ch   55:   9074  9799  7684 11309 11493  9631  9408  5755 11939 15582 10358 11684 17827  7201 14488 10031  7615 10344 11197  6627 12039 10106  8127  7976 14016  4799  8561 15591  8964  6792 11926 10704
ch   56:  10760 14522 11608  9069 14998  5907  9436 13207  7202  6902  9215 10503  9241 11233  4997  7990 11582 11054 17032  5725  9398  8714 13821 10480  8242  8486  9570  4146 12354  8820 10674  4988
ch   57:   5370 11212  8490  8298  7759 13416  9962 15200  7497 12196 11442  9155  6742 10817 12084 10888  8754 10849  8903 15991 13148 11715 13001 14157 12379 10999 10919 11153 10467  8578  7693 10534
ch   58:  11018 14336 11762 10751 10259  4968 12811  8728 11475 10248 13525  9379 10201 10332 13297  9758  9912 10164 11954  7381  8065 14635 10772  5338  8850 13527  9454 12083 10242  8247  9222  8926
ch   59:   8189 10572 12599 13128 10524  8586 14790  8667 11597 13906 13155  8207  9936 12024 11604  4836 10394 13674 15250  8290  3864 13101 13222  8574 11843 13943 12533  6111  8871 13313 10538 14604
ch   60:  13147  7476 12120 12525  5516  8136 11322  9809  9075 15940  7811 15685  7507  7322 11753 18124 11926 12204 10550  7950  7941 10756 11710  7888  7267 10333  9384 10064  7539  6978  6714  7647
ch   61:  11175 10123 12144 11197 10655  7739 13542 15400  9018  9471 11448  9058 10162 10173 12162 13125  8836 11607 14963  6900  6853 13452  4793 11999  7442 10191 10162 15703  8059  8258 13341  9363
ch   62:  12430  5958 10650 12158  8062  8696  4920 10539 11808 11684  6222 15093  5846 12694 11649 11544  9724  6899 12832  6438  8769  6653 16857  8132  8130 10024  6969  8818  7439 11693 12904 11820
ch   63:   8775  7524 14000 12165 15646  9820  9088 12494  7711  6016  8852 12426  9359  6504  9055 11920 12614  7537  6109 13288  9430 10027 11151  5076 10649 12660 14643  7978 10175 11383  7655  9993
ch   64:  11529 11453  7575  7951  8570 12655 11673  9795 10101 11253 13903 14285 10299 14389  9074 11208  8862  9399 12783  7813 15007  7956  6415  9853  9936 11866  9277 15319 15854 12135 13201  7171
ch   65:  16925 11729 14111 10741 10676 11509  9312 13220  9829 13542 11634 10791  9178  9623 10614 10129  7202  9227  9885 12409  9463 10258 11356 10748 11578 10501 12383 11073 11294  6528 10854 14489
ch   66:  11107 12557 13139  9064 11722 15184  8885  8695  5787  7339 10303  8615  7991 11564 13394  9479 10425  5350  8957  6738 14460 11856  4605  9259 10269  9719 10374  7121 13390  5480 12808 13146
ch   67:   7775  9423  7180  9848 13451 11252  9409  8424  9068  8705 15635  7037 13503  6148  9212  8900  8361  8461 18359  7758 13392  8368 11735  5445  9471 10916 10251 11104  7591 10151  7558  9692
ch   68:  12907 11025  8112 11504  7820 10213 15158 16276 12778 10821  7801  6824 10020 10963  7437 10317 12776  9638 10726  7401  7985 11067 12211  8110  8128  8518 13520  9522  5410  9393 10411 11224
ch   69:   7866 13902  9268  7069  8586 10584 11843  7272 12125 12773 12440 13505  9699 12850 10866 11346  8860  9243  6835  9808  9331 12578  7720  8647 14114 15847 12416 11694  4261 14125 15696 10656
ch   70:   8157 12035  6196  7352  9459  7883 16092  6946  7690  6811 14801 10526 13459 12227  3595 15735 13944 10347 12080 11884 10015 10888 12826 12150  5735 10056 12072 10662 10133 10636  8897  7984
ch   71:   8042 10651 10810  9374 11966  3249  6882  8191 11366 12111 13265 10138  3915 10037 10677  9885 10459 12216  4272  8300 12849 11535  8910 14905  8168 10255 14964  9601 11964 13411  7095  8964
ch   72:  17874 11520 11379 10087 14474  9772 11306  6327  8337  8921  8695 10953  7586  7935 13831  8349 11613 11077 13480  8502  7704  9779  8204  9431  8632 11081 12629  7108  7745 11466 10985  7443
ch   73:   7457  8994  7045  8486  9310 11802 11109  9535 15736  8626  3960 13458  7077  7982 11804  9414 14145  7503  7645 14535  7440 10655 14185  8567  9203 10572 15916 11166 12555 13594  6798 12137
ch   74:   5730 14589 10074 11935  9202  8504  7522  4293 11271 14477  7234 11910 12773 13938 12614 10047  9532  9489 13380 10208 12255 13259 12138 11556 12947 13139  7609  9253  6670  9957 10768 10708
ch   75:  11964 10099 12599 10227  7451 11178  4711 12940  7936  9366  9984 14014 13428  9409  7019 11346  8437 15320  8065  8307  6113  9313  7598 12093 12824 10820  8785 12989 13340 11754 11054 10942
ch   76:   4854  9037  7138 13525 10396  8727 11525 13347  9135 11292 11648 12972 11110  5940  6756 10315 13923 10999  7588  6255  8096  9226 17217  5039 13094 12061 14655  7204  9045  7182 11784 10546
ch   77:   6115  7767  9968  8534  8336 12516 13457 11381  7929 12830 12238  9538  6879 11981  9686 10736  9680 12640 14135 15706  8575  4306  4178 12707 10740  8833  8046 14002  6283 12794 10002 13836
ch   78:   4482 10723 10604  9762 13383 11234  6905  9877 10441 10368  8262 13474  7832 12103  6993 12524 13426 10217 12674  5890 14842 11086  7983 11735  9750 12731 11815 14045  7866 15042 19004  8505
ch   79:   6001 11479  8576 10459 11736 14378 11486 12255  9841 14252 13691 17609 12248  9274  9792 13595 12403  8911 12264  8849 10368  7137 10602 10803 11548  7359 11284  6833  9950 11325 13008 11863
ch   80:   9383  8492 12328  7393 12165  9515 10377 12968 15357 14214 14628 10575 12539 14494  8965 11874 10503 12370 11063 13804  6100 13389 15040 10071 10048  8054  6996  6181  4484 11869  9633 10490
ch   81:  11898 12391  6355  9885 11681  9706  8038  7526 13680  9929 10706 11047 12991  8713  9592 11629 15037 11744 13474 11248 11121 10329 16202 15590  8864 11167 12386  6535 13328 11945 12022 10444
ch   82:   7685 12448 12022  9274 10089 12642 14463  6922 13984 10808 11379  7909 10373 15381  9796  8617 11925 12706  7785  8587  7951 12916 14436 12283  8310 10384 10161 10834 16203  9329 12466  7467
ch   83:   9915 11549  6137 12961 13462 11444 13486  8788  9120  7304  7217  7192 11180 10316  9040 10953 11433 12030  8239 13562  9553 15194 14752  6986  8908 13454 10514  6813  7042  9353 12985 10121
ch   84:  12715  7092 11986  7714 14690 14114 13193 14742 10223  7061 10734  6595 11848 12805 13786  9873  6012  9489 10287 15527 14085 12443 12300 12997  8830 11028  7379 12011 12506  7043 10012 12372
ch   85:   8246  7695 13765 12413  8720 15064 12763 13677 11742 11265  7005 14581 11285 15458 14179  4278 12125 12554  6757 11039  9900 13596 11402  5496 11578 10425 13124  9336 11880 11333  9818 14489
ch   86:   7899 10770 10605  8718  6042  4276  6344  7872 11678 10640 10604  9029  9769 10111 10849 12084 13289 10869  6715  9613 13994 12424 10590  9768  9505  6781  7007  8391  9944 11617  3773 10327
ch   87:  11435 11492 10195 11662 12778  7727  7212 15485 15208 10603 11164 11644  6992  7870  8460 14303  8876  7764  9600 11422  7627  5678 10844 10185 12668  8139 10057  9664 12196 12643 12063 10795
ch   88:  10946  8907 14545  6759 10745  7450 13492 11582 13202 15658 12245  8822  6464  8862 11179  8977  8855  8693  7523 14538  7459 11517 12649 12330  7757  9542  8437 14590 12247  8963  7235  9827
ch   89:  12299  7751 10094 11375 11945 16929  7156  7910 12485  9424 10060  7103  8573 14137  9341 11946 14328  8353 12975  8405  9419  4134  4553  7664 10101 12468 11887  9800  9451  4969 12958 12193
ch   90:   7783 12431  9390 14528 16106  9697 15642  8706  9302 12266 10556  8612 12500  9248  5754  9119 11281  9273  9806 11644  6363  9328  8169  9828  8297  9999  9793 14061  8399  8046  6378  6224
ch   91:  11921  6229 13406 13775 15279 11479  8675  8898 13298  9650 12571  3933  6952 12951 11151 11043  9016 11337 13351 11009 10321  6827  9500  9214 13245  7059  7231  8580 12305  4606  7932  7176
ch   92:  15145 10624  7147  9608 14054 14250  6933 12899 11312  9223  9979 16055 11964  9117 10364 10834  7141 15200 10684  8921  8574  8435  8141 13492 15101 10993 12748  6204  7998  5709 10878 11931
ch   93:   7208  9248  6322 12999 11241 11566  9074 11446  7232 10563 10330 10286 13837  9990 13458  8837 14693  8997 10360 10594  5283  9033 12828 11235 11427 10859  1974  7741 10341  5461  7280 11339
ch   94:   6104 10021  9508 10288  7425  8745  8722  6672 11387  8955 12235  4506 12426  8928  8354  6415 11788 13372  7790 11283  8409  6581  6244  8509  8550 11411  7581 10731  8906  9294 11401 13926
ch   95:  11940 11761 14047  9726  5940 11786 10066  7766 13588 11012 10491 11075 11248  9396  8689 12787 16616 12401 10961 17888 16588  8531 10228  8493 10775  7573 13703 12866 13097  9294  9906 15248
ch   96:   7064 15148  8593 14352  9195  5002  6740  8246  9795 11984  9796 10488 13304 11681  6960  8473 10785  9584 10510 10334  9007 12632 10214  9902  9416 13312 10138 14776  3733  4410 13959  8558
ch   97:  11202 13090 13289 13165 10644  7901 10042 10225 13179 11568  6486  8346 12732 10862 12317  9570  7864 11291 10791 12493  7220  6299 11585 10974  7752  8249  8813  7408  9655 15493 10301  9689
ch   98:  10406  8945  9450  3135  9201 14303  4544  8905  9670  9894 10236 10561 10796  3895  9704 12205 12781 13823  9113  8014 13559  8862 17119  7097  7025 11629 13163  5720  7263  9920  3984  5951
ch   99:   6701 14985  7354  9648 13055  8804 12263  5523  9144  8334 14018  6157 12808 10310 10625 13177 13664  6699 14620  2140  8204 10741 10947  9219  8862 11400  7815 10760 10194 11970 13929 14546
ch  100:  12558  6959 12955 12295 10132 13543 10308 14803  9205 11147  9947  7443 13356 12541 11510  5645 12089 12539 10078  7869 11189  9124 11852 13937  6588 10789  5249  9643  9628 10836 11388 12304
ch  101:  10117 13549  8423  5854 12778  6187  6815 10160 12290 12434  6720  6527 14068 12547 10825 12212 11546  8623  8594 10338  6851  4635 18578  7479 10950 10010  7755 12811  7427  6501  8323 15004
ch  102:   7617  7215 12962 10502 14787  7666 11069  8972  9386  9968 11102  8348  8571 10197  8282 11507 10354  7542 15766 14409 10037 12933  5976 10604  8732  5401 10683 12303  9940 13409 14920  8946
ch  103:  13225  9148 12424 10958  8096 10489  9173  5321  7578  5649 10855 11585 12017  7391  8096 11153 11737  8933  9850 15122 12893  8620  9193 10374 11512 12220 13384 15699 11464 12691 16822  9879
ch  104:   6453 15778 11955 10360 10977  7837 12488 10213  7347 12108 10850 12790  8832  9336 10278 10023  8898  9224  8973 14293  7967  9525  7944 10716 10685  8478  7192  6505 10084  8881  6855  9751
ch  105:   8494 10461 13087 14338  5757 12612  9696  7682 16068 12096  7672  8799 10520  9552  8637 10927  7502  9239  9699 14703 13362 11020  9383  5361 10230  8677 12467  9904 13849  4142 10920 12379
ch  106:   6464  7673  6530  6060 12745 11485 13238  7141  7731  9205  9686 15739 11645 13522  9925  6424 11972 11740 11209  7872  6455  8064  7258  7236  7439 12186  6810 11654  7259  7703  7192 13328
ch  107:   7626  9458 10261 14937 10297 13504  5083 12251 12894  9614  5126 14804 12188  9733 10163  7840 13003  7498  8360 10940 12238 12906 12908  9863  9055 14430  9639 14534  7070  5372  8777 13768
ch  108:  11595 11308 11025  5133  8367 12008 11069  7218  4540 12563 10122  7773 15372  8084  7668  9533  9644 10511 10037  8597 11538  7738  9520 11392  3278 11437 13282 16316 10752  9269  9041  5807
ch  109:  15698  7496 15824 10686  4731  5649 10315 11071  8762 14949  6592 12652  9175 12139  9725 10189  9320  9716  9595 11808 15301  9822  6284 10070  9486 11229  8361  4397  9969  9783  9249 15453
ch  110:  12336 10382 13800  8263 11421  7539  8897 11093 11102  7489 13140 11993  9155 12345 10584 12547 11567  7386  7661  8490 15485 14745 10531 10988  4720 10155 12184  6569  9877 11968 10864  7669
ch  111:  10638 10313  9186  9895 14087  7844 10553  9032  9740  9863  6079 12665  9586  3187 12435 10925 10179 12751  7023 16862  4235 10305 13489 15434 10632  8235 12548  7758  8387 12428  9317 10511
ch  112:   9139  9751  8354 13075 11314 11814 14507 12227  9694 11901 10675  9098  8437 11841  8927  8595 10418  9484 10742 11955 12967  9197  7298 12970  9444 11965 10432  9906 11110  7658  8083 11521
ch  113:  11924  9612 13408  9260  9811 11890  8189 18336  9797  6922 13555  7902  8567 14146  7968  9003 10854  9902 11080 12565 11267 10714 14298 11191 13480 11501 10270  9377 14900 12246 10446  9712
ch  114:   9205 10925 11280 13654 14629  8719  5904 12842 11612 12979  7999 12142 11816  8032  7890 13177 10038  9995  7977 14335 10421  8768  3778 11947  7180 12352 11881 10453 10395 14281  9722 13828
ch  115:  10611 13522 11959  8982 11482 11221 11898 12403  8597 10579 12688 11357 11451  6662 17036  4855  8455 11209  5688  8707  7407  7529 10513 10418 14194  8341  7861  4866 13883  7943 15988 13003
ch  116:  11677  9859  9171 13222  7888  7911 11904  8964 13235  9491  9309 11511 13636  6600  8692 12700 15417  7935 11124  8097  7464 10063 11446  9809 11011 10606 13192  4768  7367 13730 12405 12079
ch  117:   5615  6599 10366 10650 11641  8552  4466 11199 13729  9557  5643  6006  6638 11492 15663  5085  8815 11138 10527 10381  7709 10295  9557  3952 14651  9556 10633  5147  7672 12081  8702 11324
ch  118:  12442  9883  7959 13290  6880  7234  9958 12820 11098  9099  9008  6905 13257 10546 11676  9210 10740  7141  8211  9624 16861  8844 10662  6357 12394 13894 12662  8027 10765 11050  8210 11278
ch  119:  13966 11544 11959  8664  7039  9712  8650 10705  7362  7791  9709  5761 13429  8206  7552  6788 11391 10727 10613  9981  4068 13953  8735 10148 12934  8179  8037  7390 10311  7549 17610 12634
ch  120:   9374  9530 12528  9620 15438 11194  9560 10993 13208 13847  9406 12551  5196 10487 16458 13122 13719  9201 11341 15362 12986  8970  9840 11720  8320 11841 13215  4356  9437 12038 11974  4485
ch  121:   6655 13727 10821 12283 18320 14301  9067 11735 13474 10524  9507 11141 10707  9983  8870  6615 14720  7843  8507  6967  7683  5547  8428 11856 14870  8395 11906  9800  9301  5938 13109 12757
ch  122:  10227  8977  8254 10553  4071  7405  9794 10145 12226 10658 10367  5862  9619 10865 10606 10371 12978 11851 10049  8180 11144  5958 12453 10101 10234 12027 12183 10690  2710 10661 10615 11960
ch  123:  13202 11901  6406 14443  8516 10451 14153 11344  7219  4931  8165 12225 12566 13346  9098 11955 12056 10435 13055 12871 11979  8357  5796  9599  9190 11836  8686 11045 11395 12490 10625 14084
ch  124:   9652  8984 11357 12298 11273  4535 11584 14503 10905 14441  8144 11871 10913  9953  9175 11317 15385  3743 11509  8313 14178  9305 10221 12811  9839 13044 11889  8994 13554 12195 14398 11652
ch  125:  12969 13245  6731  9426  7139 13853 12178 11087 10267  6530 12215  9791  8400  6832 10244 15499  8423 14625  6997  7689 10058 14909 13504 11376 17165 10136  7137 10904 12556  5181  8512  8239
ch  126:  11273 12586 12134 14685 10466  7451  6720  9703  9330 11090  8822  6738 15402  8060 10286 11615 10058  9554 10659  8716  9808  8595 10579 17513  7394 11606 13725 13168 11213  9427 13191  8719
ch  127:  13979 15497  7928 10214 12426 11921  9855  9145 11787  7947 10289  4990 12377 11169 13698  6881 11213  7119 16272  9706 10153 11771 14066  9275 12082  6761  7350 10561 16891  9440  7309 10679
