ch    0:      0     0     0     0     0     0     0     0     0     0     0     0     0     0     0     0     0     0     0     0     1    13    47   430  2115  5515 13907 11875  7527  8114 12294    65
ch    1:      0     0     0     0     0     0     0     0     0     0     0     0     0     0     0     0     0     0     0     0     3    10    76   618  3113  8808 13087  7343 16579 10310  5989  5773
ch    2:      0     0     0     0     0     0     0     0     0     0     0     0     0     0     0     0     0     0     0     0     3    31   155   881  3882 11191 10252 14603  9530  6055  8509   444
ch    3:      0     0     0     0     0     0     0     0     0     0     0     0     0     0     0     0     0     0     0     2     5    40   178  1045  5436 10542 15943  6065  9384  9323  7553 12499
ch    4:      0     0     0     0     0     0     0     0     0     0     0     0     0     0     0     0     0     0     0     0     2    56   247  1588  5430  5845 14024 11165  9748  7742  9185  3678
ch    5:      0     0     0     0     0     0     0     0     0     0     0     0     0     0     0     0     0     0     0     1     9    54   322  1882  7475  9886  4207 13492 12444 11094 11941  7250
ch    6:      0     0     0     0     0     0     0     0     0     0     0     0     0     0     0     0     0     0     0     2    12    62   290  2190  9737  8029  7304 14822 10661  9932  9684  6517
ch    7:      0     0     0     0     0     0     0     0     0     0     0     0     0     0     0     0     0     0     0     1     7    58   416  2550 12842 12277 10692 11399 10454  9629  5182  8585
ch    8:      0     0     0     0     0     0     0     0     0     0     0     0     0     0     0     0     0     0     0     3    18   100   476  2581 11468 10706 11492  7630  7734  9957  9702  8684
ch    9:      0     0     0     0     0     0     0     0     0     0     0     0     0     0     0     0     0     0     1     3    18   105   516  2478 13405  9999 13072 13730  9822 11654 10909 17881
ch   10:      0     0     0     0     0     0     0     0     0     0     0     0     0     0     0     0     1     1     2     6    35   122   500  3627 12801 14638 12822 10810  4840 12856 10082 11799
ch   11:      0     0     0     0     0     0     0     0     0     0     0     0     0     0     0     0     0     0     1     6    21   112   738  2689 15458  8465 12108 15735  9962 13664  9243  6957
ch   12:      0     0     0     0     0     0     0     0     0     0     0     0     0     0     0     0     1     1     1     2    13   122   643  3812 14150 10453  7230  9651 11662 12902 10039 10506
ch   13:      0     0     0     0     0     0     0     0     0     0     0     0     0     0     0     0     0     0     3     6    14    89   761  4152  7988 10478 15530  9530 10394  4283  8088  4777
ch   14:      0     0     0     0     0     0     0     0     0     0     0     0     0     0     0     0     0     0     0     4    41   166   787  4896 14980  8768  7271  7596  3542 10110  5691 15427
ch   15:      0     0     0     0     0     0     0     0     0     0     0     0     0     0     0     0     0     0     1     7    36   133   923  3270 16461  5691  9094 12414 12651  6892 12497  4628
ch   16:      0     0     0     0     0     0     0     0     0     0     0     0     0     0     0     0     1     1     2     5    36   201   931  4890  7211 10162  8754 10108  9188  7831  9821 17661
ch   17:      0     0     0     0     0     0     0     0     0     0     0     0     0     0     0     0     1     1     2     6    33   162   805  4666 15603 11039 13933 12124 13312  7294  6610 13513
ch   18:      0     0     0     0     0     0     0     0     0     0     0     0     0     0     0     0     0     0     2     9    49   178  1136  6060  7155  8008  6779 16511  9807 11316 11391 14434
ch   19:      0     0     0     0     0     0     0     0     0     0     0     0     0     0     0     0     0     0     1     6    43   237  1125  5424  8544 10196 15278 11947 13473 10085 13102  7320
ch   20:      0     0     0     0     0     0     0     0     0     0     0     0     0     0     0     0     0     0     1     9    51   276  1468  7462 12820 15437  8640  4237 10608 11691 16156  2739
ch   21:      0     0     0     0     0     0     0     0     0     0     0     0     0     0     0     0     0     0     0     4    31   247   996  5415  8055  7561  7451  9012  9077 10690  9015  9052
ch   22:      0     0     0     0     0     0     0     0     0     0     0     0     0     0     0     0     0     0     0     6    53   307  1007  5534  5845 14325  9205 15242  9010 10240  3754  4950
ch   23:      0     0     0     0     0     0     0     0     0     0     0     0     0     0     0     0     0     1     4    11    35   258  1392  8315 11777  8577 12600 11682 10909 16973 11629  8186
ch   24:      0     0     0     0     0     0     0     0     0     0     0     0     0     0     0     0     1     1     4     9    52   239  1537  7121  8152  9275 10427  8685  6764  2809 10337  5461
ch   25:      0     0     0     0     0     0     0     0     0     0     0     0     0     0     0     0     0     1     2    11    71   304  1599  8760 10247 13522  7755 13929  9998  7546 11488 11251
ch   26:      0     0     0     0     0     0     0     0     0     0     0     0     0     0     0     0     0     0     2    12    53   341  1921  8579  7954 13149 10245 15716 10565  5853 10084 12986
ch   27:      0     0     0     0     0     0     0     0     0     0     0     0     0     0     0     0     0     1     2     4    38   303  1878  8006 14075  9083  8516 12104 10746  5865 12021  6191
ch   28:      0     0     0     0     0     0     0     0     0     0     0     0     0     0     0     0     1     1     5    19    49   375  1825 10531 14107 15724 10909  8037 10270  6695  9417 13864
ch   29:      0     0     0     0     0     0     0     0     0     0     0     0     0     0     0     0     0     0     1    11    64   365  1771  9453 12351 10659  9885  7810 10750 11908 12602  8122
ch   30:      0     0     0     0     0     0     0     0     0     0     0     0     0     0     0     0     1     1     2    13    73   354  1378 10451  2943 15372 10807  5766  9950  9601 10256 13827
ch   31:      0     0     0     0     0     0     0     0     0     0     0     0     0     0     0     0     0     1     3    15    71   520  1804 13912 11196  9025 11598  8436  6209 12246  8421  3032
ch   32:      0     0     0     0     0     0     0     0     0     0     0     0     0     0     0     0     0     1     3    12    79   445  2113 13085  5933  7750  6799 10551  9010  7004 11579 15572
ch   33:      0     0     0     0     0     0     0     0     0     0     0     0     0     0     0     0     0     1     3    20    62   408  2927 13337 12336 10215  6915  8520 12964  9007 11524  7877
ch   34:      0     0     0     0     0     0     0     0     0     0     0     0     0     0     0     0     0     0     7    20    84   487  2637 13242 11472 11119  9357 12786  5973 10222  7756 10093
ch   35:      0     0     0     0     0     0     0     0     0     0     0     0     0     0     0     0     0     0     1    21    72   521  2968 13276 15324 12295 11068 10193  9456 10912 11076  5493
ch   36:      0     0     0     0     0     0     0     0     0     0     0     0     0     0     0     0     0     3     4    27   113   521  3194 14300 14293  7239  8325  9765  6240 11244 12023  8601
ch   37:      0     0     0     0     0     0     0     0     0     0     0     0     0     0     0     0     0     0     4    18    83   626  2997 17559  6392  8892 11727 10612 15169  7604  8353 12530
ch   38:      0     0     0     0     0     0     0     0     0     0     0     0     0     0     0     0     0     1     1     8    79   495  2976 12336 14755  7904  9940  7735 14378  8606  7872  4493
ch   39:      0     0     0     0     0     0     0     0     0     0     0     0     0     0     0     0     0     0     6    23   125   518  2436 13112 16122  5719  7962  6878 12162 10114 13560  9845
ch   40:      0     0     0     0     0     0     0     0     0     0     0     0     0     0     0     0     1     1     2    25    80   495  2850 12440 11472 12605 11975  7517 12839  6439  9399 12236
ch   41:      0     0     0     0     0     0     0     0     0     0     0     0     0     0     0     0     0     2     5    22    77   578  2820 15845 14038  6712  9135 10761 13437 11172  8824  7535
ch   42:      0     0     0     0     0     0     0     0     0     0     0     0     0     0     0     0     0     2     4    17    95   368  3121 15531 10870 10875  4189 10378 11501  6745 10511 15046
ch   43:      0     0     0     0     0     0     0     0     0     0     0     0     0     0     0     0     0     0     3    25   137   531  3975 16706  8699 10991 15552  9771  8527 12047  9957 12470
ch   44:      0     0     0     0     0     0     0     0     0     0     0     0     0     0     0     0     0     4     6    29   116   778  3486 17527  8693 11382 13363 11098  9839 10505  8515  8997
ch   45:      0     0     0     0     0     0     0     0     0     0     0     0     0     0     0     0     0     0     4    15   102   401  3675 17337  9943  5779 11886 11132  7164  7534 10007  5218
ch   46:      0     0     0     0     0     0     0     0     0     0     0     0     0     0     0     1     1     1     7    18   110   520  3222 17021  9276  8780  6662 12578  5525 11135  9625 10198
ch   47:      0     0     0     0     0     0     0     0     0     0     0     0     0     0     0     0     0     0     1    21   122   690  3522 15253  6842  8493 15171 11897  9430  9357 10827 12856
ch   48:      0     0     0     0     0     0     0     0     0     0     0     0     0     0     0     0     0     1     6    21    87   466  2621 13792  7840  9846 10114  6651 15349  6059  9314  9830
ch   49:      0     0     0     0     0     0     0     0     0     0     0     0     0     0     0     0     0     1     5    20   102   631  4666 13933  3763 13174 12064 11762 11644  7520  6683  9551
ch   50:      0     0     0     0     0     0     0     0     0     0     0     0     0     0     0     0     1     3     6    22   109   609  2638 17708  5181  8129  8079 14947  9710 10588 10152 11658
ch   51:      0     0     0     0     0     0     0     0     0     0     0     0     0     0     0     0     0     1     1    23   140   795  4301  3406  6159 13704 13625 14565 10477  7714 17954  8205
ch   52:      0     0     0     0     0     0     0     0     0     0     0     0     0     0     0     0     0     2     8    30   157   746  3656 12433  9496  7989 10554 14530  8956 10719  9876 11786
ch   53:      0     0     0     0     0     0     0     0     0     0     0     0     0     0     0     0     0     0     5    32   141   648  4348 12129  8247 10593 10573  3565 12354 11699 10036 12591
ch   54:      0     0     0     0     0     0     0     0     0     0     0     0     0     0     0     0     0     0     5    32   171   825  4352 15069 11710 10052  8507  7110  9558  8249 12495  5323
ch   55:      0     0     0     0     0     0     0     0     0     0     0     0     0     0     0     0     0     1     6    25   168   684  4837  2472  5850  9858 12563  9223  9469  9080  9319 11657
ch   56:      0     0     0     0     0     0     0     0     0     0     0     0     0     0     0     0     0     1     6    31   137   538  4024 14342 13875 10024 11105  5580 10402  5047 12987  6526
ch   57:      0     0     0     0     0     0     0     0     0     0     0     0     0     0     0     0     0     0     3    15   131   855  4794  4324  7520  9367  9049  6927  9226 15608  7852 11088
ch   58:      0     0     0     0     0     0     0     0     0     0     0     0     0     0     0     0     1     2     5    35   198   854  3579  1261 12775 15531  6725 15242 16038  8899 13131 11798
ch   59:      0     0     0     0     0     0     0     0     0     0     0     0     0     0     0     0     0     0     5    35   135  1074  5037 18671 13021 15958  6453  6035 10760  9473  6431  8125
ch   60:      0     0     0     0     0     0     0     0     0     0     0     0     0     0     0     0     0     2     7    28   136   763  3121  8564 12063  8682 10021 12284 12056 10844  9444 10007
ch   61:      0     0     0     0     0     0     0     0     0     0     0     0     0     0     0     0     1     1     8    29   145   641  3907  3421 16195 15263  9432  5701 11354  9582  6013 10367
ch   62:      0     0     0     0     0     0     0     0     0     0     0     0     0     0     0     0     0     0     7    30   175   996  4629  6774  3301  9786 10825 12842  8369 11241 12543 12253
ch   63:      0     0     0     0     0     0     0     0     0     0     0     0     0     0     0     0     0     0     4    25   181   877  3796  2818  3455  7345  9392  9370  7970 10003  9908  7426
ch   64:      0     0     0     0     0     0     0     0     0     0     0     0     0     0     0     0     1     1     6    30   137   807  5051  2113 12638 10917 11305  8614  5474 10512 10554  8240
ch   65:      0     0     0     0     0     0     0     0     0     0     0     0     0     0     0     0     0     0     3    29   176  1191  6007  7055 10730 10684  9030 10829  9948 11311  8220  6051
ch   66:      0     0     0     0     0     0     0     0     0     0     0     0     0     0     0     0     0     3     6    35   187   836  4724 15880 11425 11282 11870 10954  9384 11354 11452 13176
ch   67:      0     0     0     0     0     0     0     0     0     0     0     0     0     0     0     0     0     2     6    33   201   992  5396 14618 14660 13573 10959  9726  8433  7407 10503 10497
ch   68:      0     0     0     0     0     0     0     0     0     0     0     0     0     0     0     0     1     2     7    43   176   894  4951  1016  2761 13705 13299  9250  7202  6233  9075 10151
ch   69:      0     0     0     0     0     0     0     0     0     0     0     0     0     0     0     0     1     1     9    33   190  1060  8433 16079  5875 12959 11181  9060  6449  8294  8027 15023
ch   70:      0     0     0     0     0     0     0     0     0     0     0     0     0     0     0     0     0     1     3    33   167   981  5935 11439  7250 13029  9372 10460 14301 13839 15078 10956
ch   71:      0     0     0     0     0     0     0     0     0     0     0     0     0     0     0     0     1     2     7    49   262  1135  6529 17505 15555  9999  7311  8119 11015  7404 14842  5570
ch   72:      0     0     0     0     0     0     0     0     0     0     0     0     0     0     0     0     0     1     6    38   222  1116  5213  5792 15521 13622 12682 11160 14687 10793 15100  8950
ch   73:      0     0     0     0     0     0     0     0     0     0     0     0     0     0     0     0     0     1     9    32   213   992  6809 13459 15158 11119 13952 15370 11244  7208 14070 14002
ch   74:      0     0     0     0     0     0     0     0     0     0     0     0     0     0     0     0     0     1     9    36   187   823  4489  3429  6012 12049  9205 11657 10838 10837 10927  5325
ch   75:      0     0     0     0     0     0     0     0     0     0     0     0     0     0     0     0     0     2    13    42   300   917  7683  8427 11409  5692  8716  8617  7532 14391 13344 11450
ch   76:      0     0     0     0     0     0     0     0     0     0     0     0     0     0     0     0     0     0    11    35   203  1041  6403  2204  8056 12931 10253  7658  7509 11026 10547 13913
ch   77:      0     0     0     0     0     0     0     0     0     0     0     0     0     0     0     0     1     2     6    27   167  1256  7629  8764  5803 12064  9255  8479 13462 13215 10200  9893
ch   78:      0     0     0     0     0     0     0     0     0     0     0     0     0     0     0     0     0     0     6    35   185   957  6628  1056 13110  5197 13946  9669 11574 12061 10114  5049
ch   79:      0     0     0     0     0     0     0     0     0     0     0     0     0     0     0     0     0     2     9    36   272  1280  7451 16839 11907  7275  9170  8809 11625 10483  9819 13071
ch   80:      0     0     0     0     0     0     0     0     0     0     0     0     0     0     0     0     1     3     8    37   217  1218  6547  7825  5398  3444  7719 10159 10208  9077 11516 10154
ch   81:      0     0     0     0     0     0     0     0     0     0     0     0     0     0     0     0     0     0     9    54   243  1125  9368 15146  9794  9259  9589 10588 10944  7867 11203 10130
ch   82:      0     0     0     0     0     0     0     0     0     0     0     0     0     0     0     0     1     1    15    58   232  1290  6983  8585 11397  7501 11110  8977 12204 10291 14064 13421
ch   83:      0     0     0     0     0     0     0     0     0     0     0     0     0     0     0     0     1     1     6    34   229  1270  8502  3984  9635 11976  5385 13015  7315 14100 10470 13473
ch   84:      0     0     0     0     0     0     0     0     0     0     0     0     0     0     0     0     0     1    11    43   224  1484  6979  5401  7800 11166 10141  8265 10038 14373 11002  9213
ch   85:      0     0     0     0     0     0     0     0     0     0     0     0     0     0     0     1     1     1     3    46   201  1665  6169  8758  9780  6546 12091  8144  7055  8846  7127 11395
ch   86:      0     0     0     0     0     0     0     0     0     0     0     0     0     0     0     0     0     1     8    31   172  1098  5264 12029  6780  8386  6799 11087 12975 10640  7929 14549
ch   87:      0     0     0     0     0     0     0     0     0     0     0     0     0     0     0     0     2     4     9    38   163  1074  6929 13650  6328 13509 12777 11149  7231 12417  8376  9097
ch   88:      0     0     0     0     0     0     0     0     0     0     0     0     0     0     0     0     0     3    15    47   259  1711  5188 15101 11572 10093 10918  7627  7862 10258 16340  6109
ch   89:      0     0     0     0     0     0     0     0     0     0     0     0     0     0     0     0     0     1     4    26   214  1364  5418 15326 15346 11697  7146  8647  7981  9809 14856 10790
ch   90:      0     0     0     0     0     0     0     0     0     0     0     0     0     0     0     0     0     0     6    61   264  1016  5369  9936  9967 10143 11799  9620  8318  7796  8324  4754
ch   91:      0     0     0     0     0     0     0     0     0     0     0     0     0     0     0     0     0     0     4    35   225  1004  6996 19391  8228  9521  9206 12192 10173  9815  9054  9315
ch   92:      0     0     0     0     0     0     0     0     0     0     0     0     0     0     0     0     0     1    11    41   182   923  5086 12415  9691  6172 10518 13035 12977  9193 12161  9673
ch   93:      0     0     0     0     0     0     0     0     0     0     0     0     0     0     0     0     0     3    15    48   261  1273  8278  6800 10686  7533  8979 14278 10865  8632 14208  9642
ch   94:      0     0     0     0     0     0     0     0     0     0     0     0     0     0     0     0     0     0     5    55   201  1414  5723 19129 15303 10297  6908  8330  7702  5269  5484  7762
ch   95:      0     0     0     0     0     0     0     0     0     0     0     0     0     0     0     0     0     0    10    44   260  1362  5828 17023 11867 14831 10227  9407 10333  9026  8999  9913
ch   96:      0     0     0     0     0     0     0     0     0     0     0     0     0     0     0     0     2     4    15    35   213  1317  5646 11645 10231 10922  7887 10337 10131 13821 11757 10813
ch   97:      0     0     0     0     0     0     0     0     0     0     0     0     0     0     0     0     0     1     9    39   154  1286 10156 15067  8622 10787  9927  8554 13573 11533 10325 10769
ch   98:      0     0     0     0     0     0     0     0     0     0     0     0     0     0     0     0     0     1    11    42   323  1376  5335  6554 10198 12442  7790  9929  7228  6909  6685 12109
ch   99:      0     0     0     0     0     0     0     0     0     0     0     0     0     0     0     0     0     2     8    47   201  1205  7669 12511 12956 15295  9214  6180  8917 12973  5531  9205
ch  100:      0     0     0     0     0     0     0     0     0     0     0     0     0     0     0     0     1     1     5    37   187  1172  6043  4496  9098  9947  9189 12887 15023 12913  7390 12586
ch  101:      0     0     0     0     0     0     0     0     0     0     0     0     0     0     0     0     1     1     7    28   152  1202  5825 12457  9162 13378 14366  8874 13617 11014  9521  7102
ch  102:      0     0     0     0     0     0     0     0     0     0     0     0     0     0     0     0     0     2    10    36   229  1370  6717  8267 11988  9676 11019  9082  9415 10123 11733  6083
ch  103:      0     0     0     0     0     0     0     0     0     0     0     0     0     0     0     0     0     1     3    38   198  1362  6086  8122 14135 10876  9803 15046  7722  9031 15534 11781
ch  104:      0     0     0     0     0     0     0     0     0     0     0     0     0     0     0     0     1     2     7    41   197  1397  5688 13916  7083  8903 10949  6594 12724  9174 13829  6511
ch  105:      0     0     0     0     0     0     0     0     0     0     0     0     0     0     0     0     0     1     7    41   211  1254  7558 15595 11841  6478 11120  8459 10504  8910  5095  8759
ch  106:      0     0     0     0     0     0     0     0     0     0     0     0     0     0     0     0     0     1    12    32   251  1349  6011 12159  8745  8133 10834  7199  8334 12249  7637  9545
ch  107:      0     0     0     0     0     0     0     0     0     0     0     0     0     0     0     0     0     0     6    46   217  1445  8259  2670  8836 11738  5857  9131 13875 10708  9313 10511
ch  108:      0     0     0     0     0     0     0     0     0     0     0     0     0     0     0     0     2     6    18    47   184  1008  7094 14450  6008 15785  9957  8126 10741 15913  8680  9320
ch  109:      0     0     0     0     0     0     0     0     0     0     0     0     0     0     0     0     0     1     8    50   301  1353  6713 14635  8297 13756 13498 10240 10353 12635 12058  6590
ch  110:      0     0     0     0     0     0     0     0     0     0     0     0     0     0     0     0     1     4     7    44   172  1229  5696  4887 13847 15842 13933  8141 10479  8244 11216 10128
ch  111:      0     0     0     0     0     0     0     0     0     0     0     0     0     0     0     0     0     3     9    58   236  1601  8905 17586 11913 12320  7261  9004  5256  9502  9038 12282
ch  112:      0     0     0     0     0     0     0     0     0     0     0     0     0     0     0     0     0     4    12    56   251   897  6308 14132 15835 13660 16118  8770 12768  8719  9604 13026
ch  113:      0     0     0     0     0     0     0     0     0     0     0     0     0     0     0     0     1     2     8    28   170  1227  7747 11972 13465  8997 11939  7617  8571  8050 12281 13281
ch  114:      0     0     0     0     0     0     0     0     0     0     0     0     0     0     0     0     0     1    10    36   312  1247  7925  7906  7912  8483 10964  9510  6652  6674  5963 16561
ch  115:      0     0     0     0     0     0     0     0     0     0     0     0     0     0     0     0     1     2     7    39   258  1323  6920 15014  9231  8792 14344  8207 13639  7765 10978  8557
ch  116:      0     0     0     0     0     0     0     0     0     0     0     0     0     0     0     0     0     3    10    39   228  1465  8100 19233 11043  8870 12978  7167  5849  8469  9103 11269
ch  117:      0     0     0     0     0     0     0     0     0     0     0     0     0     0     0     0     1     2     7    49   197  1390  6416 12537 14421 10722 10800 15129 15617  8587 12688 12876
ch  118:      0     0     0     0     0     0     0     0     0     0     0     0     0     0     0     0     0     0     5    38   256  1085  7638 11657 11324 10392  5870 12250  7656 10580 13606 16262
ch  119:      0     0     0     0     0     0     0     0     0     0     0     0     0     0     0     0     0     0     6    44   230  1306  8979  3855 10158  9563 13872  7510 11647  6241 11733  7465
ch  120:      0     0     0     0     0     0     0     0     0     0     0     0     0     0     0     0     0     3    11    38   208  1450  6823 19767  4425  9226  7068  9149 12394 11801 10384  7719
ch  121:      0     0     0     0     0     0     0     0     0     0     0     0     0     0     0     0     0     0     3    35   183  1427 10348  4306 11318 15360 11713 13583 11425  7242 10732  9505
ch  122:      0     0     0     0     0     0     0     0     0     0     0     0     0     0     0     0     0     5    13    57   269  1443  6978  6771  9137 10302  7698 11292  7729 11061 12661 13462
ch  123:      0     0     0     0     0     0     0     0     0     0     0     0     0     0     0     0     0     0     6    34   267   979  8282 17575 12190  5916  8865 14558  9100  7569  7041 17137
ch  124:      0     0     0     0     0     0     0     0     0     0     0     0     0     0     0     0     0     1     6    54   267  1402  8988 12608 13000  2346  7708  6946  7335 10065 11034 10196
ch  125:      0     0     0     0     0     0     0     0     0     0     0     0     0     0     0     0     0     0     0    24   274  1862  7465 14003 14669 11000  9539  6203 14866 10116  7055 11437
ch  126:      0     0     0     0     0     0     0     0     0     0     0     0     0     0     0     0     0     4     8    41   195  1478  7458  7347  7446 10654 14773 10758 10559  5724  5290  8812
ch  127:      0     0     0     0     0     0     0     0     0     0     0     0     0     0     0     0     2     3    10    38   191  1437  9648  1915  8006  9199  7909 10017  7077 12378  9428 11453
