ch    0:    106   123   164   225   307   406   531   739  1036  1461  1697  2670  3649  5570  8428 10620 11738  8880 10141 10926 10082  8189  8453 10114  9907  9962 13698  9346  9320  9001  9967  9826
ch    1:    407   538   754   849  1098  1511  1874  2412  3157  3851  5001  6958 10075 15105 11668  8125 14173  6546  7427  7534  9803 10322  5520 11577  7397  4879  8209 13660 15179  6481 10756 10585
ch    2:    613   810  1057  2192  1705  2229  2587  3483  4738  5579  7739 10934 14327 12091  4948 13766 14580  7028 10349 11196  8870  9993 13462  8394 10049  9602 11111  8886  7504  6040 10781 15554
ch    3:   1222  1574  1984  2293  3083  3743  4230  5985  7598  9250 13003 11527 11431  8000 14483 15741 13805 12778 11881 14501 12633 11113  8751  5914 12371 16143 11533  9839 10192 10492 10308  8575
ch    4:   1138  1473  1951  2234  3126  3471  4270  6146  7477 10518 12409 13738  5121 12409  5561 13596  2873 10596 11060 11531  9349  6718 11517 12011 14637 15388  8248  8854 11893  8966 12001  9222
ch    5:   2238  5191  3454  4733  5897  7531  9675 11937 15248  7641  9677 12744 10834 11312  8983 13088 10980 10534 10693 11176  9914 10624  9201  6382  8248  7927  5967 10038  9896 10779 10660 11418
ch    6:   2264  2779  3470  4958  5485  7302  9215 12187 16250  7334 10858 12917  7712 12462  9408 12717 11877 13258 11455  9412 11600 14620  9132  9760 12793 12030  7336  6349 11500  9144  6398 12271
ch    7:   3235  3893  5217  7128  7735 10816 13135  9816  8940 11248 12296  8607  8223  5395  9257  9410 10957 12279 15724  7377 11216  6731 13390 10931 13639 13868 11804 11296  9516 10217 11766  9896
ch    8:   3128  4287  5229  6814  8003 10560 13829 11892  9493 12601  8379 12460  7300  3272  6855  8705 18250  6416 14333 10757 13980  8782  8921  9846  8272 10068 10293 12876  6082 12174  8183 10933
ch    9:   4710  5667  7158  9582 10557 14287 13840 10174 11562 12558 14049  7548  5253  5410 11366  7496 10333  9029 11245  5613 11186  7831  5027  9004 16571  6793 12871  9723 12740  8764  6971  8318
ch   10:   4037  5242  6730  8535 10882 14054 13678  7578  9815 10428  5909 10128  5680 10466 11192  6892 10508 11603  5632 11049 12611  7404 12081 12303  7788 11987 10529  9141 10774  9096  6625  9732
ch   11:   6359  7935 10603 11528 14960 12895  4974 12800  9777  9113 13955  7040 12211 10937 11928  8757 14939 11107  5736  8069  9279  4574  7214 10272 10339  8397  8843 13328  9488  7653 11441 11050
ch   12:   5308  7381  9451 18064 14102 14169  6673 10047 15710  7430 10889  6545 12523  7118  5301 10198  9589 15585  8598 10062 13807 11624 10384 12765 16843  9116 14065 12667 11945 14488 13673 16054
ch   13:   7333  9436 12325 13287 14165  3282 10009 13436 13470 10001 12209  7983  8452  9171 10940 12463 13576  8420  9803  8943  9198 11808  6344 12853  4574  9527 14154 10184 10736  9773 12831 10988
ch   14:   5955  7135  9140 12982 14007 11890  7349 14051  9206  8888 11476 10680  7797  6328 13403 12258 12752 10404 10904  9876 11318  5616 10108  9295  8562  7407 11334 11414  5217 10001  7867  8121
ch   15:   8727 10781 14245 16227 12168  7856 13219 11367 10439 13396 10057 10264  7891 10704  8810  7654  8213 11709 15691 15656  9299  8749 13314 13138  7946 12381 11593 10064  9382 16651 10767 11138
ch   16:   7425  8859 11803 14083 14800  7391  6122 11990 10207 12494 13564  7985 12750  9759 10130  9821 12482  8098  6426 13886 13326 10862  9769 13000  8192 10182  9452 12651 11900 11239  5378  9588
ch   17:   9102 11458 14780 17284  2921  9464 15503  8568 10215 12279 13796 10422 15187 11015  6231 14273  7568 13040  9747 12504 10264 12136  4400 11218 14911 10172  9910 13964 10564  9614  6278 14218
ch   18:   6778  9672 12416 15023 11981  2545  7659  8573  9618  9262  9588  9736  6386  3218 10468 12687  6503  8711 12679 10479  6794  6656  8518 11557 12572 12251 13399 12432  9467 12162 10713 11104
ch   19:  11045 13376 17968 11626  5863 13690  6324 10689 10211  9345 11451 12493  4900 16713 11285 16114 13692 12944  5470  6377  9405  9290  9661 10587 10548  7759  9686 15048 12246  6505 12700 11012
ch   20:   7951  9265 12287 15281  5405  5828 12991 12173  8220 11952 11506 12805  6039  7682 14608  5034  6774 11975 11594  8745  9476  8310  7394  8626 10832 12688 10143 11352 13295 15413  9703  4457
ch   21:  11706 13858 14321  1924  7770 14939  5575  8560  8888  7247 11246  8539  5972 10904 11586  8768  9425 10159 11805 13189 12293  8366 10768  7391  9790  6468 10237 11534 10365  8533 10895 14717
ch   22:  10262 13402 15888 14972  3579 13124 15141 12044  8116  9765  9905 13714 14058  8257  4536  8586 12817 11198  3569 11830  8705 13038  9725 15730  8882 11138 10578  9482 10062  6994  7321 11632
ch   23:  14308 14872  5466  4957 14243  9238 13639  8827  9403 11295 12030  7976 11430 12514 12810 16957  6721  5022 13813  7023  7500 11098  5191  9312 10739 10594  9021 14384 14156  7708 10048  5339
ch   24:  10994 14981 11097  3633  9228 13480  8261 12762  8782  9130  8725 12707  5180 14013 11234  8783 12191  8557  9107 10540  8395  7090  8784  7776  7851 11766 10500  7088 10030  9204  5647 15821
ch   25:  15923 11035  5522  7048  9638  7072 10061  8002  9080 12517 13739 13797 11377 12881  8271  9129 17028 12716  7370  4661  6283  8510 13311 13359  8507 10374 16310  9772  7987 13649  9011 10875
ch   26:  11954 17723 11573  5118  9966 10116  5215  8137 11688  7624 10578  9695 10622 10123 10104 12839  9227  7497 10828  5327  6503 12032 11725  9459  9075  7658 10987  7014 10421  6857  9440  8171
ch   27:  17612  5249  7290 11291  7030 11408  9310 12138  8551  9847  6390  6122 11326  7488  7839  8560 13250  8739  7147  6265  9396  5069 12828 11401  8275 10497 11423 11799  9932 11016  3694 12489
ch   28:  14686 15079  3730  7023 13336  7110 13311 11145 13708 12180  6010  9824 11861 12348 13688 12025  8968  9694 11984  8273 13339 10672  9790  9346  5429 10075  9900 12555 14099  6630 14546  6544
ch   29:   8418  4850 12379 13104 11673  8419  5868 14437 13179  9304 11605  7514 13986 11010  6107  4245 12732  7448 11666  9968  9265  9623 12729  4806 10609 14129  8820 10949  9963  4356 12535  9280
ch   30:  14516 11906  8018  9312 14382 10200 12364  7960  6694 10716 11198 13197  7800 12948  7694 12468 11258 10030 12646  9356 10114 10214  9892  7900  6646 11908  8481  6355 11350 10210 10997  7871
ch   31:  10174  5327 14074  9574 10358 12452  8203  7690  5274  9046  8445 10952  6080  9473  8588 12167 10217  9612 10519 11462  9628  8930  8959  4800 13927 11367 10167 11774  7383 14654 11801  7619
ch   32:  12938  7331 14010  7304 11498  8308 11023 13351 11808  9432  8413  7454  6617  8680 13155  8996 10133  9019 14361  8467  6605  8484 12032 12014 10260  8954 11281 12772  7678  7303 14613 13233
ch   33:   6591  9557 13794  8647 12606 11808  9949 10267  3727  8305 14200 11356 13720 11900 13269 11863 13925 13513  9243 14585  6107  9867  8132  2535 11717  6332 11685  9500  8351 11733  8308 12845
ch   34:  11085  5397  6237 11382 13234  4887  7944 11964  7271 12463 14855  7497  9610 12729  5884 14312 11958 12832  5385 10450 10181 12324  9485 11348  6289  5251 14405 13584  7042 10547  9032  6058
ch   35:   6227 15360 10598 11202 13471  9624  7833  8901 10192 11043 11078 12279 10780 13429  8887 11092  5896  6615 11826 10989 11388 11711  8393  6024  7164  6851 12039  9272  8272 10080 10868 11235
ch   36:   7678 11100  8428 14273 11011 10167  9421  4634 15387 13052  9071 13624 10871  9084  8772  8189 11840  6998 13816 11880 10719 14242  6485  9246 12196  9052 12546 10004 11212  9174 12398 13694
ch   37:   8742 10312  8817  7562 13190 11550 12136 13408 15712  5620 13557 11478  7327 11643  8721  9328  6634 11017 11768 10624 14277 13037 11829  8359  9140 10942 10517 11265 15673  7369  6211  8555
ch   38:   8796 11296 13626 11678  9728  9827 13544  9859  5456  7806 16238  9800 12659 11731  6544  5763  5999 12180  8725 11208  9550  7082 12387  5839 14956 11838  6915  7516 13917 13229 13432 11554
ch   39:   7415  9726  8576 10855  7567 10637  9845 16303 13374 10868 15256 16314 12791  9333  8896  6167  9873 13495  8795 13417  7163 12989 10517  7043  5722 12243 14721 15487 13481  7348 12236  9447
ch   40:   8403  9404 10506 11579 12226  9709 11738  7519 17231  5996 11754 14083  8011  7221 12165  9607  7445  9301 12223  6735 12542  8543  7938 11914 10472  4558  9825 17687  8517 14476 11935 13780
ch   41:  12116  8719 10484 11045 11903 16501 11231  6646 13490  9915  5961 11692 13568 14588  6256 10939  9712  5983 10617 13381 11168 13672 10379  9890 10372 10531  8312  7154  9857 11133 14204 13321
ch   42:   9786 10342 11406  4148 12140  8852  3769 14563  7383 11105  9396 11565  8014 12775 11217 13498  8119 15060 10353  8645  6112  8738 10519 14236 13045 11360  6347  6476  6713 10874  9063  9763
ch   43:  12595 10543  8744  5182  8713  7543  7006  8601  9148 16192 12761 12539 10111 12817  7771 11605 10772  8018 10136  6829  7295  6557  9569 10787 13917  9745  9315  9413  9503  7689  8984  7294
ch   44:   9395 13302  7623 10905 12110 11961 12436  9812  9107  5925  6427 11409  7201  7206 10598 14632  9575 10718  9254  6384 10056  7993 11428 15972 12119  9489 16394  6693  6895 11652 10696  9942
ch   45:   7551  8565  8945  7485 13443 13682 11425 11774  9818 10703 13312  9313  9885 13056  7003  6867  9879 16362 12568 11589  9700  9460  9772 12756 13452 13184  5385  8992  7312  5847 12173  8876
ch   46:  13299  7545 13312 13946  8942  8634 13136 10018 15379 11407 12696 12472 10911 10147 12203  9096  6901 13305 10806  7722  7813 13286 11257 13853 13204  6743 12535  8259 12835 14613 13010  8107
ch   47:  10016 10736  8709 10894 13889 10638 12161 13708  9167  8258 11371  6215  7177  7451  7562 11008  6845  5004 15221 10651 16847 11344  7282  7843  9639  8241 11160 12763 13938 13858 12797  6846
ch   48:   7524 11592  8176  6592 11569 13384  8260 12644  7823 13054  6477 10827  8821  9252  8764  8958  9408 10427 14077 10135  9188  2420 12522 11766  8427  7379 11540 10119 10616 12032 11957  8499
ch   49:   7657  8565 13289 11281 11011  6076 12241  7094  8827  9082 10899 15461  9543  6223 13527  5010  6970 10390 10938 10004 12627  8008  8428  8266 11175 10895  7946  8782  7999 12324 11102  9913
ch   50:   9326 12257  5964  9379  9345 10802 10707 14603  9798 11750  8447 11592 10513 14501 16225 12532  9108  7524 11487 14404 13972  7498  7689 12076 10933  8784  6855 13850  8243  9338  6251 12642
ch   51:  13623  8307 10188 12258 11738 10644 11451 11381 10237 11710  9477 11563  8166 12527  7256 11794 13551 14623 12452  9978  9889  7137  7915  8416  9734  7931 14532 11973 11950 11235  8949 12656
ch   52:   9055 12440 10978 12675 11913  7991 10819  9139  6831  9987  7506  8144 12230 14219  8329 14601  9721 12586 14733  5137 14007 13871 13970  8046  9897 13754 12305  5909 10943  8730  4935  8390
ch   53:  10635  9187 13250 10040  8938  8924  9742  8065  9170  6320  7944  8400  9110 10385 12999 13824 14949  3879  7155 10423  9655 12089 13497 10095 10135 13448  7817  9873  7193 13033  8040 10878
ch   54:   4291 13230  8054  9163 10368 10237 10786 12420  8228 10497 11934  7566 12045  9725  6184 14058  9464 10608 10427 10673 14187 14997  7396 10551 10159 13006 12023 13243  8032  9853 13709  5911
ch   55:  10169  7996 10248 10691 10883 12825 15392 11331 12707 10570  9219 13667 10787 12994 14158 14545  9336 10727 12272  9953  7705 11431 10249 10146 16094 11721 12247 14348  9010  8538  8963  6733
ch   56:  12461  6867 10523 12089 12265 13341 10995 12940  8722 13343  6268  9482  9086  9525 12957 10483 12096  9154 13522 11209  7094 14611 14516  9681  5789 12861  6444 13902  7249  9285  8826  9350
ch   57:  10813 11468 11258 11904  5127 10558  8474  9672  8962 11063 12484  9964 11741  7114 10312  8098  8476  5968 12111  6916 11398 10100  9216 12004  8707 11004 12680  7117 14047 13649  7536  9515
ch   58:  12182  7584 11235  7591 12261 12002 10034  9129  9585 11872 10779  5167  8882 10117 13799  9245 10754 11394  7363  7624 11683  7858  9517 15845 13142  9967 10192 12395 12125  5597 10107  8933
ch   59:  10238  8783  9796 13707 12576  6835  9896  8934 11450 11375 10449 11946 11633 11139  3445 11100 15540 11012  9811  6653  8259 10663  9095  6820 10530  8793  7545 12697  7361  9131 14595  9934
ch   60:  10486  9392 11216 12071 14905  6741  6863  8971 12061 12031  8713  4680 10495 10194  8741 10508 10896  9456 11229  2865  6632  9028 13226 16317  9011  7772  9426 13110  6781 10920 14122  9923
ch   61:   8357 10153 12448 12742 11124  8885 10145  8382 15303 10731 14982 10538  6484  8915  7489 10523 13096  8892  8909 11467  7419  9384 14362  9778 12455  6411 13303  7954 11930 11394  7057 11565
ch   62:  12490  9363 11074  7831  9699  8406 13025 10632  9447  9055  7592 14516 11708  9036  7059  4036 12638 10019 10218  8491 12123 12577 14524  8665 10395  8215  5096 14490  9035  9641  8408 11049
ch   63:   7544 11697  9428  8825 10596  8621  8485  9246  9466 10352 12701 10266  6948 15172  7688 11545  9024 14877  8529 10896  3874  8845  7317 12448 13427 10954 12456 12476 13334 11343 10978 12282
ch   64:   9671  7834  8806 10187  9016  9822  9284 12293  7768 10672  5623  8174  8538 11633 11320  9837  8594 11049  4255  6453 18727  8937 11495 12522 12083  9095 10813  9674 10518  8312  8456  6499
ch   65:  11725 11400 13880 10239  9846 12267  8948  9684  8372  9370 11398  4833  6276  8243 14548 15261 10324 17868 14054  6135 11462  8251 12768 11301  8525  6299 13471 14744  3600 11612  7009  8840
ch   66:  14923 12667  6754 10730  5091  8622 12245 10712 10156  9807  9205 16595  8411 11558  8589  9722  4361 15966 11597 10890 14866  8009  9325 11985  9475  8763  6170 10440  8741 12517 13590 10258
ch   67:   8536  2525  4126 12475 12531 14709 12666  9201 10215 13433  6090 10537  9296  6536  7422 11419  7825 11425 13102 12463 12278 13854 18007  6600 10401  7861  9794 13390 11125 11767  8740  8556
ch   68:   6861  2803  7042 12264  9801 12787  9033 15116  9511 10235  7635 10037  5208  8554 13793 10514  7374  7948 12622 12397 12030 10127 13213  5374 12917  6206 13672 11948 10366  6452  9092  8504
ch   69:  15547  9802  5007 13486 16218  7196  8159 10958  5814  6566  8337 12213  9528  6628 13040  8052  5952 10831  6210 13827 10680 11642 12048  9411  9339  7808  5974 11526  4757  7791  8452 10317
ch   70:   8670 14875  9124 13395 12664  6350 10732  9028  7006  6394  9782 12184 12129  4571 11758 11059  8376 14413 14356 11011 15687 10800  8050 14080 14488  6767 14579 10325  8556  5785 11116 12336
ch   71:  14717  4107  9103 13507 12991  8767 16950 15276  6409  6978  9643 14146 13834 10541  9840  5440  9013 12981  9887 15145 14123 13254  9827  8138 10613 13805 11965 14014 14962 11353 11446 14211
ch   72:   5119 10420 14153 12298 12457  7225  6814 15120 11047  8838  4567  8826 11923  9162 12298  9277 12200  9134  9384 11774 14901  4640 11368 13356 12218  7229  9167 12240 14964 11234 13478  8500
ch   73:  12374 10763 10617  7292  8321 14021  4483 11302 11615 14034  7809  2489 11928 13090 12047  8986 11606 14277  7590 16095  9004  6324 14214  7800 11709  3306 10463  9059  9971  7142  9668 12320
ch   74:   8717 15205 16479 12814 12189  7031  4589  9604 12037  9028 10875 14046 12736 11393 13803 11428  5166 12064  5956  9837  6709  6370  6426 10661  6418 12355 13579 10748 10675  6884  8819 11404
ch   75:  12877  4848  4489 13383  9235  6733  4478  7547  8876  8588  8917 11572  9252  8468 11891 11559  6265 14748  6549  7850 11690  5539 12372  9132 11824 10314 10368 11368  7688  9314  6459 10785
ch   76:  14070  5652 14456  7151 10813 10547  8938 13514  9060  7580  7766  9962 11628 11921  9436  7512 12814  8971  7716 10430 10450  6255 12227 11309 10137  9402  9671  5709 13771  7385 12287 10398
ch   77:   7638  4540  7945  5795  6820 10678 11820 13190  5379  6267 12467 12093  7058 10933  7772 10948  8008 13043 13318 11132 12312 11253  6616  9438 12820 12650 13777  5897 12462  5122  9549  5834
ch   78:  13252 15905 14192  6954  9295 11937 12389 13293 11977  7134 12431 10745 14184  7891  8406 16593  9962  4863  8182  9060 10604  6488 12633  6507  9163  8107  8955 12759  5826 12621  8778 13849
ch   79:  10044  8049 11883 13820 13288 12168  9754 13206 11748  8766  7126 15852 10064  5872 17979 12804  3277  6490 11687  9492  5196  9612 11221  7226 14908 12344  6962 12527 11906 10110  8408 10351
ch   80:  14487  9136 14784  5635 12124  8361 13320 13750 10976  5050 14120 14923  9572  9001 10647 11542  6961  9895  8823  7251  8186  9281  7519  4032  9509  9305 10757 12055  9278  7540  8689 12611
ch   81:  11411 10917 11584 11096 11567  7853 11540 12701 10829  8548 12866  8064  9590 10344 11799 10308 10638 10520 13710  7760  7037 12880 10293 10255  9029 12053 13461 12733  7285  8316 10046 10118
ch   82:  11925  6730 14807 10827 10416 11615 14888  6811  3704  3252  9665 13478 12769 11891  6212  7731 12259 10263  7630 13804  8470 11669  8621 14549  8726  6089 11358 12768 15168 11356 15414  4585
ch   83:  10123 15081 13079  7307  7593 10722  8280  9289 10212 11089  7699  5674 11160  5918 11116 10203  8808 10167 13101 13817 16421 13262 13909  8940 12316 10641 10007 12213  8931  9728 13671 11033
ch   84:  14107 12896  6586 12873 11827  7615 12392 13233 10141 13176  8433 14062 10172 12169 10315  8298 12111  4169  9111  9015 13759 16694  6161 10951 11432  6330  5801  9652  9119 10054 10414  6814
ch   85:   9132  9829 11604 10325 13291  5460  8698  8904 12577 16185 12182 11722  4815 10531  6935 11371 10731  8197 11225 10823 10308  8073  7741 11632 16958  9621  9106  8900  7562  8673 11622  9271
ch   86:  12914 12252  8326 15264  9272 14268  8263 10484  7588  5772 10191 11894  6222  8568 12338 10185  7847 11662 13581 12719 10372 11934  9144  7028  6708  7510 10332  9276 11830 10308 13593 12233
ch   87:   6966  5053  8705  8677 12131  6914 14454  9000  8483  9208  8815  7955  8767 10393  4414 10275 13301  9053 12553  9248 12636 13209 14255 13572 10317 11163  8701 11787 10412 12564  8261  6153
ch   88:  13419  9000  7606 10333  5983 12448 11974  9752  7562 12197 11552 10716 11013  7314 11340  3881  8976 12625  5426  9591  6790  7262 15445  9422  8092 12907  9602 10605 10703  9850 10084 11046
ch   89:   5986 13383  8188 12091 12776  8457 15542 15293  5448  4737  8212 10367 10021  8197 14938 10141  5008  6732 15106 12711  7765 16463 14015 11584 14392  8595  6139  7306 12933 12174  9882  9080
ch   90:  13002  8597  9741  9362  7962 12835 10592  8539  7581 11947 11231  9145 13177 12809 15959 13986  8820  8014  9417 11402 12509 10652 13814 10033 11786  8349  6654 11502  9212 10861 10346 14059
ch   91:   8655  6449  8755 10796 13324  9255 13901 11918  9902 13661 11435 11886  6365  9217 12364  8200 13266  7686 13547  6924  4913 12727 10426  9239 14409  7703  7559 11950 10811  7755  9009  5793
ch   92:  13110 10548 12909  7726  9852  9680 12015  6799 10795 11257  9504 12664  8721  7710  7859 10200 11790  8334 13501  9473 12085  9422 10922  6441 12355 10651  9934  6700  9415 12307 10437  9278
ch   93:   8336  7267 10709  9614 10444 12301 12468 10000 14474 14903 14617 14603  5127 10356  4155  7996 11725  9587 12140  8885  6277  5027 15529 10164 10865 10788 12908  9292  9816 11737  7174  5827
ch   94:  13240  9073  7036  7063  8566 11821  7634  7346  9316 10725 10444 14807  9288  8613  8845 16239 12042 11316  7690 11125  8147 10853 12074 10827 10730 13107 15764  9750 13410 11548 12312  9109
ch   95:   9947  7423 11606 11044  9921  7483  9837  5021  9318 15038 11684  8956  8203  5650 12830 15006 15430 10744 14671 10881  9651 12514 12098 10113  8777  9643  8809  7829 11853  4728 11404 11987
ch   96:  12344  9222 10424  6506  8761  5167 11297 10749  9857 11890  9071 10450 11442  7612  7084 13079 11472 10203  8886  7732 13930  8962 12134  9358 14263  8621  8543  8069  6413 11560 14655 11057
ch   97:  10365  3975 10135 10474  7421 12359  9702  8037  8698 14828  7692 14427 12415 14664  8802  6349  5418 13144  9841  6305 11707  6802  9623  8454  9474 10155 11578  9787  8822  9706 14375  4391
ch   98:  11184 12998 11205  8595 10717  9182  9966  2291 13179 10396 13709  5969 11798 12652  7424 13745 15677  8163 12132 10175  6791  5498 13614 12579  9427  4855 12148  6571  7807 12195  7620 10373
ch   99:  11314 10120 11082  8636 12681  8038  9947  4646 11209 10121 10412 11218 10362 13075 10162  9236 10379  8051 10824 14785  9920 12169 11354 10073  6652  8769 12702  5545  9373 15214  7013  8185
ch  100:   9577 11994 12297  9285  6926 13227 11133  5635 10016 10247  8464 10352 12218  7954 10365 13023  9203 13516 13543  9780 11867 11199 10991 12327  7023 12838  9536  9396  7024 13369 11598  7621
ch  101:  11658 10306 10242  7944 12307 11252 11828 12681 12249 12026 11310 11680  9492 13242 12202 10114  9177  3943  9779  1772 11261 16473  6397  8614 12374  8061 14242 13022 15269  7005  9958 10701
ch  102:  11203 10228 10506  8031 10986 12899 10510  9365  7356  7277 13771 11508  7263  7999 13533 11200  4041 13152 10714  4776 11585 14670 11290  9707  8872 10906 10659 13249  6441  9071 10293 12079
ch  103:   6897  7179 11841  6075 11106  8419 12357  5623 16275 11565 14606 11453  7496 10024  9277  8271  8851  7588 12780 10778  8828 10982 13669 14948 12421 11985  8409 11923 11318  8088  7982  9916
ch  104:   9663 11376  8166 10940  5826 11676  8202  9016  9404 14277 11009  9749  6719  9045  8138 16700  8951 12658  9531  6930  9002  9244 10595 13999  8677 11536 12282 12144 13126  9592  6097  6339
ch  105:   7897  8671  8175  8659  4364  9508 12036 10010 12435 10243 11432 13747 15802  9206  8968 11948 12207 12004 12898  7598 12986 10922 12511 10359 10342  9191 12702 11907 11171 14743 11366 10764
ch  106:   8886  6627  7501 11313  9142  6776 10585 14551  9220 11281 14707  8264  8662 13058 11837  8293  7710  9308 10053  8870 12346  7786 10193  6020 11919 10041  5658  8990  9208 10764 12711  6784
ch  107:  12011  8420  8832  8568  6829  4741 10671 11966  7573  7172 12220  8058 13583 13578  7586  8399 11057 12630 11371 11784  7832  9688  8795 11160  8216  6492  8035 10727 10707  9508 13127  7347
ch  108:  13659 13186 12131  9280 12335  6188 12532 11188 10196 13336 12345  3736  3979 11969 12761  5530  6167  8901  5885 12677  9977 10506 11872  6806 14324 10255 12655 12461 11439 13888  9064  9095
ch  109:  10351 12558  9015  9433 14563 16658  9412  8977  8590  7114  2958 12957 12330 10983  5530  8895 15940  6987 10519 14189 10714  7771  5650 11861 11196  9866  4891 12384  8033 10057  9522  9475
ch  110:  16289 13938  8870 14062  9055  5389 11182  6307 12629  7372 10918 11650 11348  4767  7226  6110  9265  8181  9424 11716  5259 10392  8947 13935 12647  6532  7878 15093 13019  9934  8398  9086
ch  111:  13797 10113 13728 12417 14337 12324  3737 13008 11277 11251 14512  9712  9435 10435 12568  8619 11461 12343 10941 11464  9362 10673 11515  9683  6043  9280 11103  6775  6426  9945  9355  8636
ch  112:   4371 12995 10626 12007  8944  6975 11188 14177 11082  7775 10469 10037  9739 13010 17223 11774  6629 11144  9045 14869  6092 16424 15212  8357 10516 12021 12984  6292 11496 12186 14901  8754
ch  113:  13063  9090 14385  7193 13547  9766 11402 10343  5687 10617 10643 11408  8509  6629 10050  9444  8128 10329  9466  6898 12843 11044  9961 11311  7155 13843 15630  6900  8188 14336  9129 10116
ch  114:  13859 12206 11700  9063  9507 10550  8382 11665 14519 13904 13913  9285  7724 12827 13591 10662 13409  6238 11285 11674 12738  7868 11706  7095  7124  9872 15200  8798 12074  9702  7525  6527
ch  115:   8350 11363 15520  7754 11494  9290  9612 13708  8337 12226 11901  8150 14032  8125  9176  7545 15561 11450  7602  6907 11756  6275  8518 10951 10828 15058  9477  9214 14283  6194  8058  8483
ch  116:  15743 11847 11779 14734  6541  6408 12644 10172  8539  6936  9465  9191  8120  9370  9084 11287  7599  9424  7889 13032 12990 14770 12475 11287  8598  7546 10275  9686  8942 13745  6922  4752
ch  117:  12773  9973 15499  6612 14048 11339 10648 14335 13893  8107  5943  7974  9895 12944  9219 11507  5580 11714 10790  4869 11769  8855 14797  9911  9442 14834 12546  7382  8701 11327  8422 16276
ch  118:  16613 10732 13844  8845  8064 10604 11474  9804  6499 14300 11845 12271  9720  8364  9040  9713  9996 11023 17138  7324  7670 10405  9614 16007  9029  9846 10880  6023  6654 11384 11723 11035
ch  119:  12880  7038 15720  8989 11714 10150  7735 10357  9426  9635 10353  9716  7116 14717 13618  9078 11723 10668 10732 14325  9349 14402 11976 13645 14607 11104  9288 13370 10640 10991 13995 10009
ch  120:   8144  9164  8140 10858  8622 10231 13197 13121 10306 13267  8387 10816 11096 10714 10157 12807 10197 13744 12045 10157 10356 12110 13095 10848  7014 15212 11784  8840 13640 14047 12724  7116
ch  121:  11219  8490 10582 10214  8376  6863  8868 11198  7635  5630  8344 13776  6121  6111  6479 10535  9422 11502  8620 13307  6891 13736 10748 12953  9874 10292 16281 10284  7287 12410  7843 10589
ch  122:  11084 11554  8675  7870  8583 11244  9810  8551 12043 11287 12269 10610  9032 12007 10765  6556 10835  8887 11102  6989 10421  8777 12116  7593 10775 11430 11548 10739 11429 14330 14097 10318
ch  123:  10110  7233  8108  9246  7641  9193 14348 13208 11920 11564  6321 12637 14453  7199  9281 15789 13131  7643 13150  9779 13307  6677 10708  6121 12154  8995 12624  5860 10918  7282 12381 13081
ch  124:   8803  9322 14825  6245 13892 10900 11141  9826 12667  4463 15170 14574 14542 10339 10263 14480 12496  9731 14098 10313 12876 12297  6772 10174 10129  9537 11997  4922  7238  6243  9548 10793
ch  125:  10925 11139 11221 13138  9392  9297  8759 10423  9739  8931 12243  9012  6853 12007  9741  8601 11708 12071 11370 12427 12697 10228 13616  9046  7053  5593  9612  8659  3068 14270  8472  8665
ch  126:   9974 10531 16892 11101  8456  9187  9117 13519 10044  8064  6262 13166  9029  7669  8196  7753  8349 15956 12091  9896 11475  7395  6882 13339  5683 12177 12369 13293  6940 12401  8877 11802
ch  127:  11638  6971 16158  5549 12945 12195  5938 13504  6850  9694 11081  8595  8663  6629 12203  5766  6255 14418  8405 13004  8511 11281 10992 11933  8540  6416 12059 10505  9022 10623  7078 11671
