ch    0:    795  1347  1462  2008  2774  3739  4933  6617  9092 10929 14954 14458  9965  7301 13175  9565 10732 12681  8150  7955  9367 15131 13926 14479 14015 14084  7995 11033 11560 13134  9669  8237
ch    1:   2458  3228  3748  5615  7564  9949 12136 16545 12362  6097 12878 11106  7270 10106  7361  9675  7917  8453  9850 12814  6206 13352  5934 11652 13860  6608  8565 10712  9201 13791  9789  8193
ch    2:   3425  5174  5826  8703 10698 11036 14315 11848  6767 11951  7106 12688 11027 10046  6535  8697  6115 10167 14037 10988  8656  8127 11590  6064 12048  7077 11041  9398  7192  9146  9131  7793
ch    3:   4642  5887  7939 10188 12807 12095  9890  8803 11332  9675 13228  6771  9825  6299  8137 10354 15254 12255  9512  8739 10290  4224 11230 13743  9547 15990 10254  8550  9346  7122 13612  9940
ch    4:   5104  6436  7855 12002 13413 14295  7363  9844 11039  7991  6176 11229 10505 12695 13099  8672  8502 13039  4178  7343 13842  9802  7767  8433  8314  5986  6132 13595 11364  7974  7566 12107
ch    5:   5996  8572 11049 13795 12995  9577 12036  8518 12757  9073 12075 15012  8671 11015 10686 10049  6612  6066 10104 10623  9274  7826 11455 10426 10411  6929 12220 11426  9563 13120 10550 12183
ch    6:   8115 10839  8861 14032 10016 10546 10870 12725  8344 10432  6952  8636 10327 18563 14071  9888 11763 12589  8021 15665  9419  9304 10662 12907 11554  6987 10588  8238 10044 11506  9477 15608
ch    7:  10874 12072  7437 11687 10836 14470  8278  8921 10259 12624 14700  4894  9129  9557 13903  7768 15090 12810 13571  9850  3879  7897 10459  6660 15317  9576 11976 12464  8404  5032  6164  5756
ch    8:   8142 11305 10882  8934 10663 10145  7787 10318  8100  7037 15744 12097 11752  8365 12978 12884 13030 15184 12749  9254  7212 10118 12086  5436 12432  9951  9277  6721 15899  8600  8432 10202
ch    9:   9561 13487  9305  6205 15528  6700  8036  7964 12395 10709 12095  7583 12563 10889  9937 11377 13254  9508  9170  8533  6766  9922  7639  7158  9431 19079  9805  7871 11941 12238  7573  6124
ch   10:  11838 12709  6803 12200 17685  8654 10549  8219 10234 12130 11489 12468  8595 13387 10880  7729  9142  7122 11620  8444  8374 11326 16057  5098 12500 11653 16362  6485  9446 16451 13652 12646
ch   11:  11915 16480  6592 11240  3680  7588 11500 12093  8160  8441 16458 16949  2527 11226 11102  7429 15556 11204  7440  4920 11182 11117  9238  6097 13522 11776 10535  8276  9770 10961  6359  8926
ch   12:  13374  7880 10283 14884  5732 10211 13083 12184 12262 11687 12283 10343 11551 10058  6636  9789  9498 11560 13110  7765 11548  9835 16799 12292 15725  7453 16046  5126  8360 15926  7373  6949
ch   13:  11982  8515 10047 13123  7658  9995  8739  8628  9559 10501  6544  4990 12557  4403  9208  9768 10514 11381 11049 10177 12535  6030 10808 11132  9894  9312  8402 10429 11065  7271 14572 14510
ch   14:  10921 10052 12501  7515 14779  7141  6567 10996 17533  8578  8833 11761  9754 10150 11538 15361 10919  4738  8229  6039 10275 13457  8417 12876  8506 10033 14012  8686  8830 10946  7252  9983
ch   15:  13465 10159 15978  7965 10233 10687  9950  4264 16618  9739  7566 12802 10187  9773  8637 11903  5684  8953  8627 12419 10933 11631 11959  9561 10139  7381 11015 12716  8215 10237  7314 11391
ch   16:   8372  7754 14558  3371 10041 11149 10050 11970  8722 11600 11230 13861  7980  7374  8336  6075 12184  9593 15850  9486  8328 13640  9658  8999 13002  7735 10238 12313 13209 13670 11539  7924
ch   17:  11852  8690 13957  7062  4224 12686 10088 10355 14238 11671  5495  9688  7903 11440  9231  7664 10265 14910  7386  9599 11246 15616 11911 10688 10639 11495  8956  9288 12165  6552  7526  8847
ch   18:  10067 13131 11979  9634  9397 11668 14041 10026 11868 13591 13107 12584 13004 12272 11778  9635 10874 16219 10208  8774 11661 11025  5406 13166 12761 14796 11991 10660 13104 11337 10433  9139
ch   19:   9756 12503  9534  9374 12317  9282 11932 11589  7527 10141  6546  7294 11663 13647 12450 11705 10964 10309 12725  8390  7493  8435  8699  7770  8920 10034  4163 15645  9432 10753 11587 12987
ch   20:  12664  8136 15084 13004  4745  3660  4389  9432  8685  9041  8001 11997 10209  7494 16584 13068  5408  7304  8937  6749 11875  8382  6562  7514 13022 14001  6575  2682  3398 11961  7417 11050
ch   21:   7786 10807 10040  9237 11667  5287  8149 10377  8664 10093  9698  3199 10039  7065 12154 10149  9476  9263  9939  8563 12065 11261 12552  8598 10266  7820  7096  8576 11631 11524  7549  3939
ch   22:  13156 11136  7195  8946 10384 10173 10158  6535  9319  6662 12870 12075 10447  9322  9067 12324 12436  9091  8700  9044 10807  9006  9867 11722 10954 10869 14958 13576 14002 11278 12459  5509
ch   23:   7209 12778  6633 10118  7342  7684 11260  7609 10786 12288  9839 11442 15485  8898  3861  9118 10151 11614  7651 10146  6692  8725 13930 10167  9277 12566  9868  6142  4904  7569 11452 13828
ch   24:   9002  9174  9848 10398  8998 10872 11838 13936 10369 11023 10936 14894  9418  9448 11967  7521 14975  8784 15026  8555 13727  5773 12153 13650  8289  2785  7317 11331  7138 10286  7994  7890
ch   25:  13272  6962 11481 10285 11025  5140  8308 11062  7390 10578 11433 12130  8777 10255 10971 10746 12716 12521 13031 12434 12944 13906  5376  8491  7370 15379  6311  9692 12754  9529 10904 11735
ch   26:  12827 11015 11144  5968  9304  9157  6573  5288 13371  9305  8918 13341  8631 12336 11766  9315  7842  6880  9597  8276  7539 10236 11274 14400  6454  5014 12281 13999 11087 11003 13307 11533
ch   27:   9416  9443  9897 13005 14783 16752 14543  8885 13433 10297 10880 12423  8079 14413 11265  7818 10239  7480  5727 12273  9767 14474  9319 12698  6789  9428  8343 13227 15925  9592 11096 11927
ch   28:  14257  6842 10167  8452  5505  5904  5569  6694  9875  7197  7568 12295 10974 11816 10563 10024 14069  5997 10611 11171 13186 11702  7040 12410  8986 12329 13886 11488  6428  9693  8145  7737
ch   29:  16115  8659 10778 11487  9631 10176 12174 12251 10563 11693 13236 11401 10296 10525 11350  8206  8746 11482 12371 10758  8746 10524  9679 10468  7314  4820  6330 10464 10357 12538 11465 11608
ch   30:  10679 13534  9915 12794  8278  9264 10116 10722 10288 10885  5424  7323 10325 12160 10283 11058  9104 10026 12842  8894 10683 17818  8720  9185  7406  8769  6680 11165  7650 12518 10356  8959
ch   31:   9631  7731  9727 10468  7940 12286  8398 10072 12849  7082  8337 10915 10765 11662  7736 10572 12544 11245 10591  5446  8946 13076  5276 13111 10223  6998  7110  6858  7985 10911 11408  9159
ch   32:   8298 12796 10274 11829 12286 10913 10565  3885 10518 11727  8541 11729 11861  5318 12239  7892 14580 12019  7932  9576  6855  8090  4123 11006  8791  8367  6225  9200 13300  9722 16091  9560
ch   33:   7689 10996 10779 16095  9326  8633 10937 11487  6518 11516  7533 13364  8512 10365 11967 13981 10443  8061 10110  8103  8933  8098  8730 12562 10090 10599  6623 13076 12521 11742 10669 10612
ch   34:   7981 11522 13072  9416 13079  5477  8216 11330  6618 10669 15681 12259 11410  8638  9935 12412 11486 10900  6463 11504  6348  9926 13421  9228  9080 10782 14594  8915 12297  8457  7907  7662
ch   35:   9639 10430 11058  9339 11608  9484  6572  7210 10403  8104  9818 15425 10684  4713 11016  8474  7289  8179 10257  4975  7950 12985 12252 13367  8718 10478 14587 13305  9453 13568 11813  8514
ch   36:   8442  9234  8374  9185 16250  7572  9445 14250 11130  6883 11874  3445 13370  6889 12781  9481 11780 12484 10605  6829 10777 11057 13439  6997  8786  5703 11969  6574 10110 10379  9136 10861
ch   37:   6921  9576  8472 10819  7091 11860 10376  6842  9324  9576  6968  9523 10570 11873 11990  6973  9438 11134  7445  5205 13118  7420 11060 12349 12841 11160 16684  9947 11784  8212 11694  9549
ch   38:   9633  7687  8973 14712 11185 12247  9249 11560  4407 10114 11454  6470  8241  8587 12063  9350 10444  8349  8911 11535 11357 13604 11410 10656 10539  9408 13144  8587  9017  7414 11098  9549
ch   39:   9427  9405 14021  9647  9706  8881 11528  9819 10260 10787 11289  6569  9260 11500 14315  7965 11172 12904  6178  7017  6212  7281 12696  9169 11087 12902 12887 12236 10162  9910  9883 13530
ch   40:   8412 12060 11489 16284 12358 11118 15636 13209  7404  9402  8170  8646 12571 10844  9011 10458  8962 12965 12529 11016  5643  8757  5776  5770  7171 15272  6611  6257 10006 12632  8925 12753
ch   41:  10368 16086 13096  9587 12760  8896 10019 10161  9986  4967 10646  6922  8232  7006 10302 10383 11863 10694 10513 11301 11318 12852 10391 15390 10894 13147  9504  9623  7314 14969 13007  9929
ch   42:   8371  9367 11830  8394 13076  7401  9126 11006  8952 13920  9022  8828 10171 15000 15440 11782 13456  9894 11287  9207  9153  8466  9516 11111 11327 13808  8104  8198 11978  8199 12872 11951
ch   43:  10795 10483 11259 14376  8157  9311 13391 14801  4803 10343  8309  7827  9148  7326 10400 12580 12202  8946 10201 11395  8579 10639  6202 11798 12895 10438  5509  8037  3934 11767  5994 10726
ch   44:  10901  7750  8786  7983  9353  8185  6026  7510 10359  8121 10543  5133  4966  4135  9963 15162  7360 10750  9961  5689 11882  9841 14947  9083  9158 10404  8599 12680  9380  9944  6730  9117
ch   45:   7106 11426 11611  9113  5487 12063 10569 15089 13445  5839  8464  8753  7737 11573 13310 15631  9262 13090  9594 11757  6755 13942 14350  8884  9244  5517 13724  9473  9549 14549  9435  5550
ch   46:   5557  9958 13725 10148 11757  7101  9565 12904 10720  8698 12164 15022 11996  9439 11115  9240  7773  6864 13419 11385 12147 12362  7408 13271 11867 15638  9687  9728 14561 10668  8109 11633
ch   47:   9692  6126 11388 12353 10318 10187 12429 10429 10915 12614 11619 14088  6426  8463 14391  6095 10158 11679 10721  9756  7508  6563  9514 13978  3672 10600  5958  9939  9466  5280  9753  9762
ch   48:  17371 10221 10035  9108  8956  8014  3467 11729  7822 11052 11155  5006  8162  9967 11004 10621  9584 11529 11592  9720 16240 12304 11840 10304  6562 11548  7982 11255  3848 14766 11931 10733
ch   49:   8249  8640  7093 10262 12292 13391  7615 10689  9213 10534 13069  7208  8663  9609  7334  9600 16232 11651  5598  9629  7334  6979  8234  9418 11250  8012 13179  4831 10296 11137  8341  5538
ch   50:  14382 11301  9234  6231  9112 10899  9763 12783  8204  9014 10637 12267  9634 12731 11714  8063  5646 12626 10565  8245  8451  7126 13820 13399  9131 12834 13498  9011  8790 13430 12965 13497
ch   51:  11790  9612  8255 12371  8039  9997  8779 12617  9050  9484 12061 12811  8970  9349 14245 10394  7668  8611 10083 12294 11639  7075 10886 11603 14568  6812 14324  9046 14800 12847 10150  6726
ch   52:  11716 10292  8848 12753  8282 10183  6892  9658 13584  6210  7139 11113  7866 10268 12444  5792 10862 15430 10019  7640 11152 13445  8956 12660  9517 12751 11258 11053 10862  6083  7438 12245
ch   53:  11663 12624  8553  9061 13717  8347  8225 11375 10881  7354  7020  7325  9381  7610 10789  5979 12687 10486  8108  7636  8099  9011  5781  9203 15273  8673 11178 11850 10284 10797 13628  6992
ch   54:  11507 14949  9862 12866 12544  8983  9524  7611  9246 10589 11939 12133 13697  6087 10497  7305  9262 13700 13029 11519 10542 12265 12491 14936 11471 10483  8041 10250 10524  7607  8974 11617
ch   55:  11542  9966 11940 14065 12439 12614  5561 15713 13609 10374 15088 11727  9832 10104 11988 12758 12967  7977 15406 14185 13704 10276  6403 15267 10535 12632  8915  7572  9342 10796 12962 10304
ch   56:  13485  8374  6927 12525 11403  9515  9179  9170 13008  7098 10128 11448  7960  8717 10391 12378 13484 10702  8467  9387  8375  7624 10708  8597  5312  4797 10230 11047 15371 11399  5815  4777
ch   57:  13449 10191 13246 10828 15589  8079  8639  6065 10607 11854  7639 14291 10396  8251  7981 13525 12919  7935 10588 12705  4703  9323  7891 13042  9496 10057  7609  7430  5503  8195 11192  2851
ch   58:  12358  8462  7203 13551 15474  5201 10281 11599 10173  8585  5024  8192 10381 16289 11878 16223 12160  8220 13358  6183 13372 13164 12617  5365 12526 13682 10293  6792  5036 12280 10514 11981
ch   59:  12282  8299 12314 11655  5178  6095 13761  9592 11035  5190  7355 10631  8741  6479  9869 12229 12290  9193  7411 15632 14931  9109  5066 10117  8956  8792 11985 10412 12709 14493 13441 12476
ch   60:  15431 13220 12866 10268  2994 10650 11134 10145  9782 10312 12393  7172 11537 11648 14055 11956 10412 13917 12066  8014  9788 10344 12394 10215 12447  8756  7784 12371  9219 11704 14469  8919
ch   61:  12563 14664 11831 11098 13805 11199  8023 10601  8703  9446  9954 12385  9916  7213  6412  8186 11512  8507  9688  7613 14425 10785  6694 11871 10432  9319  8914 11276  3358  9099 12183  7660
ch   62:  15348  9514  8305  9937 10691 10585 11662  9668  8162  9061 13854  9098 14384 12948  8789 12850 12204  7540  7082  9604 13402  9562 12720 10272  9672 11780  9543  8721 11742  9616 11740 18171
ch   63:   8132 10641  6742 14989 11449 17516 12519  5086  9618 13972 12813 12489 10734 10043 14469  8844 10825  5996 10917  9621  7694 10172 11080  8960 10289  5520 11674  9709  6171 12331  8273  8799
ch   64:  11979  9352 12269  8291 13188  7068 14225  9578  8893 11157  8561 10065 10899  8526  8237  7223  7888  8696 12782 13448  6864 11863 16594  9139  9270 12191 10186  9766  9660 12223  8687 10171
ch   65:   5781  7310  9997 11452 13745 14065 11995  5174 10959 12914 10717  6896  4611  5058 11169  6006 16549 11384  6028  9822  8318 12010  9611  7869 11614  4570  9361 14772 10697 12444 10176 12823
ch   66:   4703  8092 16445  7149 16890 10834 11353  9674  9281 10532  9515  7882 13003 13023 10544  7944 11114 11003 11462 12083 12541 13143  9458 10394  7913  4127 12213  8785 11661  8033  8484  7876
ch   67:  10722  6331 11021 11489  8315  7876 12870 13056  5039  6654 11348  6926  8396 14935  8331  7902  5517  8880 11428  8581 10543  4711  6383  5647  7652  9909  7613 11289 11678 11654 11325 11104
ch   68:  10094  9902  5366 10829 12327  9064 12706 10499 12284  5528 10217 10631  7175  6461 10791 10723  9270 11172  9044  9645  9020 13443 15193  9648 11004 12589 10485  8929 10572 14475 12450  5971
ch   69:   7450  6137  6287  9066 12703  8881 10543 13998  9421 13015 13881  9043 13901 11305 10326  5970  8332  7812  7457  9804  8833  9019  8626  9444  9992 11817 17663  9480  7053  9406  6649  7143
ch   70:  10000 16668 14737  6327 12134  6489 10710  9754 10532  9363  9978  4755 11947  9624  8152 11117  8205 11673  8775 10666 12430 10278 11634 16643  5517 12216  8433  8244 10463  9156  5202  8337
ch   71:  10623  8114  9452  8999 10512  9448 10495 11834  7942  7956 14676  9437 13418  8841  7092  8659 13508 10296  8247  8572  8651  3291 11983 14645  8990 13636 11230  8104  9174 13817  6185 11158
ch   72:  13542  7957 11347  9933  6932 11023  7988 13858  6399  7555 10228  4810 10964 11092  4224 12591  7453 13815  3253  6970 10239 13384  9605  6880 16473  9428 13589  6386 10711  9548 12610 11978
ch   73:   8937  8019 15927  8025 13016 11562 16728  7172 10237 12156 11070 14398 13515 11395  8734 13628  3883 10819  8470  4071  7586  9025  9875 10368  5444  7798 10091  6786  8107 10747  8323 14259
ch   74:   8634 10888  6756 10678 12164  6624 15172 11791 15919  8233 12661 11489  7738  6659 12632  9652 16172  9923  6430 11523 11127 12050  5688  8140 12526 11931 10508 11361 11253  7725  9384 13149
ch   75:  11324 10819 15620 12972 10270 13720 15203  9484  7473 18530  6513 10453 10657 12975 11513  9032  9253  8454  7105  6368  6139 10309 11127 10348  4838 12531  7699 12535 10267 10130 12242 10060
ch   76:  15009  9534 15960 12507  9596 11129  6894 11047 11453 11683 12259  9885 10511  7144 12774  7722  9069  7951  9667 12280  5715  9476 12548 13348  7145 11266  7836 14126 10129 11904 13002  7634
ch   77:  13788  9736 11215 12751  8936  8925  8196 11812 15248  9854 12320  6974 11509 11108  3918 13939  9771  7460 10582  8963  7884  9048 10059  9558  7882 12818  8356  9393 11150 12319  6950 11665
ch   78:  12255  9494  6659 10527  9025  7746 10291 10523 11219  6913  4200  4904 13646 10478  9169 12356 15279 16394 12688 13246 11127 12843  8224 12769 11557  7138 11839 13115 13446 10906 14104  9876
ch   79:   8509  9388 12928 11495 10136  8977 13777 10471 10265  9411 10507 12984 12223  7495  7680 12086 13040  8355  8959  8037  9675 13472  6083  6454  5669 10058  8763  6377 10030 16559 12223  6981
ch   80:  13691  9703  4467 11782 10306 11543 11160  9608  6737 10790 12835 11592  8861 10023 15784  9391 12743  8749 10555  7382 14517  8437  9719  9995 10503  8925 14088 10385  7421 11036  9431 13571
ch   81:  11754 15166  7866  8066 11641 11478 14655 15026  7511 11865  6775 10825 11016  7625  8681 10610  9024  8002  4873 14260  6569 11657 13837  7680 10648 11148 11110  8732  9700 12498  5625  7775
ch   82:   8415  9781  7612  8753  4693 11534  8152 12217  8285 10044 12163  9068  8245 14157  9271 11818 14256  9084 11973 12101 10195  9304  8897 10048 12453  6589 13311  9058 14919  9879 12529 12547
ch   83:  14128 11103  9955  4423  7434 12095  5082  8758 14057  9472 10315 10540 12196 10345  6116  6488 12786 10080 12587 11866  5827  9444 13337 12795  8034 12286  9173 10860 12767 10574 14962 10430
ch   84:   8392 15552 11668  9925  8413 13204  9128  5325 13673  9223 10352 10224  6724 12397  9810  9196 15245  7718 12572  7228 14966 11062 11337 12169 13677 10723 10724 10170 14739 13282  7149  9918
ch   85:   9613 14176  8713 10598 14063  8853 16277 11173 15609 10549  9899 11313  8815  9121  6926 14192 13376 10530  9037 12585 14130 11761  8252 13580  8362 10382 11083 15173  9804 10509 14504  9494
ch   86:   9176 11196  6689 10568  9758 10014 14070  9821  7308  6715  8842  4396  7674 15410  5836  8549 11425 12726 14186  9430  9614 10646  8821  7118 12047  9739  9096 12192  7382  6121  9378 11701
ch   87:   9206  8871 11037  7613 13538 14396 12335  9473 11319  8077 14828  6671 13214  9983 11441 12839 10092 12031  9230  9406  9070  5898  2319 10711 11631  8169  6715  6180 10841  8406  7871 10422
ch   88:   6284  7248 11899 10712  4001  8645 10292 10924  7547  6758  7788  9475 14228  9655  9762  7518  9544  4349 10062  6014  8486  9836 10469 14984  9975 11362 15408 12501 10790 10361  8243  8830
ch   89:  11206 10742 11713  9937 12496  9744 12852  9606 14027 13121 12027  8729  6071 13032 12534  9255  6753  5883 10983 13652  9955  7661 13997 10390 12523 10466 10065 14654 11097 16090 11892  7809
ch   90:  10111 11268  9853 14499  9011 13462 14883  4853 12786 16662 10211 11843 10360 10466 11553  9202 14863  8975  8842 14628 12116 14962  8252  9731  5552 11283 11819 10340 12869 12461 10982  7719
ch   91:  14882  7102 11676 11435  8287 11322 12313  9974 14867 11268 11255 12043  8980  8975 15469  9100 10925 14067 10047  8157 11044 19205  8446 14392 11132 15946  8130  9623 13581  7426  8039  4378
ch   92:  11411 11095  9337  4440  7150 14646  5745 18404  9028 11049 10603 11074  6694  7628 13042 14439 11736 11028 11956 10275  9658  9176  8029  6361 13723 12498  9270  6515 12195  8938  9729  6931
ch   93:  11608  7240 12508 10053  9733  9385 12499 12656  9502 12405  5658 13002 10370 10416 12311 13102 11787  7451  8999  8722  8011 10056 15226  8220 12408  8196  9591 14766 14387  9229  7187  6750
ch   94:  11253 11990 12656 16775 14744 11850 10665 10967 11881 10572  7854 11159  7863  9563  8586 10439  9209  6822  6958  9446  8524  8288 13846  9674 12266 13795 12305  8711 12018  8939 11949  8821
ch   95:  13178  6721  7523  8021 13765 14486 15249  6695 14539 14261 11313  9321 13006 13815  7512 10653 10335  9895 11613  8193 12429  8200 10072 10760 12202  8820 10587  7817 11673  8249 10089  9732
ch   96:   5678 13514 10587 12642 10637 11324 10717 10308  6473  8096 11448 11216  6805 10551  9112  9810  3860  6443  9002  9278  9362  7796 10452 10155 10472  6579  7281 14634 13181 10861  8521 11362
ch   97:  13435 10477 11204 11232  8709  7353  4512  8051 12570  6990  6832  7304 12743 15293 13929  9745 12688  7402  8192 11456 11814  9477 13531  5877 15751 10376 12246 12700 15057  8917 12616 13019
ch   98:   5517  8952 12423 12287  9623 12104 12547 12681 13364 13066 11830  7643 12061  7015 14039  7546  7172 11135  9311  8622 13815 11858 11640  5045  7220 11803 12924 13754  7534 11412  9756 11725
ch   99:  10511  6629 11170 11812  8083 10713 10403  7380 12523  8621 11707 11835 12847 13187  8046 12020  7584 12176  9766 11447 11890 11579  5924  9196  7161 13281  8102  7865 10727 11927  8273  5803
ch  100:   9591 13196 10167 11941 10145  8899 13152 11901  9917 10494 12895 13317  8390 10632 10786  8436 12739  8877 12853  7862 13628 10663  7195 10026 11434 12233  9233  6388 10903  4897 10593  8499
ch  101:   9996 11631  7611 12279 10561  9365  6266  6476 11412 11424  8406  9460  6841 12185  3508 11314  7079  9079 10851  8446 11093  4012  8554  9902 11174 13996  7604 12781 11903  6033 12552 13510
ch  102:  10813 10662 11468  8606 11858 11833 10870 11282 11264 12216 16037 10017 10141  4784 11198  7669  9433  6995 11176 12953 12399  7158 10456 12383  7465 10897  8689  9589 15400 12032 10273  9448
ch  103:  10641 12820  4830  7680  9908  9152 11577 13556 14020  8630  9204  9028  6703  8430 15016 11901 11695 11317  7123 10087 11110  9380  7220  8469  7093 16042 11466  8075 10317 13480  9923  9936
ch  104:  11935  7944 11082 11777  5311  8526 13597  9224  9881 12913  9926 10978 14567  9527  6577  9569 12438 12824 11545 10716 10782 11186 10344 11093  5241  7392  6222 12651 11525  6209  9355  6890
ch  105:   6545 12480 12332  9717 11549  5371  6868 10770  9873 10797 11489 14180 15950 10331  5276 13122  8837  9419 12686  7798 12444 10292  6532  7535 16702 11518 11270  6695  7013 10108  8520  6758
ch  106:   8517  5603 11225 10637 14231 11089 16279  6258 13264  8373 12590 13173 12266 11869  8262 12285 10597 10879 12838  8393 10547  4282 11221 16214 12137  6368 14723 11898 10835 13230 11842  6465
ch  107:  14412 13524  6780 13047 13033 10601  9245 12192 11252  8330  7935 12429 16189  8782  7164  6533 13205 10138 10465  7038  3911 11763  7496 11657 13556  9603 10664 13763  8900  7379 12408  5675
ch  108:  13549  9303 10435  6221 10237 11163 10380 10563 13649  3194 13741  6425 13846  8182 13508 15964  7418 14626 13412  7982 11976  9206  7836 12574  9484  9578  9509  5779 11471 10499 14166 10126
ch  109:   7611 13038  7262  5700  8183  8056 14845 13360 12475  8852  8331  4795  5887  9528  6506 15397  7239  7983  7808 10858 11684 11520 11985  7043  8854 12811 11770  6785  6502  8828  7359 10331
ch  110:   8691 12773 10164  9800  8889  8878  9816  9768 14222 13440  8371  7932 12779  8304 12660 13220  6589 14328  9141  7911  9567  7896  9860 12638  6205 12828 13152  6670 11215 15366  5566 15886
ch  111:   6392  9494 12457 14681 11430  7049  6281  5063  9675 11094 11463  9209  9334  9803  8086 15864  9186  9172 10093 13035  6710  7728 12051  8323 10975 12045  7215  5824 10120 11735 13331  6329
ch  112:   8775 15825  7246 12208 11371 13316 13932  7249  4132  9603 14799  3944 15914  8385  2803  7870 12439 10695  6354 10474  7723 11156  8403 11757 14722 10788  9340  3941  8550 12459  8277 10218
ch  113:   8270  7303 10459 11614  8130 12389 14165 10251 14734 10488  7549 10660  9266 10195 11605 12638  3364 12845 11349 10622  4491  8688  8004 10414  8193  9408  6395  9192 13599  8032  6833  5317
ch  114:  14248 11435  7669  9340  9606 18061  8017 11107  3015 10657  8591 12439  8895 15291 11026  4437 13640 12536  4228 10935 12258 11112 14409  6980 12673 11802  6950 11031 12631  9580  9305 10344
ch  115:  10513 14463 11111  9578 12511  7301  9493 10662  9705 15574 10305  8436  7826 12720 12154 12826 12590 11326  9740 13501 10940  9505  6510 11210  9403 10404 14734 13584  4397  9943  9061 10374
ch  116:   4961  9179  7101  8141 10599 14577  6709  5681 10185  9162  6989 10313  6510 15231 10631 10081 11653 12784  9841  9714 11476  9565  8041 12801 11635 13335 15687  8100 12094  6800 11000  9790
ch  117:  13337 11856 10183 10495  7159 15042  5927  8934  9467 13547 13039  8536 14054  6587  5767  6863 14262  7778  8703 12992  7470 12668  5402  8097 11250  5054 11299 11684  5904 15515  7825  8686
ch  118:   7617 12816 11492 10080 10258 11872 10579 10784  8258 14054 10679  9660 12412 10410  9166 13483  9818  9651  9251  9869  9610 12325  9233  8680  9024 10750  6134 13535  9020 11514 11864  7273
ch  119:  15222 11547 11091  8055 11196 12208 13001 10810 12230 12718  4974  6062 10046  6365 10137  8413  9443  9730 11529  8596 13341  9200  7972  8006 13110  6319 10392  6457 10322  7413  8533 11855
ch  120:   8066  9008 13733  7019 12327  9739 10909  9229  7336 13158  9857  8055 12081  8952  8354  8904  9946 11093  9895 10429  7995  9280  9451  7779  8316  8322 13048 15077  9615 11238  9057 16537
ch  121:   9090 12909  9795 10515 11796  7076 13930 10369 15725 13555  9495 11183  6758  7188  7538  7352  7187 10608 11243  8088  7071  9351 11062 10074 11114  7877  8794 10879  9390  8847 10023 14115
ch  122:   5187  4260  5524 11860  8113 11818  5223  7979  8400  8654 12042  9246  7687 10868  9845 11751  5878  9460  8042 11153 11496 11332 10006 11164  3860 15498 12007  5815  7578  8523 13409  6412
ch  123:  11180 13099  7744  9478 10683 10110  8661  6107  9778 12715  7042  7195 14507  6304 11304 10428 11330  8336  5890  8576  8129  7833  6408  6716  9824  6725  8955 12980 12387 11029 12738  6717
ch  124:  11899 10841  7527  7970  7689  4560 10979 12759 13449 11706 10183 11915 10869 13356  8602  7595  5585 15320 11494 14538 10199 10525 13853  8764 11042 10223  5921 12839  9736 12939  5592  6052
ch  125:   9487 11783 11473  8733 10584 13410 13219 11028 10367 15670 12669  7811 10414 13320  9993 13936 15816 12014  8238  7344  8943  8024  9049  9666  9872 12164 14017 12418  6205  8808 11937  9694
ch  126:   9710 13419 15450  7336  8649 10667  6584  8976 12953 13191  9952 12717  9268  3317 13610 10788 12774 13626 13327  6857 11296 11655  6780  7470  9818  6578 11335  9052 14580 10061 13102  9155
ch  127:  11592  6429  9266 13741  7609  6236  5994 14298 14863  8392  6980  8663 10347 14540 11965  6062  7421  8991 10006 13893  8472  6459  8823  9861  7369  8522  9549 11201 14038 11798 10389 11545
