ch    0:    296   393   449   606   713   954  1321  1630  2621  3321  4752  6566  8255  9023  8830  8269 16352  8470 10737  6400 10143  6730  8520 13002 12819  6548  6632 14397  7931 11707 12874  6905
ch    1:    821  1082  1393  1738  2164  2880  3593  4831  6723  8831 11602 12447 10295  9494 14845  8437 12419 10485 12996 12750 13798  7351  7408  8911  6743  9462  9707  7785  7372 14660 16684  9565
ch    2:   3056  3697  4241  5508  6558  7574  5726  7667  8562 14398  8744  8858  7369  9063 12060 12278 11213  9378 10226 13096  8852 10599  8290 12722 10530  8750  8055  4651 13200 11942 12051 10898
ch    3:   4646  5788  3204  4254  6349  8379 10772  8993 13783 10909 10312 14270  8051 10327 11307 13466 16392 16008 11533 10016  4647 12251 10261 13422  6719 12550  9598  5720 11601  9354  3592  6823
ch    4:   5508  6624  4374  6599  8044 10120  9576  9772 11529  8528  8712 12070  4228 11764  5131 11984  9333 10089  9637  8957 11207 12813 10249  8230 12191  8436 13919 11521  8066  7921  7983 10653
ch    5:   6294  3973  5861  8018 10812  8965  8339 13737 12713  6267 13801  5540 13758 10151 10858 11783  6673 10382 10955 13885 12947 10888  6586 12468  7003  7773 15378  7921 13351  9008 14502  3136
ch    6:   6725  7458  6116  8226 11201  9904  9672 12981 15870  4091 15139  8187 10532  6475 10847  5682 11363  7783  9427  9772  6519  9023  8441  9031 10263  9456 10350  9110 10957 14660 11645 10582
ch    7:   5462  7614 10962 14169  9366  9350 13495  6904  8151  6962 11409  5687  7324 12248 15061  7855  8521  7286 15599 11708 14845 14532 12901  8830  9034 10557 10332 15394  8281  7886  9132 15147
ch    8:   6472  9114 11942 15864 10485 12073  7858  9354  6852 12002  8537 14749 11741  3822  9933  7849 14657 10212 11411  7359  8516 17015  9691  7664 15637 12983 13604  7340  3868  9380  6379 17414
ch    9:   9989 12033 14729  6574  5880 11413 14276  6004 13715  6483  6791  4329 10876  8494 11055 13234  9051 10365 11511 11730 11280  8290 12044  8098 12193 11867 11381  7497  9407  9865 10718 13506
ch   10:   9697 16800  8710  7176 12078 13161  6908 11922  8879 12885 13491 11952 12211  8480  9923  8819 10270  8861  9379  7423  5720  8021  9410 10492  8197 16143  4929 12951 11398  8548 10843  8641
ch   11:  10594 10029  5247 11225  9946 11646  9414 10197 13200 10050  8680 11153  6201 11096  7454 10756 12576 13699  8701  8897  5927  9806 10240  6901 10330  8257 14279  8479 10807 10336 10790 12351
ch   12:  11850 11495 11502 10727 14080 12334 10521 12573 15715  6883  7248 11012  1800 10711  8348 13785  7097 14054 13212 12797 14400  8263 11098  6061  8986  6759  9874 10460  9730  7461  8948  7744
ch   13:  13791  8535  9128 11829 11870  8370  9602  5501  9416 10204 10757  7366  5690 11480 13199 13636 14983 11667 12299 13414 10412  8148 13031  7524 12554  5526  7966 15953 10236 15534 13064  7015
ch   14:  12459  9072  6871 10215 11270  7501 10942 10896 12911  9788  8646  3852 13100 15020 11745 10744  8147  5650  8264  6655  4331  7277  9827  7511 15717 10681  4981 10489  6713 11095  4676 11196
ch   15:  10667  4757 11735 15592  7574 11698 10871 12660 14119 12089  8276 11245  9101 13561 10523  9612  6029 15518 11784 14010 13049 13341 11231  9380 10213  9408 11066  6934 14752  9552 13516 11720
ch   16:  14951  5518 10032 12587 12345 10799 13028  9664  8770 10032 11826 10896  8226  9757  9398  6332 10082 11815 11466  9528 11752 10315 12868  7046 11754  8212  9303  6642 10016 10601  9022 13019
ch   17:   5918  7796  9290  8137 11415  5715 10182  8388 10333  8688  9853  9538  5828 12432 10874 10003  7612  8186 10358 13443  8001  7271  8793 10897 12437 10341 16509 13501 12224  8384 11169 14903
ch   18:   8882  8360  9591  9660 12151  8182 14063  8253 10375 14981 11825  8081 11739 14185  8775  7740  9416 12127 13344 12414 13197 13522 14758  9590  4215  9219 11491  9087  6116 12400 12538 11065
ch   19:   7518 11738 10354 15091  9429 11820  6308  7651  6409 10552  9644 11235  7927 10683  9806  8859  7483 11019  6951  8129 13730  9884  6565 12906 13694  9405 14677 13048 12571 13994 12551  9556
ch   20:  10619 11057  7678 13531  9310 14052  6236 10731 11122  7849 15597 14010  6676 10292 11128  6802  9643 12761 11655 13823  5296 10783 11694 14107  9059 10415  8920 11409  7638  3721 10864 12934
ch   21:   9453 13713 10106 10006 14805  9553  8227  3911 10000  7493 14062  4062  9654  7130 14761  1414 13822 14938 13522 17888 12321 10616  7414  6986 13430 12945 13044  6292 14224  9310  8534  9280
ch   22:   7875 12878 12730  7808 12935  6497 12315  3659 11885  8308 11753  9711 11172  6571 11507 12400  9637  7207 12884 11011 11217  7950  6227 17230 10919 14930  5348 10941 13551 15744  8876  5178
ch   23:  13386 11940 10105 13922  6749  9382 13269  9255 14035  6730 13681 11663  9911 11760  6365 16506  6051  9093 13015  9007 11611 14173  6445  8282 14150  8536 11881 12833  6191  8277 11223 13489
ch   24:  10868  9354 11045  9040  9792 12957 12703  9643 10968 12041  6260 12873 11783  9418 10857  7839  5592  9801  9970  7550 12432 13298 12349  7767  9353  6615 11361 10115 11379  6093  9726 10583
ch   25:  13406 11269  7618  9139  8030 12267 15412  8489 12937  8220 12534  7796 10072  9478 13843  9371  6645 11328 11679 12991 12480 14268 10052 13991 10601 11470 11080  8679 13490  6806  9415 13637
ch   26:  14583 10252  8459  8910  6873  9895 16780 14164 11872 10249  7670 12101  9990  5639 10308 12065 12438  7522 12469 15086  9112 11096 13854  6805  9547  6975  8464  8872 12823  9424  7854  7112
ch   27:   9496  8206  7622 10655 10749  9972  8498  7598 10260  7230 10745 12937 10471  9535 10911  8891 10542 13137 10221  7971 12194  9610  9835 11122  8877  9483 13351  8268  8518 10068  9121 15563
ch   28:  12537 12514  9865  9571  8284 11953  8975 11241  7491 11917  9629 14259 10081 10514 14118 10807  7770 11144 16060  9192 10477 12548  6476 15216 10648 12993 12367 12458 10875  6980  9455 12262
ch   29:  11063  7732  9399 10566 11493  9471 11954 13686 12521  8050  3784 11926 11761 11926  8366  5306 13591 11831 10810 12013 14700  9038 15035  7285  8066 13256  7793  5959 12285  9277 11862  7651
ch   30:  11695  5027  9487 12114 12954 14047 10454 12222  8697  8732  8678 11733  8986 13550  9006 15854  8657 12683 10651 11939 11403 12435 12945  9769  7106  7146 10857 11952  6112  9711  8252 11096
ch   31:  12744  8641 12427  8740  6509 11652 12547  8989 13269 10253  7747 11472  4385  9558 10589 11980 13558 11045  6888 10049  9215  8016  9336  5668  8580  8043  8837  9538  7975 11593  9480  8399
ch   32:  11731 14085 10762  8420 11117  9769 11932 12833  7537  7641  9792  7232  9401  7637 11195  6174 13701 11634 10786 13684 11139  7897 13364  8358 10909  9065  9769  7955  9384  8438 11562 12747
ch   33:   7313  9792 10568 10468 11326 11895 10205  6386 14663  4844  5879  8778 11190 10236 14066  8067  8311 13689 10029  7084  8764  9498 15012 12332  8732  9121 14284  8965  7230 13941 13266 13990
ch   34:  12551 10626  9271 10230 13321  9308  5790  6170  9899 12121  9278 14809  6187 11705  9845 10452  9189  8939  8390 12834 15418  8294 11897 13593  8942  9379 12233 10498  6971 10599 10424 11532
ch   35:   6736 10842 14163  9053  8391  8263 12409  6262 12489 10670  8810 14447  7797  5553 10855  4089 11372  6293 11310 10200 11867  7614  6389 10506  5641  9071 12176  8474 13896 11254 13773 11215
ch   36:   6102 12891  8733  5842  8238  6608  8371  7184  4983 10754  7962 11231 14827 11057  9841  4686  7566  7337  7746 10899 11109 13066 10885 10602  8051 12316  9330  6442  8706 12417 12867 11512
ch   37:   8043  9573  8155  5000  7137 14298 10185  7079 10393  9787  7920  9974  7072  8869 10226 12009 11551  8753 10495  8558 13641 13130  3734  4293 12301 14154  7765 14437  4619 11128  9305 15074
ch   38:   7838 13913 11322 12551 11447 11886 13340  8058  8150 13870 11510  9368  5455 10756  9829  7378  5484 11425 11138  5885  7092 14152 12307 11689 15642 12033  6831 11040 12996  7905 10365 13708
ch   39:  11295 14307 12217 12831 13491 14080  7165 10001  7723  6865 14728 13780  8950  6837  8208 11999  6512 11668 16004 10425  5007  8897 10556  5316 10553  8808 12800  3035 13802 12679  9987  7859
ch   40:  10209  6985 10907  9732 11330 12349 13779 10958 12706  6812  8778 13280 12681  4976  8670 12176 11099 12747 16928  9499 14118 16014 11471  7839 13189  7710 10567  7552 11715  6476  5657 10836
ch   41:   8203  9566  9788 11092  9896 10470  9520 10670  9209  8933  7304 11801  9923 11735  5929 11955  7585 10739 15396 17809 11235 11620  8184  9438  9622  9149 15798  6995  8148  8800 12758  8920
ch   42:  10375 12703 10426 11926 11848  8548  7786  9556  7297  7528  9627 10677 10917  4757 12518 10049  9967  9208 14634  7339 12262 14255 11001  5450 14435 18872 15413 14600  9176  7708  9855  8688
ch   43:  14711  9434 10811  9638 11981 11922 12017  8037  9738 10594  9246 15004  7113  6815 11784  9964 12887 12948  9523 13002  9109 14449  6407 11450 11411  5478 13531 13111  7786 12522  8421 10019
ch   44:  11952  6943  6729 11464 10381  6889  8512  5838  9378 10094 11772  9346 11426  9235  9076 10308 10775 10272  9018 10522 13644 12085  7704  6024 13207 14179 10658  9397  6433 10809  9099 11724
ch   45:  11178  6251  9674 11856 11613 12418 10605 10402  7976 11714 11292 11242  8088  9465 13494 15104 15016  7680  7827 12270 10480 14630  6781  8402 12515 11941  7482  9910 16978 12680  7639 11729
ch   46:   9275 12753 13662 12033 12652  6550 12191 11637 13223 13208 11255  9653  7274 10601  4997  8708 12711  7560  7121 10036  7331  8692  9153  8599  9564 10894 11617 11594  5040 11431  9360 11636
ch   47:  15080 11665  9517  9369  9849  9340 10758 14531 10735 12030 11204 14526  4922 13789  8368  9056 11480 12323  5583 10818 11773  8830  8969 13539  8455 11965 12169  4665  7384  6331  9577  8001
ch   48:  13036  9729  6543  9663 11642 15155 13928  6471 13100 12402 10893 11419  5820 11444  4481  8728 12149 14934 11535  6838 15287  8690 12562  9686  8584 10877 10557  9130 14539 12259 12197  4116
ch   49:  12291  8739  9345  9395 10062 12272 11735 15858 14552 11256 12988  9709  8242  9439  4948 13903 11737 11703 10934  9535 12222  4761 12807  7150 11682 11351 12199  8857 10593  7453 11916  9726
ch   50:  13471  7634  9178 12048 12350 13858 10010  8001  8906 10720 10434 11994  8898  9804  8434  8415  8906 11575 11332 13379 10591  5553 11149 12762 12991  9746  5590 11934 16571 15350 13696  7822
ch   51:   9517 13873 11254 11412 10671 14179  6582  8352  9431  9830 10469 11233  8942  9260  7470 10777 12319 13680  6563 11517 13026 10953  8543  9787  5594 13869  9040  7084  8956  6654  7852  7915
ch   52:  12469 13646 11757 10371  9648 11307 10010  9210  8621  8571 11848 11368 13364 10789  9604  5098 11105  5523 13406  8968  8892  7093  8828 12325 10607 10024 13323  9953 10897 12207  9912 12056
ch   53:   9402 14216 12388  9557  7393 12893 11894 10226 11079  9545  7715 11431  7810 10690 10908 11619 11067 10482 12823  7467  6903 10736 11595  9843 10152 10734 13031  8576  8489 11672  9538 14395
ch   54:   3162 10338 11878 10538 12086  9479 12827  8357  3799 11635  9242 10829 14046  6952  5317  7185 12131 11310  8077 10606 11878  9797 10446  9817 11386 11376 12053 11939  8161  8750  9064  5202
ch   55:  15190 12242 15984  6260  9304 10122  7856  6800 10088  9178  8571  6322 10467 10997  7366  9972  9081 12657 10345 10669  5071  6702  6044  9786 10664  7979 16614 13854  8203  9005 12157  9117
ch   56:   9975 12908 12876  9577  8208 10572  6892  6506  6551  9326  7743 10268  9167 12409 12822 14114 11326 13023 11362 10174 10977  5189 10035 11829  9115  8084  9330 14447  9301 12236 10803  8853
ch   57:   9505 11156 10936  9573 10465  7932 10885 15465  6033  7785 11342 11638  6055 14946  6227 10165  7798  6162 12449 11175 11981  9211  8504  4460 11847  5323 11653  8974  8774 10107  9911 14144
ch   58:   3989 14285 12070  7725 10972  9631  6422 11960 11378  9384 12236 12945  5755 10832 13186 13581 11709  8904 11228 13588  8604 12157 13053 13692  7519 12086  5360  6758 11225 11075 10860 14317
ch   59:   7138 14387 10978  7877 11170 11448 10326 14127  5870  5726 12875 11898 14036  9582 14395  8220 13058  8183 15271 11076  7223 10987  6610 10695  8424 10430  9512  8711  7148  8688  8813  5038
ch   60:   8172 10786  9841 11306 12012  3935  6897  9402  7254 10315  6639  9379 11341 11106  9555 10979 12369 14251 12988 11296  7042 13740  4189 10507 11581 12015 15530  8692  6314 13059  9686 13024
ch   61:   8215  7808  8415 10625 10443 12293 12031 13702 11644  8278  9329  9339 13604  8878 12822 16622 11354  8691 10709 10634 10683  8508  7463 11381 10971 10914 11703 11677  6444  8210 12866  8298
ch   62:   6585  9233 13416 11717 11071  9837 10181  9053  7581  8454  8747  7124  7203  5900 11553  7795  8693  6846  9757 11103  9181 14628  7663  8775 14102 11164 12698  9866  7800  5510  4853  7536
ch   63:  10494  9504  9124 16373  9780 12236 12409  8846  9451 10133  8896 11083 12646  7756 13290 11149  8371  7894  8459  7122  9592  7843  9418  6648 11176 12116 10736 11306  9354 10024 10175  9404
ch   64:   7437  6468  8917  8425  9319  7277  9415  6647  8219 11355  3015  6547 11208 11490 12942  8198  9629  7446 10133  8307 10312 14162 11747  8632 13598 10773 11475  9573  6590  5988  7050 13532
ch   65:   6139  6611  8366 10484 11568  5690 12407  7046  7276 13348  7909  6547 14023  6828 11535  8156 13026  8980 10344  6930 10731 10802 14708  5423 10177 14010 11535  8427  4068 10651 14522 11849
ch   66:   8819  6385 12051 10112  7060 11217 13082  8285 15009  9837 11087  8781  8557 13145  6181  8546  6196 12217 10388 12038  9173  9847 15974  5640 10276  5941  6209  9885  9435  8535 10558 13440
ch   67:  16156 12926 10578 12437  9524 11753 12754 13253  9053 14283 12571  9220 11533 11498 10698  9762 13245 15682 12986  9365 11969 11226  7270 14961  8229  5650 14359 10281  8393  8178 17947 11300
ch   68:   8291 12997  8350 13531  7217 10979  9044  9724 11096  7436  8618  7522 10521  9236  6972  9756  8437 11834 12757 12080  5515  9119  8878 17990  9576  8647  9298 11826 11616 12303  5462 11131
ch   69:   5796  5626  9881 11338 11599 10819  5235 10010  5895 15564  8173 10112 10985  8176  4703 12401 10865 12498  8076  7540  6313  9079  9503  8617  7310 14185 13819  5188 10048 12846 10235 11233
ch   70:  16696 16031 10419 13596 13824 10613 13878 12595 11697 15632  9648 13016  9239  8771  6587 11194 10042 10757 13103  8420  3500  8873  8379 10418  7103 12499 12830  6002  9999 12576 12088 12354
ch   71:   6637 11556 14059  9404  8338 13232 14051  9393  6537 10449 13195 12216 14055  9460 14702  9212  7550  9677 10065  8265  9250 11574 10704 16790  6732  9480  8736  8803 12677 10870 12962  7360
ch   72:  15590 13122  7833 12684 14665  9260 10666 11277  6979  8658  9398  8056  5432 10494  4476 12731  9686 10037  7771  5268  6261 11646  9039 14200  9441  7837  9367 11490 11078  6346  9987  7370
ch   73:  11294 11733  9264 11535 11751 10242 11936  9553 10879 10227  5823 10816 11122 11054 13223  8835 10302 10551  9058 14293 12598  7721  7102 11563 10912  8691  6505  6896  8451  9596  9902  9100
ch   74:   7917 14095 12823 13535  9683  7975 11360  9472 14864 11154  9247  8607 11211 10813 14312 11204  7806 11710  3911 12091  7962  6901 13759  8895 15685  6248 14349 11944  8287 17730  5669 11036
ch   75:   2509  7549  8765 10956 12790  9780 10629  6474  7104  5723 16279 10649 14237  7983  9019 11809 10539  9226  7233 12703  7266  9110  8000  7377  4607 16299 12486 11614  6270 10279  8081 16774
ch   76:      0     0     0     0     0     0     0     0     0     0     0     0     0     0     0     0     0     0     0     0    18    25    17     9   220   103   114   112   325   226   591     6
ch   77:  12683 10422  9685  7596 12487  6548  9984  7865  7073 11944 13591  9554 10860  8789 15527  9389  6606  4838  8905  8125  8470  9428  9175  7044 11629  6409 14214  8302  5569  9492 11106  4287
ch   78:  11505  8487  5675 11799  8329  9078  8888 10119  5439  6282  8830 10745  9527  6269 11679 11446 11305  8989 12214  9389  5184  5895  9503 10009  8999 10379  7557 12088  7696 10430  9173 11560
ch   79:   6886 12018  7581 10157 10745  9641 11536  6772  9057 11830 10932 13426  5341  7658 16548  9805  9537  8402  8274 10208 15620 11189 13576 12558  8756  9605 12306 10719  7832 13102  9285  8658
ch   80:   8350  7756  9940  9923 13096  9085 11860  9634  9971 12368  8182  7209 12458 10788  6168  7277 14341 10871  8884  9061 12986 11576 14289 12515 10232 13451  5911  9499 11269 16585  9421  4939
ch   81:  10676 13140 13634  9159  7921 12092 12151 10084  6555 14500 11714  5329  9138  7073  9896 13949  9827  8179  6889 15376 10344 13474 10898  6476  8439 11465  9472 12238  7900  9992 11889 11530
ch   82:  10176 12531  8269  7985 10297  9637 12085  9493  8645 12133  5590 13342  9701 13258  8414 12330 14037  9170  9844  7095  9973  9723  9009 10472  8174 13510  7110  8586  6252 11782 17720 10310
ch   83:  10913 12412  8335 11418 12224  9606 12423 12036 11277 11386  8661  8275  4860  7144 13036  5410 11967 13943 11938  9641  9708  9714 11759 10550  6652 15456  9039  6279 12539 11687  9461  6974
ch   84:   8630 10711  9040  5537  7805  8483 14654 12218 12747 13964  7388  9827 12351  7119  8989 15601  9869 12957  6235  8278  8571  8030 13565  6444  9224 11711 10983  8087  4747 12324  6885 16491
ch   85:  13436 12227  9745 13234 14785 12710 12511 12127  7965  7838 10777 14750  7864  9679 16630  7071  8512  7247  7404 13116 11067  9760  7463 12213 13996 12781  9183  8489  9823  6950  8989 14924
ch   86:   9692 11514  9585 15073 11484 11531 10762  6055 16637 11152  4170  8130 12248 13584  9973 10576  9519  8152  9496  8646 12443  9818  9750 11225  7080  8493  8268 16531 10757 12077 10859 11294
ch   87:   8524 10761  6066 13579  9283 10230 11732  6939  8981 12775  7987  7868  8687 16083  8152  9248 14148  9895 10897  8323  8423 11962  9620 12856  7270 10239  9556 12018  9944 12154 14858 14970
ch   88:  11375 12454 11618 10284 10245  8372  9522 10967  6666 12735  9397  9734 14931  9918 14011  9827  7919  8862 10976 10914  8293  8099 15125  9959  9977 16744  8142 10095  6463 11370 11789 10886
ch   89:  10870  9052 10001  8021  9401 11244 15074 10729  9559  8753  9701  5745  7656  9761 10230 11272 12185 12353  7496 10043  8387  9563 13148 13187  6579  9178 11792  8825 13503  9411  8398  8779
ch   90:   9439 10470  7151  6782 10010 10869  7366 12384 14454  6523  7764  5319 13274  9906  8048  6833 10008 11937  9125  5523  7166 12171  8617 11737 11076 16318 12060  7851 15672 13642 10424  5145
ch   91:   5874 10809 13130  5792 10534  6562  7832 10078 12528  7648  8592  7178  9445  9827  8217 12577  8478 12242 13228  9173  6854  9080 12147 11076 10183  6095 11574 10944  9020 10800  8069  8453
ch   92:  10647  8143 11914 12341  9218 11310 11740  7724  7071  9115  7168  9444  8120  5062 12611  6162  7553  7609 11786  6215 13534  4956 10104  9571 10985 14986 10959  8000 11090  7545  5375 10208
ch   93:  12322 11304  9958  7548  8192  8756 12721 12125 10092 12012  8952 11221 13223  5268  8872 10512  9693 15753 12447 13006 10631  5663 13107  5548  8931 13157 15250 13840  5699 13325  5316 12445
ch   94:  11871 14061 11289  7190  8708 12963 11697  7464 12847  5918  9038 10110 13194  7327  8312 13335 11658 11613  9782  9768 10080  7893 10516  9858 14406  9480  7719  6990 12996  9610 14484  5309
ch   95:   8864 13974 11798  9726 10003  8496  9323  9929 12487 11686  9006 11228 12273 14339  8350  3888 11284  7283 13843 12113  9246  9746 10037  6955  1308 11097 13099 11416 11929 14375  7733 14284
ch   96:  12605 10955 11791 12873  6987 12445  9998 12025  9626 12982  9871 11064 12688 11430  9214 15151 10322 10158 10348 12483 11142 11316 13933  6690  5773 12731 10975 14077 10220 12236  9177 11911
ch   97:  10557 10889 13171 11751 11339 14331 10577  9156 11312  5696 10339  9772 11188 14011  9480 11793  9578  6873  8125  9308  6258  6151 10989  7927 15104 10907 11628 13240 10165 16599  9660  8871
ch   98:  10282 12581  8742 13731 13701  8346  9384 18220  8921  8184 11185 10582 11183 11700 14327 12536 16317 14988  9426 10419 14471  9389  7660 10970 11331 11180  9543 10868 15240 10730 12378 10828
ch   99:   6493  8518 10279  8660 13754 12964  6510  8066 12089  6919 11809  7504 11617 14466 13168 10191 12284 10061 10017 11364  9061 12949  4891  9646 12242  9209 11195  9331 12090  5056 14351 12611
ch  100:   7716  8536 14315 14655 10104 13078  8828 12545  8437 11098 11664 11594 10211 11820 11808 14301  4690 10913  7163 16651 14614  9047  9782  8563  8698 10790  6767 12794 14272  6884 13951 11381
ch  101:   4988  7240  8411  7390 13282 13831  9383  5250 16527  8384 10748 10053  4639 11216  5101  8218 12243 10515 11240  8362  8459  6557 10822  8558 10236  4090  7315  9459 10119 10143  8566 11041
ch  102:   5792 15051 11055  8470  6435  7771  9737 12957 10931 13839  6223  9982  6329 10801 11980  9853 10615 10678 14306  9393 16913 13848 11012 15878  8270  7408 10275 13428 11445 12198  8615  9241
ch  103:  10739 10063 13139  9603 12652  9173 12665 12164  4442 10129  6307 10990 11311  8783 11249  5798  9969 11796 14790 10580  7264 13972  8739 10894  9056  8014  7644  6617 11016  9230 10406  8262
ch  104:  12494 13147  9633 10506 11449 10287  8049 10203  9120  9979  9969  9696  9117  4285  7805 11135  9883 11078 11383  8116 12040 10135  6270  6631 12645 14268  4624 11551 10739 10168  9320  9417
ch  105:  12989 11717  9228 14548 10954 14219 15566 10974  7137  9188 12755 15174 10674  9369  8842 11846  8638 13503 11955  9257  7073 11077 12054 16188 12315  7851  7206 10441  9111  7256 12060  8638
ch  106:   6364  8709 13324  9159 11763  6595 16776  8973 10180 11721  5623 10046 12329 10935 13982  7940 10698  9680 10452 11442 12734  9477 14161 12623 14253 10004 11715  9766  7149  9968 12249  9830
ch  107:  16437 11854 12508  8370  8203 10196  8768 11310 13021 10036  9884  7635 11082 14258  8709  9029  9929 10984 11231 10726  5352  9941 11629  8528  9254  5859  7776  8438  6877  9496  9490 12384
ch  108:  13157 10898 13372 10490  9909 13526 13843  7390 10008 10104  7500 14350 10213 16017  5481  8169 10085  7861 10026 10884  9818 12245  9240 14864  7935 17382  6029  9596  8266  9001 11483  9722
ch  109:   7611 13658 12141 11864  7765  9016 10651  9020 10767 10075  9065 13118  9966  9794 11563  6863  9164 10766 10515 10439  8497 10196  8428  8381  9304 10008  4858  9173 10378 10624  5284  8552
ch  110:  11224 14401 11735 12593  6929  9090  5749 12758 11911  9279 12801  8445  6636 10566 12124  6603 15904  5258 11006  7838  7205 11361  4383  5616 12395 11033 13489 12624  9433  9326  6638  8185
ch  111:  10912  9339  8058  8242 10269  9536 15502  9315 11840 11697  9739 12841 10372 14335  8547 14131  9906 13954  7802 13143 11049  9656 12784  9912 10668 11940 11636 12737  8566 16073 12295 12939
ch  112:   9691  4603 10215 10567 16344  9395 13140 10789  8137 12381  8238  5334  8558 14998 13827 10568  7538 12017  9546 10588 10268 14258 11269  7857  8397 13264 11329  8677 12746 12016  7695 12328
ch  113:   8576 13033 10242  7034  8844 10500 15680 13118  8224  9664  6410 11364 12362  8254  7927  8290 12956 13133 11188  7646  9202 11431 10155 11219 12710  5910  7134 10526  9733  6173  8711  5891
ch  114:   6293  9762  8780  8079 12137 10405  6384  6841 13427 11653  5026  4915 13238 12719 10926  7911 10137 12069 13006  8478  9936 11741 10844  7033  6376 13894 11633 13420 11858  7335 12514  8038
ch  115:  14514  7255  6753 12337 13281  9629  7900 13809  8728  8913  9498  7179  9266 10267 14962  8685 11613  5768 10662  8754  9286  6942  7556 13288 15458  9695 11504 10050 12012 11842 11621  9151
ch  116:   9720  9143  4247  7933  8805  9037 11954  9546  9185 13649  6301  7246  9247  7718  7935 13126  6244  8867  7900 11900 13726 13597  9433  8353 11099 13197  7092 11521 13714  3765  6464  9683
ch  117:  13307 11715  9603 10359 13417  8903 11403 11444 12922  6518 12088 15524  6384  9731  8582 12092 10537  8837 10839  9129  7345  8703  8112 12703 15269 12974  6287 10575  9940  7891  9599 13329
ch  118:  11618 13112 15399 13355  9659  7189 10593 12003 11908 10655  8383  9871 11489 10275 11142  9417 12890  5389 13079  9913  8010  9760 12770  9895 11717 15195  3953  9976 13250 11155 12061 10205
ch  119:  12922 14417 10107 14085  7688 12452 10431 11769  9716 10202  8777 12955 14491 14758  7426  9108 12847  9982  8222 15551 12042 12267 13248 11653  9891  6663  3732 10140  8381  9097 10952 11176
ch  120:  13302  9368  6985  6176 10739 11688 10424 10612  7173 12657  9738 10702 13618  7744 14375 13741 11368 10218  9673  7165  8857 12639 11136 15643 12485  6978 13624 17357  7880 12197  5277  7377
ch  121:   9555  9243 11321  9280 10574  9503 11279  6948  8076 10982 11107 13354 14003 13290  9336  8608  7085 13997 10453 11426  7754  8267 10857 10114 15031 10643  8850  9747 13144  8488 10322  7072
ch  122:  10699  8356 13336 14491  8749 13319 12502 13719 10364 11471 15514 10078  8750 15481 11821  7904 13019  9424 10134 13435  6863  8240  3704 14113  8189 11669 12241 17099 11675  5921  8412  7354
ch  123:   9698 10165  8789  8194 11357  9989 10503  9124 13835  7816 11399 12537 15674 10552  8952  8135 15610 11562 12448  8499 11666  9278  9058  8674 10352  7635 11848 12240 11877 14012  9234  8086
ch  124:  11178 11877 11696 13010  5774  9509  9417  9602  3273 11993  7146  9420  9022 11250 13780  8797  9215 12543 12219 10494 13818 12008 10706 10484 10953 12625  6423 11123  9255  9158 14634  8913
ch  125:  10602 10789 10441 11581 14087 10478 12836  9982  7989  9530 10864 10327 11089  6538 10992  5094  6048  9409  7668 12627  7009 15427 12062 11854 15749 14272  8911 16493  8438 12583 10885 11424
ch  126:   9260  9193  9178  7534  5400  6064 12744  7779  8008  9250  9407 11564  7498  7575  8820 10032 12492  9098 12271 12339 10212  8163 11365  4696 14992  9838 10878 10265 10272 10386  9924 11296
ch  127:   8310 11314 10889 11402  7951 11153  9362  9415  6779  9239 14406 11152 11619  8612  8525 13872  9293  5582  5846  5539 14910 13657  9356 10861 10226  9150 11555  8589  8535  5380 14611  9145
