ch    0:   1111  1191  1320  1334  1557  1751  1957  2256  2621  3010  3678  5904  5835  5357  8751 11354 14035 11187  8192 13328 12189 12579 15922 11931  5686 14804  4458 15182 14901 12746  3893  8756
ch    1:    732   990  1327  1627  2037  2501  3178  4062  4775  6169  7383  9545 13055 11553 10687  7172 10406  7681  7447  9608 11935 11538  7236  9500 10406  9589  8912  9669 11784 11954  8982  7500
ch    2:   2898  3187  3931  4575  5279  6114  7071  8596 10117 12117 14296  7833  8161 12058 12771  9097 14875 10566 11614  4272  9229  9002  6201 11389 10951  9335  9999 14926 12856  6932  6278 14159
ch    3:   4302  4792  5492  6499  7335  4616  6098  8305  9859 12685 11778  8785 14824  8455 12916 12331  8667 10390 10668 12635  8676  6284 14414 10440  8426  5814  8019  6568  9042 10817 13685 13635
ch    4:   4669  5488  6706  3928  5526  7444  9732  8311 11864 14855 11445  8386  8829  9471  9919 13397  8622 10278  8690 11597 12422 11445  9127 13647 11285  8362  9228 13479 10273  7130  5695  8693
ch    5:   3019  4272  5919  7452  9350 11330 10360  9481 13311  5222  9676 13340  8086 10678 11814 10922  8844  9432  7470  8976 12102 11977 11795 10882  8080  9871 10176  9513 10441 12203 12043 11778
ch    6:   2766  4505  6086  8058  9802 12860 11946  7723 12467  8559 10097 11290 12542  8525  9330  8277  7991  8462 14127 11061  8891 11426  7969 14499  6388  7820 12974 13588 13141  7453 11056 16103
ch    7:   4795  6303  8567 10346 12901 11790  7811 11733  9083 13758 14410  8145  6608 11883  8835  8803  8237  8727  5347 10631 11656  9367 12185 12004 11721 10838 11656  9270  7645  5648 10429 11528
ch    8:   4435  5843  7770  9408 12934 11651  6929  8191 10962 12656  4221 10670  7974 12000 12661  9065  6327  6298 11638  6934 14048 14394  8351  8624  9509  7786  3017  8727 13512 12718  3747  6488
ch    9:   6332  7807 10365 12848 12194 12100 11411 12423  9887 12726  6226  5597  9333 16750  9732  8287  9085 11519 10374  7889 10566 11856  9394  7851 15131  9261 11482 13074 11601 10813 14306  6358
ch   10:   5177  7379  9780 11490 14849 10327  6956 11722 13476 12421 11126 10269 13737 13747  9963  6833 10589  9689  9178 13868  9553 11644 13098  7418 12339  4869 11504 11906  7825 15125 12000  9155
ch   11:   7723  9197 11787 15488  7077  7383 12100 13702  7356 10841  9924 11292 13463  9881  9049 12443  5413 13038  8918  7662 12410 11245 11442  4547 12378  6484 12883 14165  9311 10325 11891  7345
ch   12:   7137  8910 12034  7882 13320  5828  9810  7081 13923  6844 10703  7893  8563  8235 10986 13828  9916  9988 13207  9418 11980 13306 10801 15161 12882  8628 11248  8795 11660 15291 12034  8107
ch   13:   9448 12330 14715 11009  5981 10659 12321  9028 13443  6478 15209 13947  7383 11845 12112  7020  8274 10048 10623 13566 12528  7598 12983 11265 12193 12428  8012  5965 12621 11665 10968 11358
ch   14:   8439 11016 14883 12915  8961 11565 10731  8245  8845  7311 10958  8400  9998  7978 12893  9674 10352 11346  2872  7821 10081  6947  8999  7358  9573 14571  7968 11077  6153  7115  5902  8627
ch   15:  11119 13326 16747  8715  9679 10464 10660 11849  8528 10053  9888  8372  5554  5540 11114 10682 12194 14152  7656 11468 12030  4250 14546  8018  7365  7081  8942 12459  9626  7488 11794 11559
ch   16:  10777 14214 13333 10654  5718 10505 11106  3011 10960  7968  9162  5304  8608 13329 10507 10622 10833 11620 11359  5599 14523 11243 10946 11434 13402 11136 10926 11635 13454  8176  6454 11028
ch   17:  11227 14013 17087  5337  6188 11697 11911  6286 11392 13937 11283 10146 14124  6576  9956  7370 13324  6465 11035 10436 12481 11130 14594 10504  6259 12147 10778  7313 10641  7642 11897 12387
ch   18:  11396 14117 10414  9293  6613  9689  9529  5708  8841  6476 12942  9631 14132  9974 11796  7350  5840  8862  8083 16546 10328  4941  7831  9373  9496 10046  9712 12124 12724  5954  5695 14410
ch   19:  14634  9688 10508  8987 10699 14039  5662 11527 15812 13477 11884 14105  7792  8103 14542 10238 11600  8681  8672  8011  9978 11829  6144 14219 11447  7432 10238 11392 13495 14957  8475  6645
ch   20:   8384 12294  9955  5524 10448 10910  9126 10354 10017 11226  9298 14518 17493 12961  5103  5267  7885  9351 11411 11371 12703 10452 10048 10118  2145 12519  9351 11893  9398  8781  7868 12381
ch   21:  16144 12682  8568  6970 10877  9199  6994 13054  9967 11234 10939  9857  6338 13552  8032  9002 15604 11903  9929  7382  7498 13845 14354 12809 12437  9700  5840 12553 12422 11937  9208 12217
ch   22:  11929 12587 10021  7892  8951  7457  8956  8071 10089 14720  9873  7970  9997  2814 12227 12138  9070 12383 10421 12336  6338  8437 12371 14268 10703 10854  5305 10915 12560 14680  7047 10532
ch   23:  10108  9813  8573  7462 15095 12086 12972 11350  9185 16103  4960 14095 10422 10164  9356  9732 11593  7806 11059  8940 11580  3043  9577 14643 12145  6797 12994  8461  9550  9252 12368  7826
ch   24:   8958 12859 10845  9782 11775 10176  8996 10847 12508  7993 11872 15254 10573  9432 10817  9820  7271 11251  8398  8970  9974 10152 11039 10202 10937  7141  7819  8069  8364 15342  7340  5378
ch   25:   9224 10463 16583 10554 11019 10101 11972 11487  9519  5888  8857 12399 12323  5380 14832  8536 10165 10721 14085  7576  7843 10415  8234 10026 14765 13700  8225 10186 11689 10738  8724 13889
ch   26:  16138 13135  8184  8179 13687 12179 10328 14106  7865 12556 11922 12233 12832 10891  7952  7117 10154 15482 15658  8731  9322 16150  8652 10101  9557 12628  9854 11360 10813 15666  3874 12892
ch   27:  10164  7537  6526 13383 10682 13958 13684  7918  9361 10317 13228 11500 10514  8938  7875 13894 15695 12827 11226  8966 11724 12746 11438  9348  7522 12609 11913  9395  5942  8223  8422  7908
ch   28:  11372  8672 11541 10735 13008  9325  6513  4944  8963  9049  9957 11401  8602  7367  5705 11602 13693  7352 11457  7062  6719 10806  9865  9846  8677 15831  9569 12702 12028  8803 10205  7202
ch   29:  10811  9635  9700 12807 10397 12746 13585 11780 10606  6142  9761 10708 15020  9609  9083 10323  9559  6572 11212 12078  8658 17622 13751  5314  6336  5762  9024  9546 10735  7812  7779 11970
ch   30:   9184  8366 10990  9825 10239 12691  8479  5961  8481  7721 13270 13088 11534 13172 11807  9211  8183  8298  7919  6573 11314  7935 11017 11822 10714  6412  5348  7084 11329 15273 14818  8583
ch   31:   8311  7548  7186 15526  8231 13167 11287 10354  9991  4302  7047 15750  7797 12697  9273  8347  4618 11874  8056 11648 15824  6112 11925  9979  6900  9735  7776 11220 12322 14095  7289 12164
ch   32:  15149  7976  8723 16107  8494 12803 10682  8810 14774 14129 10715 10417  9401 10958  9841  6204  6379 11186  9389 12713 10196  9691  7070 12901  7043  9704  6389  6703  5267  6934 10201  9967
ch   33:   5847  7181 10871  8211  9837  7034 12729 13061 12559 10106  7822 10250 10786  7003  9400 10881  8610  7950  8056 12642 10850 10278 10436 11000  7829 12098 13462 11807  9608 11449  5709  8300
ch   34:  11746  8255  8745 15952 10032 12479 10968 12756 14263 12413 11868 12230  8111 11843 11907  8002 10600  8094  5149 10897 12498  6814 11046 11476  6097 12463  9455  7946 10626 14621 11592 10398
ch   35:   8468  9884 11257 14719 11331  8424 15058 10165 11519  9025  8045 11504  6573  4521 14848 13716 10288  6476  6066  7509  7541 13497 16678  9383 10023  7460 12454 10794  9754  9014 13149  2998
ch   36:  11991  8267  9186 12755  8131 12203  8377 12738 11026 13064 12133  9153  9992  8239  8531 11360 11164 11662 11148  8065 11209 12358 11113 11183 13806 12138 10409  5239  7724  6049  9723 10596
ch   37:   6963  9798 13522  3026 15592  9739 10385  8118 13685  9465 10786  9503 13353  7285 12068 10593  4833 11063  6425 12321  6528  8723 13645  6460 13116  6153 12367  8697 11881  9823 11895  6927
ch   38:  11223  9837 14110 14000 12111 10574 10105  9387  8898 10314 11633  8487  9261  9791  6591  6025 10578 10172 11727  8569  8407 10261 10550 12152 13330  8576  9351 12894  6808 10116  5423  5878
ch   39:   9365  7850 10118  6477  6007  7608  7303 12411  3072  8221  8179 13653 11471 13205 10132  9659  6684  9366 14396  8065  5697 11366 10485  8254 11869 12178 15609 10020  5027  8374 11610 12332
ch   40:   7501 10042 10911 11902 10528  8442 11476  9432  8450  5110 10710 10319 14333  6305 13069 11565  8792 10178 12206 10990 12406 10792  8957  7826 12173 12726 10780 14885  6016 11239  9968 11176
ch   41:   9821  9490 11370  7569  6939  8098  6871  7762 10975  8644  6787  8704  9518  9218  8007  7147 13322 10438  7177 10706 11541 12664 13970 11881 11689  8643 11922 12486  7977  6840 17251  6771
ch   42:   8650 12460 11844  4533 12522 12510  7417  9678  5058  6610  8570 12780  6259 15942  9754 11028 14929 13517 13085  9992  8711 10436 11812 10682  8284 11210  8420  7585 10568 12208 12929  8823
ch   43:   9636 12353 13751 11106  9364 15167  9189 11694 10094 11268  8984 12165 10622 14767  4346  8892  6936  8699 14936  8762  4714  8663  8258 11916  7567  8291  5488 10384  5809  8396  7450  8123
ch   44:   6548 13087  9704  3846 10741 11470  9615  9749 10265 10823  8597  8508 15052 14478 10387 11094 11165  8222  8026 11990 10227 11096 10779  9360 17819 13878  7195  7195 10822  9648 10602 12505
ch   45:   8974 10975 10449  6614  9292  9937 10496 13134 10456 12248  7697 11632 13709 12595  9432  9187 11772 11114  8330  9004  8230  6420  5847 12112  9016 10079 11536  8876 11843  6771  9316  9970
ch   46:  10379 10866 10727 11436 10819  9039 11552  9310 16175 11931  5223  7466  7792 11639 10713  7316 10699  7486 11129  7916  8278 14841  3755 10156  5036 11071  9524  6768 11009  9744  8136 12453
ch   47:  12231  7758 12632  9114  9524  9215 13719 10687  9577  7684  7952  6909  8181  4130 13906  8680 14428 10528 11198  8870 11871  7434  7861 12105  6806 10317 11123 11033  4627  8461 11296  9457
ch   48:  10229 12465 11292  8454 14239 11747  8112  5863  8360 11637  7922 10653 10655  9994  9472 12438  8767 11312 13371 12963 13643 11343 12012 12782  5745 12411 13256 11233  9935  6801  6783  7784
ch   49:  13553  8614  9815 10099 10010  7765  7712 12366  7532 15003 10953 10433 12255 10713 12170  8547  7330 12309 11863 11431  5039  9684 14533 12105 10104 12506 12482  3514  8099  7991  9352  7497
ch   50:   8331  9057  9936  8211  3956 10944 11066  2770 10638  9082 10034  8013  9119 11474  7815 15653  8537  7494 11510 14089 11248 14613  6838  8519  5473 11151 13493  6462 10336  7627  8396 12548
ch   51:  12970  8042 10424  8527 13902  7645  6600 12721 12129 12511 11477  5720  9846  9706  9337  8746 13832  8540 13604  7759  5928  6440 10940 14272  8928 11125  7775 13767 10065 11397  9665 10097
ch   52:  11553 11587  7306 11960  6500 10704  9036 10488 13256 15371 11650 10531  4383 14562 11918 12091 12410  4388  6667  9282  6267 12698  8088 16341 11067  7944 11821  9697 11777 15919 11786 13689
ch   53:  12582  9884 11038 12278 13435 16430  9487 11115  8703  9266 10018 12380  8601 13098  5382  9164 10615  7582 11470 15522  7125 15295  9650  6052  7790  6163 13471  7914 16250  3783  9561 11891
ch   54:  11040 12146  8212 13971 13204 12005 11663 10239 10235 10640 11504 10399 10098  9169  9483  8234  7720 12348 10521 13406 12992  9706  9250  7936 13868  8766  6942 12536 11415 11905 10542  8918
ch   55:   6227 11442  8793  8102  8542 14835 12707 12203  4527 15944 11981 11515 11164 14498 14189  8290 10021 13236  9748 10719  8046  7221  9313 11731  5983  8600 12460  9336  9074  6876  9016  6868
ch   56:   8696  6003 12093  6253  8569  8699  9170 11658 12571  9026  5521  9954  5808  8191 13585  8907  9969  9935  7299  9333  7088  6693 11995 11954  6402  5362  4813  9456 11237  5176  6244  8844
ch   57:   7939  8018  9285  5593  9127  9289  9905 12766 14746  8889 13163  9719 12807  6755  8709 11753 12111 13935  6085  4608  9973 10145 11372 13617  6606  8768 10968 10273  6575  7679 12699 11557
ch   58:  12782 10677 11676  7581  8889 10873 12117 11723 10306 11635  7917 12019  9197 10647 10019 10140 12248 13547  8417  8036 11054  5727  7835  9346  9595  7527  4690  9857  6423 16438 11550 11927
ch   59:   9120 11921  8997 10640 11205 11102  6443  9013 10862  7298 11987 12284  8032 12817  7645 10604 11710 10921  6887  7565  7004  9222  5869 13224 13104 10873  8792 11223 10024 13451  9679  8380
ch   60:  11211  7848 12673  5746  8638  7807  8686  5633 11426  6868  5169 10797  7920  7774  9030 11241 13102  9503 13717 13657  7490  4792 11581  9079 11018  9636  6309 10737 10090 13188 14724  9524
ch   61:  11191 13533 12854  8434 11451  8062  6078 10450  8198  9567  8652 12861 11115 10300  9596  7326  9337 13007 14435  9300 14423 12700 11045  8000 11294  9557 13021  9629  9516 11873 10410 11207
ch   62:  11164 10187 11450 11627  9119 12658 15009 11017  9729  7962 13009 17229 10003  7708 12039 13860 13202 12513 10160  9001 10834 14927  9167  8167 11677  8129 12694  8662 16756 14150 11528 15348
ch   63:   8071  6055  8316  9585 16162 11522  9649 10696  8336  4687 15020  9974 12278  7098  7558 13139  7509  7867 10418 12349 13667 13507 10481 11217  7567  7986 11757 10554 12738 15956 13494 12658
ch   64:  12290  8523 10771 11203 10997 10227 11161  9750 10780 15372 10961 11109  7243  9751  9591 10341 10266  5369  7092  8501 12267 10412 12269  8649  9437 11433 12104  6360 13932 11231 14073  9191
ch   65:   6027  6335 12254  9757 10576  4137 10979  7049 14200 15288 14693 15568 16101  7522  6985 11502 11141  6808 11365  8594 12341  6017  9700 10173  6487  7974 10262  9728  9487  9375 13591  5176
ch   66:  12370 13803  8139 10629 12036  4682 14219 10860  5983 11466  9046  9384 14474  9843 10749 13881 12684  8670 12109 13257 13706 11734 10105  8159 10159  6717 12863 10403 11623 12039 12279 12841
ch   67:   8202  8167  8221  8214  9110  4396 10999  6526 14287  9547  9331  6232 11453 14111  6528 10036  9563 11135  8481  5669  9627 14681  9847 15337 12264 12418 11940  7878 14731  8274 12069 11649
ch   68:   9694 14294  8715 11832 11625 12684  8979  7893  8527 12117 12394 14311 10412  5755 10724  9114 12676  9300  9926  8207 10551 11845  5142 12282 10794 12246  8326  5489 11970 13591  9244 11811
ch   69:   9675 10965 11560 12127 10377 13887 10157 12993 11224 10967  9411  9610 11942  9246  9105  7469  5681  8469 14123  4960 13241  8782  7588  8381 12205 15063  6637  8893 14802  8707 12684 11232
ch   70:  11002 14252 10409 11751 10531  9619  9992  8108 10592  7958  9357 12192  8611  7423  6524 10136  8301  6186  9719  9572  8898  6136 10216  5313  8808  7490 14235  8953 11688  9384 11953  6467
ch   71:  15470  5816 11447 12986 14231 11690  9123  9674 10310  9693 12040  9187  5838 14146  8786 12429  9313 13143  9174  6426  7030  9849  9129  5177 10526  7639  5842 10374  9293  9848  7997 11845
ch   72:   7230 10323 10597  9278 11691  6963 12584  4857  8510  5620 13950  9540 12029  7562  7203 12498  5426 10805 10877 15914 11243 10722 11949  9697  7422  8669  5447 14088 10373  7669 10990  7862
ch   73:  13065 11667  8712 15918  6477  5705  7499 12855 12461  8823  9019 13460  8115 10997 10141 14587 11387  7978 12291 14037 12771 17048 10853  7594  9768 10290 10555 13814 13361 11420 10251  6797
ch   74:  11159  9282  8679  9410 11112 10034  8805 10170  6817 10610 10253 10933  4577 11198  9912 13062  8177 11462 10346 10405  7993  7663  9053 12145 12047 10669 10244  8677 12032 10291 11534  6913
ch   75:   9304  9476  7628  7841  6500 10965 11932 13348  6259 10359 14065 14436 10814  6009  5706 12563  8876  7341  8513 15716  8669 12497  9658  7556  8322  8920 10901  9128 10860  7547  3802 10309
ch   76:  12612  6383  6083 11810 11137 12216  9942  8993  7449  8688 12325 12917 10115 11126 12391  7965  8020  8891  7018  5907  9339 13060 11264 11448 12962 10784 11961 13249 12756  7674 12971 12198
ch   77:   4341 11578 10071 11112 10308  8758  6497 11665 14166 13295 13347 11009  8379 13110  9677 11199 15318  9716 11358  9148 14280 10885 12013 12337 15449  4501 13616 10653  8857  9797  5570  5746
ch   78:  13476 12630 10240 10130  8528  7983 13024 14633  9699  7272 12539  7865 11400  4893  3621 11184  5725 10597  9962  8067 11684 13748  6802  9195 13522 11384 11406 11473  6622  8479 11407  8921
ch   79:   5445 13756 11265 11027 11760  6170 10923 11612 10292  9377  9573  7397 12759  9250  7769 10608 10223  9560  9146  7864  8866  8624 12091 13226  5523 13202  7767 11782 12457 12243 10897  9623
ch   80:  12073 13468 10384  5848  8068  4964  7138 11106 12475  7471 10008  9508 12068 11847 11312  9713 14331 14712 12224 10164 10324  7705 12536  9208 13195 12144 10229 12081 12978 11116  9392 10071
ch   81:   4948 11773 16003 13934  8184 10852 15650  9320 10049 10792 15434  7952 13199 11885  8821  4102  9712  8857 11376 12930  9195  6524  9307 11253  6623 13616 10803 12347  7013 10864  8142  8319
ch   82:  10904 11330 13120 12667 10298 12754 11686 10896 11380 12384 15050 13415 10726 10034 14227  7610  7936 11930  4233 11628  6505 11231 12343 10931  8088 13815 11579  9438 12263  9240  6345 11555
ch   83:  12710  6454  7285 12326  4836  9398  7020  8137 12191  7127 10417  5946 12691 11888 12080  6992 10064  9633 12098  9790 10292  7889 11822  7489  8395  7222  5364 11686 10760 15231 11889 12110
ch   84:   8763  3625  5216  9828  5963 10012 11854 10833 12169  9784 10460  8017 11644 15784  7829  9159 11823  8939  5233 11608  8291  9875  7798  7327  9772 10834  9523 10905 11127  8242 13183 15172
ch   85:  15035 16752 12351 10460 13149  8220 12144  8861 10392  6931 10099 10021 13097 11619 11225 10861  5904  7524  4803  9930 10759  7278  9943 12806  6327  6541  7815 10147 14497 10677 11558 15065
ch   86:   2794 11406  5398  9387  8422  6867  7846 12784 12947 12310  6560  9685 13763 11785  6429  4220  9744 10317 11181 10387 13081 12802  9872  9246  8292 10795  9887 10519  4607 13162 13643  8733
ch   87:   9669 12320 11592  9839 14104 12178  9250 13652 10418 12308 12532 12660  9315 10910 11597 12958 14412  7409  7701 12036 11520  7097 12341 11540 10495  5008  7774  9771 11747  8972 14652  9994
ch   88:  10880  6846 11605  9002  6221  8029 11215  9495  9250  5662  9016 11022  7452 11557 11218 12896  7410 12348  9143 11266  9244 10925  6386  9460  8033 11558  6945  9721 12161  9797  7348 11137
ch   89:  11139 13596 11244 12727 11815  7745 14178 12188 10457 11736 14401 13281  9534  7816 10401 10298 10713 10635  9452 12357  8800  7930 12370 10954 11115  8051 12290 12113  8945 14314 10641  9111
ch   90:  13175  7013 13304 11354  8676 12220  5953  9824  8267  8245  8811 10019  9952  8872 12630  6006 13539 10552 11394 10961  7907 13619 11426  6548  8823  9368 15409  8598 12350  9548  6850  7541
ch   91:  13539  6184  5708  9489 13163 10805  6402 10004 15409 11881 16732 12253 11352  9758  8735 11580 10427  7131 11798  8038 11197 11230  9178 11023  9415 10278  5188 12890  8184  9858 10116 11679
ch   92:  15043  9631  8470  7414 11907 10459 12094  9387  8401 13884 13177 10520  9923 10360 10456 12516  7006  9715 13652  8854 11209  8107  9312 13419  8716  9354 11050 11758  8541 13842 14197 13295
ch   93:   7900 10672  8349  4653  8905  8001 11318  8266  9775  7673  5217 11983  9659 11557 13145  8362 10642  8517 12352  6806 14742 10307  8453  9584  8308  9106  7985 16776  8496  9665 15896 10803
ch   94:  14161  7740  8868  7378 10055 10132 13282  9084  9167 13341  7656 14885 11128 11318 11686  9543  7319  5429  8288  8850 11499  8746 15372  8216  5781 10913  6364 10584 12778  8780  8316  9304
ch   95:   9777 10460 13414 12275  8564 11152 13285 12347 10566  7998 18099 10748 10912 14378  9561  8743  8166 12951  6971 12433 10290 13336 14592  7755  5314 10645  5481  9610 10652 11698  7663  4997
ch   96:  11793 12717  9669 10523 10580 10677 11052 11700  9452 12822 11254  9249  7770 10900  8478 11352  8401 11561  4865 10026 10088  6161 15650 13971 13556 15472  9930  9571 10850  7958 15265 16339
ch   97:   8802 12607 12962 11608 11280  8097  9688  6501  9683  8283 16066  5698 11299 10465 10665  4577 13429  8557  8751 11679 10632  6204 13013  7165 10698 11125  9274  8884 15132  8524  9956 12446
ch   98:  13899 12011  9513 11304 10315  9151 11348 13916  9206  7340 11056 10605  9292  7873  8758  8730 10802 14582  9233 12591  8410  9904  9155  9290 10525 10148  9323  7307  9094 11317 11644 15971
ch   99:  10320  8086 13212 10437 10035 11085  9652 10865 11964 11782 14249 10648 12882  8180 10238  8511 13053 13886  6916 10953 10150 11709 14340 11254  7959 13990  8734  9715 10966 11209  8045  8240
ch  100:   5839 15366 15981  7140  8314 10170 13146  6146  8544  9294  9891 14049  7733  9139  8686 10314 10155  5883  2607 12010 11281 11856  3959 10715  9607  7927  8084  7913  7872  6628  9050 15005
ch  101:   8990 11212 10104 10917 12731 12226  9094  9699 14744  9472 12715 10950  9810  9829  9284 11041 14623  9181 10185  8684  9345 11012 15889 10770  8413 10711 11982  7087 12026 16089 12298 11956
ch  102:  14189 13360  7666 10737 11146 13037 10294 12683 11320  9896  9537  9309 11483 15035 13143 10663  6431  8514  8086 13082  7219  9560 10712  7822 14551 10460  9470 12760 12402  8788 13220  7071
ch  103:  10619  9445 10331  7690  8355 10481 12482  8281  7524 14073  9774 10954  7671  7119 11256  7700 10657  7565  7904  9746  8420 13044 12037  8278  8261 12816 11977  7889 13187 13955  5740  7613
ch  104:  14303 14162 10777  6320 10908 16187  6069  9912  5971  4040 11236 10863  8902  6922 11622  9658 14481  8768  8297  6659  7137 10274  7022  8813  8068  9784  7136 10577 13349  5196  3884  6318
ch  105:   6244  7084  6721  8132 11856 12426  7294 10520  6504  8379 13060  6090  6891 15111 13854 12092 10030 11173  9173 14137  7025  4731  6468 13434  9133  6203  6498 12483  8936 10435 11643  5234
ch  106:   6831 12476 11756 11236  9203 12199  9568  9626 10111  8394 11133  8642  5009 10240 11600 10518 11666  9667 13502 11375  9011  9742 10963 10200  4179  7582 15707  9167 10412 14518 12229  4910
ch  107:  12211 12768 11220  9229 14623  8866 11334  8518  8918  8727 13192  6412 11404  9960 10970  8788  9873  9667 15648  7631  8814  7547  9753  8618 11535 13124 11398  8461 13165  6793  9012 11709
ch  108:  11863 12490 12223  8119 11212 11980  6009 13079  6825  7375 12510 11141 10377 13106 13196  7633 11597 10690 11584  9827 11091 10640 14229 15670 12321  7407  9042 11545  9699  9222  5625  5108
ch  109:   9691 11258 10447 10427  8774 12463 16540 11260  8884  9390 13422 11911  4621 10027 13009 13106  7286  4935 10392 10373 15363 10767 12891 12081 16747 12418 13038 12166 11638 10654  8382 11666
ch  110:  11391 12133 11756 10595 10155 11917  8723 11391 13046  6616 12029  8621 13383 16085 13604  5558  7904 11189 10140 11176  6163  8682 10621 10594  8287 12148  3792  8000 13594 14561  9203  7718
ch  111:   5632  9334  8641  8833 12090  9038  6963 12635 11568 12824  6961  7971  8778  9583  9873 10895 11210  8471 13681 10390 11938 11567 10600 11496 14150  8117  7971  7607 13206  8204 10917  8707
ch  112:  14164 11898 11787  8316  8833 13965 12428 10243  9324 12528  7911 10977  7843 13662  6992 10309  2913 12831 10645 13064 10751 13068  5268  7323 10669 11364 12688 12061  9890 10257 12754  8012
ch  113:  14811  9120 10630  8408  9933 10408  8207  8571 11179 12623  9228 13129  9739 13068 11641 12308 10291  9917  2191  8650 13224 12528 10481  9309  7014  9443  6933 12978  6337  7461  9019 11160
ch  114:   8170  6362 11836 15291  8020  8785 11737 10674 12417 10262  8339 10849 10820  6387 14357  9188  7495  8117 11350  9937 11216 10819  7552  5425  5136 11656 10870 11757 10099 10557  8731  9462
ch  115:   9590  6792  7575 10430  6857 10466 11462 14454 10539 11615  8776  9471 11848  7765  8560 10624 10352 10219  7631  7791  5483 14436 10387  5253 10887  6459 12192  8776  9294  8713 14318 12818
ch  116:  12200 11252 14206 11758 12082 15105 10973  8774 11770  8090 11305 12565  7908 13722 11580  7246 12337  8515  7147  7153  7755 10017  7992 10688 13710 11998 10631  6674  5520  9766 12470  7933
ch  117:  14344 13670 13162  9754 11651 13284  8925 10935  9351 14650  8727 13432 10600 10840 11838 12375  8318 16962 12266  9380  6253  7760 11283 12384 10468  4236 12485 11777  7592 10311 12151 12762
ch  118:   5656  6791  9596  9607 14838 12038 12226  7691 12639 12256  7940 13164 11025  6369  9223 10636  4323  8069 12516  9840  8865 10320  9253  9384  9967 12842  7557  9672 11472  7298  9555 12943
ch  119:   9981  8909 10579  9189 11214  9523  7794  9249  7756  7825  7301 15373  6309 11683  7231 10571 10040 11548 12382 14725  7923 14817  9619  9179  9131 10296 12109 13674 12184  8544  9710  8532
ch  120:   6380 10888 14913 11288  6155 11083  8641  5056  9701 12936  6124  8354 15385 12231  9469 12338  5832 13030  9701 10021  8648  9760  6616  7913  8240 10536  9742  6463  7998 13546  8844 16518
ch  121:  12780 13460 11255  8599 12382  9574  9400  6081  8732  9194  7158 10376 10800 10948 12986 10067 11975 11297 10810  5469  7831  9615 12391  9901  7172 12364  9382  5218 11546 13582 10033  9595
ch  122:  10775 13414 10982  4960  5427  9132 12026 12963 11091 12730  6564 10821 13985 12622  7299  8728 11199  6374  9050 11158  7840 15571  9879 15606 11549  4895 10608 10599  8177  8852  8080 12272
ch  123:   5677 10406 15377 12460  9072 10885 11166  4874  6966  5089 11570 11538  4281 13040 12530  8701  7745 10634  9889 12191  6557  9890  8100  9406 15131  9085  8791 10411  9010 10022 11946 10779
ch  124:  15820 11387 10672 11580  8531 10800  9470  8865  8234  9105 11146  8581  8481 11202  8831 16595  9805  9169 10427 11486 13052  7087  9011 13989  7228  7356 11651 10911  6588  7937 13630 14416
ch  125:  14586 12056  8450  8615 11299  7117 10787  6393  8820 13850  9791  9638 11910 12146 12523  9894 11845 14490  8147 12731 15304  9312  8548  7363  9873 12342  9001  8970 10428 11351 13083 15022
ch  126:  12715 13343 10675 11879 11140 11064 11426  9775  9014 13488  9096  9248 12508 12296 13813 13515 16492 10644  9151  8510 11498 12210  8069  9368  5771 11035 10649 12958 12200 11207 13094 11720
ch  127:   9878  9156 12673 10744 11390 13536 14061  6998 13811  9940  6527  7259 10171 11081  6291 11301 11706  5192 10517  8920  3823 10537 13081 13272 12777 11128  8682  8062 10725  9091  6602 10018
