ch    0:      0     0     0     0     0     0     0     0     0     0     0     0     0     0     0     0     0     0     0     0     6    30    80   374  1322  6110 10928 10592  9534 11235  7358  5732
ch    1:      0     0     0     0     0     0     0     0     0     0     0     0     0     0     0     0     0     0     0     0     2    35   122   495  2040 13557 11546  6994  6054 11366 10662 11730
ch    2:      0     0     0     0     0     0     0     0     0     0     0     0     0     0     0     0     0     0     0     4    17    50   187   511  2329 15054  9808  9988  5916 11139  9437  9490
ch    3:      0     0     0     0     0     0     0     0     0     0     0     0     0     0     0     0     0     0     0     1     4    17   164   918  4525 11479 13858 11704 11645 14927  9444 12927
ch    4:      0     0     0     0     0     0     0     0     0     0     0     0     0     0     0     0     0     0     0     5    15    58   277   741  3269 13803  9827  6579 13901  5729 13107  8427
ch    5:      0     0     0     0     0     0     0     0     0     0     0     0     0     0     0     0     0     0     0     0     3    40   184   711  5719  2561  9083  9809  9132 12092  8257  9493
ch    6:      0     0     0     0     0     0     0     0     0     0     0     0     0     0     0     0     0     0     4     7    15    78   244   976  4839 11221 13063 13397 14334 11186 11439  8584
ch    7:      0     0     0     0     0     0     0     0     0     0     0     0     0     0     0     0     0     0     0     2     6    42   300  1426  8120  7893  4670  8345 11712  6570 11111 11734
ch    8:      0     0     0     0     0     0     0     0     0     0     0     0     0     0     0     0     0     0     0     4    24    59   298  1346  5568  7675 12958 14804  9649  9554  8832  8207
ch    9:      0     0     0     0     0     0     0     0     0     0     0     0     0     0     0     0     0     0     0     1     8    33   242  1391  6897 13045  6122 11661  9876  9975 10169 11718
ch   10:      0     0     0     0     0     0     0     0     0     0     0     0     0     0     0     0     0     0     1     8    27    92   250  1095  5926  7475 10380 10037  4232 12559  9328 11404
ch   11:      0     0     0     0     0     0     0     0     0     0     0     0     0     0     0     0     0     0     0     2     8    43   344  1532 12393 16485 15903  8218 13054  9428  5440 11013
ch   12:      0     0     0     0     0     0     0     0     0     0     0     0     0     0     0     0     0     0     0    10    36   132   440  1542  5699 10482 11357 13745 14016  9588 11331 11745
ch   13:      0     0     0     0     0     0     0     0     0     0     0     0     0     0     0     0     0     0     0     2     5    49   294  1931  9458 11725 12450  7092 16326 15546 11122 13113
ch   14:      0     0     0     0     0     0     0     0     0     0     0     0     0     0     0     0     0     0     1     7    31   114   407  2233  8511 16249  9668  8977 12503 10727  8336  5146
ch   15:      0     0     0     0     0     0     0     0     0     0     0     0     0     0     0     0     0     0     1     1     6    65   374  2837 10118 10254  8151 12470  8883  4765 13841 13270
ch   16:      0     0     0     0     0     0     0     0     0     0     0     0     0     0     0     0     0     1     3    19    63   180   579  2074 10716  6750  8893 16362 11405 12622 11871 10205
ch   17:      0     0     0     0     0     0     0     0     0     0     0     0     0     0     0     0     0     0     1     3    16    55   346  1857 13412 10819 10005 13166 12947  8498  5581 13223
ch   18:      0     0     0     0     0     0     0     0     0     0     0     0     0     0     0     0     0     1     7    10    33   200   601  2025  8720  3335  7093 10952  8553 12775 11568 10136
ch   19:      0     0     0     0     0     0     0     0     0     0     0     0     0     0     0     0     0     0     0     2    12    62   412  3069 15754 10818  6626 11965 12383 14940  8966 13808
ch   20:      0     0     0     0     0     0     0     0     0     0     0     0     0     0     0     0     0     3     6    17    73   230   759  2897 15160  7972  9139 11655  6497 10427 11855  7758
ch   21:      0     0     0     0     0     0     0     0     0     0     0     0     0     0     0     0     0     0     0     7    18    63   511  2949  5616  6883 14443 10542 13280 10347 13839  8377
ch   22:      0     0     0     0     0     0     0     0     0     0     0     0     0     0     0     0     1     2     9    23    55   233   692  3078 16071  9447  6457 10368 12106 12577  6897 14037
ch   23:      0     0     0     0     0     0     0     0     0     0     0     0     0     0     0     0     0     0     0     7    21   117   519  3518 17603  8612 13529 10377  7207  6195  8174 11392
ch   24:      0     0     0     0     0     0     0     0     0     0     0     0     0     0     0     0     0     2     4    22    63   256   695  3939 11028  5835  8101  9861 12044  7674 10822 14298
ch   25:      0     0     0     0     0     0     0     0     0     0     0     0     0     0     0     0     0     0     0     6    18    88   574  2061  2229  8084  7263  8784 10869 13650 11697  9962
ch   26:      0     0     0     0     0     0     0     0     0     0     0     0     0     0     0     0     2     4     7    16    67   236   685  3582 10138 11273 10947 12589 10018 12583 12217 13506
ch   27:      0     0     0     0     0     0     0     0     0     0     0     0     0     0     0     0     0     0     2     5    19    90   505  3722  3240 12568  7096  9908 10777  9599 10422 13389
ch   28:      0     0     0     0     0     0     0     0     0     0     0     0     0     0     0     0     1     2     8    24    78   199   933  2429 18379  5483 10693 13721 10121 12308 10941 12997
ch   29:      0     0     0     0     0     0     0     0     0     0     0     0     0     0     0     0     0     1     2     3    18    98   643  3152 17073  9064  7860 10095 14316 13922 12696 10511
ch   30:      0     0     0     0     0     0     0     0     0     0     0     0     0     0     0     0     0     0     4    14    39   240   883  2554 14803 16608 10910 10598 11942 11965 14389  9033
ch   31:      0     0     0     0     0     0     0     0     0     0     0     0     0     0     0     0     0     0     3     6    33   115   798  3459  5546 11513  9864 11277 13645 12862 12158  4371
ch   32:      0     0     0     0     0     0     0     0     0     0     0     0     0     0     0     0     0     4     8    18    89   231   994  4239  6717  8674  9368 12368 11471  8384  7101 12876
ch   33:      0     0     0     0     0     0     0     0     0     0     0     0     0     0     0     0     0     0     0     4    20   111   450  3150  2569 12726  8872  7013  9219 10214  4912  8464
ch   34:      0     0     0     0     0     0     0     0     0     0     0     0     0     0     0     0     0     1     6    22    92   250   912  3298 12660  7999  5988 15067  8270 11951 15033 15348
ch   35:      0     0     0     0     0     0     0     0     0     0     0     0     0     0     0     0     0     1     3     8    42   143   642  4933 13613 12729  7539  8316 14212 13512  9761 10009
ch   36:      0     0     0     0     0     0     0     0     0     0     0     0     0     0     0     0     1     3    10    35    96   290   936  3390 15987 11016  8572  9978  7971 10536  8190 14155
ch   37:      0     0     0     0     0     0     0     0     0     0     0     0     0     0     0     0     0     0     2     9    22   103   569  6366  9292  7290 14549 11421 16585 11226 10748  6550
ch   38:      0     0     0     0     0     0     0     0     0     0     0     0     0     0     0     0     0     0     7    22   118   280   935  4594  2466  6755  5568 13643  9316 14775  9423 10203
ch   39:      0     0     0     0     0     0     0     0     0     0     0     0     0     0     0     0     0     0     0     5    29   137   904  7000  9101  8432 11905  9241  6582  6542 12746  4974
ch   40:      0     0     0     0     0     0     0     0     0     0     0     0     0     0     0     0     0     1    10    35   102   288  1147  3230  3760 12216  9184  7553 13130  9692  7561 10327
ch   41:      0     0     0     0     0     0     0     0     0     0     0     0     0     0     0     0     0     0     1     6    20   110   559  5694 12269 12213  7831  9083 11856 12847 12821 11113
ch   42:      0     0     0     0     0     0     0     0     0     0     0     0     0     0     0     0     1     3    10    34   107   288  1009  4202  2221 10127  9392  6623 11529  7686  7996 10062
ch   43:      0     0     0     0     0     0     0     0     0     0     0     0     0     0     0     0     0     1     1     5    22   108   871  4956 18211 11369 14436  7352 10969  3800  5414  7728
ch   44:      0     0     0     0     0     0     0     0     0     0     0     0     0     0     0     0     0     4     8    29   111   327   877  3588 16453 13180  9090 11101  8545 10002 14948  9909
ch   45:      0     0     0     0     0     0     0     0     0     0     0     0     0     0     0     0     0     0     0     3    14   127   690  3901 11079  7790  7905 11164 10975  9886  8115 10607
ch   46:      0     0     0     0     0     0     0     0     0     0     0     0     0     0     0     0     1     4    14    33   133   312   848  5111  9979  8301  8026  9970  9236  5590  8635  9824
ch   47:      0     0     0     0     0     0     0     0     0     0     0     0     0     0     0     0     1     1     3     7    26   156   638  7540 14478 10264  8283 10364  8860 11495  8685 12304
ch   48:      0     0     0     0     0     0     0     0     0     0     0     0     0     0     0     0     2     4     9    54   153   388  1801  4083  5101 10867 11021 11113  9901  7572 11843 10654
ch   49:      0     0     0     0     0     0     0     0     0     0     0     0     0     0     0     0     0     0     1     3    29   130   636  6947  5683  8696  8537 11945 12437 13590 12564  8197
ch   50:      0     0     0     0     0     0     0     0     0     0     0     0     0     0     0     0     0     2    10    37   153   319  1082  6354  9213  7571 13964 10710  7813 14647  7203  8001
ch   51:      0     0     0     0     0     0     0     0     0     0     0     0     0     0     0     0     0     0     1     9    42   163   933  6961  9166  6916  8354  7007  4942 13536 11812 12074
ch   52:      0     0     0     0     0     0     0     0     0     0     0     0     0     0     0     0     1     6    14    61   132   432  1606  6225 15051  8974  6668  9018  3042 10436  8884 10405
ch   53:      0     0     0     0     0     0     0     0     0     0     0     0     0     0     0     0     0     1     2    12    29   159   788  7549 13521  6143  8672  9052 11746 11029  8080 11546
ch   54:      0     0     0     0     0     0     0     0     0     0     0     0     0     0     0     1     2     5    19    44   121   348   918  5777 10977  9897  7097 13838 14074  8903  5284  8009
ch   55:      0     0     0     0     0     0     0     0     0     0     0     0     0     0     0     0     0     0     3    10    45   138  1264  5999  5129 11380  6601 10103 12931  8022 11561  9830
ch   56:      0     0     0     0     0     0     0     0     0     0     0     0     0     0     0     0     4     6    19    40   163   445  1585  6660 11215  7539  9734 11534 11379  5352 11062 11346
ch   57:      0     0     0     0     0     0     0     0     0     0     0     0     0     0     0     0     0     0     5     9    39   149   828  6421 12522  6999  7733 13064  9223 13928  8561  9534
ch   58:      0     0     0     0     0     0     0     0     0     0     0     0     0     0     0     0     0     5    12    35   142   442  1053  5389 13984  7946  9024  9821  9670 10336  8505  7434
ch   59:      0     0     0     0     0     0     0     0     0     0     0     0     0     0     0     0     0     1     4    14    54   277   673  7325  7678 10586 11953  8526 12743 13274 13802 13927
ch   60:      0     0     0     0     0     0     0     0     0     0     0     0     0     0     0     0     0     3    11    35   186   499  1330  8672 11443 11534 14896  4145  9280 11588  8723 10865
ch   61:      0     0     0     0     0     0     0     0     0     0     0     0     0     0     0     0     0     0     1    14    34   137  1305  5316 10183  7497 11341  5598  8909 13183  7061 12233
ch   62:      0     0     0     0     0     0     0     0     0     0     0     0     0     0     0     0     1     5    14    53   167   409  1241  4720  9133 10264  7954  5962  4793 14399 11101  9353
ch   63:      0     0     0     0     0     0     0     0     0     0     0     0     0     0     0     0     0     0     3    22    59   250  1798  8886  2881  8775 10380  7825  9604  9848 13051  9149
ch   64:      0     0     0     0     0     0     0     0     0     0     0     0     0     0     0     0     0     7    10    45   195   429  1106  5939 12811 11227 14182  8266  9348 10911 11195  6329
ch   65:      0     0     0     0     0     0     0     0     0     0     0     0     0     0     0     0     1     1     6    15    44   200  1076  8094  9032  5895 15458  9340 10129  8595  9714 14290
ch   66:      0     0     0     0     0     0     0     0     0     0     0     0     0     0     0     0     1     5    21    62   160   448  1382  8501 13922  9600  7735 10528 10828 11095  7006 10022
ch   67:      0     0     0     0     0     0     0     0     0     0     0     0     0     0     0     0     0     1     3    16    41   263  1562  8986 10403 11701 10759  7338  7816  8875  8725 12301
ch   68:      0     0     0     0     0     0     0     0     0     0     0     0     0     0     0     0     3     8    14    71   195   483  1379  5827  3392 12654  5595 12670 13509  9399  6524 11641
ch   69:      0     0     0     0     0     0     0     0     0     0     0     0     0     0     0     0     0     0     1    15    40   182  1026  6487  9071 10256 10771  7616  9050 10464 10981  9725
ch   70:      0     0     0     0     0     0     0     0     0     0     0     0     0     0     0     0     3     8    18    70   204   403  1578  6378 13396 12225 12163 12051  6246  9637 14343  7343
ch   71:      0     0     0     0     0     0     0     0     0     0     0     0     0     0     0     0     0     0     3    87    55   239  1600 11785  8477  5993 10623  8226  9054  9606  7554 10156
ch   72:      0     0     0     0     0     0     0     0     0     0     0     0     0     0     0     1     1     6    25    53   198   511  1403  6214 15057 11434  3165  8468 11015  6345 11957 10293
ch   73:      0     0     0     0     0     0     0     0     0     0     0     0     0     0     0     0     0     2     2     9    54   279  1471 11919  8764  5961 12165 10462 10930  7329 10424 12209
ch   74:      0     0     0     0     0     0     0     0     0     0     0     0     0     0     0     0     2     4    20    58   238   582  1530  9142 12295  9083 11761 13050 11661  9642  7237  9051
ch   75:      0     0     0     0     0     0     0     0     0     0     0     0     0     0     0     0     0     2     4    21    90   208  1715 14241 12344  9035 15324  6965  6354  9286  6969 13189
ch   76:      0     0     0     0     0     0     0     0     0     0     0     0     0     0     0     0     1     6    25    75   223   646  2064 11051 13405 13665 12176  9825  9808  8012  8298 11964
ch   77:      0     0     0     0     0     0     0     0     0     0     0     0     0     0     0     0     0     0     2     7    45   305  1186  6430 17174 12428  6458 10846  6947 12010 15164 10701
ch   78:      0     0     0     0     0     0     0     0     0     0     0     0     0     0     0     0     3     8    25    92   199   535  1331  6962 12496  9322  9380 10979 10646  8343 10140 10964
ch   79:      0     0     0     0     0     0     0     0     0     0     0     0     0     0     0     0     0     0     4    20    76   303  1383  7635  5384 12451 12576  7583  9168  7136  8463  6966
ch   80:      0     0     0     0     0     0     0     0     0     0     0     0     0     0     0     0     1     9    22    81   235   602  1737  7426  6710 12276  9831 11699  9536  6990 10542 11925
ch   81:      0     0     0     0     0     0     0     0     0     0     0     0     0     0     0     0     0     1     5    15    65   279  1228  9785  6565  4309 13800  6385  9211  8556  6274 10029
ch   82:      0     0     0     0     0     0     0     0     0     0     0     0     0     0     0     0     2     8    30    75   222   576  1832  6569  5940 15920  7331 11522  8296  9230 12861 10174
ch   83:      0     0     0     0     0     0     0     0     0     0     0     0     0     0     0     0     0     0     5    12    78   243  1399 11820 13748 13275  4759 10027 12033 10621 13449  8597
ch   84:      0     0     0     0     0     0     0     0     0     0     0     0     0     0     0     0     1     4    15    79   210   557  1661  7594 11683  7732 16053 11475 13254 11004 10441  8998
ch   85:      0     0     0     0     0     0     0     0     0     0     0     0     0     0     0     0     0     0     4    18    58   317  1103 10806 17008 13184 11821  6874 11709 13335  7280 13420
ch   86:      0     0     0     0     0     0     0     0     0     0     0     0     0     0     0     1     1     3    20    73   174   540  1466  6938  7893 13966 11957 11436  9009 12596 11510  9754
ch   87:      0     0     0     0     0     0     0     0     0     0     0     0     0     0     0     0     0     1     7    21    90   372  2052 12215 14416 11700  5106 13883  9370  9458  7401  9350
ch   88:      0     0     0     0     0     0     0     0     0     0     0     0     0     0     0     1     2     9    25    65   253   756  2404 10970  8811  6560 12660 10816  6344 11791  8643  6972
ch   89:      0     0     0     0     0     0     0     0     0     0     0     0     0     0     0     0     0     1     2    14    61   319  1377 11444 14084 12416 13133 13607 12917 13686  7261  6236
ch   90:      0     0     0     0     0     0     0     0     0     0     0     0     0     0     1     0     1     3    28    84   208   585  1921 10101  8910 13701  7294 11704  7499  7544 11013 11312
ch   91:      0     0     0     0     0     0     0     0     0     0     0     0     0     0     0     0     0     0     1    14    79   237  1848 12599  7994 12248  6889 10773  9797 13293 13580 15231
ch   92:      0     0     0     0     0     0     0     0     0     0     0     0     0     0     1     1     2     7    25    84   232   616  2725  9085 16147  5977 13368 10995  6780  7268 13903  8549
ch   93:      0     0     0     0     0     0     0     0     0     0     0     0     0     0     0     0     0     1     3    12    49   380  1649  8604 12335  9647  8783  7769 11125 15562 10612  7087
ch   94:      0     0     0     0     0     0     0     0     0     0     0     0     0     0     0     1     1     3    16    64   254   728  2291  8683 14334 11336 11777 14298 13092  9232 11874 11472
ch   95:      0     0     0     0     0     0     0     0     0     0     0     0     0     0     0     0     0     1     3    17    72   417  1666 13860  5989  8478  9503 10991  9610  7411  6634  9255
ch   96:      0     0     0     0     0     0     0     0     0     0     0     0     0     0     0     0     1     7    33   118   267   833  2163  9638  8424  6529 12696  9823 12541  8572 11703  8836
ch   97:      0     0     0     0     0     0     0     0     0     0     0     0     0     0     0     0     0     0     7    14    57   382  2994 13107  5094 13473 11332  7557 12769 10596 12750  9242
ch   98:      0     0     0     0     0     0     0     0     0     0     0     0     0     0     0     0     0     4    18    65   218   658  1733 13402 14360 13161  6088 13636 13090 12015 12234 10458
ch   99:      0     0     0     0     0     0     0     0     0     0     0     0     0     0     0     0     0     0     4    15    70   367  2230 16800  8949  5159  9399 12601  8507  8627 16087 12639
ch  100:      0     0     0     0     0     0     0     0     0     0     0     0     0     0     0     0     2     9    24   129   346   766  2553 11578 10370  7650 10826 15199  9847  9603  8500 14420
ch  101:      0     0     0     0     0     0     0     0     0     0     0     0     0     0     0     0     1     1     3    22    71   445  2415 14106 10090  9487  9356  8830  8887  8913  8945  8184
ch  102:      0     0     0     0     0     0     0     0     0     0     0     0     0     0     0     2     3    10    34   105   227   630  2012 10687 14777  7583  7694  4763  7405  6726 10089 16081
ch  103:      0     0     0     0     0     0     0     0     0     0     0     0     0     0     0     0     0     4     8    22    73   470  4125 15755  9459 11603  9911  7355  7736  7233 12413 10518
ch  104:      0     0     0     0     0     0     0     0     0     0     0     0     0     0     0     1     4     5    23   118   319   817  2499 11491  7176 12722 15108  9121 10303 12159  8335  8008
ch  105:      0     0     0     0     0     0     0     0     0     0     0     0     0     0     0     0     0     1     3    20    84   517  4142 14846  7593  8809  8348 11721  7186 10061  6568  8280
ch  106:      0     0     0     0     0     0     0     0     0     0     0     0     0     0     0     0     2     6    26    96   231   738  2786 15068  7005  7844  6881  7595 10750  7319 10132  8345
ch  107:      0     0     0     0     0     0     0     0     0     0     0     0     0     0     0     0     0     1     6    26   128   562  3662 14532 11643  5944 10953  7232 10755  5981  4746 13534
ch  108:      0     0     0     0     0     0     0     0     0     0     0     0     0     0     0     0     1     6    30   102   257   857  2464 11210 10220  6786 10216 12642 12072 10959 13362  9519
ch  109:      0     0     0     0     0     0     0     0     0     0     0     0     0     0     0     0     0     1     3    28    96   353  2322 11881  9375  7489  9305 10497 10192 10265 13161 11430
ch  110:      0     0     0     0     0     0     0     0     0     0     0     0     0     0     0     0     1     3    26   101   210   936  3039 16322  9888 12904 11051 13818 11855  8837 14052  7151
ch  111:      0     0     0     0     0     0     0     0     0     0     0     0     0     0     0     0     0     3     7    30    96   443  2788 11090  9985 14073 12989 13023 12524  6208 11931  9478
ch  112:      0     0     0     0     0     0     0     0     0     0     0     0     0     0     0     0     2    10    23    74   327   743  3721 14515  9605  7711  9674 11416  8233  7461 13376  9735
ch  113:      0     0     0     0     0     0     0     0     0     0     0     0     0     0     0     0     0     1     3    26    93   399  3316 16389 10742 12843  6027 12810  6559 11117 10279 10647
ch  114:      0     0     0     0     0     0     0     0     0     0     0     0     0     0     0     0     0     7    22   106   292   775  2751 10980  8259 13977  8978 10845 11727 11425 10129  8790
ch  115:      0     0     0     0     0     0     0     0     0     0     0     0     0     0     0     0     0     2     5    21   150   681  2436  9775 10677  6028 14385 11184  8339 10816  9206  8550
ch  116:      0     0     0     0     0     0     0     0     0     0     0     0     0     0     0     1     2     9    33    89   373   761  3407 13130  6661  7222 13872  6741  6084 13394  8515 10387
ch  117:      0     0     0     0     0     0     0     0     0     0     0     0     0     0     0     0     0     0     6    18   126   697  4295  5470  8578  6071 10286  7767  8119 13335  9175 10627
ch  118:      0     0     0     0     0     0     0     0     0     0     0     0     0     0     0     0     0     5    29    70   233   801  2710 13526 13424  9922  8027  5719  7189  8880  9935  9196
ch  119:      0     0     0     0     0     0     0     0     0     0     0     0     0     0     0     0     0     1     1    21   165   695  4750  5693  9595 15448 10285 10725 12727  9570 15457  9402
ch  120:      0     0     0     0     0     0     0     0     0     0     0     0     0     0     0     1     4    11    31   105   337   940  3395 14884  7782  9057 13177  9426  9562  9905  9733 15406
ch  121:      0     0     0     0     0     0     0     0     0     0     0     0     0     0     0     0     0     0     4    41   154   805  4129  4186  6319 10045 15050 11210  8733  8757  8771  8807
ch  122:      0     0     0     0     0     0     0     0     0     0     0     0     0     0     0     0     2     6    29    86   264  1032  3430 14382  6693 14049  6929 15065 10389 11081 12439 12066
ch  123:      0     0     0     0     0     0     0     0     0     0     0     0     0     0     0     0     0     0     4    34   130   882  7265  8340  7858  8823 10657 12768  7124  9616 14050 10664
ch  124:      0     0     0     0     0     0     0     0     0     0     0     0     0     0     0     0     2    17    44   116   500  1135  5639  5423 11474 11098 11250 12646 11146  6800 15344  6942
ch  125:      0     0     0     0     0     0     0     0     0     0     0     0     0     0     0     0     0     4    14    60   371  1587 14861 15723  6772  8440  6555 11400  5152 10915  7555 11655
ch  126:      0     0     0     0     0     0     0     0     0     0     0     0     0     0     0     0     1     8    65   158   396  1260  5486 14948 14007 12921 12758 10381 11663 13330  9277 11932
ch  127:      0     0     0     0     0     0     0     0     0     0     0     0     0     0     0     1     3     7    26   104   766  2439 17512 10730 11575  9159 13241 12099 11144  9490 11348 15671
