ch    0:    371   486   707   936  1423  1757  2511  3526  4087  6931  8885  9957 12778 15574 15175  4714  7274 14183  8390 11281 12631  6791  9428  7392 10223  8277 12398 12414  9793 14004  8033 10150
ch    1:   1115  1488  2182  2856  3581  5099  6606  8766 11708 14869 11027  7138  7365 12720 10601 11481 11191 15496  9559  9104 11161  6406  8481 11690 10061  8974 11000  8261  9875  9595 10928  9390
ch    2:   1857  2357  3274  4086  6006  6935  9773 13474 16467  2675  6764 11473  8577  8571 13159 12621 11386 11836  6812 13389  6342 12684  8534  7706 14794 10551 12904 11923  6475  7673 11534 11171
ch    3:   2930  3592  5544  5943  8644 12412 16004 11826  4423 13216  9705  7762 13456  9765  6203 14567 12351 13479  3944  6137 15255 10175  9014 11137 10230 12057 13635  7490 11586  9378  6140 10539
ch    4:   3220  3979  5645  7079 10324 12622 13574  8452  5885 16481  5713 11332  9395 11832 13691  9671  6778  7129 13176  8448  8592  9607  8510  7306  8415 10312  9321 10597 10223  7360  7336 13639
ch    5:   4535  5967  7926 10217 13958 14026  6460  8121  9864  6439 14648  8364 11540  7804  9300  9676 12252  8805  9318 12993  9142 11970  9931 11854 12231 10099 12441 11191 12475 13383 12094 13255
ch    6:   4466  6106  7239 10175 14402 14720  3324 11850 14748  9729 11201  9418 10933 11960  7818  7289 11583  6273  9294 12061 11602 10298  8746  9860 12429 11978 12959 12546 12380  9957  6164  7956
ch    7:   7124  8589 12351 11857 13052  6756 10917 10387 14483  8217 11097 11712  8330  5525  7810  8629  9980  5303 17584 12079 10160 13554 11674 10574  6125 13127 10574 12612  8843 11680 14264  7833
ch    8:   7994 10013  8885 10830 12208  6487 10984  8714 10664 12290  8750 15159 10375  9682  7136 14149 12061 11419 15198 11999 15892 14808  8218 13859  5570  8273 11345 10781  8541  8248  9304  8656
ch    9:   9359 11728 11915  9863  8205 11445 11870 11606 11040  5348 10261 11973  9492 14774 11981 12507  8465 10237 10982 12334 13599 17155  8535 12507 10895 15121 13745 12792  6281  6438 10968  9330
ch   10:   7617 10068 14367 13819  7273  8461 11651 10106 10727 13552 10824  8550  5022  8344  9581 10674  8010  6082  7411  8684  9594  6483  5775 11612 12539 10927 15935 10200 10429  4800 11228 10730
ch   11:  11000 14161 14795  4995  8759 16037  9655  9059 10092  6872  8226  8715  8766  9551  9243  9089 10062 12541 10515  6351 10831 11475  8306  6400  7044  9516 11182 14079  7535 12579  7985 14813
ch   12:  10163 13566 13430 11766  7012 13269  8910  6213  9291  8472 12272 11935 13072 14584 11330  7329  6351  6007  7084 13887  6784  9886  9904 10376  8489  8196 10994 10273 11584 12489  5454 12646
ch   13:  12799 12713  9428  8816 11384  2900 14733 11724 10085 14482  8549 11545 10055  9640 11912 12241 11671  7101  8344 14943 14109 12000 12690  8772 11305  7327 12799 11030 11219 12704 12335  9634
ch   14:  13132 13402  9625  9897 11314  6115  2983 17370  8593 10754 14439  7059 11187  5634  9935  7170  9842 11683 11171  6628 12024 10512  9537 10752 11327  8865 10315  8261 13212  9496 10221  8290
ch   15:  14238 14749  6884 12038 10468 13741 11540 10373 13395  3918  7094  8036  6589 11590 17017 13738 14104 11706  6674 10661  9340 12871 12102 13340 10076  7494 10219 12844  8438 10446 11831 13802
ch   16:  13262 14103  3313  8340 11452 12655  7692  5337 11342  5646  8853  8289  4526  5585  6862 10447 13203  9274 11187  7984 13184  9825 13730 13530  7838 12201 13513 14187  8746 14380  9509 12555
ch   17:  11809  8033  8189 13249  6465 11802 12624  9738 14867  8833 13101  9371 11900 10627 14377  8852 10145 14527  8821  5474  6625  8129 12587  9436 10375  9886  7230  9314  4987 10158 11488 10631
ch   18:  16898  3993  8725 10584  5456  4263 15120 13720  6821  8503 11464  7989  9749  6324 10773  6284  9968 11241  7897 11750 11348 11623  8889 11135 14399  9303  6936 11662 12879 13869 15179 10276
ch   19:  10582  6782 12941  8757 12638  7226  7461 10506 17631  7356  9681  8901  7688 10104 10099  7690  7520  8714 10678  9295 10889  6828 13410  9442  5475  7007 11401  9356  9470 11453  7156 11474
ch   20:  14159 10144 10761  9387  8186 13750 14784  7326 11044  9622 11712  8903  8597  8647  5773 11458  8363  9386  8465  9449 15661  8864 15807 14509 11080 10911 10765 14433 11660 10149 12755 11981
ch   21:  10105  6232  7450 12801 10552  4952 12616  6759 10634 11258  6509 10257  6652  7427  9572 11137 13719 13511  8203 12912  8325 11399 10948 12768  8742 16759  6537 10519  8187 10282 12040 18128
ch   22:  10426  8419  9429 14213  8442  7135  7353  7798 11483  9825 12502  7789  9874 10200  8393 13591  9102  5999 13641  4208 13733  9305  8634  9998 11063 14426 11676 10700 11344  6536  6459  9582
ch   23:  11365  8174 10446 10778  9138  8694 11689 14270  9357  7557  9823  7923 10371 10615 15488 11554 14103 10870 11083  5785 13346 13342 11755 15627 10511  8137  9747 11360  8672  8573  8232 10617
ch   24:   6620  6839 12036 10010 11367  7033  8691 12790  9858  8972 10226  9801 13436 14346  6860  9829  8874  7947 13665  7679 14659  5418 10268 11002  7668  6208  9689  9521  7763  8320  9093  8259
ch   25:   5347 12027 15860  6173 15322  4896 15434  9106  9150  9424 16954  8380 10961  6878 16984  7137  6614 12628  9854  8819 13986  7316 14303 11714 10894 13969  8339 10280 12242 12593 14976 10050
ch   26:  14718  8309  7058  6291 13666  7227 11387 11464 12250 10619 12010  8180  9753  8063 11707  6743  9662 11170  9640 12379 11849 10746  8526  7647  5076  4872 13975 14433  6430  9284 10290 13619
ch   27:   7603  9810 13858  8946  6197  2852 12126  6806 10332  7990  7778  7313  9023 13683  7966 14926 13094 14370 11068  7075  7135  8669 12195  9247 11248  8898  7402 11160  9954  7436 11915 11483
ch   28:   7413 11829 13193  8094  8168  7481 11730 11342  9854 15078 12478 12873 14866  7588 13728  6359 14128 10367 13194 12270 11121  9805  5968  8851 12996 10207 10253 12827  6312 13527  9637 15235
ch   29:   6874 12911  8512 13890 11304  3651  3542 10200 13434  9596  6765 10810 11102 12341 14793  6801  9078 11961 11676  8841 12868 10000  7912  8641 11064  5291 11607  8396  7114  8654  6846  7906
ch   30:   7838 11566  7776 10690  7355 13717 11915  9190  7579 15595 10292 10631  5411 10700 11485 14599  8510  7919 12614  9741 11086  7443 16824 14480 13777 10694  8447  6720  8841  9471 13128  9756
ch   31:   6484 12505  9666  7697 14055  7926  4366 10118  9375  9705  9130 16271  7830  6870 11114  9884 12591  9392 13776  7690  7049 14980  9953 10137 10566  7719  9291  4663 13505  6291 12086  9055
ch   32:   8829 14043  6571 12540  9847  6098  7429 16927  8380  8742 10389 12013  6568 10353  8551 13118 13305 10703 11418  6648  7923  6183 11148 13565 12079 12690 12619  6266 14406  9732 12080  9734
ch   33:   6186 12197  9218 15682 12003  6222 11781 11506  8142  9529  8167  8759 10113 12421 10599  6803  7127  8141 10503 14098  8912 10584 10632 11709 12045 11176 10999 10853  7163  6106 12906  9428
ch   34:  14166  9398 13978 13822  7898 11055 11056  8057 11958 15270  7596 12690 12651  9701  6384  6909  6436 10209  8138  8715  8211  6291  8486  7725 13310 11008 10356 13778 12050  8952  9547 10700
ch   35:  12712 10278 13452  8683 10409 10637  6187  9260 12591 10131 12866 12735 10623 12600  9998  9228 12857 11345  4731  7568  6591  7649 11340  5817  7250  7410  8503  8491  9351 10790 11739 11073
ch   36:   9657 13686  8436 11571 10513  8655 10282  9674 10404 11143  4936 12791 12318  6888 13053 11949 10193 13114 12819  7125  8803  7240  8778  6967 11819  3728  9581  7902  7095  8212  9152 13587
ch   37:  13260  9390 10582  9071  7210 11312 11801 15454 12147  9975  8446 10557 10192  9368  7943  6417 12222 14762 11934 10972 12184 10331 11208 11232  8149  9957  9820 15605  7065 10392  9507 11397
ch   38:  10609 15729  9785  8486  8067 13599 11421 10121  7826 14416  7962  7487 15386 12574 11190 10020  9980  8774 13982 13713  9850 11427 14050  8781  6986  9377 12412  7173 10151 11438 12675 12416
ch   39:  15536  5755  8363  8316 10450 11450 10651 10608  8566  8526  8877 13754  8138  6591 14537  9168 10896  6024 10198 12378 12602  7081 15402  8107 14483 11061  6841  9456 12825 10990  6819 12794
ch   40:  13167  5879 10103 12098 14330  9962  7176 12475 11199  7690 12921  8652  7554  6800  9623 14784 16144 10697 14350 12486 11422 10034  8090  8373 12995  8996 11083 14395  8681  9164 14067 12622
ch   41:   4459 10648 10981 10678 10092 12332 11402 13301 10283 11555  6218  8309  9830 14666 10815 10955 12019 12836 13168 12109  5983 10086  4233  8668  8591  8448  9164  8742  8204 10299 12594 16696
ch   42:  13566 10265 12201 10122  6846 14990 11289  6184  7066  8401 12566 14195 12109 10885 14051 12195  9701 11682 12364 11122 11997 11143  5983 11432  8978  4303  3123  7036  8235 11603  9452  9440
ch   43:  10189  9526 10110  9829  6514 12631  9224 11075 14195 13699 13440 11373  6354 14364 12898 10837  7995  9252  5633 12810 11014 10957 14571 11564  6755 13856  8753  7671  7813  5178 13698  9022
ch   44:  15038 12977 11168  8626 10961  3222 11797 10292 11937  3857 13136  8264  6695 12056 10291  8494  8826 11685 12607  8641 12581  9147  7855  8723 13813 11640  9080 12476  7478  5549  9448  5818
ch   45:   6604 10584 11665 12984 12167 11066  6866 12064 12426 11477  7125 10475 11180 14166 15542 14740  5669  9667 10295 16861  7821 12638 10134 10123  9789 12268  9116 11554  6989 12125 15904 11749
ch   46:   7506 12951  6410  7708 10954 16902 11347 11203  9502  7377 11677 12975  4551 13856  8273 12691 11029 10279 13086 14957 12348 13130 13423  9427  8020  9258  8903 12279 11010  7705 11838  8933
ch   47:   8213 14802 12765  9900  8787 10029 12058  6393 12350 11946  7797  5643 12519 12047 13689  7799 10504  9838 12038  7290 12375 11290  9938  9897 11916  7496 12785  9434  6487 13231  6324  8854
ch   48:  11417 11549  9468  8830  8584  8207  9837 14906  6561 10696 11538 16357  8901 10920  7860 11371 10316 10650 12730  8801 10998 12519 12915  7365 10709  5696 10415 12886  6944  9794  9389 13397
ch   49:   9329  6306  6455  8423  7097  8108  7388  8938 13473 12033 12918 10919  9652  8881 12822  9591  8395 12093 11299 10991  8789 14809 13651 10152  9447 12793  5278 12025 13510  7003  9920 10652
ch   50:   8171 10304  6835  8561  4793 10355  6832 10861 14131 14390  9675  5560 12061  5974 14395 10801 10980 11186 12428 11607  7048  7384  4417  6727 11089 10040  8276 11826 13025 10957  8384 10582
ch   51:  10663  5383 10000  8870  8104  9639 12650 13234  9550  8529  3513  6205  6104 11282 10875 10173  9388  5543  9841  7267 11898  5799 11839  3916  8682 11727 10270 11780  8750  9614 12407 11264
ch   52:  12962  8310  8905 15703 11084 10749 10289  9792  8022  9869  8903  9877 10097 11357 15140  9025  9651 13701  4937 12046 11494 12300 12212 10666  6188 10519  9331 10464  7261 10665 13156  9538
ch   53:  13762 13572  9610 12565  8119 14500  8651 14433  8997  8265  6038  8284 14144 11154 12837 10669  9458 13655  8104  5749 11742  8608  5714 10801 14457 10320 12793  9599  5575 11335 10599 13449
ch   54:  14266 12642 12315 13303 10590 10011 10546  9556 13296  9587  8568  7204  6566  6904 11737  8336 10208 11980 11900 10731 10204 12019 12433 10833 13147 11194 11629  9225 10720 11855 11396  8594
ch   55:   8419  6027  9161  8381  7844  7196  9752  8141 12992  9857 11695 11756  9388  9846  6757 11380 11049 10094  6126  8129  8241 10978 10303 14506 12147 10831 11205 10296 10557 10209 15455  6880
ch   56:  15119  7263 10154  8383  9079 10227 14524  7691  5402  9811 13290 12611  9176  8126 13915  8719 11365 13268  8646  9459  8453  8491 11255  9675 15051  8996 12361 10097 10876 11653 12680 10428
ch   57:   8614  6776  8937  9480 15120  6433 12692 16046  8499 13486  6846 10720 10904 12811  7792  6598 10939  7448  7525 11569  9374 11457  8816 16096  5479  8927 11981  9046  5485  7722  8049  4286
ch   58:  14427 11000  8534 10855  7009 11116 13368 12366 12449  8681 10519 11185  8726 13325 13536  8669 17806 11564  7289  9994  7791  6318  7441  9325 13983  4518 11087  8461 12112  7701 10802  8108
ch   59:   8651  7973 10031 10710  9290 10728  8615  4802 13464  8774 10101 13489  8648 14235 10198  9753  7925 11149 11586 11414  8053  6880  9575 10149  6416 10394 10468  8506 10585 13440 11201 11538
ch   60:  10092 10385 12299 10058  9868 10774 10466  6973 10700 11503  6428  6378 10162  9301 12035  8238 12024 12065  7251  7764  9686 11252  9512  8609 11186 10209 10991 12636  9383 13314 14058  7500
ch   61:  10260 13017 13286  9380  9500 10105 11107 11755  7792 11249  7523 15142  9958 13386  4035  9095 10891 10621  9795  6985 10530 12660  9266  9113  3839  8503 15611  8709  9596  7742 10638  9414
ch   62:   6873  8335  6005  7894 10068 11305  9082 10809 14492 13248  9538  7793 11929 13026 16170 11979 14052 10879 10136 11332  8872  9372 10623 10078  8623 15107 10418  7529 13916 11870 10267 10203
ch   63:   9399 12421  6815 10854 13390 13291  8089 12246 13652 10043 11209  7170  8761  6467 13242  6041 11145  6957 11812  9419 13990 10097 12760  4140 11413  7357  9267 10514 11884  8698 12806 10260
ch   64:  10625 10528  8340 12080  6912 11748 12974 11815  8250  8990 11951 10003 16461  8880 13735 10353 10173  9524  3956  7560 14005 12636 11422 10688 15333 10497  9988  6708 11886 13364 13201 11584
ch   65:   9463  9618  6800  6627 15620 13102 12317  4603 11630 10970 13722 12021  9972  7910  5158 11256  7535  6992  3033 12571  9592 11833  8117 10382 13050  5472 11275  9323 10476 12624 12347  6958
ch   66:  11746 11680 12068 11739  6613  9320  8499  9427  7110 13166 10209 11013 12443  9796 12429 12965 14544 12545  7859 12498 11928 10149  7287 11077 13837 10129  9733 12066 10114 10852 11335  7198
ch   67:  10442  9579  5100  7287 13273 10109  8269 11969 12373  6681 12178 10774  8708  9970  7970  7525  5045 12996 12226  3920 12144 11609 12802 12459  7355 15746 10807  5526 10123  7887  8215  9487
ch   68:   9792 12212 12907 13306 10949  9956 13058 13518  6583  5846 10682  6969 13783 11604 10731  8547 12534 10854 11215  8809 12995 13526 13173 14147 11697 13250  8531  9458 12124  2090  4926 13338
ch   69:  10480 11825 10866  9946  8353  6692 13204 13279 12009 13403  8115 14190 11072  8428 11966 10631  7176 11314  8239 13042 13681 12846  6757  8369  9216  8219 10847 10120 14237  9603  9433 10965
ch   70:   7412 12226  7212 15521 15558  5419 10422 12393  9822 10161 12020 12213  6923  7133 15091 13344 13277  5911 15365  9804  7025 12706  7706  8867 10799 10717  9193 12659  9773  9367 12947  6679
ch   71:  11237  7350  9977  9931 11591  8363 11938  9110 11508 11004 13386  7701 11302 12233  8110  8131  9072 12484 11616  5980  8379 15159 10305 10969 12296 10968 11524  9027  6854 13246 12980 11340
ch   72:   9366  9204  8848 13014 12303 10367 10207  9414 12550  6598  9754 12190  3821 12734  9303 12922  8541 10854 10649  6141  8172  8694  6243 10683 11872 12932 12595  9265 10053  8702 12744  7288
ch   73:  11260  7145  7511 13499 12605 10840  7261  5867  9790 10896 10959 10196 16495 12025 10246 13037 12081 11970  7139 10658 11201 14532  6995  8801  8363 10005 11655  9563  9760  9914 14305  9997
ch   74:   5151  9300 10473 14153  9416  4451 13437 11245  8330 11624  7610  7382  5669  8074  7762  5789  6639  7198 12042 10124 12117  8050 15716 10440 13858  9807 13193 13936  6851 16066 10393 12308
ch   75:  10951 12743 14969  9854 12988  9586 15156 14028 13638 17513 11369 14620 10050  4051 10446  9017  4489 11124  7344  7619 10330 13347 10153 11406 10222 15592  9315 14405  7811  9116 13355  9372
ch   76:   7538 11386 13611 14242 11416 11661  8836  9684 12254 15545  9200 14189  9900 11110 10230 11275  9288  7660  7108 11368  8276 12360  7101 17200 13738  9005 10016  9533  4814 14833 12123 10347
ch   77:  12735  8573 10884  9769 14722 13388 10277 11994 12772  8693 12902 12397  8884 13372  9870 10039 11008 10349  8648 17124  8912 11763  8394  9700  8941  5288 12062 10628  5505  7956 16211 12826
ch   78:   9054 11543 11250  9736 14409 10064  7937 13145 12690  9607  9184  6449  5192 14390 10861 14034 11167  6922  7564 10791 12232 13558 12109 10168 10855  8259  9369 11594 10998  8966 11371 15317
ch   79:  10714  9072 13074 14524 14420  4294  7119  9531  5132 10538  7923  8936 10193  8009  4931  4102  9023  6559  9463 11927 12467 10234  8131 10637 10658 15490 11363 14088  9447  9468 11235  7681
ch   80:  11137 10402  8487  9458  9861  9684 13858 11177  5918  5944 12980 10781  8830 10155 11073 13354  8835 10894 11753 14061  9559 11891  8101 10374 11246 10452  6791  9851  6031 14599  9783 11123
ch   81:  10401  7381 12308 12227  7853 10661  7069 11486  9187  9792  7883 11387  8979 10971 14939 12155  6600  5866 14292  9737 10254 11144  6699  6234 11996 11542  7331  5327 12915 13491 15753 10033
ch   82:  11176  9410 11641  6027 13087 10856 11779 13637 12864 13428 11067 13412 10898 11580 10012  7312  8552 15041 10246 12489 11750  8509 10954  8674 14798 13499 11752 12646 12628 11488  6288 10565
ch   83:  15615 10533  6156  8171 10662 11388 11586  7277  7309 10438 10737 14130 10330 16722  9689  8977  9214 11495 11509  9906 13045 10448  8779 13347  7523  8306  7592  9869  7528  6387  8844 10599
ch   84:   7124 10532  9772  9123  9964  9216 10090 15591  4538 13831 12466  9721 12786 13957  8170  6612  8099 12519 12262  9271  8382  8526  7384  8815 12448  9618  5629  6284 12196 10943  7285 14924
ch   85:  10595  6289 10286  8069  6230 12517  7264 11725 12020 10054  7488 14289  8532 12335  9458  9546 13883 13081  9418  6657  8780  7596  7745  7363  9627 10538 10168  8891  5996 10416  7601 11408
ch   86:  10195 13852  9626 10315 10478  7497 10495  4599 13674 13839  8759 11630  8189 13661 10981 13359 11463 11664  5451  6714 10079  6282  1772 10739  6925  7581 11821 13232  9759 13527 11327  6054
ch   87:  13982 10251 11315 13445  5812 11314 10578 10988 14021 12083  8077  9565 12685 14518 13309 11523 12942  7784  6931 11392 12402  7948 11292  5138  8869  9285 14601  7897  9598  7783  9846 10021
ch   88:  12623 11092  7431 14126  9479 12733  8443  9329 12290 11220  7318  9981  7176 12065  2179 15367 10663  7321  7761  7577 10960 12053  7584  8779 11275  7733 10071 14133  9465 10107 12783 11175
ch   89:   4075  9458 10490  9445  8867 11053 13148 13390  7492  8526  7010 10376 11659  7909 13634  7714 10309 10928 13488  7345  9106 11281 13361  6677  8918 11041 10687  6096  8698  5369 11255  7457
ch   90:   9046 12133 11045 10837 12368 14736  9094 13434 14830  5313  8285  9816  8874 11909  8502 10798  8820 13256  9505 11360  5263 13673  6654  9725 13878 11955  7237 12937  8837  6738 14153  8448
ch   91:   5514  8370  8960 10815  8740  8608  9945  8971 10343  9713 11237 13946 11803  7554  9358  8134 10180 10175  8138  8173 10403  7081 11411 11739  7429  8653  9244 12333 10315 10355  8818  6941
ch   92:  13492  9266 10401  9036 12864 11931  8447  5394 12339 11891 13504 11649 12967 11601 12150  9096  6783 12066 11939  9362  8199  7912 15120  4960  5989  8701 12842 11675  9521 11658  9106  6546
ch   93:  15960 11462  8386 10072  8667  8742 12107  9254  8199  7748 10930 13584 11601  6793  6997  9993 12572  9969 10399  7427  7615  6675  6387 12002 10459 13189  8997  5130 11267  6353  9373 10457
ch   94:   8908 14267 10374 11470  8358 10613 14754  7261 11247  7538 10878  8641  9520  9050  6010 11027 14121  9416 15249 12888 12061 13784  9047 11066 12680 10653 10821 11655 15865 10474  7809 11677
ch   95:  13855  6214  8869  8539 13263 13734 12143  6797  8360  7647 10940  9784 11610  8012  5962  9693  7554 11123 11475  9354 14049 12402  6165 15678  8697 12097  6772 10524 12586  8537 15509 15751
ch   96:  12303  9313  8607  6880  9657 10164 12951  6631  9398  6198  8243  8538 11035 10814 10445  7717 12403 10222 14894  9894 17694  6248 11525  7939  6901 10529 12473 11314  9024 14456 10485 12226
ch   97:  14609 12912  9455 10549 10704 15124  5211  6151 13831 11636  3685  7504 12555 13833 13320  8469 10362  9588 12314 14535 12920 10077  9707 10932 12821  6510 10668  9838  9071  9391 11868  9409
ch   98:  10085  9371  5912 10411 10940  9151  9736  6094 12365 12169 14330  6670 15738 15020  8987  9784 12829  8764  7860  9792 10550 11436  5115 11732 11131 10722  9769  7928 10433 14164 10085 11155
ch   99:   8359  9446  9359 13236 13803  3636  6497  7506  9821 10725 10948 11826  9536 11074 11275 12046 12443  7444  7308  5067 11395  9276 15456  7465  8941 12597  5008 11170  5318 12967 11141 12790
ch  100:  12725 11267  8464 12789 14204  8203 16198  3727  9964  7615  9029  9236  6671 10452 10671 12435 11933 13118 10735 11994 10859 10860 10701  9022  7089  9144 16873 11282 10664 11766  9824 14889
ch  101:  10006  7626  7756 13846  6228  6577 14521 11165 12102 10365 10782  7147  6769  7656 11297 12360 12608 10329 12363 13700  5252  7141 12280  7670 12199  9117  5144 10811  9422  6711 11964 13081
ch  102:  11285  8908  7732 11914  9186 11523 10171 13059  8363  9834 13504 13565 12904 13587 11483 14595  6913 12746  7769 12192  7039  9986 11444  9790 10754 13099 14426 11734  9737 10275 11143  9962
ch  103:  11329 10290  9546 10262  7983 11382 11354  8139  9604  8926  7718 15885  8419  9836  6921 13238 11061 10880  9385  7690 14046  6538 14365  7062 11204  9733 14122 12850  9806  6257 10202 10100
ch  104:  11881 12838 13931  7593 11329  6438  9385 11744  9830 10747  7115  9392  8991 10746 12730  7306  4017  6296 11027  9495  8659 14193  8643 12730 10412 14208  5004  8673  8644  8553 10581 12292
ch  105:  11307 14706  7344  6501  7256  7537  8807 12120 10776  7878 11386  9859  8022 13555  9437  6682 10772 10911  2948 15152 13580 12367  8970  9830  9352  9257 10724 12860 11456 10892 11358 10564
ch  106:   9582 16388 11751  9333 10113  9714  6079 11780 12638  7722  9288  8277 11280 12244  9974 15209 13151 14693  6842  8497  7917 12007  8456 15163  9520  6881  9068 11477 11589 10535 10725 14842
ch  107:  15101 15208 10142 11048  7503 12026 12314 12241  7090 12167 10757  7983 11564  6379  8695  8220 15898 10911  8768 10816  5400 13880 14223  7259 11356 11554 13063 10359 11306 12435  8033 14264
ch  108:   7130 11986 11576 13979  6855 12834  8647  7124 11733 12477  8713  7993 14825 14630  8839 10126 11874  7219  8869  7382  7908 13061  8561  9529 12931 12129 10752  7864  4905 11012  9199 13770
ch  109:   9583 10569 11326  9285 13968  5824  8750  7838  5268  8549  5244 10831 14319 10722  8000 14136  9683  9719 16188 14375  8468 13036  7424  7482  5586 10638  5152  9415 14319 11895  7165 14437
ch  110:   9869  5748  9184  8718  8506  7954  6508  9369 16377 12536 13754  9677  9989  9324  5165  9326 11716 11135 11285 14665  8915  8304 10434  8310  8050 13282  7972 13089 12071 11708 13770 12359
ch  111:  10492  8570  8684  8863 11825 11990  8660 11330 10415  4805 13452  6190  8339  8524 14384  8796  9603  7371  7308 16607  9118  9773  8595  9340 11607  8417  9865 11725 11017 11010 11678 10895
ch  112:  10714  4620 14381 14462  8686  9434 13408  9232 10730 12458  7757  4136  7832  8726 10158 11257  7526  6734 13540  4650 11369 11834  9083 12680 11696 12291 12217 12629  7713  5545  8663 10180
ch  113:  17071  9170  9333 10021  7122  8356 10153  6478  7054 10418 14201  7301 13305  7214  8388 10357 11274 14254  6436 13040  8214  9817 10764  7608 13042 10029 10802 14534 11377  9590 12344 12272
ch  114:   9353  3339 10510 13858 10619  4688  5458 13229  8800 13086  8875  6474 11523 11879 15797  7476 11193  7563  7415  9341 11763 10205  7344  7335 12167 10973 11170 11752 10391  9290 10334  8893
ch  115:   7654 12700 10376  8068  4949 13192 12763 11931  6983 10215 14283  9382 10091 15107 10699  6259  9784 13355  9972 11354  9856 10319  8178  7545  8659  9499 10914  9473  7593 11959 13829 11355
ch  116:  12978 14622  9148  7311  9357 10466 10233 12700  3324 14862 11848 11466  8341  8458 10791  7115  8141  8777  8758 13560  8511  7089  6018 16193  9154 12066 10986 10725 14757  5444 10326 12018
ch  117:  13655  4021 10641  9982  6398 12262 13914 10541 13944 10787 12336  8712 12419 11041 12517  8851  7893  9697 10394 12228 10818  8905  6243 14385  8931 12573 11483  8717 10539  7889 11304 10051
ch  118:   7042 10129  6528  8895  8856  9218  9695  8603  9101  6387 10094  8632 10958  9448 13746 15019  6848  9916 12292  7416  9791 11122  7841  8925 12681  9371  7624 12935 10816 14239 11816  9140
ch  119:  14579  5045 12240  9501 10628  9265  8193 16179 10631 10156 12585 10448  7965  5753 12445 13283 18549  8320  9466  6712 13338 12984 11938 12993  7608 11021 10537 12519 12029 11101 16051 10483
ch  120:  10599 12135 12614 12400 10388  5924 12416 13585 14067  8775  6952 10588 15488 12267 14217 10304  7846  5459  5779 10391 12559 11739 11001  8411 11421 13388  9540  7768  6908 10299 15662 10585
ch  121:  12286  3899 11186 12307 11339 11505 14437  8519 11302 11757 11259 10313 13414 11253  6557 10560 13659 12266 10896  5605 10236 11711 11483  9220  6693  9363  7141 12374 16550 14984  9929  9356
ch  122:  13748 12001 12994 11941  7455 10046 10842 10754  7936 13280  4835  8314 10429  8991 10800  8310 14492  9499  9967 14699 11892 13765 13461  5640  9370  4367  9081 16541  8165  7996  9040 11377
ch  123:   7106 14562  9780 11570 11371 11114 13837  8313 10987 13013  4613  9644 14520 14494 11519 11043  9313  6705  9265 11681  7779  5289  9702  7832 10332 10668 11623 16790 11259  7355 10819  7573
ch  124:  12904 12436 12852 15943 11620 14617 10201 15527  7558  9768  7411  8410  8654  8018  8994  8105 10615 12154 15483 10322 12910  3185  9147  8999  7674  8139  5279 11888  9616 11111  9449  5605
ch  125:   9844  8603 14856  7333  8696  9203 10933  4068 11400 11627  6817 11974 12174 13600  6160 16743 11812 13351  7842 11101  8903 11494  9345  9437 11774 12079 15298  7513  4410 11324  8477  9679
ch  126:  12997  8793  8553  9336 10653 11825  8001  7006  6755  7652  6644 11781 11132 13608 12925 11369  8992  8624 12365  8940 10709  7923  8009 10841  7561  9380 11681  9161  9481 10451 14483  8155
ch  127:   8220  5054  8203  7890 11388  9328  5690  7215 12343 14111  9021 14256 10122  4756  9478 12968  7836 12515 12082  7503  8655  8883  9163 12034 10632  6881 15366 11520  7925  7440 14670  9544
