ch    0:    835  1032   808  1380  1838  2376  3267  4108  5107  6683  8277 10654 10955  8507  6530 11889 14067  7425 12206  5785  5125  8953 11555 11286 11625  4911 10594  8492  9585  6582  8560 10694
ch    1:   1958  2192  2790  3269  4226  5462  6274  9282 10835 14449  7831  7750 14597  5291 13570 10221 13936  7178  7361  7073 15851 10312  8969  6024  9343 11301  5376  7634 11706 12948  7460  9980
ch    2:   3800  4545  5739  4317  7653  9344 12551 12483 13916  8426  7965  6698  9608 14445  8452  4756 14211 13063 15004 11454  6021  8231 11397  8580 11597  7254 11911  7925  4739  6201 16720 15221
ch    3:   4822  6003  7861  8879 10478 13741 12799 13265  8854  5813 11202  8428  8169  7622  5914  9521 13182 12017  8520 12974  8969 13526  8146 15086 15386 13071 11887 11702  7993 11130  6658  9379
ch    4:   6556  7471  9309 11524 13879 12633 12706  8493  6408 12815  9916 11817 14146  7672 10075  7992  5086  6462  8731 11466 13512 11720  9733  7159 11326 10342  9094 11822 10477  9693  7300 15125
ch    5:   7561  8136 10983 13231 14906 14553 10586  8924 12539  8214 14383  6890 10687  9584 11319  8308 10679  8875  8838 11435 12042  5824 11058 13935  7559  9038  5536  8493 16020  7819 13597 12914
ch    6:   9201 10916 13483 11918 14922 11044  5215 12575 10261  8380  2427  9469 12403 12148 10864  7695  9491 13124 14732 11334 11385 12542  8338  8021  8611 11397 15499  8881  7567 10232  8435 10516
ch    7:   9572 12109 14911 13037 12249 12260  9414 13032  6821 11079 10932 11666  6802 10105 13585 11257  9113 13793 13771 13616  8169  8807  8246 11728 12776  7586  9195 10497 13278 11013 13379 10770
ch    8:  12033 13922 13828 12784  5835 10521 10959 15607  8235  9376 11297 13009 14483  7455  9648 10537  8196  8451 10595 11029 10542 10681 15109  9650  5847 11258  8629  9450  9092  9113 11387  9806
ch    9:  13188 15348 11498 15560  8258  6267 11552  4378 15806  9705  7650  6049  9097  7475 12079 14184 13333 10665 10465 12080  8135 10075  6099 14994 10805 12535 13639 11719 11602  9053 10875 10374
ch   10:  12622 10661 15545  9644  5276 11104 15215 13355 12164 12142 10777  5231 13801 10492  9824  6867  7314  7038  9621 13161 14535 11472 13405 12497 10084  8289 12664  8399  8241 11438 10065 11529
ch   11:  12772 11926 15227 10184  6123 13351  8824 14671 10075 10959 11063 14519 14825 12090  9759  9427  8867 13581 10298  9432 12490 16410 13436  8990  6137 11878 12438 10679  8974 10523 12533  9093
ch   12:  10305 14365  7276  2862  9389 13308  9577 12203 10665  8950 13254  9625 17903  9558  9119 12989 12749  7336 10781 14300  7982  9002 16735 11806  7862 11625  9005 11980 14289 11683 10299  8503
ch   13:   9887 12438  7123  7380  9661 13817  6225 13235 12366 10327 13480 15010 16037  9427  9162  8314 10950 11986 11407 10397  8957 11229 10693 12594  7697 12457 11575 13989 13457  8889 10932  9618
ch   14:  12365 12811 10173  9013 15476 10585 11392 11048 12728 14128 12278 10625 13104  7674 12036 10122 15882  7363 11767 13899 12510  7408  4985 10712 10018  7149 11916  8772  5553  9033  8617 12700
ch   15:  13231 13956  7535  8669 13409  5826  7792  6154  5913 11647  9061 13395  6233  5978 10008 12390 10347 12713  8243 10360  8585 10219  6500  8919 10350  8185 13466 11209  9997 12928 10240  8167
ch   16:  14297  9300  9380 10648 11474 10037 13455  6045  6843  9939 10909  8652 13617  9706  7526 13451 11083 16493  8222 13775 13239 13647 13193  9878 12673 11049  9981 13438  6840  4959 13526 13915
ch   17:   5200  6023  8270 10491 12569 13629  8735  7761  9399 12089  9312  9003  7743  5511 12261 12121 11252  8862  8691  9509 10021  9481  6843  8758 12021 13706  2643  7489 14704 10420 14927  8071
ch   18:   6487  8341  9499 13189 15148 12229  4884  8488 10100  9807 10954 10883  5407 10860 11377  6504 10092 12113 17047 10454 12789 14288  5398 11538 12482 11282  8209 11511 10121 13565 13395  8193
ch   19:   6468  7613  9850 11881 16066 15013  8214  8914  9583  8533 11796 13094  5935 14505  5305  4198 11872 16841  7448  9692 10965  9571 10924 14182 13475 11022  8518 10930  9101  9613 10730  7852
ch   20:   7667  9321 11898 14695 11042 11604  6792  9949  8867 10405  9028  5731  3779  8508  9789  8170  8710 13027  9847 14467  8194  9107 10733  9386  7304 10119 12284  6502 15930 10937 14370  9977
ch   21:   7361  8465 11248 10308 10784  8270  4959 11073 12003  6067  5044  5756  7896  7439 12469  7338 15601  8711  9403 15090  9378  7484  8051  8253 14670 12539  9983 14154 16249 14043  7108  6400
ch   22:   8356 10231 13403 11854 12395 11430  8022 13707  8547  7928  8244 14013 11019  9214 12126  5123  6242  7326  8857  5855 11732 12485  7892  6945  8798 10263 12061 14327 11059  7926 10660 11948
ch   23:   8252 10538 12051 11368 10265  7919  6078 14654 10256 10973  8858 14040  9913 12183  9897  6085 13666 12491 11608  7167  8599 11890 10608 12475  6088 12246  8935 10630 11552  7609  7953 12232
ch   24:   9407 10934 13386 14230 14528 10194 10123 14928  7029 15643 14523 10385 10103 11044  8060  9897  4860  8985  8336 11331 11072  8016 10655 10636  4100 10178  8878 13081  8028 11261  8823  9694
ch   25:   7959  9597 11635 11296 12470 10673  8190 12368 12751 11428 14056 10699 13269 13366 12041 12361  7322  8109  7556  9263 12572 13685 10344  4656 10288 13667  2876 12865  8661 13862 13643 13934
ch   26:   9947 12082 15296  7891  8441  9637  7501 16307  9793 10675 11196  9989 11127 13336  8654  8023 12589 13506 13952  9704  7724 13257  9271  9159 12858 10324 11594 12530  8159 14494  8659  6463
ch   27:   9360 11358 15209 10779 11837 10030  9391 16497  7918 10614 10253  6414 11806  5874 13577  7637  9806  9360  6963 12664  9926 10560 13053  4613  8223  4357  4076  9606 11513 11786  5862 10974
ch   28:   9997 13315 12481  8449 11503  7037 10177 10244 13833  9181 12433  7500 10025  9502  8310  7797  6533  5032 14076 14066 10367  9454  5505 12455 10968  9347 11684 11508 10144 14526  9389 11911
ch   29:   8988 11997 14684 10608 11954 10492  8919 12042  7215  7512  8767  9416  8459  9901  9501 12959 10772  9133 15338  9088 13496  9260 10807  8852  9178  6944  6647  6928 14244 14837  7800  9480
ch   30:  11340 13312 14078  9415  7347 10301 11851 11289 13008  6355 10212 13928 14005  8344  4172  9809  9715 11001  8572  9871 11809 12760 12624 14170  9400 11800 11700 11816 10332  5976 11642  6511
ch   31:  10235 13210 16383  8658  6634 10802 11866  8932  9930 12394  4048 13536 10826  9241 13415 12910 10579  9231  8832 13648  9406 10226  7185 13255 11771 10782 11433 10130 10588  5028  7292 11847
ch   32:  11707 15062 14324  5473 10769 11635 12319 11261  7053 12102 10685  9761  8008 11486 12842 13866 11209  4736  8896 14725 14498  9341 10439  7435 11035 10832 11544 13117  6952 12566 11497 11406
ch   33:   9743 11806 16126 11573  5413 13341 10775  8716 11935 11585  9721  9818  9747 12259 11125 12904 10034  6442 12054  6689 13954 14466 12037 14361 13293 14079 10580 13319  8982 11788  8565  7241
ch   34:  13295 16094  4972  4580  9989 11282  8929  8774  6956  7539  9141  8399 10871 12460 16177  9380 10520 12898  8204  9457  8049 14528  6616  7921 13973 17977  7712 16078 10516  8150  8830 10922
ch   35:  11700 14785 11129  6057 10809 11459  6445 12054  7641 12380 12060 10382  9807 11477 12035 11776  5728  6100  7396  8767 10460 11120  8386 13485 10877 14518  8488 12986 14539  9728 11995  8748
ch   36:  12863 17101 12904  7623 14072  9128  6373 14020 14648  6089  5977  9487 13145 11067 14802 11181 14007  8220  7409 11594  4875  6256 10467  8323 11714  8809 10850  8852 13580  9162  7066 12760
ch   37:  11884 15765 10802  8395 12284 11997 11888 13548  7623 10832  7018 16656  9351 12062  9043  9864  9250 11278  6164 10039  6933 15602  8766 14041  8093 13422 10731  8994  8903  9569  9609 13208
ch   38:  13565 17955  8854  6725 10732  8891  8567  8593  9023  6772  8232  8905 13131 10258  7094  8007  9852 11785 10982  8416  8890 11892  5884 11038 10761 10796 17375 12784  4078  7509  8839 12277
ch   39:  14500 10156  5867  7903  7681  9160 11206  6076  8857 12323  7271 12365 13176 10413 10757 11642 13145  8443  7850  6202 13276 13126 10691  7887  8966  9892 10435 12369  9005  6200 12043  9687
ch   40:  14551 17961  6129  7460 13743  8102  8102 10376 11431  9377 13622 12962  8334 11003  9382 14859  8371  7826  9100 13897 10959 10876  5146  6290 11477 11163 12511 14644 11697 12019 14268  7194
ch   41:  14752 17956  6429  9153  9440 10832  7097  6408  8115  5582  9752  9307 11167  8536  8172  8642 10710 14945  8044  6281 14071 10685 11182  5925 10086  9056  8140  8929  7854  9610  7504  7113
ch   42:  13857 17075  7378  6009  7801 11112  6696  5936 12226  9091  6638  8310  9970 10596 13419  3222  9466  9232 11937 13706 10805  9655  5117 11157  9696  9686  5969 12353 13220 12170  7972  7299
ch   43:  14452 11701  7493  9767  9828 12372  9792  7627  7592 11269 12353 12901 10524  8638 11595 11250 11415 10217  8490  7951  9320 10503  5009  9662  5726 14879  8434 10916 12125 13897  8010  4845
ch   44:  16141 10867  4015 11286 11767  9010 12292 10654  9637 10502 12363  6857 13234 12615 10238 10413  7995  9172 11925 11341  8504  8474  8586  9192 13893 11190  9182  8914  5394 14585  9339 14527
ch   45:  15486 17406  6656 11361  8569 12952 12839  8928 11562 12982 10106 11085 10184 10972 10037 12910 12192 14380  8298  3665 13046  8983  7586 13135 11243  8612  4082  8924 10111  8818  8151  1342
ch   46:  16469  8872  8277 11710 10873 10563  8478 11280 11657 10915 11763 11166  4329  9280 12334  8927 10215 12677  5486 13438 11279  6914 11326 13910  4005  5118  8233  7883  7464  8920  6670 11056
ch   47:  16163  8315  9252 14984 10249 10666 12636  4704  9388  9981  8326 12756 13233 10766 11488 12723 12605 10043 14343  6772  4566 12067 15264  7867 12690 10300  9539 11524 10311  6402 12703 11632
ch   48:  11399  7846 10279  7464  8500  6964  8623 12281  9628 12265 11985 13143  8925 13394  7840 15048 10745 13319 13408  4864 12773 11614  7412  9268  7491 10983  8503  5359 10511 12486 10276  7946
ch   49:  12643  9356 10748  8691 11716 14357  8588  8304  9082 10446  9555 11907 12746 10370 10292  8717  9290  7672 12291  7301  9917 12142  7971 10756 12546 11537 14709 13694 10307 11034 11107  6292
ch   50:  15678  5673  8702 11520  8934  9208 13377 12560  8181 10455  7774  5037  6755 10698 17901  8678 13478 10672  8708 12889 12790  8875  9152  7590 14470 10595  8634 11143  6537  7623  8732 12311
ch   51:  15596  8570  6826 11026 12683 10160 15040 13667 12348  5369 12044  8460  8479 11006 10698  8021  9684 11519  9016  8418  7894 11084 11051  7263  9300 11489 11171  5921  5587  4696  9620 12422
ch   52:  16132  8854  8159 12982  9747 11067  9156 12505  8755  7797 12428  6106  7749  8287  9521  9902  9591 10116  6446 12084  8898 14937 13038  9041  9506 10566  5764  9117 13943  3513  2675  7645
ch   53:  14096 17979  8002  8111 10980 10609 12333 11499 12509  9515 11103 16509  8515 10860 15586  7113  7181  8564  4727 12592 14162 10651 11028  9456  7986 11355 15033  6328 14878 12688  8234  9731
ch   54:  17756  7217  8905 12353 10369 12681  9535  7974 11326  8726  9583  9432  5578 12095 14062 10550 10410  8888  9805 11044  9426  8270  7233  4417  6810 11709  8388 12749 11107  9014 11485 11848
ch   55:  13374  2870  9413 15826  8471  8091 10935  8582  9913 11030  7963 10532 10045  7180 13663 12203  8078 12655  8585  7762  8662  9597  7498 13438 11234 14640 11665 11443  8180  9648 12295  6534
ch   56:   7275  9060  8461  9148 11209  8395  9067 11057  9540  8393 10105  6084 14429 10473 15846 10174 10557  9996  7278  7873 15050 12239  9062 10965  9253  6650 14225  3061  9594 11497 14792  9081
ch   57:  14695 10390 10959 14395  6634  5378 12457 11678 10555 10994  9257 10868  9648  9861  6977 10120 10759  9433 12486 11477 12739  9091 17365 11947 10728 11009  9050  8568  8214 12090 13476  7695
ch   58:  10364  7814 12725 15667  8493  8053  7717  7952  6990 10955 13233 14625 12242 12607  8688  8622  7626  8881  6117 14444 12270 12317 14632 14869 11381 10342  9507 13792 10824  8330 13076 10308
ch   59:  14797  6329  7353 12251  8524  8531  6274 13410  8426 10091  9221  7302 12770  8339  8860 14278  7292 11298  8414  7448  8717 10811  9591  5968  7384  8339 13131 11460  8282  9392 13903  7173
ch   60:   7337  8093  8537  6621 14598  9893 11038 11456 13387  9193  8088  7018  9787 11356  7416 10285  8876 12062  8021 12532 11457 11063  9895  7038 12319 10546  5129  6279 10375  9334  7503  8012
ch   61:  14982  6882 11847 14825  8647  7822 14313  8853  7806  7586  6956  9201 13156 10859 11100 13436  8368  3615 14891  6568 12712  8632 13109 12916 11893 10255  9796 11497 10406  6932 11239  9139
ch   62:   3306 11868  9486 11052 11732  9913  9785 11830 12396  7904  3473  6653 11403  9764  7699  9764 13555  9434  5110 10018 17610 13962  9521  8937 11142  7631  6680  9843  6740 13395 10774 12834
ch   63:  13361  4871 11532  7980  9586 10287  5505  8239 14126 11067  7813 13739 12913  9128 10708 11322  9726 11119 10756  9015 11883  8015 12436 12080  8335  8088  7337 13090  8568  6856  7366  6744
ch   64:  10387  7663  9208 10020 12077 13223  8949 11415 14338 11158 10932  9719  6354 14526 14217  9294  5557 13324 10354  9486 11042  3899 10561  6577 14513 11810 13549  7166  8314 11098 13888 11208
ch   65:  16174  7336 11839 13984  9105  7881  7810  9269 11703  7189 11417  7304 14913  7057  5992 13992  9633 11514  9257 12566 12195 12867  9260  7311  9551  9129  6267  7804  6961 13105 12089 10480
ch   66:   4582  9745 11453 11076 13312 10416 10303 10816  8825 10201 12187  8468  6652 11347 11641 11307  6260 14244 13960 12669  9957  9875 11353 10078  5577  5040  7202 11347  8183 10243  4897  6174
ch   67:   6669  7505 11736 12531 11440 11892  9453 10980  6218 13780  9944  8701 10201 11692  9439 12966  9942  6799 12809 13673  8301 13170 11776  8480 10725 11336  7238  6604 13624 11262 10304  7647
ch   68:   5513  8342 14340 12262  8953 14488 11570 12987  7332 14541  9049  6172 15675 13628  9134  6859 14865  3846 14067  7883 13379 10651 13479 10721 13839 10612  6893  9052 10579  9623  5605  9172
ch   69:   4339  9755  9676 13025  9701 11150  8237 13266 14446 12665  9138  6797 14909  7352 13665 12740 10101  7666 10873  5443 12121  5749  8528 13160 14552 11177 12064 14699  8417  8408 10908 13111
ch   70:   6015 12210 13789  7241 11287 12049 11185 11118  7084 11715  5673 10611 11559 10238 10076 12048 11046  8374 10570 11767 10896  7011 13354 14017 15666  6974  6979 11273 11830  4457 10116  6337
ch   71:   4343 11193 12063  6354  9070  9828 12769 11439 12516 11063  8214 10079 11509  9662 10215 12670 11479  6845  7880 14747  4674 16872 12354 14511  9288  9135 12141  9088  3514 10889  9397 14836
ch   72:   8123  9577 13591  8664 14006 10367 10447  7039 13269 13859 13095  9315  7161 10127  9357  6715  9283 15659  9117 11938  8974 16773 12595  8310 14318  7848  6515 13857 10818  8232 13107  8856
ch   73:  13858  8056 10657 10813 11405  9470 11674 12816  8612  7157  6513  7977 13164 13923 10640  6267 11035 10338  8650 12987 12492  7500 12429 12688 12030  7759 10653 13271  9871  7960 10406  6982
ch   74:   8998  9135  8249 10814 14051  9721 13878  9755 13407 15547  8986  9145 10826  5872  8532  7834 12971 15562  9895 16821 10850  9300 10412  5386 14007 12641  4669  9589  7394 12674 11245  8270
ch   75:   5279 13749 14053 14413  7170 14088  9144  8896 11463 12430 12151 12174 12275  9256 10645  6743  7399  8196 10724  8978  8780 10139  9233  9540  9873  9606 11202  8263  8382 13789  6911 12932
ch   76:   9761  7920  7347 12719  8581  4306  6319  8899  9097  7456 11686  7272 10698 10516 11435 12910  8598 13789  7771  9177 16508  6728  5751 12057  5305  5373 13960 11816 10929 11859 11739 10091
ch   77:   5988  9855 13585  9427  6920 14929 12109  8616 10830  9999 12280  8066  8206 10423  9353 10965  8485 11529 11477 11327  9765  7941  7223  6614 11662  9852 10917 13859 13084  6262  9270 12331
ch   78:   8356  8389 16689  8439  6272 10913  8743 14456  7379  7422 10635  9624  7071  6721  7639 11900  9423 12463  8048  7313  7433  9757 15071 11228 13433 13871 12368  7051  9462  6998  6841  8659
ch   79:   7771  7169  6461  8618 11695  4798  6222 11576 11122  8191  7883  9564  9880  9096 12216 10648 10729  7573 16578 14622 15342  7261  7432  6768 10128 12273 11516 14123 11416  8575 10193  9005
ch   80:   9759  9762  9022  8818  5475  8648  9270 12968 12564  7771 13811  5492  9814  7408 10480  9466 10994  9584 12641 13438  9823  5293  6699  8125 14184 13692 13514  9146 12969  7644 12830  6525
ch   81:   7037 11986  8063 11101  9624  5061 10397 11137  7723  8668 12326  7053  7238 14361  7473 11996 16416  9009 11725  8394  8395  8758  7984 12646 11920 10951  9478  6468  8657  8768  8420  9397
ch   82:   9679 10354  4733 10368  7903  8993 13692 12255  9508  7503  9085 10373  7896  9348  6252 11812 11185  9571 15011 12980 11019  3778 14573  6546 12087  9442 10172 12564  7351 14154  8172 13123
ch   83:   9222  7410 10261 12132  9349  6659  8348  7204  8353  7744  8913 12730  7885 12808 14210 10527  6506  7538 13561  7185 10434 14203  8992 15472  8885 12160  6898  8858 11125  9479  7780 11480
ch   84:  10849  9548  6820 13875 10305  8773  7730 13249 13440  9684  9211  5966  9143 10546  8915 13868 13711 11272 13656 11743 11216 11840  8975  6999 12514 11129  6256 10391 11291 10420  9852 11666
ch   85:   8048  9656  6325  8901  8519  9374 12991 11739 10027 12432 15495 13272 10234 12226  9158 10996  5759  6502 11629 12400 11267  9181  8979 11065 10128 13012 12105 11763  7809 13222 14329 12085
ch   86:  12057 13828  8889 11029  8205 13103 13571 10728 10604  6419 16984 11536 11015 10731  9445 11342 15658 14276 12519  9437  7514 10253  3952 11113  9561  8538 11992  9913 12076 12531  7857  8105
ch   87:   9503 13298  7414  9019 10143 10541  8680  8220  4550 12110  8803 11229  8528 10300  9008  9910  8719 11745 14422  5424  8910 11522  9902 10991 11052  8693  8757 11798 14723  7691  9868 13082
ch   88:  13645 13947 12354 10503  8166 13299 11044 16523  8562  7925 10033 11435 11505  8406 13355  6124 11393 11720 12481  8912 12041  9230 11849 12760 11656 13983 11072  7162 13207 10420  8916 13004
ch   89:  10048  7705  7813 11390  7881  9958  7244 12824 10983 11452  7941 16799 12648  6818 12415  8707  9768 12544  6280 11895  7555  8609  7955 12870 11139 10382 14196  7248 12449  8708 10522 11309
ch   90:  11787 10700  8032 11967 10091  9859 10630 10961 12901  8596 13296  6294  9456 11755 12122 11879  9953 12667 12563 10378  4257 13675 12189 15521  7839  5780 10451  9319  9364  8134 17390 15144
ch   91:   9357 14097  6378 10181 12154  8277 12813  8721  8777  9475 10694 13748  7856 14050 16557  9143  7101 10010 10699 11014 10112  8110 12166  9523 13402  7665  8966  7081 10960 12803 10695  8038
ch   92:  10992  7805 11522  6433  9252 16090 11084  4515 11088  3939 10220  8506  7932  8735  8729 13666  9615  4951 13459 10314 10260 12052  9022  8369 10596  2086  6923  9759  9326 11431 10875 11426
ch   93:  12067 12043  8537 10709 12315 12581 17432  8610  7009 13547  8718 13966  9234 13317 15159 12278 16144 10464 12142  8734  7810 17579  7415  7479 11372  9559  7063  7254  9402 11012 13691 12577
ch   94:  10233 14259  5042  7493 10452 11919  8685  8349 11355 15262 13187 14517 10624  5969  7861 12438  9647  7545  8884 10973  7924 11094 11029 14750  8552 10558 11166  8363  6576  6780 11299  8467
ch   95:  11197 12397 14962 10371 14232 12482  8579  7868 12952  9342 10749  9162 13968  8798 13817 12798  9693 10178  9395  9634  9627  8585  7296 11480 11316 13046 11242  8629  9228 13657 11118 11144
ch   96:  11417  5975 11481 10697  8584  9798  8574  7882 13445 11688 12411  6588 11571  7675 13626 14511 13492 12391 12285 11957  9927 13598  5407 13105 12377 14082 10949  8979  7494 12182 13480  9122
ch   97:  11333 13187 11121 10965 14115  5848 10187 10529 11467  6078 14476  9048  8881 15451  8369  8223 11297  9839 14054  5970 12877  7471 11034  4966  5651 12749  7874 12549  8175 14738 16313 11166
ch   98:   9778  8285 14520  7666 10426  5007  9721  8404 10332 11745  9294  9213 10118 13586  7426 11930 10745  8523  9410  8808  7744  8514  8104 10344  9784  9988 13224  9674  9589 13766  6957 10376
ch   99:  13042  8708 10314  9084  9977  9741 11969 11425 12103  9547  8129 15280 10247  1950  7331 16954 11087  8385  9457  7336  6144  6428  9597 11544  8550  9149 11287  9710 10587 15893 13199 13698
ch  100:   9603  9316  8636  9898  9767 16184 12069 10206  7764  6879 11229 10808 14279  8355 11579  6292  3781  8364  9149 11263 12299 13386  9191 11401  6861  6620  7415 13219 11637 12645 11454 10239
ch  101:  10251  5827 12003  6781  9889  7342 10718  7922  8023 11865 11818 11582 11810  9051 11946 13933 10829 12106  5549 12060  7645 12149  7254  5296  8119  9813  9108  9864 15573 11093 10373  7288
ch  102:  13834 12856  8536 10474 15266  6429  9244 12750 11557  8784  8993  9509 13765  7728 13887  9362  6490  9431  9860 10373  7011  7919  8017 12303 15927 11796  8682  6476  9605 10006  7078  8043
ch  103:  13026  9365  8279 12681  7324 16188 10478  8215 16763  9546 11673 10857 11164  6617  8840 10847 13460 12146 11496  8092  8547 11683  9916 10629 10170  9115 14329 10613 10331  7720  7254 12523
ch  104:   6198 12483  9162  8657 10925 10576 12649 13189 10795  7803 11093 12795 12932  8296 11721  7139 11814 11201 12227 10344  5657 11336  7961  8709 15503 13036 11568 12483  2849 13564  4190 10408
ch  105:  12131  6588  8581  8010 10887  7105 11397  6249  7532  9084 11731 11875  7796  6010 13363  9716  6622 14002  9648 11432 10186  7216 13260  9183 13676  7694  6789  6405 11454 11099  5218  4876
ch  106:  11405  9742  6729 10623 10024  9218 10694 10600 12446  8131  2062  8355 12487 13961 13486 11340 11179 13060  8722  8852  9604 12644  8849  3838 11582  6081  8301 11543 10510 10288 10093  8617
ch  107:  10031 15249 11212  5362 13019 11980  7938  9367  5001  7258  4954 10607  9148  6648  6807 13769  8048 12302 12761 10551 13303 10901 10619  9334  7885  6273  9177 11659 13179 13146  6436  7936
ch  108:   8870 10262 12735 13191 10856  6693 10227  6611  9132 11621 12513 11902 10518  7959 13702  6806  6700  8897  4732  8800 14734  9669 12379 12147 12173 12088 11974  5143  9003  9847 11094 13767
ch  109:  10292 14490 11766  6655  8277  8322  9981 12197  5105  9937 16369  9006 10555 10994 10619  9061 12364 13139 10343 16498 11047 10642  5545 12033  9156 15355 14495 10285 12055 12486  9985 11106
ch  110:   7824  7409 12202 12800  8225  5725  9260  9949 10911 13011 10189 10028 15477 12630 11243 12035 13901  8526  9883 10130  9639  9092 13120  4238 10852  9715 10613  5487  8393  6901 12286  8477
ch  111:   7148  9030 12413 12588 11032 15314 10253  9630 10218  6891  8933  7055 12425  7294 12859  6936 13126 10941  8673 10411 10620  9528 10448 11564 10899  7238 13505  9144 11330  9509 12568 13281
ch  112:  12494  8253 12156 13349  9577  9942 12125  8788 10934 10449  9478  8424 10694 10840 11056  9586  8606  7724 10711  5411 10918 10206  3598  7762  8994  6408 12641  5344 10798 12083 12875 11998
ch  113:   8293  7746 10020 11966 11573 14537  8508  7903 11600  7639 14096 12613  9735  7655 10358  7991 10583  8229  4937  4320  9396  8980 10987  8850 10695  8127  4108  9313  7502 11451 11088  8746
ch  114:   8011  7999 11680 12332  3824  8715 10701 11097  6996 12025 10537  8834  9423  6460 11965 11416  9902 10813 10022 14183 11340 11338 12178  8334 12429  8380  9359 12021  9198 12349  8905  5881
ch  115:  10528  8902  6621  9544 12499 12574  8053 17114  6478 12007 17116  7969  8265 11344  8678 11262  9158 10607 10787 11261 11921 10133 10631 12533 12091  9752 10816 12398 10123  5591 11151 10772
ch  116:  12194 11123  7285  6961  8241 11928 11765 10904 11329  8919 11214 12373  8437 11649  9865 14037  7848 10528 10892  9652 10422  8781  7300  5840  8473 10603 11179  6530  9023 11397  9547  8664
ch  117:   8269 14708 14562 11587 11753  9975 12824  8771  8962 11055  5073 11170 12929  7173 12517  9245  6655  5132  7973  6158  7762 11882  8743  8565 10124  8422  6822 14633  7715  9657  5804  9073
ch  118:   9808 11562 11359 14191 10446 12146  8743  5579 12786 10501 16024 10330  6739  9849 11594 12078  7866  9016  8733  7053  7122  7228  9461 11755  8582  3523  7828  9994  9722 10667  6684 10488
ch  119:   9103 11286  6923 10776 12266 11019  8088 16111 11805 10269 12299  8407  9530  7352  8632  9951 10727 12021  5223 11927  8772 13304 12996 11128  8041  6830  8462 16685 15416 10278 10462 14171
ch  120:  11879  8581  8583  9208 11426 10023 11998  5655  9771 12389  7212 10677  8191  9393 10824 15792 12523  6108 10331  7048 13294 17556 16329 15727  8616  5905  8241 10307  7416 12718 11034  8751
ch  121:  11380  8713 10189 11294 15605  9685 11088 11053 12220 10257  9706 10919 12672 16804 10400  9776  9018 13280  7226 10366 15021 12528  6646  7139 11145  8698  5167  8490 12580 14881 12218 16295
ch  122:   7866 10276  4570 13120 10611  7150 13406 11831  9036 10422 10300  6880  5742 17064 11155 13132  9185  8863 11965  3940  8489 12145  7433 11345 13270 10419  6753  5899  8466 12069  6735 10283
ch  123:  11343 10924 10910  8305 11356 12351  7662  4691 11048  5807 11752  8601  8585 13631 13464  6111  9210  9070 11744 15722 14567 12023 10200  9992 13353 12790  6936 11217  6809  4586 11361 10337
ch  124:   8967  5510  8520  9024 12847  8461  8956  8077  7518  8938 14105 14350 12009 13615  7597 12726  9834  8345  8593  9199 11151 11180 11999 12448  7771  5124 12664  7586  9520 11115  7433 11119
ch  125:  12790 12636 11946  8223 13548 12689 12598  7699 12930  8882 10504 12575 10563 11469  7363 13373  9657  5856 10557  6397 13180 15792 10495 12327  7414  5592 13327 10743  7549  7758 10526  9078
ch  126:   8344 13516  4632 11480 14112  2598 11458  6411 12294 12330 10610 10973  9880  8684  8902  6687  9805 12259 10852  7915  6866  5708 12245  8203  9668 10489 14794 11436 12764 12296  7365  9503
ch  127:   9320 12341 14472  7626 13464 14403 10519 11477 11413  9267  9491 15640 11301 15220  9382  8000  7911  5329 10721 15507  9405  6585  6533  9737  8030  6849 10980 12264 11656 16653  6407 13718
