ch    0:    134   184   245   291   464   557  1032  1327  1827  2308  3149  3614  5249  6852  8943 12347 12035 10058  3577 10808  9155 10514 11256  8928  9843 11902 11487 10419 11093 14729 12593 13915
ch    1:    625   861  1105  1505  1921  2632  3501  4766  5998  7137  9467 11343  9773 12981 10236  6611  8316 14484  7441  8272  7533  8238 11962  5977  7913 11158 11611  9460 10291  9371  9513 11308
ch    2:   1321  1725  2632  2676  3938  5148  6732  4286  6276  9000 10626 10548  8838 10460 10907  8894  8164 14739 10152  7969 10875 11455 11457 12915 10057 11486  7695 15427 10009 12372  8201 15844
ch    3:   2641  3728  4961  5966  3871  5447  7668 10460  8705 10733 10163 11293  8048 12016 10457 10515 11946  8927 12948  8682 13879 10615  8553  9850 15869  9944 10878  8047  8180  9062 10591 10890
ch    4:   2682  3729  5029  5972  3607  5577  8046  6852  9266 12572 13330  8145  7829  9798 10061  9072  5733 15772  9380 11339 13230 10256  5934 12052  7365 10288 10492 10338 11515 12216 11956 13979
ch    5:   5211  2640  4508  5973  7880  6249  9293 12780 14845 14886  7605  9357 10776 12127  9884 13547 10005 11251 13069 11239 10395 11286 11649  7384  7600  9950  8790 11189  9374 14165 12318 13543
ch    6:   5054  2096  4418  5392  4299  7210  8753 10151 10165 11081 11870 10309 12691  8592 10855  6367 10372 11267 11887 10053  8239 11018  9706  5873 13332 10311 12446 11764 13429 14000 13264  9618
ch    7:   4074  6103  4704  6893 10681 10606 14096 10781  3932  9337  9277 10638  8163 12374 11879  8845 10986 12830  8776 12608 11729  8441  9327 13924 13961  6438 10268  9133 13271 10292 10131  7139
ch    8:   2507  4900  7534  5871  9347  9946 11190 12163  6404 10463 13298 11414 11272 11877  8712 13289 12019 12702 10888  7304 11016  5838  7564  7589 11506 16469  6808 12449  8450 11410  7021 13598
ch    9:   3545  5836  8526  7952 11614 10017 12388 12796  7760  8755  8209  9922 14490 11111 15242  6589 10641  9930  2569 12952  9776 15164 11338 15406 14000 12056  5309  9285  7306  7644 12697 11741
ch   10:   6885  4098  7560  8876  9184 13790 14498 12694  8776 11232  6861 10481 10038  9431  8784  8185  8967  9662 15035 10001 10429  6012 12347 13662 12847  8246  6509  9838 12830 11562  9272 10145
ch   11:   4936  7324  6491 10087 14063 14563 12048  8231 12892  8099  9706  9190  8025  9622 10281  7086 10437 10545  8087  7743  6920 12512  4229 10213  5672  8268  7773  6818  5938 12849 11144  9753
ch   12:   4680  7224  9985  8186 12354 13652  9342  5760 12517 10608 12409  8489 12623 11068  6764 10360  5665  9649  6815  7809  6917  7457 13196 10922  8646 11746  3297 13161 11746  8211 15043 10269
ch   13:   6018  8502  7929 11195 11594 12611  6393 11563 15014  7871 16592  9785 12039 10770 10675 14291 13821 12096 10132 15272  8718 13450 12636  8590  7132  5773 10986  8530 12915 12987  8963 10997
ch   14:   4928  7873 10993 10225 14716 11410  6895 10872 16053  6732 12774 10112  9955 13694 10270 10061  9714 13448  9614  7436 12863  5960 13315 12604 12004  8556  8829 10130 10620 12493  9298 13089
ch   15:   6082  9254  9041 12631 13445  8240  7503 13770  7338  8204  7423  8249  6876  5581 11660  8210  7607  8427 10794 11577  7601 13099  3819  9873 11422 11234 10165  8352 10729  7934  8455 11954
ch   16:   4281  6452  9758  9181 13974 13428  6271  9969 14383  6393  8005  6237  8033  9502  7247 11103 15126  8948 11143 12224 10276  4911  3708 12210  6309  8443 15079 11781  6515 12010 12510  7796
ch   17:   8501 11805 11138 16343 11912  6778  9864 17038  5544 10846 11571 11698 11375  9576 11021  8674  9358  6847 11289  9850  9271  9083  6575 10192  6371  8873 11511  9320  6271  9252 10967 11069
ch   18:   6386  8636  9577 11930 14228  5284 12303 14234  8939 15882 12339 16462  9076  8576  8386 13587  7750 13806 11217  5902  9426 14735 14034  8288  7804  9709  7716  7336 15288 10027 12382 10701
ch   19:   8746 12636 12541 11197  4840  9524 10170  9269 11565  7039  7264 11708 15407 10162 13690  8606 13937  9997  8494  7202  7993 10867 11364 12205 13346  7879  6126 11092 15740  4515  7144  3632
ch   20:   6453 10669 13397 13489 12443  7259  7986 16401  6086  5331  7952  9539 13074 10990  2569  8002  7412 14134 12222  9657  2800 11079  9542  6717  4016  5807 10667  5729  8720 13260 11609  3792
ch   21:  11434 10378 15255 12653  4361 12862 11315  9793 12793  8743 12902 11135 13531 10917  7228  5459 15348  6917  7310 10346  8299  9106 11130  6344 12505 17386 10915  9960 11345  9272  9188  9042
ch   22:   7587 10897 12402 14741  9775  9635  6460 12942  7604 10192 10154 11197  7385 11507  9109  7936  9146 10176  8674  7999  6140 13685  8429  7416 11102  6727  8969  8692  8913  9101 13625 12538
ch   23:  13205 13328 14841  4848 11278 12646  9191 12411 10671  9529 13668 10760 14373  9282 11139  8781 12504  9492  8586 12893  8758 11267  8143  9112 10503 15982  9744 11717  9450  7537  9473 12228
ch   24:   8709 12891 12864 14449  5516 12156 12933  8587  9777 13896 12966 10260  8504 11977 13219  9088 12029 13582 13893 10867 10594 10349  6007 14206 11789  8167 10818  8821  9870  7533  7515 11809
ch   25:  12700 12631 16751  3939 11864 10890  6879 12685 10258  8027 10247 10930 10975  8693 14396  9946 13297 11887 13246 10439 16591  9290  6721 14753 14445 13801  9017  9547 15836  7670 10933 11556
ch   26:   9554 13013 15414 15293  6724 11236 10783 11449 11815 10591 11590 11712  9246 10536 12832 10820  8400  9135 12991  8906 11035  9330  8551  5391 12610 14959  7126 10697 12437  8275 10166 11815
ch   27:  13291 14394 15571  6568 12120 13255  8955 11318 15345 10846  9448  7754  8235  7249 10671  7215 10386 10327 12145 12737 12872 10432 12910 11797 11026  9320  8765  6400 14001  8920  9260 13798
ch   28:  10455 10974 13609  5074  7514 13119  9129 10869 10137 10229 11354 13784  9923  9566  9489 12242  9934  9540 14022  9064 11113 14989 10346  6291 14282  8882  8279  9892  7442  6305 11339 12380
ch   29:  14491 15484 16185  8422 14478  8529 10148  9818  9062  9742  6051 12282  8797  8982 11846 12157 13126  8433 10261 10708 10086 10615 10673  9611  6974 11019  7767 10059  7796  8355  8633 10609
ch   30:  10663 15011 16610  9398  9755 10463  4416  7254 14269  9180 10069  7941  7952 13279  7846  7263 12910 10471 10265 13213 12102 12433 12953  7294 12131  9565  7165 11699  9993  8875  9510 13402
ch   31:  13814 14937  5687  5398 12444 10681 13524  9406 12907 10840 11646 14642  6500 10893 10859 13774  7972  6744 11184 11336  9563 12652 13903 10360  7662  6301 13249  9175  8507 12673 13660 10856
ch   32:  12203 14492  8203  3268 14433  5625  9857 12434  8273  8392 14340 10345 13663 15071 13219 10737  5957 11099 11159  9854 12928  7704  8908  8131 11061  8290 12373 10259 11883  7034  8101 12112
ch   33:  16080 12554  5493  9434 11731  7752 11327  8004 10912  7266 13297  9629 10967  9588 11372 12600  6973 10354 11107 13387 14644 12613 16845 14541  7736 13977  8451  7593 10179 11908 10500 10928
ch   34:  13760 13877  9133  6851 15612  8405 12150 10484 13059  8015 10991  8272 10973 11771 13735  6975 13372 10147  6109 13277  2046 13667  9841  7231  8741  6774 10539  7731 12959 10352  5722  7192
ch   35:  14083  8434  6264 12325  8100 10137 10892 13944 14683 12200  8259  9666 11049 12806  9845  9874 11164 15865  7282 13361  8881 12377 14108 11482 14874 16576  8423  8454 12393 13312  9470 11032
ch   36:  14932 15101  8842  9560 11853  7825  7601  9826  9079  5779  7562  9362 12126  9499  7323  4685  9395  9963  9067  7971  5788  6982  5789 15969  9098  8313 10180  9178  9809 11069 12712 12109
ch   37:  14638  6543  7539 10378  9746 13621 10929 11519 14403  5608  7410  6283 10716  6208 12045 10656 11362 12184  9048  7977 11052 11122 15272  7393 12147 13416  9847 14211  9886  9454 10404  7012
ch   38:  16106 12460  5077 10435  8115  9529 10247 11556 16769 16237 13795 10982  9356  7760  9731 10540  8117  5160 10363 17338 14363 12740 10750 12880  8468 11012  8532 10783 11805  9674  9587  9281
ch   39:  12734  7336 10433 15100  8847 10074  7038  5226  5695 10413  9182 11922  7026 14246 11211  5975  8154  7960 11044  6968 10015 12951 11648 11695 12329 11127 10199  8085  5709 12387 15480  9900
ch   40:  17597  4015  6113 11536  8592 14835 13087 13109  5422 11832  6817 11207  9699 10341 14979  5721 12129  6555  9814 10794  8770  9894  6495  7412 13333  9358  9831 10747 13763 10364 11174  8845
ch   41:   5510  6941 11364 12294 11354  4602  2585  7360  8943 13404 11221 11526 10659 11779 11220  7156 14490 14168 11059  9718 13167  8768 10872  7279  4881 11105 13033  7605  8173  9885 13973 11405
ch   42:  18587  2943  6724 12673  3437 15936  8522 12507 14843 11562 12612 10230  9555 12430  8166  9683  8678  4995  8619  8244  9701  8899  5065 13863 12311 13757 12363  7969 10264 11664 10101 10738
ch   43:   1886  7078 14408  2160 12374  6947 10563  9624  5868  5627 10420 11226  7674 12855  8332 10921  8425  9893  6900 15369  7826  8529 17179 10162  7281  8389 11462  5902 10556  7189  8400 12698
ch   44:  16098  5468  7170 16706 11898 10261 11359 12102  8444 11487 10094 10392  9040  8513 11251  7393 11734  9638 11032  7936 11069  5664 11706 11373 13402 13460  9323  7727 13483 10044  9197 10292
ch   45:   5263 11436 12225 11521  7789 12828 13896 10006 10344 10654  9784 10992 12970  4725 11432 12670 11105 16218  9587  9605 13048 13667  8296  9491 12696 13456 12142 11547  8317  5600  7928  9170
ch   46:  15574  5701  9914 18245 12081  7172 12531  7445 14783  8699 13915  9869  4848  9996 11789  7255 11801 13428 10616  8560  8582  8650 11333 14287 10622 14483 10806 12175  9643  6885  3071  7950
ch   47:   4701  7811 17442  6222  4665 13990 11545  9023 13482  5595 10351  5467  9887 12089 13335  7430  7504  9155 11410  9390 12759  8992 11763  8242 12738  7447  8387 14852  7413 12016 11238  7228
ch   48:  11777  5384  8597 16749  9791  8120 10946  9188 12588  7835  8808  8880  5402  7132  8627  8598  9261 12457  9922 10012 11164 12168 11084 11307 10435  5250  9673 13099 10443 11230  8883 10095
ch   49:   8817 11611  1585 13742  9186 11698  6671 10660  6066 10642 15047  8400 10710  8301 10566  9262 10296 11535 11965 11075  8776 10468 10807  9681 12392  7214 14287 11683 10974 10341  7599  9774
ch   50:   3702 10238 14055  4698 10181  9868 11241 12068 12656  9328  9514 14781 12760 12262  9653  9190  7379  7588 11879 10243  6449 16543 10140  9846 13585  8326 12517  9054  8133  4795  6139 10397
ch   51:   7428 13859  3431 14590  9002  6364 13052 15156  6332 11423 13307 14302 10201  7428 14925 14159 13482 12592 11461 15588 12061  8226 14384  7153  7119 12173  8365  6667  7451  6908 10091  8802
ch   52:   1385  8777 13551  5604 10972  2653 13228 13503 12876 10955  8644 13667  9330 14346  8529  9606 11965  8471  6397  9622 11481 10837  9785  7964  8799 14386 12126 10561 10534  9356  9359  7981
ch   53:  10234 16315  4828 13513 11175  6320  6536 14802 10411  6599 12259 10626 10400  8256  7340  8457  6887 11524 10867 12585 16264  8739 11637 10287  9278  8166 11760  9900 11241 14030  6494 14017
ch   54:   4599 11893 15300  6867 13408 13649 13764  7327 13293  6636 11180 12879  7926 12103 12198  4733 10413 12671  7632  9649 14001  7736  9715 11808 15021  6723  7648  6667 12416  8534  9242  8165
ch   55:   9603 14266  5347 15624  9531 10845 11559  7687 12918 15800  9815  8618 11218 16441  9011 11716  9846  9737 11689  5919  9827 13747  9871  9621 13059  3975  9901 10762  8768 11548  6334  9264
ch   56:   4068  9452 17812  6492  9171  7071  8285  8523  4118  7951 13599  8513  7431 10585 11946  5866  6253  3721 11972 11700  6338  9242 12066  8771 10359 11354 10141  7504 11667 10237  7553 10178
ch   57:   9935 14231 10761  6956 10645 14450 13634 12104  8358  5230  7648 11631  7847 13175  5953 13059 11430  9258 12032  9426  9719  7776  8806  9837 10289 11001  9478 16679 15472 10722  8963 12167
ch   58:   9675 12846  4397 13831 13491  9580 10130  8672 11347 13196 10094 11497  8208 10546  9599 13095  9190 10131  8487 14447 11873 11038 10042  7379 13791 11757  8402  9681 17920 10925  7107  6878
ch   59:  14089  4875 14681  9163  5111  6358 10802 10629  8984 12930  8773  9892  7712 10612  8145  9013  5963  9453 14967 14233  8223  8272  5387 11367 11731 14405  6727  9211  8750  8677 13426  7038
ch   60:   9830 13637  4471 12230  9831 11109 10806  9919 11188 15038 11106 12938  8148 10417  7097 13410  9168  9535  7737 10594  4723 11635 11149 10908 12329 12397  9547  8784 13049  9354  6226  7296
ch   61:  13137  7026 11300 10436 10642  8663 14065  8769 10296  8443 12976 10485 13389  3679 10496 10084  9556 10830 11433 13448 12391 10169 13260 10935  9992 10200 10712  6604  9615 13234 11996  9245
ch   62:   8964 13343 15645  4047 12256 11197  8363  9074 10057  9495 11826 10955  9318  9292 10895 13100 13263 12968  9898  8226  5163 14449 10104  8575 10380  7532 10494 13466 14004  9346 12508 12620
ch   63:  14521  9680  6445 11711  9804 14031  9405 13481  4471 12253  8022 16811 11227  7947  9626 10920 10375 12131  9829 10125  9740  9154  9726  9684 10400  5342  7147  8868 11706  7360  9980  9420
ch   64:  10575  8704  9229  5709 13419 11622  8937  9549 11552 11417 12465  6712 15186 11973 12992  8571  9224  9883 11416  8552 14706  4973  9320 13192  9969  9923 11965 11450 14376  7760  8033  5613
ch   65:   7796 13010 10138 12580 14884  9932 11120 11715  6224 13032 12918 13769  6610  8407  6770 12219 12034  4775 10311 10150 10673 13398  9250 11251 14879 10265  9397  9438  9996  7102  3233 12188
ch   66:  12173  4700 18866  9066  9439 11671 14323 12552 10910  8941  8021  7930 13096  8451 10220 11390 11710 12697  9090 12565  6575  6699 10383 11250 11224  9032  7109  6896 11620 11910  8213  3375
ch   67:   5892  6823 11538  5666  8726  7778 11419 10411 10213  9462 13692  8588  6836  9830  7372 11006  7124 13076 11345  6929 13256  2576 11674  9506 15353 11802 13565  6581  6277  5357 12332  8718
ch   68:  11896 11278  6332 12391 11826  6514 10504  9438 10846 14860  5907 11185  9771  9849 12562 12413  7202  8646 14847  8154  6852 12428  7665  6232  9511 13951 10336 11254 12317  9232  8527 11290
ch   69:   7570  6802  9115 12234 13098  8926  7386 11353  9719  8748  5563  8447  8511 13470  7373 11317 14061 11970 12803  7568  7833 10487  8843  7799 12372 10145 10891  6336  8145  6518  9376 13531
ch   70:  12193  6135  5271 10298 11495 11787  8119  6385  8355 13180 11169  9821 10913  8056  9314 14001 10437  7796  4186 12289 11011 14529  9351  9121 12631  7116 12011  6323 10381 10704 11349  5300
ch   71:  14117 10701 11951 15846  8861  8898  5196  8926  9773  9640  5132 11842  7317 13874  5691 11457 11978 10682  8067  7866 11356 10201  9953  7768 14923 12182  9050  8068  9585  9558 10102 11075
ch   72:   9179 10125  9233  8231  4641 14487 13028  8677 11014  8164  8773  7537 15532 10399 10401 16397 10224 10726 11725  9776 12899  6484  9390  8654  9112 11876 13295  9328  8908 11249 14161 12741
ch   73:  15396  8391  7842 13359 10586 13233 13589 10763  8285 13293  9606 13792 11465  9766 12495  9009  9961  7276  7561 11321 11824  9744  7242 11604  9523  9421 11537 10641 10171 12017 10970  8822
ch   74:  12775 11498  6194 12598 11161  6690  8770 11791  9009 16204  7416 10617  6814  9319 10787 11519 13396  8723  6163  8523  7815 11004  9132 13502 13021  3644 11677  6167  6031 10057  7461 13183
ch   75:   8916  5896  7409 15551  3809 14471 10544  9527  9208 10200 12451  8931 11142 14092 10965  8121 12728 12235 11336 10760 11774  9939  6917  8831 11740  8487 11556  9298 11561  9164 14353 12290
ch   76:   8057 14074  9419 11057  8673 10766  7912 10264 12965  7350 12738  7846  9450 11907 14917  8096 12263 10823  9765  9683  9188  6977  9287  5860  9872  9532  8492  8190 13379  8285  8369 13264
ch   77:  14359 15608  6197  4753 15106  8332  4222  9943 13131 11831 11064 12345  7046  5132 11314  7976 12870  8084  9014  7190  9221  9423 12070 15136  4192  8938 15703 12722  8726 13139 11501 12301
ch   78:   9096 12724 15798 10390  9003 12023 14128  8510  8798 13990  6479  8622 10326  6306 11861  6052 10856  6163  8926 11404 11191  9966 12694 12283  9070  8191 10637  8968  7011 10390 11397  8421
ch   79:  11540 13334  8820 11018 13238  5342 13585 12537 11660 10331 11123  9215 10054 10442 10158 11067  9281 11197  8446  8154 13370 16580 14223  9400  7203 13374 16134  9463  7466 10972 15424 10557
ch   80:   8965 16473 12622 10057 11920 10148 14487  6889  6872 13230 11058 10564 11228 10835 10791  6817  9043 10551  9923 11458 12391 16162  8538  7117  8904  8721  9553 10337  5938 11690  7964  5744
ch   81:  12021 12631 13009 10193 12537 10817  8849 14656  8921  9383 16646  8487  9098  7518 12275 11240 10323 10766 16074 12106  9777  8122  8370 10389  9350  8025 11300 15225 12903 13307 12936 10361
ch   82:  10647 15948 12321  9739 10619  6316 10107 11351 11389 12283  9115 14430 11571  9825  6718 11560  9990 14683 11314  8519  8479  7844  7927  6618  9753 11666 11873  9933  4861  7904  9775  8443
ch   83:  13480 11179 11688  9104 10356  8199  5274  6746 11046  8374 11144 11864 11310  9860 12559 14223  9371  5522  7457  9108  7923  8218  8888  6245 13604  9594 11986 12162 12919 12776  7962  9814
ch   84:  11638 12309 12350 12809 11674  9211 11015  8571  7394  9901  9331  5287 10675  8180 14643  9039  8120 15050 13376 12378 11018 10197 11832  7473 10812 11002  8976  4701 14119 11966  9921  8330
ch   85:   5335 10456 10225  6934  8408  9685 14180 11311  7481 10860 13961 10930 15478 12829  7613  9850 10297 10784 13401  8102 11825 10416  5602  8980 10434 14253 10484  7809  8935 15586 11119  7508
ch   86:  10616 12606 11628 11413 10626  8830  8751 10148  9125  8507 12526 10060 14526  8379 12556 11496 10391 11484  9174  9213 12485 14813 12418  9610 10994 12567  6764 10070  7471  7958 14184  7815
ch   87:  13727 10932  9747  9999  7895  8176 12198 11427  9098  7301 12986 13164  6843 12617  6757  9971  9516 12442 11273 11185 11976 10818  9971  8064  5902  9937 11460 12140  8491  9583  9924 14651
ch   88:   6914  4208 13642  7010  5059 10072 13927  9492 11929  8939 10798  6563  9938 11861  6476 10872 14007 10253  9151 14979 10919 12437  8001 10725  9956  8705  7228 13538  9334 10487  9747 14828
ch   89:   5659 11355  9635  9781 10728  8948  8258 10862  5891  7612  9915 11302 12838 13054  5635  7706 14069  9767  9263 10337 14771  6646  9742 14249  7653 14296  6545 14820  5552  9355 15021  9157
ch   90:   9282 13841 10292 14036  8755 13633  9700 13650  4665  9617 10782  9546 11354 11563 11864  8933  7694  9137 14327  7225  9317 11009 13475  6652 11206 14453 12333 10223  8459 12135  9543 11264
ch   91:   6134  7429 11952  9367 12551  7455  6942 16699  8323 12374  9310 11860 14872  8898  8509 10265 10810  6738  5671 13987  8052  9926 14883  9905  7602 12621  7487 12215  9688 17138 11178 10034
ch   92:   5233 14547  9956  6589  7146 11203 12496 13917  5761 10820 12135  8138  7457 10756  8072  7557  5599 11435  6668  8538 10810 12888 10931 11825 11392 14541  9938 11887  7420 15965  7337 11519
ch   93:   3524  9813  7131 16062 12189  7143 15268  8922  9287  9468 11439 18036 12074 15046  7180 10516 14921  7056 12361 14926 11547 13813 11434  7945 12656 12127 13765  9481 12229  9982 11508  3422
ch   94:  10247  9489  6237  6671 12520  7095  9568 11046  9225  9239 10558 10548  6539  9819 12064  4804  7450  8655 10438  6711 10423  6241 11947 10424  7105  7489 10194 11866 10244  9133  6306 16176
ch   95:  12484 16999  9069 13498  6743  7562  8318  9802 11859  5314  7613  8623 10408 10107 13089 13425  9299 13881  9971 16357 12389 11879  8579  7456 10278 12372 11718 10446 11000  8946  7664  8493
ch   96:   9467 11504 14644 14344 12051 11440  9658 11369 10858 11925 10804 11263  6373  9476  7773  7547 13719  6700  6841 12544 12413  8709  9918 12086 10196 11692 11916  7200 10340  8136 10696 10203
ch   97:  14981 13272  9823  9197  7838  9845  8751  6577 10634 11498  9670 11802  7959  7767  6599 13500 11682 15144  4312  6760  9725 10697 12044 12705 14179 10831  9514  8161 13884 13323 11891 10597
ch   98:  13094 12408  4039 15991  7900  7381 11254  7525 14575 10238  6287 13790 11461  9439 11361 15061  7028  7645 12330  4268  7041  7113 12813 10790  9501 11374  7683  8052 12725 10949 14911 12896
ch   99:   5275  5982 11219 12431  8990  7659 11995  9771 11154 10598  9331  8336 12884 12238  9660  9138  6559  8863 12750 11389  6889 12803  9070  7850 12782 11339 14666  5263 13051 12815  6005 11857
ch  100:   4725  9666  9368  4831 13048  6177  8837  9493  9682  9106 10355 11095  7270 15436 11106 14228  9675 11429  8869  9305  9733 14425 12366 13629 13136  6335 10103  7466 11740 14113 11414  8634
ch  101:   7296  3330  6212  8760 15213  8110  8418 11075  7085 12259 10699  9329 13725  8759 13591 10161 13068  9342 11348  5999  5775  9570  9511 12003 11056 12161 13671 14442 11602 14761  7866 14739
ch  102:  10316 15281  8422 14285  5707  9133 10901 10683 10282  9770 11792 16533  8430 14377 10454  9241 15184 17403  8748 10156 10700  9550 10246 14698  7253  8281  7081 10188  6162 11021 10363  9608
ch  103:  10631 13916 12535  5782  7816 14963 10068  9888 12800  6581 11034 11897  9301  6532 12555  7064  8236  8411 11521 11909  7311 10867 13142  7893  9070 11915 11001 15862 12067  8767  9915  9243
ch  104:   9818 13240 10617 10931 15080  6978  9927  9203  6518 15669  7458  4748  9692 14139 13135  6896  9896 11678  5934 10427  6428 10290  9017  4002  8103 12055 11720 13337  7854 10811  5581 12630
ch  105:  11536 15913 16104  9845  8507  9524  8560  9127 10615 15058  4598 12519 11175  9039  9077 14117 10789 14735 15339  9233  9919  9193 11589 11938  9813  8105  8023 12181  9921 10348 10491  7256
ch  106:   9693 11627  5577 10354 11149 12820 15380  9907 11204 13567  7096 10067  9214  9234  7893 15546 13189 14078 11606  7697  8205  9872 12063 11244  8382 11033  8083 10214 12348 12773  9928 11127
ch  107:   5924 15093  4812  4694 12459 11380  8332 10896 12279  8466  6647 14156 10191 10079 11622  9678  6946  9794  8932  8472 10649  5535 12829  9474  7088  7787  7054 11063 11871 10646 11635  8310
ch  108:   8719 12112 13371 13986  5102  8857  8309  7627 14029  7466  7712  6778 10437 11623  9786  9806 15008 11493 12143  6914 11297 10434 11314  9346  8718 12371  4285  4231  5657 10145 11761  6305
ch  109:   7673  8603  8647  6103 11021 10976 10447  9693 10338  6244 10791 14314 10726 12151  9645 15135  9832  9661  8702 11236  7731 16397  9520  7921 11115  6607  8751 11414 11060  4119  9916 12075
ch  110:   4978 10319 13740  8284 11007  6379 11580  8986  8145  6372 16326 11150 14127  8576 14766 11020 13474  7654  7839 14864  7887  9718 13144 10148 10988  4795 10410  4549 10179  9309 10697  5565
ch  111:   6030  6551  8089 13421  8250  8783 12135 14805 11988  7773  7870  7752 10921 12999 10582  8256 14017  9773 10743  9650  8478  7809  7967 14800 11574  8472  9947  5701  5909 11217  8700  7310
ch  112:   6078 12371 11513 11617 10145  7884  7139  9913 10895 12288 11348  6237  9526  8091 13984 10313  8648  7104 12000 11243 11217  5570 11156  8804 10643 13073 11959 10892  9435 12586 10272 14270
ch  113:   7411 13641 12478 11921 10966  8023  8653 10489  7662  6229 11702  8983  8659  9795 10738  9452 12025 11515 14003 12937  3552  9579 11445 10768 13248  8681 13589  8401 12160  9818  9747 10285
ch  114:   5480 14023 11893 13229  9472 10684 10979 12174 14238 14063 11937  8693  8784 13409 10336  7439 10481  9128  4041 16106 11629  7809 11157  9365 11170  9547 12447  9867 16925 10070 10344 12509
ch  115:   8359  8946 12161  7509  9094 10611 10502 12270 11110  4949 14064 12674  5653  7707  9529 13725 12641  8484 12192 12358 13396  9219  7678 12169 10704 15969 10503 10917  8990 12807 13867  7304
ch  116:   6218 14090  8573  9665  8858 10183 10577  9763  9358 13840  9642 10545  6169  7792 10299 11039  7898 11957 11043 10293 14119  9745 14405 10790 11116  9478  8353 11067  8818  8726  8770  9335
ch  117:   7013  7412 10223 11255 10865  8676 11738  6884  7439 10344 10545  7665 10598  4662 10931  7181  8832  6367 10287 10010  8858  8798  9814  9007 11235 11663  9411 10120  9431  9863  7632  9902
ch  118:   6460 15234  8643  9162  8997  8492  6983  5040  2247 14991 13071 10799  6803  5331  7468  9754 12522 11498  9628  8026 13392 14212 11471  7700  9784 11287 16730 10849  7986  9786 11425  7777
ch  119:   9634 14313 10073 13115 11552  7139  9733 11432 11913  6557  9530  9961 10608  8512 10557 12077  7523 15388 11672  7333  5989  6066  7588 12758  9631 10929 16743  9162  8335  9448 11968 12644
ch  120:   8598 11686 11151 10372  8057 11254  8416  6863 10367 12262 10668 13718  8166  9665 12301 13878 11840  6467 12797  6411 10402  9909 12891  9971  4437  5271 13618  8079  6121 11126 10490 12437
ch  121:  12114 14419 12934  9950 10449 10323 15753 11532 11211 12824 14671  8992  9742  6529 11939  8733 12854  9440 12619 13341  9946 12586 13462  7026 11555  5773 13358 10039  7522 11682 12872 10507
ch  122:  10126 10764  8992 14768  8685 11945  7094 13541 13809  6477  3521 11573  9538 15315  9617 10627 11710  9955  9744  8259  8300 15085 10739  9291 12255 12677  6764 16374  6442  9588  9295  7833
ch  123:  11406 10253  8007 12227  6693 11657 10470  9729 10748 13061  9872 10389  6807  3803 15352  8014 10585 14932  7130  7653 10536  8538 13085 11785 15171  8405 10689 13016 10705  9578 10972  7957
ch  124:  14962 10307  9215 13716  7981 10983 11752  7263 11120 12618  9370 12317 10315 14362 10167 12222 13644  8892 11982 11889  9815  9715 10746  9831 14270 12609 10454 10517 12762 13849 14563  8974
ch  125:   9000 13131 12477  4285 11953 10805  7615 12070  7137 10173  7651  8319  8553  7982 14914 10267  8876 10813  4125 12546 10710 12383  7591  8065  7556  8443  6390 16735  4292 13198 12572  9433
ch  126:   9625 15123 11357 12640  5611 11772 13682 13355  8586 14007  9249  8584  8126 12772  8058  8432  8652 16292  5444  8627 14890 10409  4775 13022  7740 12857  9690  8940  8970  8166 11543 14454
ch  127:   4576  8936 10030 12669  9933 11924  9993  9222 10825  5314  7061 13616 10995  7592  7441  9501 12699  5218 10335  7673  4572  9005 13664 14670 12876 11836 14793 10527  7985 11431 12099  7176
