ch    0:      0     0     0     0     0     0     0     0     0     0     0     0     0     0     0     0     0     0     0     0     0     9    28   113   799  4403 10212 11009 12124 12266  7345  1600
ch    1:      0     0     0     0     0     0     0     0     0     0     0     0     0     0     0     0     0     0     0     0     0     2     9    88   492  4431  9921 10247 11977 10770 11778 10526
ch    2:      0     0     0     0     0     0     0     0     0     0     0     0     0     0     0     0     0     0     1     2     8    13    38   136  1132  5511 13864  9716  7490  3965 12515  3067
ch    3:      0     0     0     0     0     0     0     0     0     0     0     0     0     0     0     0     0     0     0     0     1     2    17   118  1331  7408 11597  4210 12467 14525  8064 10287
ch    4:      0     0     0     0     0     0     0     0     0     0     0     0     0     0     0     0     0     0     0     1     6    17    32   155  1043  9334 11518 13593 14555 16136 14335  4202
ch    5:      0     0     0     0     0     0     0     0     0     0     0     0     0     0     0     0     0     0     0     0     1     4    22   116   995 11201  8577 14596  8208 12563  8921 13339
ch    6:      0     0     0     0     0     0     0     0     0     0     0     0     0     0     0     0     0     0     0     0     5    19    62   152  1299  8999 10011  9331  6469  9186 10267  5435
ch    7:      0     0     0     0     0     0     0     0     0     0     0     0     0     0     0     0     0     0     0     0     0     6    44   246  1711 15903  7412  8805 10300 10538  7816  8263
ch    8:      0     0     0     0     0     0     0     0     0     0     0     0     0     0     0     0     0     0     0     1     5    29    92   380  1589 15395 11515  6810 12164  8103 10156  5467
ch    9:      0     0     0     0     0     0     0     0     0     0     0     0     0     0     0     0     0     0     0     0     1     8    54   302  2331  5281 12371  8509  2792 11471  9524 17046
ch   10:      0     0     0     0     0     0     0     0     0     0     0     0     0     0     0     0     0     0     1     1     8    27    83   271  1866 16040  7891 12967  5242  7578 10678  7430
ch   11:      0     0     0     0     0     0     0     0     0     0     0     0     0     0     0     0     0     0     0     0     0     8    59   290  3154  8168  8378  4732 10672  9661 11028 13125
ch   12:      0     0     0     0     0     0     0     0     0     0     0     0     0     0     0     0     0     0     0     2     9    39   102   457  3123 15576  9163 11064 11362  8206 13022  8161
ch   13:      0     0     0     0     0     0     0     0     0     0     0     0     0     0     0     0     0     0     0     0     4    13    58   392  3884 16525 11005 11636  9805  7193  6819  7881
ch   14:      0     0     0     0     0     0     0     0     0     0     0     0     0     0     0     0     0     0     0     1     9    43   135   411  3590  8957 13587 12962 11351 15627 11166 10163
ch   15:      0     0     0     0     0     0     0     0     0     0     0     0     0     0     0     0     0     0     0     0     0    20    72   631  4311 15876 13488 12865 11362 15292 11261  9879
ch   16:      0     0     0     0     0     0     0     0     0     0     0     0     0     0     0     0     0     0     0     2    11    46   125   637  3378  3021  6001 13213  8378 10593 11876  9830
ch   17:      0     0     0     0     0     0     0     0     0     0     0     0     0     0     0     0     0     0     0     0     2    10    70   631  5187 16800 11474 10223 10507  8486 13882 11114
ch   18:      0     0     0     0     0     0     0     0     0     0     0     0     0     0     0     0     0     0     0     3    11    46   196   631  3984  9297  8524 10615 10396  7965  8433 12453
ch   19:      0     0     0     0     0     0     0     0     0     0     0     0     0     0     0     0     0     0     0     0     0    14    72   619  7465  5958 11522  6197  6767 12237  8582 10973
ch   20:      0     0     0     0     0     0     0     0     0     0     0     0     0     0     0     0     0     0     0     2    16    57   175   793  5534 10756 11514  8096 10453  6481 12952 11636
ch   21:      0     0     0     0     0     0     0     0     0     0     0     0     0     0     0     0     0     0     0     0     2    12   104   758  5610 10431  9497  8244 11625 11012 11668  9660
ch   22:      0     0     0     0     0     0     0     0     0     0     0     0     0     0     0     0     0     0     0     4    11    58   188   719  4506  9943 10105 11949 10253 10730 10297 15695
ch   23:      0     0     0     0     0     0     0     0     0     0     0     0     0     0     0     0     0     0     0     0     2    21   173   942  7103  5859  9120 10635 10595 10733 11471 13326
ch   24:      0     0     0     0     0     0     0     0     0     0     0     0     0     0     0     0     0     0     3     8    19    78   229  1128  7173  5639 11480 13276  9314  6186 11249 15681
ch   25:      0     0     0     0     0     0     0     0     0     0     0     0     0     0     0     0     0     0     0     0     1    21   170   799  7673 13506  5148  9058 11420 12291  4885  9877
ch   26:      0     0     0     0     0     0     0     0     0     0     0     0     0     0     0     0     0     0     1     4    18    71   237  1036  7358  6818 12398 12053 12340 12707 12417 18614
ch   27:      0     0     0     0     0     0     0     0     0     0     0     0     0     0     0     0     0     0     0     0     4    34   186  1072  9130  4027 10413  9048 13139  7309 12083 13760
ch   28:      0     0     0     0     0     0     0     0     0     0     0     0     0     0     0     0     0     0     1     4    22    85   237   829  8807  4357  6538  7846 10966  7965  8623 17610
ch   29:      0     0     0     0     0     0     0     0     0     0     0     0     0     0     0     0     0     0     0     1     6    20   118  1272  9448  3378  7710  4952  5742 16294 15397  8727
ch   30:      0     0     0     0     0     0     0     0     0     0     0     0     0     0     0     0     0     0     0     4    19    70   202  1217  6749  3530  8457 13966  9478 11804  5816 17690
ch   31:      0     0     0     0     0     0     0     0     0     0     0     0     0     0     0     0     0     0     0     0     1    34   224  1481 11258 12137 13299 10090  9737  8149  7937 14977
ch   32:      0     0     0     0     0     0     0     0     0     0     0     0     0     0     0     0     0     0     2     4    21    75   292  1607  9410 14242  5266  7616 11118  9607 10344 12226
ch   33:      0     0     0     0     0     0     0     0     0     0     0     0     0     0     0     0     0     0     0     1     5    19   137  1122  9814 14263  9558  8142 13197  8556 12327 10892
ch   34:      0     0     0     0     0     0     0     0     0     0     0     0     0     0     0     0     0     0     0     5    26    81   349  1302  9399  9728  8362  9871 15498  7007  9973  1701
ch   35:      0     0     0     0     0     0     0     0     0     0     0     0     0     0     0     0     0     0     0     1     4    23   253  1835 10620  8960 12310  7719  3923 10918  4440  7391
ch   36:      0     0     0     0     0     0     0     0     0     0     0     0     0     0     0     0     0     0     2     9    27    78   293  1851 13113 15102  7649  7773  9881 10947  8502 17469
ch   37:      0     0     0     0     0     0     0     0     0     0     0     0     0     0     0     0     0     0     0     0     4    30   189  1237 10184 11877  8630  9521  8321  8796 11746 10480
ch   38:      0     0     0     0     0     0     0     0     0     0     0     0     0     0     0     0     0     0     1     4    22    88   350  1285  8196 14816 13696  7041  7552 11201  8948  2200
ch   39:      0     0     0     0     0     0     0     0     0     0     0     0     0     0     0     0     0     0     0     0     3    32   242  1326 13954  2440 13411  9425  9367 12352  9955 11165
ch   40:      0     0     0     0     0     0     0     0     0     0     0     0     0     0     0     0     0     0     0     4    25   116   431  1732 11187  8025  9726 12262 11463  4850  8626 17050
ch   41:      0     0     0     0     0     0     0     0     0     0     0     0     0     0     0     0     0     0     0     1     5    26   173  1498 12021  3991 14137 10714  9933 10350  6631  6991
ch   42:      0     0     0     0     0     0     0     0     0     0     0     0     0     0     0     0     0     0     3     4    35   143   408  1393  8726  8632 14147 10749  7619 12755 11152 18339
ch   43:      0     0     0     0     0     0     0     0     0     0     0     0     0     0     0     0     0     0     0     0     1    25   204  1468 12010 10207  8526  9805 13642 11962 11482  9933
ch   44:      0     0     0     0     0     0     0     0     0     0     0     0     0     0     0     0     0     0     2    10    24   125   376  1663 12313  9390 10673 14657  5187 15321 11259 14976
ch   45:      0     0     0     0     0     0     0     0     0     0     0     0     0     0     0     0     0     0     0     0     1    31   201  1337 12681  7173  8617  8411  6493 12707  8929 10246
ch   46:      0     0     0     0     0     0     0     0     0     0     0     0     0     0     0     0     0     0     0    10    37    97   442  1801 12070 11978 11488 11470 12527  5096  7175 17735
ch   47:      0     0     0     0     0     0     0     0     0     0     0     0     0     0     0     0     0     0     0     1     7    39   232  1837 13443 12411  9975 14932  8815  4495  9515 11285
ch   48:      0     0     0     0     0     0     0     0     0     0     0     0     0     0     0     0     0     0     1     6    43   127   428  1904 13793 10653  9278 17222 12373 10445  8448 17944
ch   49:      0     0     0     0     0     0     0     0     0     0     0     0     0     0     0     0     0     0     0     1     4    22   263  1725 12295  9014 13610 13708  8231 11536  8883 10660
ch   50:      0     0     0     0     0     0     0     0     0     0     0     0     0     0     0     0     0     0     0     1    27   119   459  1700 11792  9505  8689  5374 11518 12202  7676 14134
ch   51:      0     0     0     0     0     0     0     0     0     0     0     0     0     0     0     0     0     0     0     1     4    39   280  2541 12759  8433 14246 14819 10311 14288 16899  8888
ch   52:      0     0     0     0     0     0     0     0     0     0     0     0     0     0     0     0     0     0     0     6    28   112   412  2108 10021 10436 11830 10054  9424 18224 11919 12566
ch   53:      0     0     0     0     0     0     0     0     0     0     0     0     0     0     0     0     0     0     0     0     7    50   270  2084 12594 11542 13056 13000 15765  8361 10459  8572
ch   54:      0     0     0     0     0     0     0     0     0     0     0     0     0     0     0     0     0     0     2     3    38   111   376  1724 11856 15321  7335  8257  6040  9220 10812 18688
ch   55:      0     0     0     0     0     0     0     0     0     0     0     0     0     0     0     0     0     0     0     3    11    59   297  2079 12220 12488  7364  7697 10788  4544  7428 11764
ch   56:      0     0     0     0     0     0     0     0     0     0     0     0     0     0     0     0     0     0     3    11    47   148   463  2312 14205 11295  6673  9972 12770  8859  9143 13597
ch   57:      0     0     0     0     0     0     0     0     0     0     0     0     0     0     0     0     0     0     0     0     6    46   337  2168 15147 12523 12635 13129 12009 10635 11227 13611
ch   58:      0     0     0     0     0     0     0     0     0     0     0     0     0     0     0     0     0     0     0     5    36   168   492  2222 13394 13092 14966  6732 10920  8198  9194 15706
ch   59:      0     0     0     0     0     0     0     0     0     0     0     0     0     0     0     0     0     0     1     2     7    49   320  1949 15408 16432  7014  5333 10797 11964  7696  7781
ch   60:      0     0     0     0     0     0     0     0     0     0     0     0     0     0     0     0     0     0     1     6    34   157   551  2029 11658 11217  6660 11655  7229 11580  9140 15275
ch   61:      0     0     0     0     0     0     0     0     0     0     0     0     0     0     0     0     0     0     0     0     7    45   363  1773 11465 11099  7482 12747  9434  9963  7949  8499
ch   62:      0     0     0     0     0     0     0     0     0     0     0     0     0     0     0     0     0     0     2    11    40   158   553  2373 13678 12554 10756 12893 11449  9843 10370 16130
ch   63:      0     0     0     0     0     0     0     0     0     0     0     0     0     0     0     0     0     0     0     1     7    71   291  2057 13622 13341  5596 16410 10406 11188 13015 10960
ch   64:      0     0     0     0     0     0     0     0     0     0     0     0     0     0     0     0     0     0     2    14    46   193   556  3215 15074  7366 11745  6916 15203 10105 15348 14333
ch   65:      0     0     0     0     0     0     0     0     0     0     0     0     0     0     0     0     0     0     0     1     6    42   398  2221  7134 11152  3165  8417  7674 11123 10033 12151
ch   66:      0     0     0     0     0     0     0     0     0     0     0     0     0     0     0     0     0     0     4    11    60   195   627  2161 13347 12075 13307 14232  9030 12251  4270 16414
ch   67:      0     0     0     0     0     0     0     0     0     0     0     0     0     0     0     0     0     0     0     3     7    39   334  2525  5016  9203 15659 10378 11102  9536  7003  9188
ch   68:      0     0     0     0     0     0     0     0     0     0     0     0     0     0     0     0     0     0     2     8    52   182   626  2362 13496 12041  6771 10262  8060 12360  8647 15876
ch   69:      0     0     0     0     0     0     0     0     0     0     0     0     0     0     0     0     0     0     0     2     6    36   411  2445  7553  8463  8170 11483  8831  8325  7432  9687
ch   70:      0     0     0     0     0     0     0     0     0     0     0     0     0     0     0     0     0     0     0    12    71   207   583  2321 11547  9056  8208 10901 10113  8401  7874 15753
ch   71:      0     0     0     0     0     0     0     0     0     0     0     0     0     0     0     0     0     0     0     2     4    59   354  3804 15343 10544  8691  8570 12501  9759 10653 12424
ch   72:      0     0     0     0     0     0     0     0     0     0     0     0     0     0     0     0     0     0     1     9    61   218   652  2958 14228 12279 10812 14705 13280  8223 12570 18548
ch   73:      0     0     0     0     0     0     0     0     0     0     0     0     0     0     0     0     0     0     0     2     7    59   269  2572 13066 14534 11751  8200 14371 11716 13730  8373
ch   74:      0     0     0     0     0     0     0     0     0     0     0     0     0     0     0     0     0     0     3    11    57   196   608  2001 14590  6582  9049 10684 10170  6649  8304 16179
ch   75:      0     0     0     0     0     0     0     0     0     0     0     0     0     0     0     0     0     0     0     1    11    64   414  2967  2508  9522 10196  8540 12977 10127  7126 12686
ch   76:      0     0     0     0     0     0     0     0     0     0     0     0     0     0     0     0     0     0     1    10    69   232   722  3657 14385  9533 11298 13490  7398  5792 10550 18183
ch   77:      0     0     0     0     0     0     0     0     0     0     0     0     0     0     0     0     0     0     0     0     8    53   367  2586  5182  7997  9414  8969  9369  9418  5294  7427
ch   78:      0     0     0     0     0     0     0     0     0     0     0     0     0     0     0     0     0     1     2    10    38   205   740  2547 14195  9427 14453 12713  7562 10950  7465 19451
ch   79:      0     0     0     0     0     0     0     0     0     0     0     0     0     0     0     0     0     0     1     4    16    66   359  2579  5222  9331  8154 10268  6699  8740 11175 10018
ch   80:      0     0     0     0     0     0     0     0     0     0     0     0     0     0     0     0     0     1     1    12    57   282   782  3378  6252  9535  5765  7802 13503  7548 11854 17914
ch   81:      0     0     0     0     0     0     0     0     0     0     0     0     0     0     0     0     0     0     0     3    12    71   422  3233 12816 14435  6792 14168  9381  8119  4576 12143
ch   82:      0     0     0     0     0     0     0     0     0     0     0     0     0     0     0     0     0     2     4    19    60   202   734  3269  3731  9096 11456  7367 11832  9588  6844  2329
ch   83:      0     0     0     0     0     0     0     0     0     0     0     0     0     0     0     0     0     0     0     2     9    54   466  2454  6932 12663  9385 15810 10157 12531  6830 11223
ch   84:      0     0     0     0     0     0     0     0     0     0     0     0     0     0     0     0     0     0     1    14    58   223   797  2913  9951 11011 10034  7312  9701 11409  7452  2126
ch   85:      0     0     0     0     0     0     0     0     0     0     0     0     0     0     0     0     0     0     0     1    13    96   558  3310  6177 10021  8450 11911 16822 15526 13339 12782
ch   86:      0     0     0     0     0     0     0     0     0     0     0     0     0     0     0     0     0     0     0    13    49   201   806  3102 15055 11215 10939 13174 14291  9093  7255  4890
ch   87:      0     0     0     0     0     0     0     0     0     0     0     0     0     0     0     0     0     0     0     0     5    70   383  3202 13108 10302 12902 13949  9489  8848 12076  8572
ch   88:      0     0     0     0     0     0     0     0     0     0     0     0     0     0     0     0     0     0     0     8    73   242   783  6105 13031 10181 10462  6608 13088 11534  7156  4141
ch   89:      0     0     0     0     0     0     0     0     0     0     0     0     0     0     0     0     0     0     0     2    11    60   523  3584  5732  8080 10620  8543 15389 11232 12900  7176
ch   90:      0     0     0     0     0     0     0     0     0     0     0     0     0     0     0     0     0     0     1    15    68   256   805  3007 15884 13403  8313 11148  8411 12495 10128  5042
ch   91:      0     0     0     0     0     0     0     0     0     0     0     0     0     0     0     0     0     0     0     2    10    84   378  3771  6897 10582 13083 12457  9713  8603  9659  8273
ch   92:      0     0     0     0     0     0     0     0     0     0     0     0     0     0     0     0     0     1     2    14    73   293   864  3782  6958  7742 11199 10207  8548 11267 12880 11616
ch   93:      0     0     0     0     0     0     0     0     0     0     0     0     0     0     0     0     0     0     1     1    15    84   601  3786 13156 14028  9870 13884  8789 11385 10770  8783
ch   94:      0     0     0     0     0     0     0     0     0     0     0     0     0     0     0     0     0     0     2    12    59   233   771  3387 13677 13890 12713  7380  9496 10446  9783  5798
ch   95:      0     0     0     0     0     0     0     0     0     0     0     0     0     0     0     0     0     0     0     2     7    95   560  4130  2843  9068 10272  6968 10564 11096  8132 12566
ch   96:      0     0     0     0     0     0     0     0     0     0     0     0     0     0     0     0     0     0     0    11    71   283   918  3681  5589  8554 13018 10374 10595  5861  7776 10596
ch   97:      0     0     0     0     0     0     0     0     0     0     0     0     0     0     0     0     0     0     1     2    13    80   676  4108 12057  6606 11902 11908 11059 12380  8883  6678
ch   98:      0     0     0     0     0     0     0     0     0     0     0     0     0     0     0     0     0     0     1    14    67   215   848  3282 11512 11765  7958 10438 12285  9446  9879 15821
ch   99:      0     0     0     0     0     0     0     0     0     0     0     0     0     0     0     0     0     0     0     1    10    69   406  4054 12029  9036 11289  8734 13351  8901 11740 10730
ch  100:      0     0     0     0     0     0     0     0     0     0     0     0     0     0     0     0     0     0     4    15    81   321  1025  3967  8790 15098  7334  9435 11581 14975 12384 17336
ch  101:      0     0     0     0     0     0     0     0     0     0     0     0     0     0     0     0     0     0     1     1    19    96   627  3427 14437  7402 13259 12274  5520 13045  9256 10673
ch  102:      0     0     0     0     0     0     0     0     0     0     0     0     0     0     0     0     0     0     3    21    67   260   987  2856  6709 11327 14218  8655  7092  9343  5875 19197
ch  103:      0     0     0     0     0     0     0     0     0     0     0     0     0     0     0     0     0     0     0     2    14   112   717  4183 13077 10594 16005 10543 10327  9837 11274  7423
ch  104:      0     0     0     0     0     0     0     0     0     0     0     0     0     0     0     0     0     0     4    18   104   341   926  5781 12267  7060  7721  7630 14818  9961  6322  4268
ch  105:      0     0     0     0     0     0     0     0     0     0     0     0     0     0     0     0     0     0     0     0     9    70   532  3808 14311 10753  7363 13912  5526  8554  8779 10141
ch  106:      0     0     0     0     0     0     0     0     0     0     0     0     0     0     0     0     0     0     3    13    90   283   884  3926  7742 11280 11951 12925  9667  9686 14897  8330
ch  107:      0     0     0     0     0     0     0     0     0     0     0     0     0     0     0     0     0     0     2     4    16   113   634  4342 10758  8757 13922 11051 10918 11985  9474  9226
ch  108:      0     0     0     0     0     0     0     0     0     0     0     0     0     0     0     0     0     1     5    25    86   406  1126  5049 14445 11434 10465  9164  9478 11648 11576 18370
ch  109:      0     0     0     0     0     0     0     0     0     0     0     0     0     0     0     0     0     0     0     4    20   106   626  4944 12300 10170  6343 12649  7793  9902  3769 15206
ch  110:      0     0     0     0     0     0     0     0     0     0     0     0     0     0     0     0     0     0     4    23    96   296   969  3939 13582 15180  9147 13324  8049 12172 11621  3926
ch  111:      0     0     0     0     0     0     0     0     0     0     0     0     0     0     0     0     0     0     0     4    18    73   917  7647  9837 10406 11774  7642 12080  9289  7328 12946
ch  112:      0     0     0     0     0     0     0     0     0     0     0     0     0     0     0     0     0     0     1    20   105   298  1271  5746 12104  7867 14538 11597 17132 10839  7056  7648
ch  113:      0     0     0     0     0     0     0     0     0     0     0     0     0     0     0     0     0     0     1     4    20   151   963  5649  4176  9574  8732  7723  4745  7901 16284  9395
ch  114:      0     0     0     0     0     0     0     0     0     0     0     0     0     0     0     0     0     1     3    28    82   295  1297  4446 11715 14560 14488 11985  6844 13397 11697  6350
ch  115:      0     0     0     0     0     0     0     0     0     0     0     0     0     0     0     0     0     0     2     4    36   114   581  5470  8694 10710 13086 10096 14548  8462 11913  7251
ch  116:      0     0     0     0     0     0     0     0     0     0     0     0     0     0     0     0     0     0     7    30    97   374  1287  4421 12503 15810 10531  7489 11727 13185  9390 10357
ch  117:      0     0     0     0     0     0     0     0     0     0     0     0     0     0     0     0     0     0     0     3    16   149  1230  5374  9589  7842 10633 10980 11436  9049 13547 13403
ch  118:      0     0     0     0     0     0     0     0     0     0     0     0     0     0     0     0     0     1     4    28    92   254  1368  4899 13715 11470 10606 13507 13959 10646  9188  2929
ch  119:      0     0     0     0     0     0     0     0     0     0     0     0     0     0     0     0     0     0     0     6    28   161   755  6975  3684  9533 11839 12101 11612 15170  8776  8356
ch  120:      0     0     0     0     0     0     0     0     0     0     0     0     0     0     0     0     0     0     3    16   103   380  1077  6200  8043  9033 13850  7626  9614 13384  9846  5709
ch  121:      0     0     0     0     0     0     0     0     0     0     0     0     0     0     0     0     0     0     1     8    36   183  1048  7763  6675  8669  9466 12725  6314 14623  7806  7848
ch  122:      0     0     0     0     0     0     0     0     0     0     0     0     0     0     0     0     0     1     4    26   133   369  1383  4613  9397  7371 10132 11237 10151  6457  7928  6789
ch  123:      0     0     0     0     0     0     0     0     0     0     0     0     0     0     0     0     0     0     0     7    32   184  1190  8661 13364  6701 10309  7350 10776 11911  9667  7452
ch  124:      0     0     0     0     0     0     0     0     0     0     0     0     0     0     0     0     0     2     8    35   160   630  1544  7860 11245  5476 10097  7596  2958 12214  6599 15684
ch  125:      0     0     0     0     0     0     0     0     0     0     0     0     0     0     0     0     0     1     3    12    77   400  1982 14395  9122 13422  8431 13192  9320  8696 11217 10094
ch  126:      0     0     0     0     0     0     0     0     0     0     0     0     0     0     0     0     0     1    11    43   179   491  2082  9057  9429  9933  7354 10625 10898 12394 13417  7065
ch  127:      0     0     0     0     0     0     0     0     0     0     0     0     0     0     0     0     0     1     4    23   141   621  2831  2889 10687 12933  7596 10041 12829  9898  6677 11132
