# ID XA-000-08-003-000-001-186-10
# Tag _trim_
# Date 240715_20:27:35
# Vref_p 56
# Vref_n 21
# Thr2_glb 48
# Vref_t 118
# Vref_t_range 1
# Pol 1
# ADC range 30-247
# FAST disc 30
ch:   0  120  129  124  123  126  114  126  123  117  118  115  110  118  119  114  126  107  122  111  116  107  113   99  106   94  103  104  110  121  106  117   22
ch:   1  123  135  121  123  131  121  126  120  122  108  126  119  117  116  118  125  110  108  109  117  103  121  108  106  116  117  100  123  129  124  126   28
ch:   2  133  119  122  126  125  125  125  119  106  129  111  120  121  115  119  133  107  117  107  103  115  106  116  100  104  109  109  120  103  102  101   37
ch:   3  130  127  122  124  126  122  123  121  124  124  110  115  119  109  115  110  119  108  115  116  109  105  121  118  121  120  118  118  124  125  120   26
ch:   4  123  123  121  133  126  118  117  114  119  121  118  115  124  118  108  110  114  102  114   86  103  116  101  104  109   99  108  103  109  110  109   36
ch:   5  131  115  127  123  122  116  131  124  119  120  122  126  121  115  114  113  114  122  117  108  115  119  110  122  100  115  102  127  114  123  116   32
ch:   6  107  124  124  116  127  108  118  116  109  108  117  121  117  119  110  119  106  113  107  104  102  102  109  107   99  106  100  106  105  112  107   42
ch:   7  133  125  118  135  125  118  118  120  121  109  116  116  110  116  102  105  102  104  110  115  111  103  115  119  109  117  120  120  123  111  111   26
ch:   8  125  125  135  121  117  120  120  109  108  117  119  116  115  119  118  115  107   94  101   99  113   95  114  102  107  105  108  106  121  106  114   37
ch:   9  123  124  115  118  123  122  125  114  134  111  115  117  117  122  118  123  105  115  110  120  115  103  119  113  106  117  104  117  120  122  123   30
ch:  10  136  123  122  131  108  121   -1  118  108  123  126  116  121  109  109  118  116  111  100  117  103  108  100  104  115  103  106  114   99  115  110   38
ch:  11  124  118  129  135  132  123  119  122  126  103  119  131  115  108  116  106  108  109  117  119  115  114  107  120  106  117  108  113  116  104  108   52
ch:  12  139  137  109  124  127  122  110  119  109  126  121  110  114  124  110  114  105  106  116  115   98  111  108  110  100  105  114  108  113  118  104   36
ch:  13  133  133  135  122  121  122  120  121  130  119  117  124  122  108  109  119  106  116  110  116  117  106  110  109  109  109  118  117  114  124  113   41
ch:  14  120  138  120  131  126  117  124  116  122  103  115  111  108  115  118  108  107  105  113  121  105  107  110   92  104  109  106  115  107  116  110   53
ch:  15  123  124  132  120  121  124  127  118  120  116  125  121  110  119  111  109  117  110  105  108  121  108  105  122  120  116  120  106  125   93  114   51
ch:  16  120  129  134  120  127  129  119  124  126  125  118  110  108  118  110  108  109  114  107  104  110  105  110  105   94  106  106  117  116  120  118   53
ch:  17  131  124  125  119  125  124  126  136  111  118  118  112  117  117  110  115  111  105  110  114  118  115  106  107  115  113   -1  110  122  120  117   53
ch:  18  126  136  133  124  135  107  126  116  115  123  115  115  114  107  110  111  114  102  108  110  115  116  106  118  105  105  101  107  108  114  125   56
ch:  19  132  125  138  132  127  122  119  119  120  117  123  119  111  107  120  118  118  106  103  110  117  120  116  114  109  116  110  125  108  117  126   44
ch:  20  125  123  119  130  119  119  116  123  119  118  121  115  117  118  114  105  104  108  111  101  105   92  101  107  109  106  116  106  117  109  109   56
ch:  21  135  121  131  124  122  124  121  121  116  122  119  121  115  107  115  116  118  120  106  113  119  115  115  117  115  122  115  106  108  124  120   56
ch:  22  131  135  117  116  123  130  109  117  111  107  118  122  117  118  108  106  117  118  114  100  100  101  100  116  106  115  103  119  115  102  110   43
ch:  23  134  132  123  120  119  118  120  120  118  121  121  117  118  121  117  117  127  117  117  122  114  110  111  118  122  102  127  105  114  123  117   53
ch:  24  123  130  131  124  124  120  121  118  122  118  115  117  122  106  116  116  106  118  118  105  105  120   92  102  115  106  108  102  113  101  107   53
ch:  25  123  124  124  134  117  124  121  125  122  123  117  121  106  117  124  104  118  117  113  102  105  107  103  119  118  118  117  119  114  121  114   49
ch:  26  119  122  124  121  116  132  133  116  118  114  131  118  116  113  111  110  113  117  110  103  119  104  119  117   95  103  115  107  104   95  106   48
ch:  27  126  124  124  122  127  136  123  122  124  117  118  114  120  123  119  111  109  110  120  107  105  107  109  123  116  118  108  123  117  117  124   55
ch:  28  131  120  116  131  124  114  117  119  122  124  120  120  109  117  120  102  105  115  109  104  110  115  104  111  107  108  100  102  110  109  110   56
ch:  29  125  127  117  126  134  119  119  125  110  128  128  115  120  118  121  109  103  105  109  106  121  118  116  115  119  104  107  118  118  116  118   52
ch:  30  116  131  139  118  121  126  135  110  125  117  108  110  120  104  123  105  125  106  109  114  108  111  108  115  114  109  117   -1  108  115  122   51
ch:  31  131  127  133  140  125  131  133  130  130  122  122  123  114  122  107  119  106  115  109  121  115  116  120  131  109  118  115  125  123  117  130   56
ch:  32  131  136  136  139  132  126  119  121  117  108  120  113  125  109  115  108  116  117  116  110  109  105  111  104  123  110  104  109  115  117  122   49
ch:  33  124  125  132  121  126  130  122  122  123  122  126  119  119  108  134  114  116  115  121  115  118  103  116  117  115  125  115  124  121  115  110   51
ch:  34  124  130  123  125  126  132  124  120  106  105  107  107  124  104  107  110  124  117   -1  108  107  116  108  104  103  110  109  114  118  119  111   45
ch:  35  132  135  138  138  132  119  118  115  123  129  119  116  130  119  124  124  111  121  107  124  122  122  114  124  125  114  120  116  110  123  120   45
ch:  36  132  135  126  121  123  124  122  116  119  125  108  108  126  111  114  106  111  116  107  109  116  102  119  116  105  104  104  106  121  107  119   43
ch:  37  138  133  126  125  123  121  124  124  115  121  122  115  107  117  120  125  116  101  117  109  106  115  118  122  110  107  118  117  116  120  125   36
ch:  38  125  139  130  131  126  121  120  122  125  122  121  123  107  124  107  115  125  112  107  116  107  104  109  101  107  103  104  109  120  119  117   45
ch:  39  139  123  120  121  126  124  122  126  117  123  124  126  121  132  107  120  124  117  109  124  119  116  117  115  112  115  116  115  117  121  119   41
ch:  40  133  125  130  133  118  118  123  126  115  114  123  116  122  119  115  114  116  109  117   94  118  106  106  113  103  113  113  107  115  127  113   33
ch:  41  140  129  116  120  125  125  130  122  125  122  118  116  121  122  115  116  115  115  117  111  108  119  115  119  102  116  115  113  117  117  124   44
ch:  42  133  142  124  133  126  122  119  123  116  120  109  118  108  114  117  102  117  106  108  104  116  113  114  109  106  104  111  107  108  104  106   56
ch:  43  132  134  124  127  132  125  137  121  119  126  125  126  124  121  115  132  116  116  122  125  115  120  106  118  106  119  114  117  122  115  117   34
ch:  44  118  130  142  135  125  124  120  119  133  121  116  110  108  107  118  110  121  118  103  119  111  121  117  107  113   -1  106  120  107  118  124   40
ch:  45  120  119  121  133  131  115  116  124  121  121  122  114  116  121  122  121  122  108  116  118  105  118  114  105  110  123  124  120  123  121  135   38
ch:  46  125  132  123  117  119  122  131  120  123  122  117  121  103  120  113  120  110  125  115  114  110  126  114   99  105  114  116  107  116  117  116   35
ch:  47  125  131  131  127  124  126  131  113  117  140  115  120  119  113  106  123  117  114  115  123  118  119  121  111  110  122  124  116  118  121  121   44
ch:  48  117  125  127  122  115  124  123  123  125  122  119  110  115  114  118  114  109  119  114  101  118  106   95  114  118  102  124  124  121  110  120   37
ch:  49  132  140  135  123  124  120  135  123  124  126  116  122  123  121  120  115  112  106  117  115  109  115  121  119  121  114  121  117  128  109  118   40
ch:  50  132  131  123  122  118  132  124  136  119  123  123  130  114  121  109  113  108  108  109  105  111  102  110  114  107  105  105  114  114  122  113   41
ch:  51  137  134  121  131  121  131  130  125  118  118  122  114  119  124  122  117  117  117  114  107  120  113  124  120  109  108  119  130  120  116  129   38
ch:  52  135  119  142  126  123  119  122  113  122  125  121  120  109  109  109  108  116  115  123  105  121  118  124  117  113  114  118  109  114  118  118   36
ch:  53  117  133  123  139  125  121  123  126  124  125  118  124  117  107  118  110  122  119  120  109  130  114  108  111  118  116  131  123  120  123  122   28
ch:  54  118  131  126  127  124  119  132  116  120  116  119  116  120  118  104  120  116  110  115  116  119  104  103  109  109  116  102  106  106  120  118   37
ch:  55  152  126  129  120  114  116  126  125  121  126  120  116  123  123  122  106  114  126  115  115  120  116  106  120  119  130  114  115  107  121  122   38
ch:  56  127  129  119  126  118  121  123  123  127  115  118  118  126  113  115  114  118  106  112  106  119  119  115  114  119  119  121  106  109  114  122   37
ch:  57  124  126  120  131  119  125  119  124  125  116  122  117  133  120  125  114  115  113  119  118  121  104  108  108  118  117  107  123  110  119  124   35
ch:  58  121  124  123  121  118  119  124  111  128  117  115  120  139  116  106  107  108  119  114  119  107  107  116   -1  104  110  108  116  121  117  114   32
ch:  59  125  122  123  124  136  124  124  125  116  123  115  121  115  124  115  109  122  109  110  123  118  115  109  101  120  114  121  125  121  108  123   33
ch:  60  134  138  124  125  112  124  140  116  110  116  112  120  117  120  113  120  111  101  108  118  114  114  111   99  117  108  114  114  110  116  117   37
ch:  61  131  121  131  138  133  123  117  119  125  120  125  119  117  118  123  108  117  115  116  115  115  109  115  106  115  120  118  125  127  116  123   43
ch:  62  127  123  121  136  112  130  124  121  124  130  106  116  114  122  122  110  119  119  118  104  113  126  120  101  109  106  117  116  105  124  108   40
ch:  63  149  137  127  132  119  124  130  130  120  117  113  124  118  111  122  117  116  108  116  120  115  120  122  113  120  122  116  104  111  117  136   37
ch:  64  126  132  125  134  132  120  122  123  111  118  117  124  122  116  120  111  110  120  109  107  121  115  106  123  119  117  104  104  102  113  124   35
ch:  65  132  125  135  124  115  116  127  117  119  121  123  120  123  122  118  122  126  119  120  116  107  122  122  126  108  113  116  127  120  114  120   29
ch:  66  126  125  121  131  121  134  122  115  123  117  121  109  120  111  121  107  110  115  118  119  114  116  118  115  104  110  117  102  101  104  114   43
ch:  67  127  119  129  126  135  125  122  124  126  125  133  125  115  119  122  117  107  120  117  115  108  118  113  109  108  116  108  118  127  135  132   36
ch:  68  130  117  121  131  122  121  121  132  120  123  109  117  117  122  123  109  114  116  109  124  111  117  118  115  116  116  115  115  123  104  121   42
ch:  69  137  119  126  135  139  134  124  133  121  127  115  123  118  121  119  123  122  108  119  116  119  103  117  115  115  108  119  122  123  109  119   28
ch:  70  132  121  129  121  130  131  132  122  131  118  124  120  123  119  125  119  120  119  116  109  115  114  115  115  117  117  115  107  120  117  115   50
ch:  71  134  125  122  124  125  116  127  134  132  131  122   -1  120  122  120  120  122  121  122  123  109  114  118  122  123  119  118  123  121  119  121   40
ch:  72  130  128  131  120  125  125  121  134  124  123  118  115  129  116  120  121  110  115  108  114  117  110  114  107  119  115  105  115  116  117  119   47
ch:  73  131  121  127  131  132  126  124  123  122  124  121  119  117  119  107  111  122  119  111  103  105  132  120  106  120  124  125  115  116  118  122   31
ch:  74  122  123  122  124  123  122  118  121  127  125  118  116  115  115  103   -1  126  118  119  120  104  115  122  109  116  122  118  121  122  118  116   43
ch:  75  124  137  134  134  123  122  131  124  127  122  121  124  120  118  105  123  119  114  115  118  114  123  122  119  124  123  104  123  123  125  129   31
ch:  76  132  125  136  125  125  137  119  117  115  122  124  121  121  120  110  118  118  114  121  107  107  112  108  110  124   -1  116  110  115  107  104   44
ch:  77  125  135  131  135  132  134  121  124  126  116  130  123  113  120  119  126  124  121  118  103  114  108  123  120  110  109  106  114  116  119  119   41
ch:  78  120  132  130  133  109  125  131  133  119  138  123  125  117  127  121  114  128   -1  119  115  118  114  107  119  116  118  106  119  116  107  124   46
ch:  79  125  125  134  127  136  124  137  120  124  123  119  121  116  133  115  130  115  121  126  115  115  119  120  118  115  122  109  122  120  120  108   27
ch:  80  133  124  129  131  130  123  126  131  126  131  124  121  121  110  107  114  110  117  104  120  105  113  119  110  119  122  104  108  105  120  123   55
ch:  81  135  130  133  121  135  122  130  123  121  120  135  131  120  121  109  121  116  124  123  112  117  106  134  130  117  114  120  121  119  116  123   44
ch:  82  136  132  125  117  125  124  129  122  120  122  119  116  115  120  107  123  118  126  104  116  104  121  109  107  120  117  103  109  123  110  123   48
ch:  83  137  129  141  131  126  126  116  121  125  127  121  118  125  117  129  122  113  129  113  112  126  116  117  124  115  111  126  106  123  120  118   26
ch:  84  121  131  127  132  125  134  119  117  108  120  114  115  117  114  104  111  115  107  116  124  109  106  117  115  116  106  108  122  114  120  107   47
ch:  85  134  134  136  122  120  142  121  117  120  122  128  121  120  130  118  114  119  118  120  118  118  126  121  115  118  115  108  119  116  116  115   30
ch:  86  130  127  120  127  121  123  125  125  110  115  127  122  118  109  120  117  119  117  115  116  106  107  116  113  108  112  116  105  113  113  120   52
ch:  87  135  125  124  118  131  124  124  124  126  123  110  121  131  132  126  109  105  117  116  102  107  116  121  121  117  107  115  122  126  123  124   35
ch:  88  132  133  141  120  124  124  124  136  122  129  116  120  119  118  108  123  118  116  118  105  118  119  105  115  121  117  116  119  119  124  117   53
ch:  89  125  138  125  122  122  125  125  127  131  107  124  116  116  120  122  116  118  118  116  112  105  125  119  118  114  106  117  115  116  121  135   32
ch:  90  133  129  137  121  133  125  118  119  123  117  134  122  132  120  125  118  104  115  116  113  110  114  105  114  108  116  117  109  122  113  125   49
ch:  91  134  125  136  124  114  122  121  125  132  125  122  119  111  118  131  113  120  107  121  118  116  116  120  117  117  114  114  122  119  110  117   38
ch:  92  123  123  123   -1  123  120  131  118  121  114  122  124  115  122  107  117  116  115  114  114  107  118  109  120  117  117  106  114  125  119  123   50
ch:  93  125  126  120  117  130  121  118  125  122  133  120  110  134  108  124  121  109  117  107  120   99  110  107  104  105  116  114  110  117  108  131   41
ch:  94  132  122  123  139  130  126  131  136  125  124  122  108  122  117  110  124  108  110  110  110  114  106  121  109  104  111  110  109  117  117  123   56
ch:  95  121  131  123  137  124  126  119  139  132  131  120  130  116  105  114  118  116  111  120  120  118  110  106  111  113  107  122  114  127  125  117   36
ch:  96  133  130  132  133  125  123  125  120  136  118  117  121  117  118  117  117  121  116  115  109  115  118  106  120  113  122  106  118  107  110  120   56
ch:  97  132  113  130  134  115  125  116  115  126  110  121  110  117  117  111  115  119  118  112  117  117  119  110  115  122  116  106  117  109  120  121   42
ch:  98  132  126  119  120  133  130  122  119  117  115  116  131  122  124  109  117  117  106  106  105  115  106  110  110  103  117  115  103  107  110  117   54
ch:  99  138  125  131  131  126  121  120  121  132  124  119  121  122  129  109  125  109  117  116  123  106  119  123  108  108  106  114  110  117  121  121   38
ch: 100  135  126  131  125  125  134  124  125  122  118  112  116  121  114  120  118  105  115  117  108  116  110  117  106   88  106  101  117  121  115  133   56
ch: 101  126  127  130  126  121  127  131  135  122  119  111  120  120  116  120  122  120  116  109  125  115  120  108  114  114  115  108  117  130  115  108   43
ch: 102  129  123  121  125  134  122  107  122  125  124  123  115  115  116  109  106  111  106  107  105  106  100  113  111  113  119  119  108  115  115  105   56
ch: 103  138  127  122  131  137  125  121  131  121  124  104  119  122  120  120  109  117  117  122  119  123  115  113  120  106  115  115  118  131  125  117   43
ch: 104  132  119  122  135  123  131  111  115  124  116  120  126  121  131  117  120  125  105  105  116  100  107  115  114  106  105  110  107  105  122  108   48
ch: 105  137  134  129  142  124  123  118  124  121  115  125  125  119  119  116  112  116  125  114  121  109  118  108  120  111  116  132  118  117  122  122   33
ch: 106  121  127  125  126  131  117  118  117  121  131  120  121  115  121  120  126  111  106  107  109  114  118  108  108  115  106  109  109  105  117  106   56
ch: 107  120  117  138  125  124  135  111  131  125  118  121  118  121  117  115  125  115  116  120  114  119  107  107  123  123  115  113  115  110  119  124   43
ch: 108  127  125  138  130  130  124  130  117  125  125  110  107  110  118  110  117  116  116  106  107  106  107  109  110  107  106  107  109  114  121  121   52
ch: 109  136  126  137  131  127  124  131  135  116  123  132  119  109  123  109  110  125  113  117  114  122  117  111  122  108  114  114  116  118  108  121   36
ch: 110  120  137  121  137  125  123  122  119  109  116  120  120  125  114  122  117  119  117  115  106  117  119  100  123  115  103  117  119  109  121  123   56
ch: 111  135  135  122  133  130  127  125  123  122  122  127  117  110  120  112  124  123  113  119  111  116  116  109  109  116  104  108  118  115  110  115   38
ch: 112  129  126  130  132  123  122  116  133  123  117  122  119  127  114  116  117  104  119  119  106  106  119  109  114   98  105  114  115  121  120  114   56
ch: 113  132  130  123  131  116  117  134  126  119  133  117  131  109  122  125  119  127  115  117  108  115  114  121  122  117  119  117  108  120  115  118   37
ch: 114  130  124  116  127  129  126  140  133  123  132  120  115  111  110  116  119  115  116  110  116  111  111  111  121  116   99  110  119  114  105  117   56
ch: 115  134  134  126  120  119  124  134  136  118  121  127  110  122  116  121  118  124  106  120  118  103  122  130  109  119  110  119  108  122  120  116   43
ch: 116  117  118  134  120  126  132  121  123  118  124  125  121  121  107  108  117  110  104  115  117  110  104  109  110  105  109  109  109  115  121  117   46
ch: 117  133  133  125  117  126  123  118  124  133  120  119  122  124  136  120  122  120  114  118  100  112  109  108  118  122  117  110  121  115  118  120   29
ch: 118  133  135  132  124  123  121  132  118  123  122  125  134  116  122  109  104  109  101  106  118  108  105  105  102   95  110  118  104  117  121  117   41
ch: 119  130  140  120  122  124  127  132  119  129  120  118  125  122  117  117  123  121  119  115  114  115  121  115  121  115  117  119  121  115  121  110   30
ch: 120  131  119  124  127  125  124  133  119  122  123  131  121  121  130  107  124  105  117  105  108  118  107  110  113  112  112  117  110  119  109  107   38
ch: 121  124  124  127  123  125  118  132  118  118  125  126  109  123  127  124  105  109  119  116  126  105  127  134  117  120  111  115  105  118  121  119   33
ch: 122  133  130  132  124  126  119  122  127  125  131  126  117  119  109  110  123  118  118  109  100  103  102  116  106  102  113  119  119  108  110  130   36
ch: 123  124  125  131  134  137  131  137  131  120  120  125  132  134  116  123  115  111  115  116  119   -1  108  108  118  111  118  115  117  117  117  119   43
ch: 124  133  140  133  119  123  120  125  122  121  125  122  115  110  118  109  131  117  115  121  106  116  111  125  115  118  115  117  105  118  120  109   31
ch: 125  141  138  116  130  130  126  125  136  131  108  134  121  131  121  123  116  122  117  119  117  115  126  111  113  117  120  118  117  118  122  117   28
ch: 126  143  123  132  122  124  131  123  133  107  121  118  118  123  121  109  120  107  114  106  119  119  115  116  122  119  108  103  122  110  113  119   21
ch: 127  137  137  118  131  122  145  126  132  122  122  116  122  125  140  120  116  129  121  116  126  116  120  132  123  120  116  116  120  131  117  127   16
