ch    0:      0     0     0     0     0     0     0     0     0     0     0     0     0     0     0     0     0     0     0     0     0     0     0     1    82  1180 11793 11493  5928  9968  8766 14132
ch    1:      0     0     0     0     0     0     0     0     0     0     0     0     0     0     0     0     0     0     0     0     0     0     1     5   102  1640 13587  9405 11582 13863 10893  4687
ch    2:      0     0     0     0     0     0     0     0     0     0     0     0     0     0     0     0     0     0     0     0     0     0     2     9   179  2088  2412  7004 10002 13930  8532 14124
ch    3:      0     0     0     0     0     0     0     0     0     0     0     0     0     0     0     0     0     0     0     0     0     0     0    12   144  1659  5220  9812  9133 12856 11451 17313
ch    4:      0     0     0     0     0     0     0     0     0     0     0     0     0     0     0     0     0     0     0     0     0     1     3     8   200  2373  3111  7643 12630  9192 15955 10029
ch    5:      0     0     0     0     0     0     0     0     0     0     0     0     0     0     0     0     0     0     0     0     0     0     0    11   244  2678 13215 11330 13655  7663  6064  3694
ch    6:      0     0     0     0     0     0     0     0     0     0     0     0     0     0     0     0     0     0     0     0     0     0     0     4   113  2562 11726 13240 13174 13397  6345 11400
ch    7:      0     0     0     0     0     0     0     0     0     0     0     0     0     0     0     0     0     0     0     0     0     0     0     6   165  4012  2037  9578 13054 11575 11260 14084
ch    8:      0     0     0     0     0     0     0     0     0     0     0     0     0     0     0     0     0     0     0     0     0     0     0     6   105  2318 11157 14967 10606  3395  4305  1521
ch    9:      0     0     0     0     0     0     0     0     0     0     0     0     0     0     0     0     0     0     0     0     0     0     0    10   235  2600  8736 10605 15915  8028  9297  7299
ch   10:      0     0     0     0     0     0     0     0     0     0     0     0     0     0     0     0     0     0     0     0     0     0     0     4   183  3041  7889  8977 11234 14484 13342  1717
ch   11:      0     0     0     0     0     0     0     0     0     0     0     0     0     0     0     0     0     0     0     0     0     0     0    12   294  5100  8806  8345 12043 13132  9112  9804
ch   12:      0     0     0     0     0     0     0     0     0     0     0     0     0     0     0     0     0     0     0     0     0     0     1    10   202  3150  4866 10786 11040 10253  8657  3962
ch   13:      0     0     0     0     0     0     0     0     0     0     0     0     0     0     0     0     0     0     0     0     0     0     0     5   224  6433 13460  8844  7042  9857 14070  7127
ch   14:      0     0     0     0     0     0     0     0     0     0     0     0     0     0     0     0     0     0     0     0     0     0     0    13   213  4337  5811  4160 10139  9532 10732  4625
ch   15:      0     0     0     0     0     0     0     0     0     0     0     0     0     0     0     0     0     0     0     0     0     0     0    13   430  5282 11299  8797 12933 13722  9690 12641
ch   16:      0     0     0     0     0     0     0     0     0     0     0     0     0     0     0     0     0     0     0     0     0     0     0    22   348  4695  6610 12782 10461  6582 10022 15725
ch   17:      0     0     0     0     0     0     0     0     0     0     0     0     0     0     0     0     0     0     0     0     0     0     0    29   376  8750 11625 14748 12744 11486  9291  6528
ch   18:      0     0     0     0     0     0     0     0     0     0     0     0     0     0     0     0     0     0     0     0     0     0     1    11   366  6772 14159 13393  9354  8309 10536  7426
ch   19:      0     0     0     0     0     0     0     0     0     0     0     0     0     0     0     0     0     0     0     0     0     0     2    20   939  9063  7406 10530  7750 10391 12274  4507
ch   20:      0     0     0     0     0     0     0     0     0     0     0     0     0     0     0     0     0     0     0     0     0     1     1    13   350  5775 13689 10411  7320  8399  8152  4605
ch   21:      0     0     0     0     0     0     0     0     0     0     0     0     0     0     0     0     0     0     0     0     0     0     1    21   759  9239  2951 12396  8090  6833  8851  8679
ch   22:      0     0     0     0     0     0     0     0     0     0     0     0     0     0     0     0     0     0     0     0     0     0     0    17   354 10673  5956 16640 11035 11791 10968 13089
ch   23:      0     0     0     0     0     0     0     0     0     0     0     0     0     0     0     0     0     0     0     0     0     0     2    37   781 14564  5255 12701 11173  7854 10454  8769
ch   24:      0     0     0     0     0     0     0     0     0     0     0     0     0     0     0     0     0     0     0     0     0     0     0    25   622  5617 13170  9097  7811 11065 12503 10532
ch   25:      0     0     0     0     0     0     0     0     0     0     0     0     0     0     0     0     0     0     0     0     0     0     4   161  1804  5025  7558 12702 12228  5982  7815 11674
ch   26:      0     0     0     0     0     0     0     0     0     0     0     0     0     0     0     0     0     0     0     0     0     0     2    40   938 12974 11808  7648  8796 12318 10579  5433
ch   27:      0     0     0     0     0     0     0     0     0     0     0     0     0     0     0     0     0     0     0     0     0     1    16   228  2781  7623 10985 10332 12245  9911  8054  9384
ch   28:      0     0     0     0     0     0     0     0     0     0     0     0     0     0     0     0     0     0     0     0     0     0     0     0     0     0     0     0     0     0  7367     0
ch   29:      0     0     0     0     0     0     0     0     0     0     0     0     0     0     0     0     0     0     0     0     0     0     4    96  1686 12831 12586 11486 15166 16880  5715 10045
ch   30:      0     0     0     0     0     0     0     0     0     0     0     0     0     0     0     0     0     0     0     0     0     0     3    70  1133 13928  6785  6963 11013 12386  8492 14235
ch   31:      0     0     0     0     0     0     0     0     0     0     0     0     0     0     0     0     0     0     0     0     0     0     3    34  1494 15604 10948  3307  7025 10336  7299  9311
ch   32:      0     0     0     0     0     0     0     0     0     0     0     0     0     0     0     0     0     0     0     0     0     1     1    29  1272 13678  6723 10615  8152 11446  7809  8691
ch   33:      0     0     0     0     0     0     0     0     0     0     0     0     0     0     0     0     0     0     0     0     0     0     1    38   838 12351  9208 12554 12803 11771 12010  9267
ch   34:      0     0     0     0     0     0     0     0     0     0     0     0     0     0     0     0     0     0     0     0     0     0     0    21   841 15872  9332 11654 12626  9018  7902 14682
ch   35:      0     0     0     0     0     0     0     0     0     0     0     0     0     0     0     0     0     0     0     0     0     0     6    57  1008 11262 11732  8430  9535  5387 10294 10355
ch   36:      0     0     0     0     0     0     0     0     0     0     0     0     0     0     0     0     0     0     0     0     0     0     0    34   988 14073 11674 14795  7690  6132 11741  4997
ch   37:      0     0     0     0     0     0     0     0     0     0     0     0     0     0     0     0     0     0     0     0     0     0     2    50   820 16452  9179 10234 13639 14136 12694  5018
ch   38:      0     0     0     0     0     0     0     0     0     0     0     0     0     0     0     0     0     0     0     0     0     1     3    32   670 12744  7756 10325  8929 11275 12250 12345
ch   39:      0     0     0     0     0     0     0     0     0     0     0     0     0     0     0     0     0     0     0     0     0     0     3    70  1334 12178  9585 10168 16236  9936 13231 17020
ch   40:      0     0     0     0     0     0     0     0     0     0     0     0     0     0     0     0     0     0     0     0     0     1     3    41  1258 14077  7718 13781 12796  8852  5004 13239
ch   41:      0     0     0     0     0     0     0     0     0     0     0     0     0     0     0     0     0     0     0     0     0     1     2    37  1402 18347 11246 10023 12813  8391 13025  7233
ch   42:      0     0     0     0     0     0     0     0     0     0     0     0     0     0     0     0     0     0     0     0     0     0     3    38  1087 17530 10581 13035 10695 11757 11914  5081
ch   43:      0     0     0     0     0     0     0     0     0     0     0     0     0     0     0     0     0     0     0     0     0     0     2    45  1475 12000  6015  9493  5255  9337  5692  9455
ch   44:      0     0     0     0     0     0     0     0     0     0     0     0     0     0     0     0     0     0     0     0     0     0     3    43  1030 11396 15270 14124 10071 14355 13025  2379
ch   45:      0     0     0     0     0     0     0     0     0     0     0     0     0     0     0     0     0     0     0     0     0     0     2    46  1393  6537 11355  7999  9128  8890 13753 11998
ch   46:      0     0     0     0     0     0     0     0     0     0     0     0     0     0     0     0     0     0     0     0     0     0     5    40  1001 16660  9822  9256  6899 10782 11640 14574
ch   47:      0     0     0     0     0     0     0     0     0     0     0     0     0     0     0     0     0     0     0     0     0     0     1    48  1302  8612  7506  8578 11259 14217  7992 17097
ch   48:      0     0     0     0     0     0     0     0     0     0     0     0     0     0     0     0     0     0     0     0     0     0     2    74  1670 14783 12178  7268  9799  5949  9742 13929
ch   49:      0     0     0     0     0     0     0     0     0     0     0     0     0     0     0     0     0     0     0     0     0     0     2    57  1953 16595 13189  8247 13045 11956  8165 11741
ch   50:      0     0     0     0     0     0     0     0     0     0     0     0     0     0     0     0     0     0     0     0     0     0     3    58  1164  4911 10607  9456 12008  7974 10232  9416
ch   51:      0     0     0     0     0     0     0     0     0     0     0     0     0     0     0     0     0     0     0     0     0     0     2    88  1230  2740 14041 13308 11238 10810 12467  5225
ch   52:      0     0     0     0     0     0     0     0     0     0     0     0     0     0     0     0     0     0     0     0     0     0     2   103  1956 13585 12340  6680  9243  7734 11740  7928
ch   53:      0     0     0     0     0     0     0     0     0     0     0     0     0     0     0     0     0     0     0     0     0     0     2   129  2238  9270 16483 11769 13460 11511 10523 10886
ch   54:      0     0     0     0     0     0     0     0     0     0     0     0     0     0     0     0     0     0     0     0     0     0     3   146  1582  5636 10735 17038 11072 10837  5907 10267
ch   55:      0     0     0     0     0     0     0     0     0     0     0     0     0     0     0     0     0     0     0     0     0     0     4    75  2621  9347  8851 10986  8385  7416  8965  2447
ch   56:      0     0     0     0     0     0     0     0     0     0     0     0     0     0     0     0     0     0     0     0     0     0     5    83  2035  9088 10596 15171  9678  4862  5722  7059
ch   57:      0     0     0     0     0     0     0     0     0     0     0     0     0     0     0     0     0     0     0     0     0     0     3    93  1735 13137  9721  9566  8507  7258 13051 14701
ch   58:      0     0     0     0     0     0     0     0     0     0     0     0     0     0     0     0     0     0     0     0     0     0     3   116  3075 11064  8835 10721  9026 15222 12272  7175
ch   59:      0     0     0     0     0     0     0     0     0     0     0     0     0     0     0     0     0     0     0     0     0     0     0    98  2630  4006 11094 12080 10121 16027  7058  5404
ch   60:      0     0     0     0     0     0     0     0     0     0     0     0     0     0     0     0     0     0     0     0     0     1     8   151  2297  8176  7551 12670  8719  9212  4356  4874
ch   61:      0     0     0     0     0     0     0     0     0     0     0     0     0     0     0     0     0     0     0     0     0     0     7   115  1906 10774 11377  7685 10158  5647 11680 14488
ch   62:      0     0     0     0     0     0     0     0     0     0     0     0     0     0     0     0     0     0     0     0     0     0     2   188  2017 12647  8824 10993 10370 16438 12507  4586
ch   63:      0     0     0     0     0     0     0     0     0     0     0     0     0     0     0     0     0     0     0     0     0     0     9   115  1739 13468  9766 11135 11862 13171 11251 15603
ch   64:      0     0     0     0     0     0     0     0     0     0     0     0     0     0     0     0     0     0     0     0     0     0     4   201  2694 11116 12357  8103  6109 11304  4249  4337
ch   65:      0     0     0     0     0     0     0     0     0     0     0     0     0     0     0     0     0     0     0     0     0     0     1   159  2382 16772  8265  8757  9474 12359 13509 11370
ch   66:      0     0     0     0     0     0     0     0     0     0     0     0     0     0     0     0     0     0     0     0     0     0     4    86  2632 11235 10877  9054  8363  9083 10201  2441
ch   67:      0     0     0     0     0     0     0     0     0     0     0     0     0     0     0     0     0     0     0     0     0     0     7   195  2447  7631  9416 12698 10368 11720 14038  5923
ch   68:      0     0     0     0     0     0     0     0     0     0     0     0     0     0     0     0     0     0     0     0     0     1     4   193  2099  6646 12218  6369 10243 13475  8601  2750
ch   69:      0     0     0     0     0     0     0     0     0     0     0     0     0     0     0     0     0     0     0     0     0     0     3   138  2097  7768  8921  3432 11833 10245 10240 13793
ch   70:      0     0     0     0     0     0     0     0     0     0     0     0     0     0     0     0     0     0     0     0     0     0     8   184  2396  6734  9715 10956 13321 12494 10431  8541
ch   71:      0     0     0     0     0     0     0     0     0     0     0     0     0     0     0     0     0     0     0     0     0     0     7   285  2693  7516  5358 13595  8272 10503  9914  4307
ch   72:      0     0     0     0     0     0     0     0     0     0     0     0     0     0     0     0     0     0     0     0     0     0     5    94  3867 14289  7869  9877 11094  9652  9766 11856
ch   73:      0     0     0     0     0     0     0     0     0     0     0     0     0     0     0     0     0     0     0     0     0     0    10   230  4104  3792 10777  9750 14456  9411  8005 10886
ch   74:      0     0     0     0     0     0     0     0     0     0     0     0     0     0     0     0     0     0     0     0     0     1    11   160  3849 13948  6924  6918  9274 13120  4747  1267
ch   75:      0     0     0     0     0     0     0     0     0     0     0     0     0     0     0     0     0     0     0     0     0     0    11   235  4711  5549  9795 11006 12864 11862 14792 16657
ch   76:      0     0     0     0     0     0     0     0     0     0     0     0     0     0     0     0     0     0     0     0     0     0     9   186  3217 13553  7261 10859 12647  8517 12048  9571
ch   77:      0     0     0     0     0     0     0     0     0     0     0     0     0     0     0     0     0     0     0     0     0     0     4   145  3597  4922  6482 15597  9782 10459  7755  9552
ch   78:      0     0     0     0     0     0     0     0     0     0     0     0     0     0     0     0     0     0     0     0     0     1     2   128  2946 13599 11959 10337 14732 10891 13487  9649
ch   79:      0     0     0     0     0     0     0     0     0     0     0     0     0     0     0     0     0     0     0     0     0     0     5   216  3310  7873  4289 12346  7314 10588 13741 12043
ch   80:      0     0     0     0     0     0     0     0     0     0     0     0     0     0     0     0     0     0     0     0     0     2    12   271  4587  8743 10351 12401 10288  5228 13317  2260
ch   81:      0     0     0     0     0     0     0     0     0     0     0     0     0     0     0     0     0     0     0     0     0     0     9   280  3789  4893  5251  7010  8252 14626 10350 12214
ch   82:      0     0     0     0     0     0     0     0     0     0     0     0     0     0     0     0     0     0     0     0     0     1     2   173  3305  7373 11962 12587  5967  9592 12549  6491
ch   83:      0     0     0     0     0     0     0     0     0     0     0     0     0     0     0     0     0     0     0     0     0     0    13   267  4224  7948 10857  9737 14704  4858 15671  7564
ch   84:      0     0     0     0     0     0     0     0     0     0     0     0     0     0     0     0     0     0     0     0     0     1    12   224  4940  9000  6631  8207  7066 10505  6758  5456
ch   85:      0     0     0     0     0     0     0     0     0     0     0     0     0     0     0     0     0     0     0     0     0     0     5   245  4012  8101  8420  5791  4226  7868  6611  9352
ch   86:      0     0     0     0     0     0     0     0     0     0     0     0     0     0     0     0     0     0     0     0     0     0    23   279  4393  7139  8658  8544 12289 12327  6809  9761
ch   87:      0     0     0     0     0     0     0     0     0     0     0     0     0     0     0     0     0     0     0     0     0     1    19   313  6543  4846 14435  6443  8335 10988 12969 10237
ch   88:      0     0     0     0     0     0     0     0     0     0     0     0     0     0     0     0     0     0     0     0     0     1    17   253  5744 17444 10186 10827  7456 11459 13565 13305
ch   89:      0     0     0     0     0     0     0     0     0     0     0     0     0     0     0     0     0     0     0     0     0     0    20   251  5313  8748  9655 13662 12786 10791 12235  1380
ch   90:      0     0     0     0     0     0     0     0     0     0     0     0     0     0     0     0     0     0     0     0     0     1    11   250  3477  5179  8770  7064 13154 12130 11876 11948
ch   91:      0     0     0     0     0     0     0     0     0     0     0     0     0     0     0     0     0     0     0     0     0     1    22   236  4750  5453  6688  8843 10209 13031  9768  8512
ch   92:      0     0     0     0     0     0     0     0     0     0     0     0     0     0     0     0     0     0     0     0     0     2    17   302  6905 12627 10853 11138 13909 14785 12029  7519
ch   93:      0     0     0     0     0     0     0     0     0     0     0     0     0     0     0     0     0     0     0     0     0     0    16   187  3645  8081 11306 10923 12875 10924  9288 13503
ch   94:      0     0     0     0     0     0     0     0     0     0     0     0     0     0     0     0     0     0     0     0     0     0     9   201  3283  5679 10180  5759 10300  4511  7692 13793
ch   95:      0     0     0     0     0     0     0     0     0     0     0     0     0     0     0     0     0     0     0     0     0     1    28   343  6168 11088 11932  7307  8222 10918 12531 10331
ch   96:      0     0     0     0     0     0     0     0     0     0     0     0     0     0     0     0     0     0     0     0     0     0    18   359  5405  6592  6111  9546  8829 15193 10152 11041
ch   97:      0     0     0     0     0     0     0     0     0     0     0     0     0     0     0     0     0     0     0     0     0     0     9   177  4746  8390 10166  6516  8547 12244 12967 19230
ch   98:      0     0     0     0     0     0     0     0     0     0     0     0     0     0     0     0     0     0     0     0     0     1    10   215  2835  5157  7979 11815 10043 10861 12468  6080
ch   99:      0     0     0     0     0     0     0     0     0     0     0     0     0     0     0     0     0     0     0     0     0     1    11   248  5253  3909  7136  7825 11410  7642 11083 11269
ch  100:      0     0     0     0     0     0     0     0     0     0     0     0     0     0     0     0     0     0     0     0     0     2    19   313  6340 18800 10175 12473  9128  7434 12750  5777
ch  101:      0     0     0     0     0     0     0     0     0     0     0     0     0     0     0     0     0     0     0     0     0     1    24   349  5169 17567 10870  6425 11349 12007  8373 11961
ch  102:      0     0     0     0     0     0     0     0     0     0     0     0     0     0     0     0     0     0     0     0     0     0    19   398  4117 13632  6202 12675 14629 10312 10909 10845
ch  103:      0     0     0     0     0     0     0     0     0     0     0     0     0     0     0     0     0     0     0     0     0     1    15   376  6492  3384  5581 11713 13245  8992 12711 10626
ch  104:      0     0     0     0     0     0     0     0     0     0     0     0     0     0     0     0     0     0     0     0     0     0     8   272  3553  5682 13458  6859  8218 14011 16505 14616
ch  105:      0     0     0     0     0     0     0     0     0     0     0     0     0     0     0     0     0     0     0     0     0     1     9   310  5765 10203 10206  7832  8096  8367  5625  8914
ch  106:      0     0     0     0     0     0     0     0     0     0     0     0     0     0     0     0     0     0     0     0     0     4    27   339  5666 17449  8852 12726  7026  9983 10544  7762
ch  107:      0     0     0     0     0     0     0     0     0     0     0     0     0     0     0     0     0     0     0     0     0     0     9   442  4074 12117 12461  8764 10124  9375 13955 15246
ch  108:      0     0     0     0     0     0     0     0     0     0     0     0     0     0     0     0     0     0     0     0     0     3    21   326  8278 11555 15076 11802 12387 10699  3009  2873
ch  109:      0     0     0     0     0     0     0     0     0     0     0     0     0     0     0     0     0     0     0     0     0     0    24   286  6660 14732 10913  8079 12576 12275  7448 12911
ch  110:      0     0     0     0     0     0     0     0     0     0     0     0     0     0     0     0     0     0     0     0     0     0    16   346  4239 17328  7660 11436 10150 10622  8141  4695
ch  111:      0     0     0     0     0     0     0     0     0     0     0     0     0     0     0     0     0     0     0     0     0     0    10   221  3945  8161 12666 10210 12287 10157 15108  8313
ch  112:      0     0     0     0     0     0     0     0     0     0     0     0     0     0     0     0     0     0     0     0     0     0    10   299  3601 13732  9095 12234 10753 13328 13949  6313
ch  113:      0     0     0     0     0     0     0     0     0     0     0     0     0     0     0     0     0     0     0     0     0     0    14   358  6188 10127  7913 14334 11554  7272  9513 10653
ch  114:      0     0     0     0     0     0     0     0     0     0     0     0     0     0     0     0     0     0     0     0     0     1    19   261  3429 14891  8895  9869 10862 13170 10755  6334
ch  115:      0     0     0     0     0     0     0     0     0     0     0     0     0     0     0     0     0     0     0     0     0     0     9   460  5438 10965 10694  9907 14957 10499  7979  3071
ch  116:      0     0     0     0     0     0     0     0     0     0     0     0     0     0     0     0     0     0     0     0     0     1    28   258  5978  8091  7754 11584 14298 13347  7043 11263
ch  117:      0     0     0     0     0     0     0     0     0     0     0     0     0     0     0     0     0     0     0     0     0     0    20   677  7045  4552 10324 10558 13809  6349 11528 15088
ch  118:      0     0     0     0     0     0     0     0     0     0     0     0     0     0     0     0     0     0     0     0     0     3    23   371  5541  6401  6508 11088 10826  6316  8280  9518
ch  119:      0     0     0     0     0     0     0     0     0     0     0     0     0     0     0     0     0     0     0     0     0     0    30   449  7432 15562 10258  8021 13571  8533 11528 11032
ch  120:      0     0     0     0     0     0     0     0     0     0     0     0     0     0     0     0     0     0     0     0     1     3    33   520  5005 13883  7046  4795 10340  8618 12744  7693
ch  121:      0     0     0     0     0     0     0     0     0     0     0     0     0     0     0     0     0     0     0     0     0     1    28   571  8685 17195  6691  9065  7437  9590 10735  8701
ch  122:      0     0     0     0     0     0     0     0     0     0     0     0     0     0     0     0     0     0     0     0     0     4    32   276  6894  7160  9002 11029 10549  8777 10653  5861
ch  123:      0     0     0     0     0     0     0     0     0     0     0     0     0     0     0     0     0     0     0     0     0     1    57   729 11239 16313 10884  9623  6444  3440 11359  7087
ch  124:      0     0     0     0     0     0     0     0     0     0     0     0     0     0     0     0     0     0     0     0     1     5    58   536 10745 14992 11099 11021  8481 10475  9565  9392
ch  125:      0     0     0     0     0     0     0     0     0     0     0     0     0     0     0     0     0     0     0     1     6    72   652  3562 10597  4230 15609 11687 10684  8402 12539  9835
ch  126:      0     0     0     0     0     0     0     0     0     0     0     0     0     0     0     0     0     0     0     0     0    11   213  1455 12490  6252  4674 12036 13409 13384 13141  9563
ch  127:      0     0     0     0     0     0     0     0     0     0     0     0     0     0     2    22   171   741  1841  6962 17839 12201  8323 12623 11098  6499 10190 10825 11535 12936  7079  8807
