ch    0:      0     0     0     0     0     0     0     0     0     0     0     0     0     0     0     0     0     0     0     0     0     7    85   442  3304 12183  8912  9049 12465  7227  9295   365
ch    1:      0     0     0     0     0     0     0     0     0     0     0     0     0     0     0     0     0     0     0     0     0     6    69   393  1737 15503  8334 10228  9524 10167  7270   647
ch    2:      0     0     0     0     0     0     0     0     0     0     0     0     0     0     0     0     0     0     0     0     0     6    52   648  3924 13261 12308 10352 10326 15126  9629   281
ch    3:      0     0     0     0     0     0     0     0     0     0     0     0     0     0     0     0     0     0     0     0     0     6    98   574  5800  1727 10679 11114  8050  8349  8444   370
ch    4:      0     0     0     0     0     0     0     0     0     0     0     0     0     0     0     0     0     0     0     0     0     3    86   718  3829  7406  7258 14261 10636 11682 10102   233
ch    5:      0     0     0     0     0     0     0     0     0     0     0     0     0     0     0     0     0     0     0     0     0    11    94   723  4988 13011  8148  7874 10552  7640 13355  9064
ch    6:      0     0     0     0     0     0     0     0     0     0     0     0     0     0     0     0     0     0     0     0     0     1    45   427  3022 10521  8127 12810  8024  8662  5535   236
ch    7:      0     0     0     0     0     0     0     0     0     0     0     0     0     0     0     0     0     0     0     0     1    15   103  1747  8811  9222  8863 14564 13237 10923 12507 18458
ch    8:      0     0     0     0     0     0     0     0     0     0     0     0     0     0     0     0     0     0     0     0     0     2    90   852  4640 12749  8430  9973  7333 12018 11298   337
ch    9:      0     0     0     0     0     0     0     0     0     0     0     0     0     0     0     0     0     0     0     0     0     9   126  1295  8454 11408  8264 12228  7970 13764 11671 14616
ch   10:      0     0     0     0     0     0     0     0     0     0     0     0     0     0     0     0     0     0     0     0     0     3   122  1806 10677  8134  7849  6835  7773 15218 11786   466
ch   11:      0     0     0     0     0     0     0     0     0     0     0     0     0     0     0     0     0     0     0     1     1     9    98  1880  7854 10868  8796 17125 13046  7765  8779  8429
ch   12:      0     0     0     0     0     0     0     0     0     0     0     0     0     0     0     0     0     0     0     0     0     5   168  1965 11108 13137 11311  4437  8529 12313  9702   616
ch   13:      0     0     0     0     0     0     0     0     0     0     0     0     0     0     0     0     0     0     0     0     2    15   255  2317 10701  4511  8909  8591  5023  8395 11358  7990
ch   14:      0     0     0     0     0     0     0     0     0     0     0     0     0     0     0     0     0     0     0     0     0     6    87  1062 12808 10839  9024  6969 12830 11892 12190   739
ch   15:      0     0     0     0     0     0     0     0     0     0     0     0     0     0     0     0     0     0     0     0     2    28   313  2824 12626 12934  4572  9516 13887  9385  7037  8754
ch   16:      0     0     0     0     0     0     0     0     0     0     0     0     0     0     0     0     0     0     0     0     1    28   278  1633 11587  9613  9408 11033 11023  5212 12707  1166
ch   17:      0     0     0     0     0     0     0     0     0     0     0     0     0     0     0     0     0     0     0     0     2    16   355  2467 14735 12878  9430 10624  8825  7178 11137  1020
ch   18:      0     0     0     0     0     0     0     0     0     0     0     0     0     0     0     0     0     0     0     0     1     9   172  2144 11555 11773 13033  8903 11860 11243  6434  1449
ch   19:      0     0     0     0     0     0     0     0     0     0     0     0     0     0     0     0     0     0     0     0     4    34   402  4308 11284  8102 10147 10918  9201 11706 11694  1269
ch   20:      0     0     0     0     0     0     0     0     0     0     0     0     0     0     0     0     0     0     0     0     0    17   186  1506  6591 10492 11144  6330 12023 10042 13698  1488
ch   21:      0     0     0     0     0     0     0     0     0     0     0     0     0     0     0     0     0     0     0     0     0    18   277  2993  6200 12000  9033 10142 12119  6029 11102  1790
ch   22:      0     0     0     0     0     0     0     0     0     0     0     0     0     0     0     0     0     0     0     0     1     2    83  1907 12885 12023 12330  7849 11307  8073  9929  1861
ch   23:      0     0     0     0     0     0     0     0     0     0     0     0     0     0     0     0     0     0     0     0     0    21   525  4292  9599 12273  9512  9742 12659  7056  9557  2208
ch   24:      0     0     0     0     0     0     0     0     0     0     0     0     0     0     0     0     0     0     0     0     1    29   414  3546  9885 10243 10251 10225  7265 10231 12848  2236
ch   25:      0     0     0     0     0     0     0     0     0     0     0     0     0     0     0     0     0     0     0     0     4    22   434  4584  9559  9445  9410 11873  7134  6940 10661  3271
ch   26:      0     0     0     0     0     0     0     0     0     0     0     0     0     0     0     0     0     0     0     0     2    41   513  4345 10758  9955  8667 10489  8661  6885 10718  2596
ch   27:      0     0     0     0     0     0     0     0     0     0     0     0     0     0     0     0     0     0     0     0     3    50   878  5698  9456 12136  7509  5226 12776 10913 14721  4012
ch   28:      0     0     0     0     0     0     0     0     0     0     0     0     0     0     0     0     0     0     0     0     2    40   468  3609 11604  9779  8603  8627  8468  7027 10515  3579
ch   29:      0     0     0     0     0     0     0     0     0     0     0     0     0     0     0     0     0     0     0     0     6    52   484  6131 12553 12812 11009  8629 11193 11995  8810  4205
ch   30:      0     0     0     0     0     0     0     0     0     0     0     0     0     0     0     0     0     0     0     0     0    41   460  3693 10115  5862 12672  8237 15184  8945 10224  3932
ch   31:      0     0     0     0     0     0     0     0     0     0     0     0     0     0     0     0     0     0     0     1     7    87   888  8299 15545 10907  5544  6522  7281 13733 12880  3254
ch   32:      0     0     0     0     0     0     0     0     0     0     0     0     0     0     0     0     0     0     0     0     1    69   679  6679 13981 13046 11389  8957 10939 16297  9033  3671
ch   33:      0     0     0     0     0     0     0     0     0     0     0     0     0     0     0     0     0     0     0     0     2    43   632  8046  6874  9407 12356  4272 12879 12309 11963  5287
ch   34:      0     0     0     0     0     0     0     0     0     0     0     0     0     0     0     0     0     0     0     0     2    60   778  9004 13600  8822  8448 10023  9243  9210 11624  4412
ch   35:      0     0     0     0     0     0     0     0     0     0     0     0     0     0     0     0     0     0     0     1     4   143  1179  6968 13414 11827 15470  8412 10937  6897  9561  6057
ch   36:      0     0     0     0     0     0     0     0     0     0     0     0     0     0     0     0     0     0     0     0     2    33   595  7878  6361 12827  9882 11566 11514 12963 17941  4831
ch   37:      0     0     0     0     0     0     0     0     0     0     0     0     0     0     0     0     0     0     0     0     2    71  1479 12916  8930 13436 15656  7452 13314 12872 12219  6529
ch   38:      0     0     0     0     0     0     0     0     0     0     0     0     0     0     0     0     0     0     0     0     5    46  1094  7565 13990  9267  9880  8713 10457 12122 12502  4610
ch   39:      0     0     0     0     0     0     0     0     0     0     0     0     0     0     0     0     0     0     0     0   636    87   924 12958  9529 14972  9513 12198  8727 10540 16112  6618
ch   40:      0     0     0     0     0     0     0     0     0     0     0     0     0     0     0     0     0     0     0     0     8    72   690 12150 11303 11687  8265 10134  5830 11646 16200  4844
ch   41:      0     0     0     0     0     0     0     0     0     0     0     0     0     0     0     0     0     0     0     0     3   125  1172 11117 14010 16399 11853  9678 10385 10803 11041  5807
ch   42:      0     0     0     0     0     0     0     0     0     0     0     0     0     0     0     0     0     0     0     0     5    47   769 10290 13664  8355  6981 14981 11203 11504 11442  4342
ch   43:      0     0     0     0     0     0     0     0     0     0     0     0     0     0     0     0     0     0     0     0     5   120  1322 11926 10794  7824 11867 12519 13415  6197  6815  5567
ch   44:      0     0     0     0     0     0     0     0     0     0     0     0     0     0     0     0     0     0     0     1    10   154   782 11939  9306 10384  5939  9457  4872 10588 13386  4554
ch   45:      0     0     0     0     0     0     0     0     0     0     0     0     0     0     0     0     0     0     0     1     8   158  1055 11530 10332 11414 15998 15619  5802  6797  4485  6378
ch   46:      0     0     0     0     0     0     0     0     0     0     0     0     0     0     0     0     0     0     0     1     1    84   881 11069  9006 11973 16179 12872  9955 12980  5769  5707
ch   47:      0     0     0     0     0     0     0     0     0     0     0     0     0     0     0     0     0     0     0     1     8    96  1803 13095 17026  8399  8191 11347 10997 13832 11180  6172
ch   48:      0     0     0     0     0     0     0     0     0     0     0     0     0     0     0     0     0     0     0     0     7   152  1461  9766  7580  9748 12102 10485 10128  7611  9560  5461
ch   49:      0     0     0     0     0     0     0     0     0     0     0     0     0     0     0     0     0     0     0     0    13   153  1715 13663 13189 12942  8789 15328 12630 10150 10484  8845
ch   50:      0     0     0     0     0     0     0     0     0     0     0     0     0     0     0     0     0     0     0     1     5    90  1321 10352  6520 13592  9664 11608 12996 15327 10270  7389
ch   51:      0     0     0     0     0     0     0     0     0     0     0     0     0     0     0     0     0     0     0     1     3   306  1496 13373 11065 13350  4359 14960 11408 10041  6055  8815
ch   52:      0     0     0     0     0     0     0     0     0     0     0     0     0     0     0     0     0     0     0     0     5   110  1498 12095 11320  6950  9859  9401  9588  5957 14472  6313
ch   53:      0     0     0     0     0     0     0     0     0     0     0     0     0     0     0     0     0     0     0     0     8   170  2018  8924  8395  8004  8359  5994 15442 10676 11866  8781
ch   54:      0     0     0     0     0     0     0     0     0     0     0     0     0     0     0     0     0     0     0     0     4   154  1122 13908 12676 10659  7457 11995 11799 13670 13106  7361
ch   55:      0     0     0     0     0     0     0     0     0     0     0     0     0     0     0     0     0     0     0     0    33   222  3704  9315 14958  8869 11865 14112 10380 10251  8094  9161
ch   56:      0     0     0     0     0     0     0     0     0     0     0     0     0     0     0     0     0     0     0     0    15   183  1199 11305  8523 12335 11470 12090  9634 11271 11471  5696
ch   57:      0     0     0     0     0     0     0     0     0     0     0     0     0     0     0     0     0     0     0     0     9   175  2799  6533  8269  9956 10409 11289 10064 12143 12315  9852
ch   58:      0     0     0     0     0     0     0     0     0     0     0     0     0     0     0     0     0     0     0     0     5   112  1155 11706 10645  8772 13555  8195 12677  8739 13471  6788
ch   59:      0     0     0     0     0     0     0     0     0     0     0     0     0     0     0     0     0     0     0     0    12   180  2630  5589 14039 11695 12495 12585 14479  9268 11442 12576
ch   60:      0     0     0     0     0     0     0     0     0     0     0     0     0     0     0     0     0     0     0     0    10   271  2103 12617 13136  7470 14867  7614 12225  5375 11691  7400
ch   61:      0     0     0     0     0     0     0     0     0     0     0     0     0     0     0     0     0     0     0     1    26   210  2898 11381 12919 10796  9464  6688 10389  9331  8529 12178
ch   62:      0     0     0     0     0     0     0     0     0     0     0     0     0     0     0     0     0     0     0     0     9   207  1387 14504 15426 11294  5606 13415 12921  8304 12939  7270
ch   63:      0     0     0     0     0     0     0     0     0     0     0     0     0     0     0     0     0     0     0     2    26   278  4670 11284  5803  6354  7635  9250  9595 11016  8540 12524
ch   64:      0     0     0     0     0     0     0     0     0     0     0     0     0     0     0     0     0     0     0     1    21   264  3740 15715 11998 12269 11996  9207 10521  9734 15261  7246
ch   65:      0     0     0     0     0     0     0     0     0     0     0     0     0     0     0     0     0     0     0     1    23   272  3188  7697 16373  6780 11058 10093  9741  9577 13811 12896
ch   66:      0     0     0     0     0     0     0     0     0     0     0     0     0     0     0     0     0     0     0     0    11   244  1742 16374  7779  5579 13247 12369 12756  7811 11702  7376
ch   67:      0     0     0     0     0     0     0     0     0     0     0     0     0     0     0     0     0     0     0     0    24   299  2765  9807  7999  8045  9108 12829 11157  9072 10606 15028
ch   68:      0     0     0     0     0     0     0     0     0     0     0     0     0     0     0     0     0     0     0     2    22   342  2053  8243 13309 10411 12749 10673 13024 12537 13159  7604
ch   69:      0     0     0     0     0     0     0     0     0     0     0     0     0     0     0     0     0     0     0     1    23   319  4523  9900  7311 14438  6791 12980 10041  6853  8965 15275
ch   70:      0     0     0     0     0     0     0     0     0     0     0     0     0     0     0     0     0     0     0     1    12   181  2279 14269  7591  8974  9350 11959 11290 10965  9906  6565
ch   71:      0     0     0     0     0     0     0     0     0     0     0     0     0     0     0     0     0     0     0     1    13   434  4328  8760 11027 13547  9910 12155 10342 10241  6222 15095
ch   72:      0     0     0     0     0     0     0     0     0     0     0     0     0     0     0     0     0     0     0     0    15   283  2746  8126  9094 10075 12894  8982 11844 11235  5713  9065
ch   73:      0     0     0     0     0     0     0     0     0     0     0     0     0     0     0     0     0     0     0     0     8   188  3188  9271  9651 10809 13449 14555  8790 11780  9287 17865
ch   74:      0     0     0     0     0     0     0     0     0     0     0     0     0     0     0     0     0     0     0     1    15   252  2184  7015  9256 12825  8012 10730  9851 13592  8581  8958
ch   75:      0     0     0     0     0     0     0     0     0     0     0     0     0     0     0     0     0     0     0     4    28   157  3218  8189 11870 10984 12165  8861 17384 10938 10120 19577
ch   76:      0     0     0     0     0     0     0     0     0     0     0     0     0     0     0     0     0     0     0     1    12   210  4842 11785 12082  8354 13557  8579 10480 11397  7005  9547
ch   77:      0     0     0     0     0     0     0     0     0     0     0     0     0     0     0     0     0     0     0     1    24   470  5161  7962 11477 11167 10922 11898  9476 12280  9107 19021
ch   78:      0     0     0     0     0     0     0     0     0     0     0     0     0     0     0     0     0     0     0     0    16   260  2628  8290 15949  8021  7049 11778  7852  4801 11421  9530
ch   79:      0     0     0     0     0     0     0     0     0     0     0     0     0     0     0     0     0     0     1     2    29   535  5134 14283  8707  6992 10451 13929 11850 16535  9380 18218
ch   80:      0     0     0     0     0     0     0     0     0     0     0     0     0     0     0     0     0     0     0     0    23   529  4200  8033 10606  8877  8628 13676 10930  7899  9797 11378
ch   81:      0     0     0     0     0     0     0     0     0     0     0     0     0     0     0     0     0     0     0     0    23   366  2928  8581 11971  8227 11755  7713  5647 11483 11651 17956
ch   82:      0     0     0     0     0     0     0     0     0     0     0     0     0     0     0     0     0     0     0     0    35   269  2987  8039  8678 10842  9580 10106 12937 10704  6184 14380
ch   83:      0     0     0     0     0     0     0     0     0     0     0     0     0     0     0     0     0     0     0     4    52   532  4141  6543  8437 11453  8300  8876 11769  6421 10057  8862
ch   84:      0     0     0     0     0     0     0     0     0     0     0     0     0     0     0     0     0     0     0     1    34   217  3570 10110 11857 12326 14580 12594  7817  8354  9164 13608
ch   85:      0     0     0     0     0     0     0     0     0     0     0     0     0     0     0     0     0     0     0     1    21   381  5838 12700  7519 11399 10610  8753  9520 10124 11877  8458
ch   86:      0     0     0     0     0     0     0     0     0     0     0     0     0     0     0     0     0     0     1     6    29   308  4150 12794 13927 12352 11619 10082 12038  9510  5349 13791
ch   87:      0     0     0     0     0     0     0     0     0     0     0     0     0     0     0     0     0     0     0     7    51   642  7350 16093 13147  9545  8117 16711  9577  8888 11773  4926
ch   88:      0     0     0     0     0     0     0     0     0     0     0     0     0     0     0     0     0     0     0     2    31   358  4496 11101  8720 11975  7476 11465  6118  2989  7840 11764
ch   89:      0     0     0     0     0     0     0     0     0     0     0     0     0     0     0     0     0     0     0     3    45   625  6781 13945 13419  7950 13042 12005  5588  9986 10817  6270
ch   90:      0     0     0     0     0     0     0     0     0     0     0     0     0     0     0     0     0     0     0     0    27   349  3489 15558  9186  6926  8261  7418  8093 10381  9547 13060
ch   91:      0     0     0     0     0     0     0     0     0     0     0     0     0     0     0     0     0     0     0     3    23   424  4891  8616  5735 10986  6149  9863 10708  5914 18542 10471
ch   92:      0     0     0     0     0     0     0     0     0     0     0     0     0     0     0     0     0     0     0     7    58   302  6915  6826 10520  5865  9604 15014 11197 11141 10396 13351
ch   93:      0     0     0     0     0     0     0     0     0     0     0     0     0     0     0     0     0     0     0     1    45   483  5837 10093 10364 10721  9569  8432  9172 11425  6536 11903
ch   94:      0     0     0     0     0     0     0     0     0     0     0     0     0     0     0     0     0     0     1     1    19   393  4559  7530 14371  9396  8933 13038 14572 12449  7668  5527
ch   95:      0     0     0     0     0     0     0     0     0     0     0     0     0     0     0     0     0     0     1     6    92  1298  9354 12921  7417 11151 11325  9275  9739  4521 16943 15858
ch   96:      0     0     0     0     0     0     0     0     0     0     0     0     0     0     0     0     0     0     0     1    63   842 10394  9415 13502  7765 10076  8889  5756 11005 12515 11340
ch   97:      0     0     0     0     0     0     0     0     0     0     0     0     0     0     0     0     0     0     0    14   137  1292 14274  6568  9856 12820  9951 15085 13639 12215 14321  4291
ch   98:      0     0     0     0     0     0     0     0     0     0     0     0     0     0     0     0     0     0 12711    24     0     0     0     0     0     0     0     0     0     0     0     0
ch   99:      0     0     0     0     0     0     0     0     0     0     0     0     0     0     0     0     0     0     1     5    85   961  7227  8553 10682 11880  8740  9428 10776 14509 11862 10565
ch  100:      0     0     0     0     0     0     0     0     0     0     0     0     0     0     0     0     0     0     0     4   120   612  9996 10382  6055 14693  9885  9299  7247  8634 11228 11232
ch  101:      0     0     0     0     0     0     0     0     0     0     0     0     0     0     0     0     0     0     0     2    50   764  8227  9367 13418  8340 14953  9386  9827  7484 11784  7741
ch  102:      0     0     0     0     0     0     0     0     0     0     0     0     0     0     0     0     0     0     0     2    26   393  6342 10828  8407 10671 15784 10418 12110  8840  8724  8116
ch  103:      0     0     0     0     0     0     0     0     0     0     0     0     0     0     0     0     0     0     1     5    36   510  7316  9700  8405 14357 12242 11890  8771 10691 10310  9138
ch  104:      0     0     0     0     0     0     0     0     0     0     0     0     0     0     0     0     0     0     0     3    59   500  7254  9546  8619 11170  3169  8220  9753  9298 11052 12445
ch  105:      0     0     0     0     0     0     0     0     0     0     0     0     0     0     0     0     0     0     0     5    25   682  6933  9377  9171  6780 14970 10545 10584  9828 12203 11608
ch  106:      0     0     0     0     0     0     0     0     0     0     0     0     0     0     0     0     0     0     0     2    32   498  5028 10643  9575  9020 11970 12192 14438 11570  5654  1656
ch  107:      0     0     0     0     0     0     0     0     0     0     0     0     0     0     0     0     0     0     0     7    51   509  6369 12989  3582 12952  8446 10183 12593  8009 12078 12338
ch  108:      0     0     0     0     0     0     0     0     0     0     0     0     0     0     0     0     0     0     0     2    31   320  4394  7608  8169  8541 12652  8678  9212 12106 12930  8573
ch  109:      0     0     0     0     0     0     0     0     0     0     0     0     0     0     0     0     0     0     1     6    73   904  8073  7064  8059 11692 10300 13198 11079  9092 16280  7671
ch  110:      0     0     0     0     0     0     0     0     0     0     0     0     0     0     0     0     0     1    30   549  4689  9899  9761  9486 10575 10347 10755 12952 13356  6522 10553  7218
ch  111:      0     0     0     0     0     0     0     0     0     0     0     0     0     0     0     0     0     0     1     8    81  2626 12875  9036  9840 10651 10690 12242 12584  7582  8934 11749
ch  112:      0     0     0     0     0     0     0     0     0     0     0     0     0     0     0     0     0     2    72   603  6621  9726  8626 10158  9415  8269 10297  8638 13289  6404  8333 18091
ch  113:      0     0     0     0     0     0     0     0     0     0     0     0     0     0     0     0     0     0     1     7    55   544  5946  8401 10309 13105 12674 16240  9300 12574 13455 14242
ch  114:      0     0     0     0     0     0     0     0     0     0     0     0     0     0     0     0     0     0     0     3    41   375  4248 13559 13251 12508 10034 10806 10711 12378  9255 11232
ch  115:      0     0     0     0     0     0     0     0     0     0     0     0     0     0     0     0     0     0     0     6    33   748  6394 13400 13804 14169 13731 11979  8365 11400 11943 10778
ch  116:      0     0     0     0     0     0     0     0     0     0     0     0     0     0     0     0     0     0     0     0    55   377  6830 12522 10569  6967 11802 13941  7702 11988 14580 16164
ch  117:      0     0     0     0     0     0     0     0     0     0     0     0     0     0     0     0     0     0     1     4    40   348  6644  9062 13193  5843  9005  4790  9403 11932  7761  7922
ch  118:      0     0     0     0     0     0     0     0     0     0     0     0     0     0     0     0     0     0     0     3    30   484  4401  9625  6956  7633 11009  3401 11853 11452 11133  4459
ch  119:      0     0     0     0     0     0     0     0     0     0     0     0     0     0     0     0     0     0     0     0    53   914  5854 12553  5901 11317  7643 14187  7358 11046 10017  8129
ch  120:      0     0     0     0     0     0     0     0     0     0     0     0     0     0     0     0     0     0     0     0    32   512  4029 13813 12335 14681 11356  7233 11763 11636  5967  7539
ch  121:      0     0     0     0     0     0     0     0     0     0     0     0     0     0     0     0     0     0     0     2    41   493  6406  9480  6971 10210  8941 16089  7525 11495 13781  8446
ch  122:      0     0     0     0     0     0     0     0     0     0     0     0     0     0     0     0     0     0     0     9    49   728  5535  9336 15067 13837  7307 13977 12326  6768  9287  5488
ch  123:      0     0     0     0     0     0     0     0     0     0     0     0     0     0     0     0     0     0     0     5    43   405  7406 10081  9064  6835  7804  4438  4676 10797 14582  9796
ch  124:      0     0     0     0     0     0     0     0     0     0     0     0     0     0     0     0     0     0     2    10    79   492 10259 10792  5461  8871  8354  8885 11729 12258 12034  8588
ch  125:      0     0     0     0     0     0     0     0     0     0     0     0     0     0     0     0     0     0     0    14    64  1466  9615  7846  9287 12727 14043 12251 10847 13224  5142  9161
ch  126:      0     0     0     0     0     0     0     0     0     0     0     0     0     0     0     0     0     0     0     7    53   690  8435  8282  5913 11518  8459  9508 10285  5805  9268  7473
ch  127:      0     0     0     0     0     0     0     0     0     0     0     0     0     0     0     0     0     0     5    57   396  4438 10358 10076  8927 13908 10468 12049  7154 11171 10627 12560
