ch    0:      0     0     0     0     0     0     0     0     0     0     0     0     0     0     0     0     0     0     0     0     0     2    23   136  1680 11990  9726  7300 10046  9201 10696  2147
ch    1:      0     0     0     0     0     0     0     0     0     0     0     0     0     0     0     0     0     0     0     0     0     0     0     0     0     0     0     0     0     7 11910     0
ch    2:      0     0     0     0     0     0     0     0     0     0     0     0     0     0     0     0     0     0     0     0     0     4    55   563  4917  7987 14714 11749 10200  8471 12950 10804
ch    3:      0     0     0     0     0     0     0     0     0     0     0     0     0     0     0     0     0     0     0     0     0     0    26   570  2656  1899  4541 14669 16381 17156 11322  5162
ch    4:      0     0     0     0     0     0     0     0     0     0     0     0     0     0     0     0     0     0     0     0     0     1    48   578  3757 15792  5355  7936  9097 10527  7235 17207
ch    5:      0     0     0     0     0     0     0     0     0     0     0     0     0     0     0     0     0     0     0     0     0     1    21   257  2672 14650 13831 10907  1398 12989 11432 12005
ch    6:      0     0     0     0     0     0     0     0     0     0     0     0     0     0     0     0     0     0     0     0     0     0    15   229  2140  3589 13358 10441  6574  9246 10501 14497
ch    7:      0     0     0     0     0     0     0     0     0     0     0     0     0     0     0     0     0     0     0     0     0     2    21   226  3677  7869 13411  9290 10966  5374  8047 12513
ch    8:      0     0     0     0     0     0     0     0     0     0     0     0     0     0     0     0     0     0     0     0     0     0    18   242  4235  5700 14990 11542 12685 11508 12790 18317
ch    9:      0     0     0     0     0     0     0     0     0     0     0     0     0     0     0     0     0     0     0     0     0     1    18   324  3851  6609  6875 12566  8720  4680 11012 10242
ch   10:      0     0     0     0     0     0     0     0     0     0     0     0     0     0     0     0     0     0     0     0     0     1    24   573  4436  5549  8351 10991 10378  9385  9993 12133
ch   11:      0     0     0     0     0     0     0     0     0     0     0     0     0     0     0     0     0     0     0     0     0     2    28   418  5037  8106  9441 14510 14622 13048 12018 12354
ch   12:      0     0     0     0     0     0     0     0     0     0     0     0     0     0     0     0     0     0     0     0     0     1    37   365  4830  9628  8329 12257  8438 15616  8479  4177
ch   13:      0     0     0     0     0     0     0     0     0     0     0     0     0     0     0     0     0     0     0     0     0     1    23   613  3961 15896 10383  8280 10411  4428 11459  9218
ch   14:      0     0     0     0     0     0     0     0     0     0     0     0     0     0     0     0     0     0     0     0     0     0     8   503  5442 12790 13036 10425  9232  3789 10480  2022
ch   15:      0     0     0     0     0     0     0     0     0     0     0     0     0     0     0     0     0     0     0     0     0     2    23   758  5396 10752 13431 11989  8423  9515  5474 10460
ch   16:      0     0     0     0     0     0     0     0     0     0     0     0     0     0     0     0     0     0     0     0     0     1    24   439  4861 10719  7674  5910 10889 10212 12617  5193
ch   17:      0     0     0     0     0     0     0     0     0     0     0     0     0     0     0     0     0     0     0     0     0     3    43  1038  8502 10816  4134 10412  8805 11431  7474  6904
ch   18:      0     0     0     0     0     0     0     0     0     0     0     0     0     0     0     0     0     0     0     0     0     1    29   823 11601 10926 10046 13193 12368  6306  8692  7264
ch   19:      0     0     0     0     0     0     0     0     0     0     0     0     0     0     0     0     0     0     0     0     0     3    57   761 11063  6014 10060 11049  9790 13223  9397 11598
ch   20:      0     0     0     0     0     0     0     0     0     0     0     0     0     0     0     0     0     0     0     0     1     5    60   677  8025 13001 13789 11457 10364 10247 13223  8723
ch   21:      0     0     0     0     0     0     0     0     0     0     0     0     0     0     0     0     0     0     0     0     0     2    45   679  8319 11750  5838 10306 10896  9027 12862  8544
ch   22:      0     0     0     0     0     0     0     0     0     0     0     0     0     0     0     0     0     0     0     0     0     0    44   864  7398  8600 12250 13986  7938 11064  7824 10224
ch   23:      0     0     0     0     0     0     0     0     0     0     0     0     0     0     0     0     0     0     0     0     0     2    37   746  7494 11072  9796  7421  7518  8514  8168  9915
ch   24:      0     0     0     0     0     0     0     0     0     0     0     0     0     0     0     0     0     0     0     0     0     1    74   882 12142  6590 13680  9515  9357  7494 10951  9782
ch   25:      0     0     0     0     0     0     0     0     0     0     0     0     0     0     0     0     0     0     0     0     0     1    48   955 12061 12946 17733  9058  8670 10126 11993  9623
ch   26:      0     0     0     0     0     0     0     0     0     0     0     0     0     0     0     0     0     0     0     0     0     3    55  1173  8027  7142  7776  3011  5427 10569 11163 12514
ch   27:      0     0     0     0     0     0     0     0     0     0     0     0     0     0     0     0     0     0     0     0     0     3   101  1388 14091  9498 11518 11603 14841 13094 14246 11136
ch   28:      0     0     0     0     0     0     0     0     0     0     0     0     0     0     0     0     0     0     0     0     0     5    65  1084 15683  8862 16358 14322  6944  8484  4916 10845
ch   29:      0     0     0     0     0     0     0     0     0     0     0     0     0     0     0     0     0     0     0     0     0     2   116   955 15277  9822 11344 12514 11686  6991 10512  6442
ch   30:      0     0     0     0     0     0     0     0     0     0     0     0     0     0     0     0     0     0     0     0     0     2    59  1116 12820 14965 10322  9628  9980 11081 10885 14555
ch   31:      0     0     0     0     0     0     0     0     0     0     0     0     0     0     0     0     0     0     0     0     0    15   137  1749 14362  5109  8574  9429  8563 10434 10031 11288
ch   32:      0     0     0     0     0     0     0     0     0     0     0     0     0     0     0     0     0     0     0     0     0     4   102   948  8805 14605 11499 14409  8174  6021  9072 11872
ch   33:      0     0     0     0     0     0     0     0     0     0     0     0     0     0     0     0     0     0     0     0     0     9   112  2179  4697 13701 11462  9427 11855  9275  6497  7936
ch   34:      0     0     0     0     0     0     0     0     0     0     0     0     0     0     0     0     0     0     0     0     0     1   133  1411 14045 12209  7573  8624 10303 12112  9062 15561
ch   35:      0     0     0     0     0     0     0     0     0     0     0     0     0     0     0     0     0     0     0     0     0     4    85  1685  8226  5808 12561  6879 15160  9552 11901  8059
ch   36:      0     0     0     0     0     0     0     0     0     0     0     0     0     0     0     0     0     0     0     0     0     0    92  1527  7326 15182  7659  8691  8120 11486 10835  6848
ch   37:      0     0     0     0     0     0     0     0     0     0     0     0     0     0     0     0     0     0     0     0     0     6   154  1834 15910 12137  8797 13498  6770 10295  8207 12185
ch   38:      0     0     0     0     0     0     0     0     0     0     0     0     0     0     0     0     0     0     0     0     0     4    65  1323 15550  6191  6657 14820 11524 13638  9680 16415
ch   39:      0     0     0     0     0     0     0     0     0     0     0     0     0     0     0     0     0     0     0     0     1     5    96  1666  3230  9232 14147 13324 17112 10761 12321 13697
ch   40:      0     0     0     0     0     0     0     0     0     0     0     0     0     0     0     0     0     0     0     0     0     2    91  1046 15311  6650  8618 14012  9659  7119 11167 18020
ch   41:      0     0     0     0     0     0     0     0     0     0     0     0     0     0     0     0     0     0     0     0     1     6   140  1981  8433  7119  3404  8418 10058 12655 14075 12926
ch   42:      0     0     0     0     0     0     0     0     0     0     0     0     0     0     0     0     0     0     0     0     0     6    84  2334  6079 10593  9059  9332  8651  9614 11353 17958
ch   43:      0     0     0     0     0     0     0     0     0     0     0     0     0     0     0     0     0     0     0     0     0     2    95  1931  5490  7737 11740 11270 12514 11880 10468 11727
ch   44:      0     0     0     0     0     0     0     0     0     0     0     0     0     0     0     0     0     0     0     0     0     4    90  1696 14009 12436 10677 10100 12082 12931  9310  4491
ch   45:      0     0     0     0     0     0     0     0     0     0     0     0     0     0     0     0     0     0     0     0     0     9   168  2047 11975 11090 11821  7787  8583 13084  8482 10452
ch   46:      0     0     0     0     0     0     0     0     0     0     0     0     0     0     0     0     0     0     0     0     0     9   148  1933 14800 10690 12946  7531  9309  8942  8559  8903
ch   47:      0     0     0     0     0     0     0     0     0     0     0     0     0     0     0     0     0     0     0     0     0     6   173  2254  5759 11551  7981 12430  9990  9930 13776 10531
ch   48:      0     0     0     0     0     0     0     0     0     0     0     0     0     0     0     0     0     0     0     0     1     9   145  1712  3468 12862  8512 11992 11922  7722 10505 11606
ch   49:      0     0     0     0     0     0     0     0     0     0     0     0     0     0     0     0     0     0     0     0     0    10   140  1649  7078 11387  6607  9283 12463 13199 11366  9598
ch   50:      0     0     0     0     0     0     0     0     0     0     0     0     0     0     0     0     0     0     0     0     0     0   130  1569  5695  9660 10303  7251  7658  8540 11182 10409
ch   51:      0     0     0     0     0     0     0     0     0     0     0     0     0     0     0     0     0     0     0     0     0     4   177  1669  5517  8801  9147  9666 10389 16668  8295 13828
ch   52:      0     0     0     0     0     0     0     0     0     0     0     0     0     0     0     0     0     0     0     0     0     6   172  2524 13042 13953 10931  7066  9170  8415  9398 16870
ch   53:      0     0     0     0     0     0     0     0     0     0     0     0     0     0     0     0     0     0     0     0     1     9   133  2525 12047  7923 11424 14436  5962  7895 10540 12201
ch   54:      0     0     0     0     0     0     0     0     0     0     0     0     0     0     0     0     0     0     0     0     0     7   153  2042  6695 15092 10296 10865  8622  9910 12166 16230
ch   55:      0     0     0     0     0     0     0     0     0     0     0     0     0     0     0     0     0     0     0     0     0     6   160  3965  8164  9119 10524 12374 10727 12930  8915 12772
ch   56:      0     0     0     0     0     0     0     0     0     0     0     0     0     0     0     0     0     0     0     0     0     0   181  2594  7542 13730 11784 12669 13381 13969 11070 12762
ch   57:      0     0     0     0     0     0     0     0     0     0     0     0     0     0     0     0     0     0     0     0     0     4   102  1592  7762  6272 12114  8918  9793 11910  9838  6391
ch   58:      0     0     0     0     0     0     0     0     0     0     0     0     0     0     0     0     0     0     0     0     0     1   262  3638 11611 11176 10108 14467 10819 12119 12473 16106
ch   59:      0     0     0     0     0     0     0     0     0     0     0     0     0     0     0     0     0     0     0     0     0     8   100  3342  7124  5707  9699 12476 14224 11879 11887  9653
ch   60:      0     0     0     0     0     0     0     0     0     0     0     0     0     0     0     0     0     0     0     0     0     2   164  2413  8113 10913  8536  9440 14896  8912 11141 10122
ch   61:      0     0     0     0     0     0     0     0     0     0     0     0     0     0     0     0     0     0     0     0     1     9   171  3365  4710  9629  7599 11973 10710 12772 10616  5358
ch   62:      0     0     0     0     0     0     0     0     0     0     0     0     0     0     0     0     0     0     0     0     1     6   171  2179  5651 10424  7645 13594 13248 11555  8980  6646
ch   63:      0     0     0     0     0     0     0     0     0     0     0     0     0     0     0     0     0     0     0     0     0    13   360  4089 12270 11584 12023  8269 11194 11199 11053 13148
ch   64:      0     0     0     0     0     0     0     0     0     0     0     0     0     0     0     0     0     0     0     0     0     4   294  1986 18163 11557  4616  7871  7220 11976  7235 10888
ch   65:      0     0     0     0     0     0     0     0     0     0     0     0     0     0     0     0     0     0     0     0     0    11   157  4068 18018 10207 11886  5546 10775  7407  8699 12276
ch   66:      0     0     0     0     0     0     0     0     0     0     0     0     0     0     0     0     0     0     0     0     1     8   170  4573  4425 13401 12361  6768  8913 10052 13669 13520
ch   67:      0     0     0     0     0     0     0     0     0     0     0     0     0     0     0     0     0     0     0     0     0    13   228  4648 11219  8314 11747 10890 12846  9825 13446 13499
ch   68:      0     0     0     0     0     0     0     0     0     0     0     0     0     0     0     0     0     0     0     0     1     6   167  3499 15166  7429 10851  9588  8449  8062 11124  8669
ch   69:      0     0     0     0     0     0     0     0     0     0     0     0     0     0     0     0     0     0     0     0     0     8   216  3039 13930 12241 12571  8591 11654  7516 13248 11012
ch   70:      0     0     0     0     0     0     0     0     0     0     0     0     0     0     0     0     0     0     0     0     1    13   185  7383 15086 11811  4561  5410  6988  4818 10682  8851
ch   71:      0     0     0     0     0     0     0     0     0     0     0     0     0     0     0     0     0     0     0     0     1     9   234  2938 16599  9143 11739 14388 11568  8555 11219  7615
ch   72:      0     0     0     0     0     0     0     0     0     0     0     0     0     0     0     0     0     0     0     0     0     9   285  2668 18279  8008 10499 11532 14370 11938  6577  3377
ch   73:      0     0     0     0     0     0     0     0     0     0     0     0     0     0     0     0     0     0     0     0     0     6   222  3268 13637  9269  2862  6081 12120 10031  8540  7363
ch   74:      0     0     0     0     0     0     0     0     0     0     0     0     0     0     0     0     0     0     0     0     2    14   235  2951  1779  9736  9099  8884 11646  9955 11501  8651
ch   75:      0     0     0     0     0     0     0     0     0     0     0     0     0     0     0     0     0     0     0     0     1    14   312  2518  2801  8349  9027 12534  6140  8721  8886 14906
ch   76:      0     0     0     0     0     0     0     0     0     0     0     0     0     0     0     0     0     0     0     0     1     5   178  2661 15762 10737  6680 13505  9069 12251  9853 10204
ch   77:      0     0     0     0     0     0     0     0     0     0     0     0     0     0     0     0     0     0     0     0     0    12   341  2915  2209  8909 12201 10667  9905  5029 10439 11393
ch   78:      0     0     0     0     0     0     0     0     0     0     0     0     0     0     0     0     0     0     0     0     0     4   113  2711  5102 14357  5413 13822 11761 16645  6376  9659
ch   79:      0     0     0     0     0     0     0     0     0     0     0     0     0     0     0     0     0     0     0     0     0    13   368  4120  9166  3123 10698  8467 15489 13558 14903 16348
ch   80:      0     0     0     0     0     0     0     0     0     0     0     0     0     0     0     0     0     0     0     0     0     6   169  2444 14076 11908  6524 13620 12644 10914  8023  9400
ch   81:      0     0     0     0     0     0     0     0     0     0     0     0     0     0     0     0     0     0     0     0     1    19   218  4119  9216 10062  8894  8209 15429 15111  9957 11776
ch   82:      0     0     0     0     0     0     0     0     0     0     0     0     0     0     0     0     0     0     0     0     0     4   117  1169  4917 14001 15180 12939 11503 10959 11501 11561
ch   83:      0     0     0     0     0     0     0     0     0     0     0     0     0     0     0     0     0     0     0     0     1    14   358  5100 15639  8320  8578  9663  9959  8875 11331 14973
ch   84:      0     0     0     0     0     0     0     0     0     0     0     0     0     0     0     0     0     0     0     1     1     8   203  1857 14468 15703  6379 12596 12389 14670 11345 12264
ch   85:      0     0     0     0     0     0     0     0     0     0     0     0     0     0     0     0     0     0     0     0     0     9   264  2470 15762 10927  6203 12339 12021  9919  6116 14388
ch   86:      0     0     0     0     0     0     0     0     0     0     0     0     0     0     0     0     0     0     0     0     0     8   104  4407 10689  6441  9810 14781 10348 10768 14891  9241
ch   87:      0     0     0     0     0     0     0     0     0     0     0     0     0     0     0     0     0     0     0     0     0     5   190  3971 13739  8764  7896  9859 10782 13991  4546  9427
ch   88:      0     0     0     0     0     0     0     0     0     0     0     0     0     0     0     0     0     0     0     0     2     6   241  3832  2251 10313  6934 11672 11359 14540 10208  9204
ch   89:      0     0     0     0     0     0     0     0     0     0     0     0     0     0     0     0     0     0     0     0     0    16   323  2476  7445  8173  7902 11544 12396  6989 14744  8721
ch   90:      0     0     0     0     0     0     0     0     0     0     0     0     0     0     0     0     0     0     0     0     0    12   241  2776  8015 13368  8735 11553 10063 15316 16425 14665
ch   91:      0     0     0     0     0     0     0     0     0     0     0     0     0     0     0     0     0     0     0     0     1     8   261  6679  6235  8602  7634  8456  8977 17343 12555  8377
ch   92:      0     0     0     0     0     0     0     0     0     0     0     0     0     0     0     0     0     0     0     0     0     4   205  2257 11195  9267  9409  9745  6781  9889  9206 13611
ch   93:      0     0     0     0     0     0     0     0     0     0     0     0     0     0     0     0     0     0     0     0     0     5   273  4624 17832  7383 15415 12263 13891 13368  8913  7941
ch   94:      0     0     0     0     0     0     0     0     0     0     0     0     0     0     0     0     0     0     0     0     0     1   159  3679 14595 11438  9563 10834 14007 10884  7061  8300
ch   95:      0     0     0     0     0     0     0     0     0     0     0     0     0     0     0     0     0     0     0     0     1    19   238  3315 10759 14644  5129  7688 13368  9854  9056 13683
ch   96:      0     0     0     0     0     0     0     0     0     0     0     0     0     0     0     0     0     0     0     0     0     9   171  2944 14907  9850 13276 12737 11126  7408  8318  8544
ch   97:      0     0     0     0     0     0     0     0     0     0     0     0     0     0     0     0     0     0     0     0     0    17   337  5366 12885  8440  9597  8495  8862  7778 12006 10929
ch   98:      0     0     0     0     0     0     0     0     0     0     0     0     0     0     0     0     0     0     0     0     0     8   147  3982 16417  7601  7787  3449  6502 13191 10144  7684
ch   99:      0     0     0     0     0     0     0     0     0     0     0     0     0     0     0     0     0     0     0     0     0    17   285  5410 16960 10611 14677 13947 12873 10871 12379 14364
ch  100:      0     0     0     0     0     0     0     0     0     0     0     0     0     0     0     0     0     0     0     0     1    10   266  4951 13225 12067 13802  4969  9317  8982  9698  9915
ch  101:      0     0     0     0     0     0     0     0     0     0     0     0     0     0     0     0     0     0     0     0     0    14   308  3103 10558  3993 17307 13047 13606  4812 12761 10922
ch  102:      0     0     0     0     0     0     0     0     0     0     0     0     0     0     0     0     0     0     0     0     0    20   181  6305  3375  9021  6576  9921  9867 12619 11012 14399
ch  103:      0     0     0     0     0     0     0     0     0     0     0     0     0     0     0     0     0     0     0     0     1    20   316  4864 14814 10463  7053  9643  8822 15883 11591  7026
ch  104:      0     0     0     0     0     0     0     0     0     0     0     0     0     0     0     0     0     0     0     0     1    11   231  2652 14853  3325 10249  7769  8813  9310  9902  6623
ch  105:      0     0     0     0     0     0     0     0     0     0     0     0     0     0     0     0     0     0     0     0     2    25   508  4173  2967 10726 14890  9934 14382 10164 12521 15497
ch  106:      0     0     0     0     0     0     0     0     0     0     0     0     0     0     0     0     0     0     0     0     0     6   175  3140  9514  9476 14839 12445 17442  9541 13678  7685
ch  107:      0     0     0     0     0     0     0     0     0     0     0     0     0     0     0     0     0     0     0     0     1     9   375  4095  9276 11155  9393 10683  5487 11754  9314  4300
ch  108:      0     0     0     0     0     0     0     0     0     0     0     0     0     0     0     0     0     0     0     0     0    12   170  2960 13363 16544 11127  9827  7694 11925 10687  7322
ch  109:      0     0     0     0     0     0     0     0     0     0     0     0     0     0     0     0     0     0     0     0     2    32   502  4902 13378 14213 13575  9036  9708  6100 15330  7271
ch  110:      0     0     0     0     0     0     0     0     0     0     0     0     0     0     0     0     0     0     0     0     0    15   282  3948 14176 11588  6904 10001 11686 11875  8366 14599
ch  111:      0     0     0     0     0     0     0     0     0     0     0     0     0     0     0     0     0     0     0     0     0     8   345  4508  6966 10341 10423 11959  8420 14024 11607  8712
ch  112:      0     0     0     0     0     0     0     0     0     0     0     0     0     0     0     0     0     0     0     0     2    18   447  4659 13417 15273  8775  9932 10781 14609 10003  5274
ch  113:      0     0     0     0     0     0     0     0     0     0     0     0     0     0     0     0     0     0     0     0     0    21   470  6140  6226 13858  9517  6162  9188 11762 10085 12848
ch  114:      0     0     0     0     0     0     0     0     0     0     0     0     0     0     0     0     0     0     0     0     0     4   291  4595 14276 10161 10213 10150  7315  9696 10746 12119
ch  115:      0     0     0     0     0     0     0     0     0     0     0     0     0     0     0     0     0     0     0     0     0     8   224  4111  6013 12341  9268 10998 10040 12808  9826  7351
ch  116:      0     0     0     0     0     0     0     0     0     0     0     0     0     0     0     0     0     0     0     0     0     9   279  3673 16365 11620 10803  9076 11421 12926 10078 10063
ch  117:      0     0     0     0     0     0     0     0     0     0     0     0     0     0     0     0     0     0     0     0     1     8   365  4786 10790 10230  6440  8946 12417 10027 10169 16380
ch  118:      0     0     0     0     0     0     0     0     0     0     0     0     0     0     0     0     0     0     0     0     0    10   195  3878  5505  8449 10242 11756 10283 11928 12864  6073
ch  119:      0     0     0     0     0     0     0     0     0     0     0     0     0     0     0     0     0     0     0     0     0    33   397  8641 11702 13836  9562 10102  8900 10890 10185  8249
ch  120:      0     0     0     0     0     0     0     0     0     0     0     0     0     0     0     0     0     0     0     0     0    14   311  4686 13883  9958 11015 14588 11470  7174 13158  8170
ch  121:      0     0     0     0     0     0     0     0     0     0     0     0     0     0     0     0     0     0     0     1     2    19   316  5648 10834  9661  9770 11856 11147 12767  9669 16618
ch  122:      0     0     0     0     0     0     0     0     0     0     0     0     0     0     0     0     0     0     0     1     1    17   275  4381 13044 13458  8375 14748 10212  8936 10610 13148
ch  123:      0     0     0     0     0     0     0     0     0     0     0     0     0     0     0     0     0     0     0     0     1    28   638  7851  6169  9973 12281 10678  9876 13023 11001  4813
ch  124:      0     0     0     0     0     0     0     0     0     0     0     0     0     0     0     0     0     0     0     1     4    59   652  8824 13090  8544 11852 12520 13657  5961  7930  7125
ch  125:      0     0     0     0     0     0     0     0     0     0     0     0     0     0     0     0     0     0     0     0     1    38   915 14163 15147 10691 10770 12952  7156 13020  8862 12242
ch  126:      0     0     0     0     0     0     0     0     0     0     0     0     0     0     0     0     0     0     0     0     0    45   695 10191 14753  7015  7733  9827  8396 11556 12748  4288
ch  127:      0     0     0     0     0     0     0     0     0     0     0     0     0     0     0     0     0     0     0     2    16   288  2752  7133 11972 11310 11002 14431  6694  8505 10293 13899
