ch    0:      0     0     0     0     0     0     0     0     0     0     0     0     0     0     0     0     0     0     0     0     0     0    15   115   883  4724 17161 10446 13945 15034  9569  4810
ch    1:      0     0     0     0     0     0     0     0     0     0     0     0     0     0     0     0     0     0     0     0     0     3    44   347  1804 10933 13633 15904  8749  6712 13609 16333
ch    2:      0     0     0     0     0     0     0     0     0     0     0     0     0     0     0     0     0     0     0     0     0     7    35   273  1565 10398 11317 11228 12034  9675  8978 15355
ch    3:      0     0     0     0     0     0     0     0     0     0     0     0     0     0     0     0     0     0     0     0     0     7    82   488  3401 14434 12302 10167 11619  8686 14464 11052
ch    4:      0     0     0     0     0     0     0     0     0     0     0     0     0     0     0     0     0     0     0     0     0     1    42   275  2765 13590  9643  9380 10237 10463 10318  9756
ch    5:      0     0     0     0     0     0     0     0     0     0     0     0     0     0     0     0     0     0     0     0     1    10    73   674  4568 14698  9011 14080 15884  9735 14212  8590
ch    6:      0     0     0     0     0     0     0     0     0     0     0     0     0     0     0     0     0     0     0     0     0     3    72   499  3157 16366  4634 14067  9129 11494  7807 10891
ch    7:      0     0     0     0     0     0     0     0     0     0     0     0     0     0     0     0     0     0     0     0     1    16   149   633  6425  9931  8323 11963 12297 10998 11205 16764
ch    8:      0     0     0     0     0     0     0     0     0     0     0     0     0     0     0     0     0     0     0     0     2    13   139   698  6466  8511  8552 13394 10794  9143  7466 12529
ch    9:      0     0     0     0     0     0     0     0     0     0     0     0     0     0     0     0     0     0     0     0     1    13   126  1251  7017 14343 10999 10614  8927  6660 10969  5877
ch   10:      0     0     0     0     0     0     0     0     0     0     0     0     0     0     0     0     0     0     0     0     1     9   135  1005  6159 17460 10836 12335 14802  9376 10394 12275
ch   11:      0     0     0     0     0     0     0     0     0     0     0     0     0     0     0     0     0     0     0     0     3    12   224  1633  7333  5055  8917  6955  6921  6191 14862  9771
ch   12:      0     0     0     0     0     0     0     0     0     0     0     0     0     0     0     0     0     0     0     1     1    13   176   773  8304 14408  9315 13867  8501 10989 14511 10286
ch   13:      0     0     0     0     0     0     0     0     0     0     0     0     0     0     0     0     0     0     0     0     5    38   239  1683 10121 11270  6661  8072  9634 12203 10468 12194
ch   14:      0     0     0     0     0     0     0     0     0     0     0     0     0     0     0     0     0     0     0     0     1    11   183  1467  9421  9702 11921 13623  9401 12772  8197 10614
ch   15:      0     0     0     0     0     0     0     0     0     0     0     0     0     0     0     0     0     0     0     0     4    37   200  1525 10316 10433 13127 13392  7785  8199 11930 10303
ch   16:      0     0     0     0     0     0     0     0     0     0     0     0     0     0     0     0     0     0     0     0     4    28   252  1682 12789 13279 10063 11821 11646 11712  9559  8853
ch   17:      0     0     0     0     0     0     0     0     0     0     0     0     0     0     0     0     0     0     0     0     2    34   374  1856 14048 12232 12389  6864 12041  9307  9765  8610
ch   18:      0     0     0     0     0     0     0     0     0     0     0     0     0     0     0     0     0     0     0     1     1    31   200  2333 11335 10365  6883  9093 12445 12796  6348  8361
ch   19:      0     0     0     0     0     0     0     0     0     0     0     0     0     0     0     0     0     0     0     0     0    30   341  2471 15383  7346 10045 11193  9667 10768  8413 15768
ch   20:      0     0     0     0     0     0     0     0     0     0     0     0     0     0     0     0     0     0     0     0     1    25   230  1523 13770  9901 14251  7932  6892  8963 10738 11674
ch   21:      0     0     0     0     0     0     0     0     0     0     0     0     0     0     0     0     0     0     0     1     5    39   451  3183 12148  9518  5362 10648 12184  6611  7449 15687
ch   22:      0     0     0     0     0     0     0     0     0     0     0     0     0     0     0     0     0     0     0     0     1    33   243  2343 14242 11443 10874  5565 12682  5026 12464 12502
ch   23:      0     0     0     0     0     0     0     0     0     0     0     0     0     0     0     0     0     0     0     1     2    23   322  2897 14576 11883  6796  5661 10155  7989 12014 10365
ch   24:      0     0     0     0     0     0     0     0     0     0     0     0     0     0     0     0     0     0     0     0     2    27   351  2100 14602  8545  8635 14321  9762  9786 13329 10178
ch   25:      0     0     0     0     0     0     0     0     0     0     0     0     0     0     0     0     0     0     0     0     1    52   476  4413  4375 11960 12300 11311 13887  8009  7525 12422
ch   26:      0     0     0     0     0     0     0     0     0     0     0     0     0     0     0     0     0     0     0     0     1    44   262  3016 15084 11014  9358  9093 12338 11609 15127  8794
ch   27:      0     0     0     0     0     0     0     0     0     0     0     0     0     0     0     0     0     0     0     0     7    92   822  4828 16255 12468  9455  6567 15515 10641 11414 10170
ch   28:      0     0     0     0     0     0     0     0     0     0     0     0     0     0     0     0     0     0     0     0     5    39   391  3369  5113 10627 12722  9934  9063 14019  7136 12286
ch   29:      0     0     0     0     0     0     0     0     0     0     0     0     0     0     0     0     0     0     0     1     4    35   443  3883  4265 13466  7154 13202 11291  8254 13286  4678
ch   30:      0     0     0     0     0     0     0     0     0     0     0     0     0     0     0     0     0     0     0     0     5    44   456  4396  1790  8679  8017 10970  9309  9109  8104 11614
ch   31:      0     0     0     0     0     0     0     0     0     0     0     0     0     0     0     0     0     0     0     0     5    61   835  5796  8856  6502  9806 10164 12709 10083  9400 11780
ch   32:      0     0     0     0     0     0     0     0     0     0     0     0     0     0     0     0     0     0     0     0     5    54   599  3474  4672  7398  7054  7621  6389 11409 12384 11845
ch   33:      0     0     0     0     0     0     0     0     0     0     0     0     0     0     0     0     0     0     0     1     3    58   580  4581  6554  6963 12666  7735  8069  5980  8867 12812
ch   34:      0     0     0     0     0     0     0     0     0     0     0     0     0     0     0     0     0     0     1     1     7    44   547  4626  7258  7227 10132 12104 14864 11542 12979  8706
ch   35:      0     0     0     0     0     0     0     0     0     0     0     0     0     0     0     0     0     0     0     0    11   109   816  4861  5923 15192  7112 13537 12290  9810  8506 11892
ch   36:      0     0     0     0     0     0     0     0     0     0     0     0     0     0     0     0     0     0     0     2     4    64   576  3645 15068 12963  9525 10150 11767  5584 14872  8520
ch   37:      0     0     0     0     0     0     0     0     0     0     0     0     0     0     0     0     0     0     0     1    19   162   815  8392 14961 10694 11253 11665 11140  9485  9069 13789
ch   38:      0     0     0     0     0     0     0     0     0     0     0     0     0     0     0     0     0     0     0     0     3    64   689  6662  7030 14535 10857  9029  8494  7494  8817 11010
ch   39:      0     0     0     0     0     0     0     0     0     0     0     0     0     0     0     0     0     0     0     0    13   114  1258  6687  7677 11146  9052 10034  9421 12235  5974  6708
ch   40:      0     0     0     0     0     0     0     0     0     0     0     0     0     0     0     0     0     0     0     2    10    90   532  4324  5949 13512 11772  8630  9412  7456 11161  9805
ch   41:      0     0     0     0     0     0     0     0     0     0     0     0     0     0     0     0     0     0     0     0    11    86   874  7105  8038  7555 11093 14420  9859  8015 13907 11697
ch   42:      0     0     0     0     0     0     0     0     0     0     0     0     0     0     0     0     0     0     0     1     8    45   551  6208 11644  7401  9732 10476 14280  9484  9341 11424
ch   43:      0     0     0     0     0     0     0     0     0     0     0     0     0     0     0     0     0     0     0     0     4   107   848  9133 13324  7242  9743  8466 11152  6886 11969  9400
ch   44:      0     0     0     0     0     0     0     0     0     0     0     0     0     0     0     0     0     0     0     0     4    64   818  5444  8484 11402 10141 11527  9629 10393 11605  9608
ch   45:      0     0     0     0     0     0     0     0     0     0     0     0     0     0     0     0     0     0     0     1    11   106  1206 10811 10483  9689 10284  7050 14574 15146 13778 12506
ch   46:      0     0     0     0     0     0     0     0     0     0     0     0     0     0     0     0     0     0     0     1     6    85  1120  7347  5469 12204 11274 13413  9819  7948 15862 10634
ch   47:      0     0     0     0     0     0     0     0     0     0     0     0     0     0     0     0     0     0     0     1     9   154  1165  8855  7711  9259 13671 12707 13377  8283 12842 12245
ch   48:      0     0     0     0     0     0     0     0     0     0     0     0     0     0     0     0     0     0     0     0    10   129   904  5644 17184 14479  7446  7681  9327 13567 16244 11844
ch   49:      0     0     0     0     0     0     0     0     0     0     0     0     0     0     0     0     0     0     0     0     9   132   982  8113 12704 12872  7252  7605  9777  9260  9675  9335
ch   50:      0     0     0     0     0     0     0     0     0     0     0     0     0     0     0     0     0     0     0     0     3    76   765  7477  8502 12828  8915  8349  9758 14443  6415  8630
ch   51:      0     0     0     0     0     0     0     0     0     0     0     0     0     0     0     0     0     0     0     1    15   152  1321 10596  4521 13414  8575  8952 12893 12450 10410  5979
ch   52:      0     0     0     0     0     0     0     0     0     0     0     0     0     0     0     0     0     0     0     1    12    92   876  4821 10861  9727  2965 11145  6138 11251 11811  7860
ch   53:      0     0     0     0     0     0     0     0     0     0     0     0     0     0     0     0     0     0     0     2     9   103  1703 11878 10471 10894  9601  8257  9017 11431 10430  8375
ch   54:      0     0     0     0     0     0     0     0     0     0     0     0     0     0     0     0     0     0     0     1    14   106   961  6202 14720  4897  8947 13622  8894 11629  9527  8232
ch   55:      0     0     0     0     0     0     0     0     0     0     0     0     0     0     0     0     0     0     0     0    23   152  1128  9189  7056 17539  7134 12323  8113  8868 11149  6865
ch   56:      0     0     0     0     0     0     0     0     0     0     0     0     0     0     0     0     0     0     0     1     8    66   908  7098  6882  9253  7794  7951  7065  8956  6808  6843
ch   57:      0     0     0     0     0     0     0     0     0     0     0     0     0     0     0     0     0     0     0     2    24   215  2740 15447 13641  7346 11590 12451 14454 11998 12215 11936
ch   58:      0     0     0     0     0     0     0     0     0     0     0     0     0     0     0     0     0     0     0     0     8   110  1167  8414 17231 10173  9198 12144  7511  9930  8892 10960
ch   59:      0     0     0     0     0     0     0     0     0     0     0     0     0     0     0     0     0     0     0     2    22   225  2319 16943  6513 10260 12832  6682  9191  6865 10167 12173
ch   60:      0     0     0     0     0     0     0     0     0     0     0     0     0     0     0     0     0     0     0     2    16   220  1222  9386  3827  9689 11371  6016  6323 12287 11907 12317
ch   61:      0     0     0     0     0     0     0     0     0     0     0     0     0     0     0     0     0     0     0     0    13   195  1556 11487  9863 12141 10616  9092 15084  7477  8984  8415
ch   62:      0     0     0     0     0     0     0     0     0     0     0     0     0     0     0     0     0     0     0     1     6   156  1630  8758  6435 12371 11391 15391 12051  3444  5821 13820
ch   63:      0     0     0     0     0     0     0     0     0     0     0     0     0     0     0     0     0     0     0     1    30   186  2941 15174  9040 13397 11496 10143  9675  8666 13145 14115
ch   64:      0     0     0     0     0     0     0     0     0     0     0     0     0     0     0     0     0     0     0     1    15   100  1235  8718 14523 10750  7445  4484  7588  9574  6825 10435
ch   65:      0     0     0     0     0     0     0     0     0     0     0     0     0     0     0     0     0     0     0     0    27   351  2664  4562 12204  9289  7386  6113 12467 10527 10993 11315
ch   66:      0     0     0     0     0     0     0     0     0     0     0     0     0     0     0     0     0     0     0     0    11    96  1160  7753 10441 14469  8861  9070 10969 13725 10401 12440
ch   67:      0     0     0     0     0     0     0     0     0     0     0     0     0     0     0     0     0     0     0     2    20   303  1910  3933  9426  3482 10407  9967 11048 13134 13463  9601
ch   68:      0     0     0     0     0     0     0     0     0     0     0     0     0     0     0     0     0     0     0     0    14   125  1356 11031  7947 13450  9132  9754  6988  7622 12004 10821
ch   69:      0     0     0     0     0     0     0     0     0     0     0     0     0     0     0     0     0     0     0     0    21   188  2160 16598  9587 12778 12585  9461 14696 14644  9481  9432
ch   70:      0     0     0     0     0     0     0     0     0     0     0     0     0     0     0     0     0     0     0     1    11   159  1365 12115 11432  7587  7157  7983 14419  7278  9148 11007
ch   71:      0     0     0     0     0     0     0     0     0     0     0     0     0     0     0     0     0     0     0     1    22   348  2462 15218 10098  9188  9366 12591 10512  8500 11100 13716
ch   72:      0     0     0     0     0     0     0     0     0     0     0     0     0     0     0     0     0     0     0     3    16   175  2047 10457 11765 13050 13733 10646 10678 13369  8787 11389
ch   73:      0     0     0     0     0     0     0     0     0     0     0     0     0     0     0     0     0     0     0     2    22   254  2216 15576 14849  8850 11069 11952 11447  8558 11502  7226
ch   74:      0     0     0     0     0     0     0     0     0     0     0     0     0     0     0     0     0     0     0     2    12   151  1360 10463 17741  9639 10852  8581  8366 11488  9322  5543
ch   75:      0     0     0     0     0     0     0     0     0     0     0     0     0     0     0     0     0     0     0     2    32   284  3491  3460 10232  3529 12907  6976 11186  2857  9942 11233
ch   76:      0     0     0     0     0     0     0     0     0     0     0     0     0     0     0     0     0     0     0     2    20   273  2378 14772 16135  7351 12079 10202 14771 14467 11161 14202
ch   77:      0     0     0     0     0     0     0     0     0     0     0     0     0     0     0     0     0     0     0     0    23   268  2256  1633 13929 12555  5469 10966  6169  8597 10936 11400
ch   78:      0     0     0     0     0     0     0     0     0     0     0     0     0     0     0     0     0     0     1     5    33   262  3235 14701 12265  8653 12085  9844 13016  7776  9123  8983
ch   79:      0     0     0     0     0     0     0     0     0     0     0     0     0     0     0     0     0     0     0     4    89  1007  5706 15160 11389  9950 14515 12530  6805  6977 11286  8558
ch   80:      0     0     0     0     0     0     0     0     0     0     0     0     0     0     0     0     0     0     0     0     0     0     0     0     0     0     0     0 10813     0     0     0
ch   81:      0     0     0     0     0     0     0     0     0     0     0     0     0     0     0     0     0     0     0    10    77   556  4586  6499 11256 12267  8040  7977 13722 11305  8897  5805
ch   82:      0     0     0     0     0     0     0     0     0     0     0     0     0     0     0     0     0     0     0     1    34   464  3067 18545 10410  9708  7559 13008  8394 11443 14112 11740
ch   83:      0     0     0     0     0     0     0     0     0     0     0     0     0     0     0     0     0     0     0     4    45   404  4076  1954 13531 11812  9669  9635 11294 12876  7878 11450
ch   84:      0     0     0     0     0     0     0     0     0     0     0     0     0     0     0     0     0     0     0     2    28   214  2043 12626 10153  8821  9141  4423  8469  8959  8359 10663
ch   85:      0     0     0     0     0     0     0     0     0     0     0     0     0     0     0     0     0     0     0     0    37   366  3154  2650  8942  7359  8723 11219 14930  6994 11850 12332
ch   86:      0     0     0     0     0     0     0     0     0     0     0     0     0     0     0     0     0     0     0     2    14   215  1768 13792  7302 14545 11326 12097  9157 15017 10479  4263
ch   87:      0     0     0     0     0     0     0     0     0     0     0     0     0     0     0     0     0     0     0     0    24   331  2423 17514 10604  9317 13464 10047 10034 16485 13063  5858
ch   88:      0     0     0     0     0     0     0     0     0     0     0     0     0     0     0     0     0     0     0     4    35   314  2217 16695  7473  7309 10754 11343 13259  8361 10488 12523
ch   89:      0     0     0     0     0     0     0     0     0     0     0     0     0     0     0     0     0     0     0     1    37   426  2780 12511 15521  9470  4073 11017 14201 14372  9723 11552
ch   90:      0     0     0     0     0     0     0     0     0     0     0     0     0     0     0     0     0     0     0     1    11   222  1652 15703  3712 13731  9212  7035 10082 12325  6941 13999
ch   91:      0     0     0     0     0     0     0     0     0     0     0     0     0     0     0     0     0     0     0     4    39   436  3469  5458 13532 16508  9250  6025 17394  8934 12668 10400
ch   92:      0     0     0     0     0     0     0     0     0     0     0     0     0     0     0     0     0     0     0     3    31   335  2415 14223 13384  8074  7093  7217  6782 15889  8435  9992
ch   93:      0     0     0     0     0     0     0     0     0     0     0     0     0     0     0     0     0     0     0     2    22   320  2422 15727  6856  9480  8754 14044 12307 13431  9130 10637
ch   94:      0     0     0     0     0     0     0     0     0     0     0     0     0     0     0     0     0     0     0     0    12   308  2662 18537  4794 11618 10029 10604  9083 13509  9851  7832
ch   95:      0     0     0     0     0     0     0     0     0     0     0     0     0     0     0     0     0     0     0     5    31   323  2901 17394  6879 11565  8544 15081  8498 10761 14451  8652
ch   96:      0     0     0     0     0     0     0     0     0     0     0     0     0     0     0     0     0     0     0     1    15   200  1956 11035  7109 11365  7832 12631  4484  7189  5685  9801
ch   97:      0     0     0     0     0     0     0     0     0     0     0     0     0     0     0     0     0     0     0     5    40   327  2461  5163 11933  8879  6469 13519  6741  8616  8447 11578
ch   98:      0     0     0     0     0     0     0     0     0     0     0     0     0     0     0     0     0     0     0     2    15   194  1666 11584 15397 11489 15300  9328 11688  9081  7588  5371
ch   99:      0     0     0     0     0     0     0     0     0     0     0     0     0     0     0     0     0     0     0     0    39   276  2284  1894  9984 10160 13255  8577 10067 13660  8107 10896
ch  100:      0     0     0     0     0     0     0     0     0     0     0     0     0     0     0     0     0     0     0     3    30   218  1591 14959 12610 10575  8146  6996  8767  4691 15496 10628
ch  101:      0     0     0     0     0     0     0     0     0     0     0     0     0     0     0     0     0     0     0     2    16   343  2101 16008 10583  7954 10224  9941  3970 13199  6430  7784
ch  102:      0     0     0     0     0     0     0     0     0     0     0     0     0     0     0     0     0     0     0     0    20   196  2024 15337 10151  9822  7436 13812  8309  6467  9120 14641
ch  103:      0     0     0     0     0     0     0     0     0     0     0     0     0     0     0     0     0     0     0     0    29   375  2558  3396  5256  5638 14669  9514 10808  6291  7987 15798
ch  104:      0     0     0     0     0     0     0     0     0     0     0     0     0     0     0     0     0     0     0     0    19   242  2211 14322 12816 13311 13418 11188  9526 10967 10684  9336
ch  105:      0     0     0     0     0     0     0     0     0     0     0     0     0     0     0     0     0     0     0     1    12   244  2944 18772  8683 15695 12917 12198 11076 11948 13648 16127
ch  106:      0     0     0     0     0     0     0     0     0     0     0     0     0     0     0     0     0     0     0     1    21   236  2843 15885 11798  8293 12736 11519 13124  7883 11482 16153
ch  107:      0     0     0     0     0     0     0     0     0     0     0     0     0     0     0     0     0     0     0     2    24   316  3238 18025  6714 14096 10094  8879 14170 11253 11225  9659
ch  108:      0     0     0     0     0     0     0     0     0     0     0     0     0     0     0     0     0     0     0     2    18   266  2476 18741 13661 12213  6076  8603 10728 14625  8051  4615
ch  109:      0     0     0     0     0     0     0     0     0     0     0     0     0     0     0     0     0     0     1     2    16   201  8686 16023 13075  8615 10586 15293 10359 13387 12276  9984
ch  110:      0     0     0     0     0     0     0     0     0     0     0     0     0     0     0     0     0     0     0     0    13   174  2164 16814 13579  5804  5964  9366  8715 10892 14296  7040
ch  111:      0     0     0     0     0     0     0     0     0     0     0     0     0     0     0     0     0     0     1     2    25   383  3331  8164  8500  4685  7273 10941 10615 12493 10646 11674
ch  112:      0     0     0     0     0     0     0     0     0     0     0     0     0     0     0     0     0     0     0     0    18   196  2035 18446 11581 12013 11447  8703 10044  7433 12181 12267
ch  113:      0     0     0     0     0     0     0     0     0     0     0     0     0     0     0     0     0     0     0     3    20   231  2275 16443 10387  9294 10754 11182  9526  6852 12301  9510
ch  114:      0     0     0     0     0     0     0     0     0     0     0     0     0     0     0     0     0     0     0     1    16   321  1957 18199  7794 10192  7809  9433 10505 12315 13305 11180
ch  115:      0     0     0     0     0     0     0     0     0     0     0     0     0     0     0     0     0     0     0     1    16   249  2601  8268 11588  6257  9906 10920  7749 10359  9093  8632
ch  116:      0     0     0     0     0     0     0     0     0     0     0     0     0     0     0     0     0     0     0     0    16   215  2359 13161 11381 13942 10111 12214 15302  8814 11193  9459
ch  117:      0     0     0     0     0     0     0     0     0     0     0     0     0     0     0     0     0     0     0     3    33   383  2457  1780  8175  6255 12668 14255  9526  8323 11138  7681
ch  118:      0     0     0     0     0     0     0     0     0     0     0     0     0     0     0     0     0     0     0     0    11   196  1515 12267 10672 10933 10046  8788 11429 10307 10970  8165
ch  119:      0     0     0     0     0     0     0     0     0     0     0     0     0     0     0     0     0     0     0     1    17   187  2291 14436  6589 12529  4115 11745  8456  9853 11218 12093
ch  120:      0     0     0     0     0     0     0     0     0     0     0     0     0     0     0     0     0     0     0     0    13   219  1948 15227 10356 11347 10019  8448  8242 11919 10723 15048
ch  121:      0     0     0     0     0     0     0     0     0     0     0     0     0     0     0     0     0     0     0     3    24   318  2718 17092  9482  7099  7776  9688  9434 12225 10094  9881
ch  122:      0     0     0     0     0     0     0     0     0     0     0     0     0     0     0     0     0     0     0     3    12   256  2361 18296  5214  9549 11644  8766 10122 12454 12350  7960
ch  123:      0     0     0     0     0     0     0     0     0     0     0     0     0     0     0     0     0     0     0     2    23   212  2095 12218 10402 11457 14267 10734 11348  7235  5604  7605
ch  124:      0     0     0     0     0     0     0     0     0     0     0     0     0     0     0     0     0     0     0     2    13   216  2476 16319  9629  9499 13864 13856  9252 10609 11741  8514
ch  125:      0     0     0     0     0     0     0     0     0     0     0     0     0     0     0     0     0     0     0     3    31   349  3395 15981 10500 10235 10292  8830 13018 10877 12542 11380
ch  126:      0     0     0     0     0     0     0     0     0     0     0     0     0     0     0     0     0     0     0     1    20   355  3012 15902 12711  8545 13018 14000  9042 12004 11652  8687
ch  127:      0     0     0     0     0     0     0     0     0     0     0     0     0     0     0     0     0     0     0     0    26   269  2540  8573  9233 10572 11250  8014 14652  7345  7195  9149
