ch    0:      0     0     0     0     0     0     0     0     0     0     0     0     0     0     0     0     0     0     0     0     1    13   136   604  3309 15318 12357 12196  7424 11457 12163  2257
ch    1:      0     0     0     0     0     0     0     0     0     0     0     0     0     0     0     0     0     0     0     1     1    19   213  1144  7404  6212 10225 10838 15364  8619  8758  6644
ch    2:      0     0     0     0     0     0     0     0     0     0     0     0     0     0     0     0     0     0     0     0     1    16   128  1821  7756 13291 12521  8142  6924  8488 10734 15195
ch    3:      0     0     0     0     0     0     0     0     0     0     0     0     0     0     0     0     0     0     0     0     1    55   651  2996 12684 14857 11626 12297 10386 11293  4506  4730
ch    4:      0     0     0     0     0     0     0     0     0     0     0     0     0     0     0     0     0     0     0     0     3    33   338  2602 13113  8002 10636 11200 14547 15255 13994  9484
ch    5:      0     0     0     0     0     0     0     0     0     0     0     0     0     0     0     0     0     0     0     0     4    61   342  3203 17140  9003  5861 13159  6791 11677 10431  3572
ch    6:      0     0     0     0     0     0     0     0     0     0     0     0     0     0     0     0     0     0     0     0     7    58   553  3729 12346 11400  6088  6435  7440  8857  8121  6481
ch    7:      0     0     0     0     0     0     0     0     0     0     0     0     0     0     0     0     0     0     0     1    10    95   750  4743  3292 13052 10609  8920  8613 13725 11920 15281
ch    8:      0     0     0     0     0     0     0     0     0     0     0     0     0     0     0     0     0     0     0     0     5    79   504  2765 17988 12457 10677  7249 10545 11857  9809  5390
ch    9:      0     0     0     0     0     0     0     0     0     0     0     0     0     0     0     0     0     0     0     0     2    73   741  3870  5492  8946 10002 12962  6461  7317 11156  4838
ch   10:      0     0     0     0     0     0     0     0     0     0     0     0     0     0     0     0     0     0     0     0     1    87   583  4736  5004  9937 10215 11128 11474 13310  8212 10280
ch   11:      0     0     0     0     0     0     0     0     0     0     0     0     0     0     0     0     0     0     0     1    13   173  1176  5840  9182 14684 10777  9973 11724 10334  9693 10571
ch   12:      0     0     0     0     0     0     0     0     0     0     0     0     0     0     0     0     0     0     0     2    12   134  1052  6493  7267 10484 13479 10153 10015  8109 12688 12197
ch   13:      0     0     0     0     0     0     0     0     0     0     0     0     0     0     0     0     0     0     0     1    19   150  1452  7323 14943  8461 10558 12079 14629 13483 12096  8134
ch   14:      0     0     0     0     0     0     0     0     0     0     0     0     0     0     0     0     0     0     0     1    11    90  1088  6927 14467 10973  8181 10188 10257  9306 14596 12035
ch   15:      0     0     0     0     0     0     0     0     0     0     0     0     0     0     0     0     0     0     0     3    26   212  1600 11160 14863  9598  7505 13457 10024 14103  6156  7182
ch   16:      0     0     0     0     0     0     0     0     0     0     0     0     0     0     0     0     0     0     0     1    19   104  1272  9587  6298 10332 12277 10481  7217  8203 11679 11582
ch   17:      0     0     0     0     0     0     0     0     0     0     0     0     0     0     0     0     0     0     0     3    39   281  2930 11905 16724  9618  5410  6518 12608 10709  9903  9706
ch   18:      0     0     0     0     0     0     0     0     0     0     0     0     0     0     0     0     0     0     0     3     9   158  1244  7481 10430 13493 11055 15017 10188  8812 12372 12445
ch   19:      0     0     0     0     0     0     0     0     0     0     0     0     0     0     0     0     0     0     0     1    25   181  2281 13890  4454  8198 10389 10629 14358 13837 13509 13132
ch   20:      0     0     0     0     0     0     0     0     0     0     0     0     0     0     0     0     0     0     0     3    14   194  1243  9417  8023 14913  8060 11370  9240 10320  6560 12695
ch   21:      0     0     0     0     0     0     0     0     0     0     0     0     0     0     0     0     0     0     0     1    23   212  2341 13413 11714 11108  6505 10517 16023  6096 11437 11309
ch   22:      0     0     0     0     0     0     0     0     0     0     0     0     0     0     0     0     0     0     0     0    17   161  1515 14891  3795  8002 10071 14621 12607  9174  8621  9052
ch   23:      0     0     0     0     0     0     0     0     0     0     0     0     0     0     0     0     0     0     0     1    21   177  2476 17979 14378 11458  9621  9520 11816 12188 12170  8613
ch   24:      0     0     0     0     0     0     0     0     0     0     0     0     0     0     0     0     0     0     0     1    12   160  1983  8930  3018 12956 11152  8605 12485 11822  9114 10762
ch   25:      0     0     0     0     0     0     0     0     0     0     0     0     0     0     0     0     0     0     0     2    34   293  1882 18362 15907  9266  8264 11393  8314  7188  7839 10799
ch   26:      0     0     0     0     0     0     0     0     0     0     0     0     0     0     0     0     0     0     0     3    23   354  1951 14906 14421 10398  5882  4813  5440  7758  5203  9559
ch   27:      0     0     0     0     0     0     0     0     0     0     0     0     0     0     0     0     0     0     0     2    43   420  3352 16859  9248  6527 11747  8561  9776  7241  9240  4798
ch   28:      0     0     0     0     0     0     0     0     0     0     0     0     0     0     0     0     0     0     0     0    22   164  2126 13583  5594  9573 11749  9425  9537 14566  9843  9370
ch   29:      0     0     0     0     0     0     0     0     0     0     0     0     0     0     0     0     0     0     0     2    25   329  2450 15874  4461 12512 13997 11761 11640 11078 12379  8132
ch   30:      0     0     0     0     0     0     0     0     0     0     0     0     0     0     0     0     0     0     0     3    36   235  2352 17237  8554 10648  9477 11151  6447  9351 10214 13621
ch   31:      0     0     0     0     0     0     0     0     0     0     0     0     0     0     0     0     0     0     0     4    30   385  3360  1564  8530 14151  8846  8160 16505  9564  9470 13820
ch   32:      0     0     0     0     0     0     0     0     0     0     0     0     0     0     0     0     0     0     0     0    18   201  1480 12397  9545  6762  8525 12092  8748 10454 12989 12683
ch   33:      0     0     0     0     0     0     0     0     0     0     0     0     0     0     0     0     0     0     0     0    20   255  3595  1158 12687  6725 10972  7703  8461  9714  9601 15803
ch   34:      0     0     0     0     0     0     0     0     0     0     0     0     0     0     0     0     0     0     0     3    40   340  2206 17971 11608 13721 14339 10162 10626  8594  8537 10706
ch   35:      0     0     0     0     0     0     0     0     0     0     0     0     0     0     0     0     0     0     0     8    91   794  5763 15501  9293 12930  9780 12235  6789 11500  9990 10728
ch   36:      0     0     0     0     0     0     0     0     0     0     0     0     0     0     0     0     0     0     0     3    20   290  2766 15434  5629 10764 10775  7457  8355 12673  8690 10613
ch   37:      0     0     0     0     0     0     0     0     0     0     0     0     0     0     0     0     0     0     1     6    81   699  4500  3525 11038  5469 11112 10903  8689  7237 11035  5221
ch   38:      0     0     0     0     0     0     0     0     0     0     0     0     0     0     0     0     0     0     0     1    38   310  3537 18332  9203 12281 11244 11983 14075 13585 13362  7744
ch   39:      0     0     0     0     0     0     0     0     0     0     0     0     0     0     0     0     0     0     2     2    48   494  2653  5637 12863 16580  9644 11522 12203  9082 11963 10529
ch   40:      0     0     0     0     0     0     0     0     0     0     0     0     0     0     0     0     0     0     0     2    38   323  4437  6465  6418  8109 12913  7376  8004 11900  8459  5971
ch   41:      0     0     0     0     0     0     0     0     0     0     0     0     0     0     0     0     0     0     1     4    74   502  4319  5927 11873 13912 10691 10995  7230  7314  7700  6758
ch   42:      0     0     0     0     0     0     0     0     0     0     0     0     0     0     0     0     0     0     1     4    48   561  4338  7653 12940 10265  7560 11335 10481 10070  6244 12367
ch   43:      0     0     0     0     0     0     0     0     0     0     0     0     0     0     0     0     0     0     1     3    35   434  4263  3406  8963  9648 10603  9454  5618 12284  7418 10127
ch   44:      0     0     0     0     0     0     0     0     0     0     0     0     0     0     0     0     0     0     0     1    45   497  3833  3717  9624  7430  8639 10317  9524 13730 13529  7857
ch   45:      0     0     0     0     0     0     0     0     0     0     0     0     0     0     0     0     0     0     0     5    70   746  5654 15060 11590 12063  9339 13833 11243  7259 11328  8734
ch   46:      0     0     0     0     0     0     0     0     0     0     0     0     0     0     0     0     0     0     1     5    84   550  3436  8592  8237 12736  9158 10277 10483  6660  5643 13125
ch   47:      0     0     0     0     0     0     0     0     0     0     0     0     0     0     0     0     0     0     0     8   133   951  7432 16626 12351  9067 11106 16224  6551 12698 13348 10856
ch   48:      0     0     0     0     0     0     0     0     0     0     0     0     0     0     0     0     0     0     1     6    56   667  3635 13122 13076  9234 12764  8759  7833 10315  7094  5834
ch   49:      0     0     0     0     0     0     0     0     0     0     0     0     0     0     0     0     0     0     0    15    87  1140  7524  6394 11719  8223  8993 18189 11587 10197  9910 10094
ch   50:      0     0     0     0     0     0     0     0     0     0     0     0     0     0     0     0     0     0     0     6    51   679  4380 12597 12592  6944 10409  6488  9939  6202 10517 16226
ch   51:      0     0     0     0     0     0     0     0     0     0     0     0     0     0     0     0     0     0     1     9   148  1054  7917  5897 10283  9204 12699  9475 12585 10064  9801 10416
ch   52:      0     0     0     0     0     0     0     0     0     0     0     0     0     0     0     0     0     0     1     7    73   632  5213  4025  9673 11559  7097 13108 11131 11344 12050  8976
ch   53:      0     0     0     0     0     0     0     0     0     0     0     0     0     0     0     0     0     0     4    12   108  1369 10538 12428  9991  6624  9146  4966  8766  9604 14736  6337
ch   54:      0     0     0     0     0     0     0     0     0     0     0     0     0     0     0     0     0     0     3    17    90   836  7665 10199  6658  7248 15039 11079 10646 12905 10394 13360
ch   55:      0     0     0     0     0     0     0     0     0     0     0     0     0     0     0     0     0     0     1    17   202  1520 11357 11388 10080  9599  9068 10919  5354 10080 11612 15967
ch   56:      0     0     0     0     0     0     0     0     0     0     0     0     0     0     0     0     0     0     0     0     0     0     0     0     0     0  3873  1251     0     0     0     0
ch   57:      0     0     0     0     0     0     0     0     0     0     0     0     0     0     0     0     0     0     4    44   268  2457 13002 13395  9779  8477  8815 11402 11585 11266 11433 11826
ch   58:      0     0     0     0     0     0     0     0     0     0     0     0     0     0     0     0     0     0     1    14   148  1392 11222  7503  8448 11445  8353 16783 11221  9922 10011  9662
ch   59:      0     0     0     0     0     0     0     0     0     0     0     0     0     0     0     0     0     0     1    34   310  2049 15969 13265 10733 11740  7032 11035  8047 10632  9849  8588
ch   60:      0     0     0     0     0     0     0     0     0     0     0     0     0     0     0     0     0     0     3    15    90   967  8496 10079  8072  7228 11050  9629 10290  7789  9750  9605
ch   61:      0     0     0     0     0     0     0     0     0     0     0     0     0     0     0     0     0     0     1    14   131  2265  7995  9930 10840  9921  9918 11262 10257 15729 11029  9192
ch   62:      0     0     0     0     0     0     0     0     0     0     0     0     0     0     0     0     0     0     0     7    93  1305  7299 14731 12476 12289 13604 10994 10837  8747  7593  8452
ch   63:      0     0     0     0     0     0     0     0     0     0     0     0     0     0     0     0     0     0     1    24   172  1636 12168 15029 12805  8219 10080 11775 13540  8811  7883  8790
ch   64:      0     0     0     0     0     0     0     0     0     0     0     0     0     0     0     0     0     0     0     5   111   919  7405  3074 11133 10140 12469 16271  6919  8663 15425 11160
ch   65:      0     0     0     0     0     0     0     0     0     0     0     0     0     0     0     0     0     0     2    13    99  2189 11734  7352  7554  4440 11933  7248 12275  7740 11599  8326
ch   66:      0     0     0     0     0     0     0     0     0     0     0     0     0     0     0     0     0     0     1     4    97   748  7900  9167  8951  9459  9342 11050 14523 11747 12351 11486
ch   67:      0     0     0     0     0     0     0     0     0     0     0     0     0     0     0     0     0     0     1    14   168  1479  9419 13262  7889 11683 10408  7070  9025  9895  5890  9281
ch   68:      0     0     0     0     0     0     0     0     0     0     0     0     0     0     0     0     0     0     0     7   126   730  7094  2390 12655  8253  8474  7083 12202 10065  6532 11663
ch   69:      0     0     0     0     0     0     0     0     0     0     0     0     0     0     0     0     0     0     2    32   165  1242  7999  7250 11516 12682  8302  9045  8029 14784 13753 10706
ch   70:      0     0     0     0     0     0     0     0     0     0     0     0     0     0     0     0     0     0     0    31   202  1509  9595 15575 10416 11533 10782  9055 10283  8310 12494 11792
ch   71:      0     0     0     0     0     0     0     0     0     0     0     0     0     0     0     0     0     0     3    23   238  2283 11368  4442  6686 14267  7762 14550 10365 10994 11052  8920
ch   72:      0     0     0     0     0     0     0     0     0     0     0     0     0     0     0     0     0     0     1     9   125  1630  8783 13047 11823 10317 10594  6875  7620  6049 14730 11995
ch   73:      0     0     0     0     0     0     0     0     0     0     0     0     0     0     0     0     0     0     1    20   275  2051 14858 15335 10724  9546 10095  6778 11275 10796 10013  9914
ch   74:      0     0     0     0     0     0     0     0     0     0     0     0     0     0     0     0     0     0     0    17   194  1495 11676  5652  6933 13023 11719  7709 12651  6537 12189 15495
ch   75:      0     0     0     0     0     0     0     0     0     0     0     0     0     0     0     0     0     0     1    43   255  2474 15810  8281 11525 11214 15168 12872  7519  6304 12566  7120
ch   76:      0     0     0     0     0     0     0     0     0     0     0     0     0     0     0     0     0     0     2    25   214  2142 11858  3273 13213 10265  9251 10163 12812  8195 11997 13271
ch   77:      0     0     0     0     0     0     0     0     0     0     0     0     0     0     0     0     0     0     3    24   290  2844 11791  9489  8853  9587 15824 10467  6714  6308 14122 11284
ch   78:      0     0     0     0     0     0     0     0     0     0     0     0     0     0     0     0     0     1     1    10   137  1352 12611 16138 15565 13481 12025 10607 12995  9434  6369 11315
ch   79:      0     0     0     0     0     0     0     0     0     0     0     0     0     0     0     0     0     0     0    35   276  1896 18360  7620 11199  8178  9114 12879 11170  7730  6581  9926
ch   80:      0     0     0     0     0     0     0     0     0     0     0     0     0     0     0     0     0     0     2    15   190  1903 11361  5411 11565  7949 10610  8823 10593  9561  5461  6918
ch   81:      0     0     0     0     0     0     0     0     0     0     0     0     0     0     0     0     0     0     5    45   269  3195  4964  6639  8679  7327  8178 11391 10825 10932  7877  6585
ch   82:      0     0     0     0     0     0     0     0     0     0     0     0     0     0     0     0     0     0     0     7   140  1155  5900  5204  9437  6829  8728 11503  7447 10969 12029 11019
ch   83:      0     0     0     0     0     0     0     0     0     0     0     0     0     0     0     0     0     0     2    15   249  2834 16697 12521 13761 14993 12788 12357 10790 11673  8208 10411
ch   84:      0     0     0     0     0     0     0     0     0     0     0     0     0     0     0     0     0     0     2    14   169  1728 10030  5525  7882 12250 11886  3961  9786  9442  9332 11949
ch   85:      0     0     0     0     0     0     0     0     0     0     0     0     0     0     0     0     0     1     2    26   211  2432 14905  6671  5656 10144 14342  7473 11473 11532  8844  8811
ch   86:      0     0     0     0     0     0     0     0     0     0     0     0     0     0     0     0     0     0     2    11   240  1230 11739 13300  9839 10190  9243  9295  8772  4825  5413  9058
ch   87:      0     0     0     0     0     0     0     0     0     0     0     0     0     0     0     0     0     1     2    17   222  1894 15521  5015 14767  7846 12191  8754  9859  6888  6316  7242
ch   88:      0     0     0     0     0     0     0     0     0     0     0     0     0     0     0     0     0     0     0    18   264  2052 12880 13097  7246 12627 10000 11527 10415  9183  7695  8018
ch   89:      0     0     0     0     0     0     0     0     0     0     0     0     0     0     0     0     0     0     4    28   208  2486 18672  7052 12462  5750  9099 13261 14439 11185  6777  5237
ch   90:      0     0     0     0     0     0     0     0     0     0     0     0     0     0     0     0     0     0     0    14   132  1448  7932  9752 11970 16002 13772 12393  7145  9722  9192  8893
ch   91:      0     0     0     0     0     0     0     0     0     0     0     0     0     0     0     0     0     0     2    44   377  2945  8521  5686  9306  7799 12225  8775 13673  9882  7328 10110
ch   92:      0     0     0     0     0     0     0     0     0     0     0     0     0     0     0     0     0     1     3    17   124  1394  9742  9912 12146 14687 10336 13171  8212  8910 11530 15446
ch   93:      0     0     0     0     0     0     0     0     0     0     0     0     0     0     0     0     0     0     2    28   269  3297 18226 10368  8773  9159 13556  9170 10871 13531 12282 16120
ch   94:      0     0     0     0     0     0     0     0     0     0     0     0     0     0     0     0     0     0     1     8   159  1257  7369  9299 11482 13437 14403 12911  8115  7081 12864 11453
ch   95:      0     0     0     0     0     0     0     0     0     0     0     0     0     0     0     0     0     1     6    21   398  2330 12210  7213 15074 10808 12131  9441 14677  7696 12058  5395
ch   96:      0     0     0     0     0     0     0     0     0     0     0     0     0     0     0     0     0     0     0    15   205  1487 14206  5606 10456 13086 10782 13684  8694  7714  8999  9951
ch   97:      0     0     0     0     0     0     0     0     0     0     0     0     0     0     0     0     0     0     6    56   319  3231 18185  9633 14839 13511  8341  8512 13767  6939 11010 12377
ch   98:      0     0     0     0     0     0     0     0     0     0     0     0     0     0     0     0     0     0     0    13   149  1331 12161 12460  9554 11315  8605  9503 10307  7342  8944  9848
ch   99:      0     0     0     0     0     0     0     0     0     0     0     0     0     0     0     0     0     0     1    20   197  2076 14962 11739  8781 10728 14589  7328 10029 11780 11760  7751
ch  100:      0     0     0     0     0     0     0     0     0     0     0     0     0     0     0     0     0     0     2     9   134  1129  9105 15664  8220 12110  9849  9847 13235 12703  4482 13124
ch  101:      0     0     0     0     0     0     0     0     0     0     0     0     0     0     0     0     0     0     0    60   279  2316 16706  7592  5957  6727 12628 12001  9244  7824  4610 11235
ch  102:      0     0     0     0     0     0     0     0     0     0     0     0     0     0     0     0     0     0     2    24   173  1620 13272  5944 13312  7472  8260 10787 10722  8208 13740 14902
ch  103:      0     0     0     0     0     0     0     0     0     0     0     0     0     0     0     0     0     0     2    26   350  2770 13935 13989  7251 10862 10015 11975 11924  7658 15804  9839
ch  104:      0     0     0     0     0     0     0     0     0     0     0     0     0     0     0     0     0     0     1    13   128  1184  9298 12759  9058  9809 12673 12226  6646 10805 11332  9834
ch  105:      0     0     0     0     0     0     0     0     0     0     0     0     0     0     0     0     0     0     2    23   289  3020 17240 11394 12667  7834  4649  7682 14350 13081  6311  9101
ch  106:      0     0     0     0     0     0     0     0     0     0     0     0     0     0     0     0     0     0     6    34   233  1549 11034  9347  5431 10548  7769 13393 11741 10318 13292  9857
ch  107:      0     0     0     0     0     0     0     0     0     0     0     0     0     0     0     0     0     0     1    14   161  1641 11627  7305 10112  9627 10920  8561 11782  8355 11228  9166
ch  108:      0     0     0     0     0     0     0     0     0     0     0     0     0     0     0     0     0     0     1    13   123  1570 13792  3594  7069 10493  9936 13262 12586 16348  4952  8760
ch  109:      0     0     0     0     0     0     0     0     0     0     0     0     0     0     0     0     0     0     3    11   189  2047  9907 14094 11875  8107  9642 13582 11581 11873  9547 16285
ch  110:      0     0     0     0     0     0     0     0     0     0     0     0     0     0     0     0     0     0     1    12   116  1364  9628 12058  8086  9145  8026 12529 11293  8417  6769  6167
ch  111:      0     0     0     0     0     0     0     0     0     0     0     0     0     0     0     0     0     0     2    24   270  2003 14936  9765  9648  7664 12675  7105 17249  9236  6923  9890
ch  112:      0     0     0     0     0     0     0     0     0     0     0     0     0     0     0     0     0     0     1    11   123  1205  9558  8590 11313 13061 11723  9650  9393 10863  8220 13242
ch  113:      0     0     0     0     0     0     0     0     0     0     0     0     0     0     0     0     0     0     4    27   238  2432 16905 12521 12424  7002 10213 10190  8911  9553  9168  9109
ch  114:      0     0     0     0     0     0     0     0     0     0     0     0     0     0     0     0     0     0     0    11   189  1101 10070 15167 13301 11196 11291  5098  9338 13212  9529  9583
ch  115:      0     0     0     0     0     0     0     0     0     0     0     0     0     0     0     0     0     0     1    31   283  3014 15059 14039 10103  8450 10410  7740  9057 12382  9847 11689
ch  116:      0     0     0     0     0     0     0     0     0     0     0     0     0     0     0     0     0     0     3    22   322  2734 18788  5850 12605  9875  8921  9207 10089 11853  3696 10434
ch  117:      0     0     0     0     0     0     0     0     0     0     0     0     0     0     0     0     0     0     0    36   381  2650 16121 13157 14137 10663 10050  3928 14038 11281  7966  6730
ch  118:      0     0     0     0     0     0     0     0     0     0     0     0     0     0     0     0     0     0     0    13    94   728  9800  6949 13647 12416  9353  9664  8686 12460  8927  6313
ch  119:      0     0     0     0     0     0     0     0     0     0     0     0     0     0     0     0     0     0     4    42   200  2560 15361 11232 10522 14720 11037 10451  7142 11152  7619  7431
ch  120:      0     0     0     0     0     0     0     0     0     0     0     0     0     0     0     0     0     0     1    10   171  1311  7448  4775 11640  9244 13700 11739 10502  6927 12419  9247
ch  121:      0     0     0     0     0     0     0     0     0     0     0     0     0     0     0     0     0     1     2    14   276  2628 12485 10558 10118 12425 13602 10197  9755 14961 15321 10749
ch  122:      0     0     0     0     0     0     0     0     0     0     0     0     0     0     0     0     0     0     2    14   328  2246 16025  7989 11711  9743 12152  9953 13795 14609 10470  9221
ch  123:      0     0     0     0     0     0     0     0     0     0     0     0     0     0     0     0     0     0     1     8   172  1442 12548  6598 10025  8369 11470 13939 17328  5296  8983 12583
ch  124:      0     0     0     0     0     0     0     0     0     0     0     0     0     0     0     0     0     0     0    17   161  1417 12496 11724 11544 13749  7906 12181 11738  8371  7882  9101
ch  125:      0     0     0     0     0     0     0     0     0     0     0     0     0     0     0     0     0     0     1    43   407  3827 15057 10356  9011  5666 11401 10931  9120  4758 10625  4553
ch  126:      0     0     0     0     0     0     0     0     0     0     0     0     0     0     0     0     0     0     6    19   264  1784 16064 13718  7588 14144 14063  6315 11137 13093  5814  6846
ch  127:      0     0     0     0     0     0     0     0     0     0     0     0     0     0     0     0     0     1     5    28   398  3003  1875 10501  9756  5376  8728  9699  4470 11578 12289  8404
