ch    0:    914  1204  1564  2040  2772  3647  4722  6434  7857 10636 13110 14980  8268  8187  9223 10226 13028  5655 14922 12769  8636  9969  8040 10193  7536  9813  9618  7272  7266 11204 13798  3193
ch    1:   3372  4123  5273  6693  8506 11462 12738  7897  9528  9327  9541 12471  8449  8826 10329  9678  5828 11852 11363  9792  8461  9966 10213  9312  9383  8651 16805 13047 11594  8873 10528  8469
ch    2:   8010  9446 10855 14192  8483  8134 10131 11285 12971  5998 11205  8937 11321 12343 11829  9810 10411 11176  6824  9450  9235 12804  7327  7016  3899 11959 10585 12428 11668 10096  5625 15726
ch    3:  10494  7656 15500 10902  7232  7991 13287 11239  9731 10827 11673 12967  6112  7230 10842 10684  9614  6120  8233 14244  6567  9796 15178 12465  8512 10743  9642  5351  9251 10185 10654 16045
ch    4:  13388 16100 15409  6218  6891 11121  9320 11737  7336 11587 12556 11337  7002  5414 13575  7410  7569  6239  6115 14252 12406  7498  7561 11083  8594  8879 11120  8730  7877  9795  7848  7367
ch    5:  11597 14145 12809  4874  6129 12302  9413  7533  9752  6770  3780  9339 13478 11512 10435  8756  4746  8262 10598  8836  8628 11866  8960 12459  9676 12411 14480 10761  8259  5976 11383 15412
ch    6:  13118  9132  7956  9669 11301 12484  8139  7788 10067  9786  6509 10441  8678 10198  9633  9479 10972  8429  9168  8666 10115 10820  8830  8055  6569  7664 11187  9239  9871 11771 13970  7721
ch    7:  10012 14124 12380  9040  7128 11862  6579 13497  8600  9742  9544 11816  7404  9239 11749  9500  7222 12642 10725 15887 12945  6704 12068 10771 12608  8154 10233  9453  5600 14103 14797  9788
ch    8:  14543  8169  7571 16076 10319 14586  9870  9020 11237 10510 11337 11743  9018 13463 15179 11780 15880  7778  6629 12418 17373 13916 13397  8322  8966  6429  9310 11290  8844  6885  9188  5320
ch    9:  13861 13151 10231  9790 12929 10692 10028 14166 12194 12527 10615 14803 10842  7240 12570  9330 10308  8637 11920 15255 13202  6132 11868 10801 13373 10571 10993 10695  9347 11017 13187 11300
ch   10:   9165  9662 13054 13926  5192 12996 10297  5878  8381 13108 11337 10987 11543 11658 12935 10136 10353 11812  5397 13476 12233 15694 14630 13094  9833 11010  7965 10713  8621  7005 11250 10763
ch   11:  12348  6061 10154  8970  8645  8757 12069  8689  4879  7781 10892 15076 11194  8624 10230 11740 13158  9724 11525  9586  7929 14471 10387  7800  8346 13788  9783  5847  9498  8044 10225 12865
ch   12:   9879 14055  7345 15582  5668 15984 12087  7198  7523 13612 10704 11702 13414 11366 11730  8512  8832  8178  6966 12760  7509 11758  6934 11077 11330  5726  9519 12595 16541 14248 10574 13711
ch   13:  10636 13084 10389  9395 11033  7027 10934 10392 13279  9631 10238  8996 13681  7737  6845  7348  9778 11975 12505  8970  7906  8019 16070  4737 12578  9521 10383 13028 11609  8380 10654 10109
ch   14:  13597  6450  8784 12588  7965 10697 12579  7193 12749 12647 11100  7204  7452 12376  8557  7763 10469 15064  7285 12881  8634  9795 11869 13619  9798  9034 10015 14439 12562 10247  8185 12176
ch   15:   9586 11365  8770 13603 12283  9487 13366 10844  1827  9315 10236 11139  6761 10445  7925  8085 10570  9249 14288  8457  7284 12175 12609  9272 11438 17037 12350  6968  6941  6570 10428 11978
ch   16:   8736  9227 10823  6575 10939  6375 12891  8814  8479 11527 12001  7149 10027 10966 14110 12612 11218  7511 12707  5148 12964 13174  9591  8184 12282 10021  8069  4435  9329 11985  9932  9435
ch   17:   3815  5332  7139 10656 14876  5582  8838  6732  9804 13171 11829  9078 14699  7680 11415  9802  9282 11202  6201 10190  9053  5139  9708  9257  5841  9501 10832 12257  5922 10906  9782  7556
ch   18:   7423 10253 11766 13039  9736 14785  7160 14215 10235  9971 13371  7797  9568  8682 14429 10670 11232 12032  8560 10067 10422  8382 12041 14214  7914 12718 14147 11234 12962  5965  8594  8627
ch   19:   4089  6199  8254 10673 11604  6759 12934  6397 11975 14507 10484  8995 13257  5014 10234  6012 10608 10170  9772 12699 10051  9426 11194  7466  9070 10200 10414 10024  7860 11742  7703 11583
ch   20:   8511 10695 14896  7834  7096 12706 10771 10480 11620  7781 10340  6194  7532  6290 13247 11227 11441 10335 11044  7439  7118 12855  9757 13436 15578 13658  6853  9156  9224 10099 12529  3809
ch   21:   4565  5696  7842 12363 12619 10844 10188  6428 12973 12790 13333 13890 11413 10396  8086 13388 11884 11795  7584  7088  8097 10778 13931  6062 14137 13576  3470 11372  7370 13277  8500  9690
ch   22:   7855 11229 15376  7706  8000 11849  9303  8558 12194  8596 15346 10348 15158 17218  9027 14158  6617  9524  9542 11526  8971 10422  8465  9472 12749 13632 13480  9968  8860  8202  9228 10622
ch   23:   5135  6903  9638 13283 12279 13728  6882 12678 12628  7904  9719 12276  5978 10976  5639 11013  8442 14228  3773 10669  6911 12181 12868 11651 11033  5707  3472  8893 12398 10474 10995 14048
ch   24:  10216 12061  8799 10543 15169  9285 15104  8505 12891 10969  6813  7276 13385 10115 11896 13054 11924 14565 10510 13404  9540  5762 11532  9987 11349 12741 14460  9076 12021  9579  6445 12645
ch   25:   5150  6881  9053 13250 10675 10611  8916 12079 12233 13543  6438 15333  9576 12306  6405 10714  6252  9059  8413  7043  8678  3984  6541 12680  8904  8213  9284 10091 14848 12157 10389  7201
ch   26:   9683 12928  9782 11672  6032 12582  8564 10644 10819  8247 12608 11564 11573  7635 14858  6844 11778 11456 14174 11156 14295 11077  8532  8081 13627 15166  7318 11634  7268  7308  7960 10087
ch   27:   5011  6741 10271 13476 11173 10434  5441  8695  8334 13042 11753 14316 10150 10473 12551 12793  8799  7432 10757  8988  8399 11255 11369  8379  9940 13065  7922 12869  8169  6633  5678  6495
ch   28:   9732 12119  9053  9959 11696 11351 10198  7776  6198  9470  7551  9368 14144 11305 10036  8758  9780 11672 10080 10257 11522  9733 11455  6870  7143 15115 10254 11239 12681  8617 10610  8996
ch   29:   5362  7338  9901 14747 12400 12324 10062 13738  9959 11048  7629 15414  8887 10250 12884 11450 10620  7921 11027  7367  8257 10440 11346 12368 10879  7185  8600 10197 13236  8573 10110  6233
ch   30:  10136 14006  8914  9331  6659  8838  6669 12368  6770  9333 11474 12150  9235  6164 11465 13978 10277 13065  7880  9560  9295  8688  8459  8102  9809  8961  7844 11683  8893 12202  9749  8797
ch   31:   5653  7344 11095 14936  9827 11266  7250 10858  8575 10075  8090  7967  8539 10401  6019 13243  9978  8317  6118 17132  5059 10271  8551  8440 12072 12787  9389 12676 12758 12489 11314  9067
ch   32:  10576 13040 10241  9960  7351 10587  5578  9905 10066 10837  4683  9858 14549  5974  8781 11844 16606 12767  7817  9177 10043 11316 10037 12061 14361  8085  7659 10000  7403  7754  6354 10555
ch   33:   6363  7845 10959 15431  9421 13044  4918  9187  7990  4647 10000  7789  8034 13547  9589  9587  6801 14912  6632  8570 13712  9341  3589 12392 11583  9217 11920  7989 11625  8889  3955 12078
ch   34:   9728 14874 10937 10885  6937 11454  6205 11454  9963 12890 11533 13231 11877  8035 12810  4284 10120 10575  7125  6013 12720 10202  6011  9227 10713  9742 15341 10776 13120 11298  7041  9192
ch   35:   6529  9095 12058 16567  8189 14220  8832  7259  9946  5028  8853  9300  9728 14212  9262  5704 16362 12684 14361  7938 13026 17336 12728 13309  8651  8798  5567 10141  7613  8856  7864 10026
ch   36:  10429 15751  9015 11674  7618 11469  9640 10938 14407  7973 16341 10611  7124 10071 10110 11065  9952 15872  9807  6013 14469 10755  6525 11738  9292 10627  9874  8295 10136 14446 11717  8887
ch   37:   6678  8221 12514 13987 12348 11276 11139 12404  9739  8388  8660  6752  8602 12626 11404 11734  8564  8956  6360 10942  7610 11905 12209 14198  5625  7151 11204  9392  9262  8967  9598 13370
ch   38:  12089 12825  8624 11325  8902  6024  9464  6387 10895  9733  9215  8576  9975 10557  7326 11238  8185 10608 11948  8611  6912  9204  8092  7213  9831  9134 11710 11080 12260 10462 12182  8146
ch   39:   7918  6939 14057  9817 11876  8817 12519  8813  7820  8219 12694 14552  7187 11314  7551  8024 11654  6382  7577  6799  8506  9239 11784 11054 12543 11463 10496  8406 10765 14142 11807 14155
ch   40:  12020 15391 11482 12557  7831  8361  8794 11331  9469 13159 10663 11917 11102  6114  7278 11751  6229  8255 10202 11312  5959 15222  6858 15631 11033  7920 12213 10137 14446 14718  9897  7503
ch   41:   7746 10416 14569  9040 10452  8951  5457 10541  9120  7863 10108 10854 13047  5546  8547  5891 11174  9826 11286 10113  9816 10716  9880 13447 11058 11692 13471  8316 11780  9902 13413  6750
ch   42:  14444  9265 10210 13390  7979 10174  9520  7539  9614  9362 14243  9938  5408  6376 12001 10014  7515  8455  5523 10796 10704  8273  9241  9680  7525 13810  9752  5591  9588  7723  9959 10759
ch   43:   8051 10910 11348 10117 11023 13139 10048  7304  9581 10502 10879  5894 12496 10038  8998 14309  9317  7681 11553 11905  8110 14729  9088  9024 14026 11293  9861  7379 11589 12067 11865 16715
ch   44:  12584 11691  9787  9250 13447  9772  9683 10522  9283  8375  9112  3654 10119  5921  8733 13162 11247  9341  9471  8461  9477 10215 10086  6884  9944 11738  5991 11766  7839 15231  6640 12956
ch   45:   7926 10156 12021  9896  7718 10346  9107  8210  4851 10914  6943 12478  8793 10914 10232 12963 11031 10866  8070 16345  9025  8957  8576 10548  8624 10631 13348  8564  9449  7948 14543  9833
ch   46:  11993  9207 10949  8636 10910 10262 10451 10986  7879 17265 10874  7198  5249 15036  9822 12540  6923 12636 10099 11904 11264 10304  8430  6514 10188  8887  8700  4185  7419  9572 10003  8610
ch   47:   8442 12630  9257  7454  8077  9884  6744 13019 12303  6064 10297 16768 11723  6076  8670 16300  9621 13480  5622  8737  9267 11984 12080  9856  9185 10296 11569 11903  9955 12705 11288 11631
ch   48:  11128 11210 12337 11021 11133 11478 10901  7695 13429 12865 10637  8434 11873 11977  9860  9732  9523 14643 12503  4838 11723 11237 15016 12705  9695 10450 11984  7268  9934  5571 12692 11369
ch   49:   8778 12577  9823 11712  7109 10390  8834 10652  7996  6214  3853 12622 11524 11554 14596  8692 11714 10731 11948 11291 13850  9312 15118 11362  7470  9450 11242 15293  4896 16522  7763  8621
ch   50:  14785 12898 10328  8704 12014 11847  7932  9872  6310 14005  7933 14092 10988  8305  8804  8395  8894 14870  6828 11858  8559 11023 14141 10231 10515 11073 13396 10712 13795  6120  6966  9781
ch   51:   8995 13848 10352  9240 10333 11103  7953  6836  5209 14074  9370 11121 11701  6273  7443  6687 14046 13473  8815 12541 11790 13062  8925  6899 11923 12401  9522 11701  5838  9157 11331  4248
ch   52:  14051 10582  9861 10377  7138 15650  7776  8204  4156  9864 12679 10943 12126  7424 10449 11247 10628 13216  7367  6112  7656 14965 12607  9221  7979 11272 12316 16215 13172  9451  7975  4341
ch   53:   8195 12238  8662  7337  7711 11208  8029  9602  8078  4754 12966  9990 13040 11698 11822  9112  9937 11819  9419  7978 13784  9531 10508 14402 11656 13803 10287  9885 13109  6386  8896  7956
ch   54:  13881 12587 10309  9094  5562  6985  9796 10738 11658  6049  8683  9101  9338  4135  6188 10980 10959  8620  5830 10072 10954 11746 11643  8931 14149 10765 11778 12652 11158 11921  9023 12045
ch   55:   8506 12928 12045 11084 11882  8856 10615  7730  7188 14620 11767 10640 11973 12262 14051 10363 11698  8892 10579 11203 13238 11074 14516 13073  9303 10519 10254 10628  8209 11133 10623 12172
ch   56:  14775 10029  8715  9513 10693 12111  5500  9181 13092 12987 14376 10396  6953 12226 11092  8826  9269 12705 10600  5684  9561  5202 12132 11062 10200 11176  6378 10280  7115 14323  7296 15571
ch   57:   9818 13942  8367  9637 13300  9989 10179 14434 13786 14104  8343 13848 10430  6913  7405 11170 12809 13156 12502  9009 11060 11262 14054 12788  9680 10105 15314  9627  7438  7134  8524 14652
ch   58:  14212  7381  8760  9391 10526  9340  6923 10712  8729 10133 12371 10705  7262 12447 12547  9708 15083 14347  8190  7716 11370  9712 14510  7173  6741 10955 10546  9178  9515 13296  7979  8014
ch   59:  10461 14385  8906 12849  9351 11497  7989 10350 11562  5460 10582 13206 10449 11929 14144 11648  4542  6155 14236  9582  8848  4088 11390  8013  9686  9237  5399  8609 10213 10267  4984 10255
ch   60:  11520  8569  9166 11177 11896  5993 14116 14644  9948 10241 12072  7847  6659  7197 10284 14587  8313  9938 11785  9068 12297 13640  9179 12752  8323 12236  8452 11780 10876  4909  9300 13779
ch   61:  10492 14598  9674  8831 10046  9888 11546  7795  8433  8983 11489 10994 14768 12306  7185 12717 12910  8144 11273  6923 10160 10998 10985 12871  8666  9847 13235 12508  8790  9145 10297  6716
ch   62:   9782  9618  6682 13418 10616 14377  7937  9542  6920 13229 13301  8498  9660  7571 10618 13702  7852 13162 14833  9504 10207  6413  3309 10684 12907  8868 12117 15134  9219 14805 11147  7416
ch   63:  10827 15986  7514  6277 11763  8058 11425 10087 10812  9812  8104  8225  8065  5325 12180 10494  7315 15208 11862  8046 10235 14163  7850  7974 10557 11070 10980  6635 12920 11964 10360 12462
ch   64:  12800 10374  8004 11275  9729  9605 10537  7924  6728  8807 13772 13565 15515  9876 10703 10757 12939  8321  8892 13130  6187  8515 13648  7894 12060 10128   829  5116  9005 12548 10985  8540
ch   65:  10998 14843  5948 10377  7799  9773  4753  9699  6785  2824  9016  9657 12576  9235  5236  8198 10883  7524 10742 11482 11497  9210 10983 10608  6635  5055  7896  8827  8724 12441 14495 10319
ch   66:  10796  9078 11047 11756  8689  7555 13911  8045 18023 12399  8138  9761  8671 13132  8969 10200  9495  8676  9692 13035 12106 11969 12180 12090  6070 10029 13798 15227  5790  6447 10723 15934
ch   67:  12367 11712  9773  8294 13769 10246 11823  8689 13535  8791 10890  9748 12101 10684 13405  5985  9138 12454 10903 10907 12730  8085 10031 11105  9674 12078  9080  8805  8204  7957  8830 11158
ch   68:  13295 10256 10090  9529  9973 11874 11261 12011 10125  8914 14512  8483  6792 13293  6855  9532 12952  9731 11553 13407 14297  6092 12035  7928  9967 10078  8247  8425 16191 12517  6964 10789
ch   69:  10885 13301  9519 12684 11488 10056  9026  8199 11516 10927 10804  6279  7280  8729 10312 10738 11442  9816 10189  8148  7734  8182 13642  7545 14695 12270  8422  9015  7664 11659  9430  9413
ch   70:  13118 10439 10279  6938  8430 11933 10052  6299 11237 12716 10957 12576 14185  9573  6738 10947  9319  8914  9456 12021 14240  8897 12042 12079 15602 11157  9262  7023 10086  7036 11158  8832
ch   71:  11683 13716  6882 12756  8763 11646 10753  6269 10264 15792  9385  7740  7707 11085 11890 12679 12877  9832  9681  7985 12093 12394 13141 12714  5815 12072 10652  9261 14157  9224 15134 10331
ch   72:   8538  8004 13316  8521  8548 11558 15085 14461  6982  9018 11619  7601  6917 12732 10530  8582  6962 10631  9264 12966 15104  8958 11561  9069  6348 10745 10501 10367 14592  5613 12183  8935
ch   73:  10510 16308  5815 10904 10353  7547 14011 13818  6924 15352  8745  6670 14126  7687 13832  7645  9695 11974  8331 10195 11414 12516  7484  9323 12126  7165 10560 10946  9430  7990  8231  7419
ch   74:  11088 10669 10137 12561  9492 13933 12060 13498 13130 11386 13627  8391  9105 11659 11478 11503 14695 12182 11672 10709 15513  9668  9721  8682  8780 12614 10683 17131  6903  9302  8191  6177
ch   75:  14078  5617 13006 11053  9862 10169 13766  9875  8179 12204  9234 11846 13629 11541  7806  8364 15029 10307 13019  6442 11539  8513 10067 14267 14081  7748 11726 11431  9235  7150 10862 12250
ch   76:   4627  8302  4771 13616  9732  8354  7460 10822 16187  5427  4943 10227 15526  6220 11991 14842  7916 16114 12304 12314  8398 10191 10248 12698  7997  8901  9014 12170  9909 11163 10754 14786
ch   77:  10909  8240 13029 10740  5790 10427 11123 12086 13202  5578  9915 13213  8673 10920 10417 12566  4560 13980  9091  7391  6702 11438  8941 10945 12649  6065 11879  9649 12274  8736 10131 12657
ch   78:   8188 15927  6227  6831 11991 11237  4998  8002  7907  6597 13998  7713  9218  8793  8848 12060  9052  6362 12395  9593  8624  7360 13926 10595 10906  8236 14004 10059  8111  9393 13288  9995
ch   79:  17020  7800 14842 13894 10687 13560 11106  7189  3514  7350 10926 11840 12394  7785  9662  8508 13046 10563  7722  7887  9284  6956  7967 10637 10159 10174 10988 13599 13622 10506  6948 10534
ch   80:   9506 11356 12585  9801 13514 13040  9600  9272 10320  9302 10502  9966 14311 10974  7685 14646 10054 14531 13384  5516  7911 13571 11957 13405  7581  9257 10355 11252  7694  9487 11328 10066
ch   81:  13001  5347 11692  9390 10949 10648  6150 15226 12323  8309 13522  6237  9598  9043 13663 14729 14734 12113 11545 13722  7752  8240  8933 11147 13251 10258  6905 11314 14383 14185 11816 12070
ch   82:   7268 15030 11614  8499  8672 10786  8936  8690  7385 13488 12171 11044  7359  5507  9789  6977  8187  8607 11597  8987 10048  9954 10863 13042  7014  5789  8131 11676  7144  7068 10694  7217
ch   83:   7086  6436 13809 13348 11285  8327 11520 10460  9027 10603 11730  7718  8293  7190 11959  8847  5291  9257  9025 12058  7091 10676 11408 15659 11819 12063  6530  6251 10727  9358 10149  5461
ch   84:   8153 13599 13502 10870  9305  6402 10575  4223 10776  9512  6627 10447  9399 12105 10609 10631  6991  9360  5561 11218  6711 12672  6720  9777 10098 12061 12991 10789 12820  9458  7013 13024
ch   85:  13558  8115 11705 10972  8488  8178  7789 10883  9376 12888 13116  8245  8148 11156 10285  5620  7006 12853  9422  9957  7484  8995 14124 10388 11667  7529  7451 14321  8217 14351 13810 11645
ch   86:  10154 14207 12289  4195  9652  8048  7768  7445  8487  8092 11230 10189 10791 11357 10404 11641 13481 10773 12100 15812  7793  6924 14106  8468 14958  9118  8196 15281  6032 14893  9393 10771
ch   87:  16675  8082 15573 10214 13199 10897 11083  6651 10904  4748 12555  9411  6257  8379 15679 14164  8245  9442 10947 13285  9478  6116  7351  6419  7676  8103  7713 12165  7875 12047  8275  7355
ch   88:   7839 12866 12288 14352  9676 13540 12685 12435  7722  9334 10378  9191  9005  4551  8659 10791  8645 10246 11012 14481 12571 10843 11694  7473 11266 10019 12364 12332  8036  7029 13722  9169
ch   89:   7488 11152 12784 11569 10851 12115  8569  7705  8492 13095 13703  9733 11604 13591 12740 10203  6878  9266 10555 14731  9168  5715  9933  8869  9375  9733  9695  6539 10541 11871 10737 14774
ch   90:  12351  8065 15099  9370 11941 15067  7427 11826  5125  7952 12705  6305 13426 11755  7806 11388 13119 12367 17539  8283 10449 10899 12455 10059 10385 12919  9441 10158 10274  6633 10871  6302
ch   91:  13601  9139  8921  8531  7869  8977 12224 10938  8515 11722 10695 14497 12276  7927  9847  7363 11502 12723 11634  6872 11686  5916 13061 12043  5257 12842 12211  6207  9383  8421 12249 12620
ch   92:  11590 12314 11073 10040  9064 10473  6951 12029 10396  9995 10911  9764 10439  8231 10364 11227  9833 13472  9743  6450  6165  9287 10638  9249 13695  7771  9522 12326 12828 10712 10414  7696
ch   93:   5408  9950 11544  9120 11081  7920  9217 11898 11056 10071  5228  7011 10967 11963 11712 12724 10920 14692  7547 10097 10913 10572 10486 11255  8851  7557 13456  8116 16507  6495  6970 11389
ch   94:  11319 12113 10415  9981 16475 12405  9697  7769  6812  9074 11789 12929 15690 11549 11680  9345 16231  5068 11277  8065  7277 11930 10207 15179 11797 11601  9002 13771  8769  8596 13907  9607
ch   95:   5516 10745  8925  7521 11221 10035 14164 11199 12638  5815 12597  5675 10164 12929  8044 11236 10068 10509  9106  5747  6601  9803 14093 13510  6152  7244  7359 16225  6343  8775 11345  9426
ch   96:  11728 12788  8710  8277  8427  9149 11137 10887 12697  7161 10310  8571  8107 13436  9199  6468 14427 11041 12237 15645 10981  9796  8004 15684  6050  7911 14621 11271  7370  9490 13531 10591
ch   97:   7522 11218 10638  8137  9104  6966 10928  8133  9734 11148  9046  7623 10932 11076 12335 11840  6731 12053 13291 11673 12652  8022 11871  6282 10297  7211 13049 10284 11532  9404 12775 14837
ch   98:  10815  8577 11609 10504 10866  8021  6730  9375 12769  6167 12605 13066  9065  8477 10635  7189 12554  8628 11060  8972  9694 11760  9640 10968  9271  6654 11666 12588 10856 13911 10030 10220
ch   99:   6534  8833  8246  7927 12204 13467  8333  9418 10746 11342 11179 11755  7036 13592  9602  7151  8806 13239  9299 13633  6789 10275  9907  9196  9128 10471  6041 15684  9016  9255  8188  9653
ch  100:   8077 10563  9635  9529  9312  8554  6130 11109  8959  9390 10227 13814 14753  8710  8784  9351 12295  8373  6479 12204  8156 11471 12085 10281 11478 11376 12056 13467  8289 14496 13999 10415
ch  101:   6615  9544 10478  9189  8740 11191  7410 13652 10256 10857  8854  8293 11560 16177 11462  8227  9816 11712 16514  4756 11119  8971  8161 13371  7354 12821 12992  5318 14591  9094  5321 12760
ch  102:   7005 10328 10532  9590 11402  5271 11794 11934  8477 11129  7321 15469 13950 10446 10877 12805 10606  9750 13339  7760  8553  7993 10466  9098 11826 14854 10131  8458 11231 11620 10538  7856
ch  103:   5457  8589 10493 10985  8983 12191 11174 12514  8368 13039  7939  5058  9189 10909  9509  8240 15083 14499 10232  8582  7414 12322  7179 12811  9575 11421  9446  9886  5987 10478 13367  4608
ch  104:  12674 10985 14326 10076  9194  9828  5285 10545 10249 14397 12763 15355 11862 12218  8043 12266  5414 11360 17791 10685  9868 10997  9482 15486 12584 10551 11461  9695 15990  5401  6162 11971
ch  105:   9218  8093 12937 12092  9888 10232 11826 13477  8604  6860 10971 11065  7959 11872 15075 11396  5791 11184 11543 13592  4327  9105 14678  8077 10853 10234  5797 13353  8901 14966  7068  7762
ch  106:  12479  8344  7901  6679  8182  8322 12302  9167  8120  9852 11048 12619 11446 10320  9082 10350 10418 11792  6364 14501  7569 11195 12973  8499 13705  9098  9196  7499 10591 10156 14428  9882
ch  107:   6981  5659 11923  9122  4887 10852 10283  9910  8894  6809 13044  8725 12161 10232 11359 15031  8665 10850  7629  6531  7755  8312 16141  9963 14029  9972 11564 10271 11055  9099  9020  5843
ch  108:   7919  7825 11820 13232  7634 12488  8974 11640 16042 10880  5917  9726  7877  9138 13457 11799  8888  7797  9133 11013  9515 11426 10492  9354 10041 10555 12465 10643 10590 11541  9039  9659
ch  109:  11763  5399 13063 11694  8358 11048 14109 13211 10189 12133 10029  6184 10030  7346  9022  9764 12553 14555 10884 13534 11893  9037 10234  9468  5942  9275  4255 11317 10426  7281  9357  8729
ch  110:   8325 11060  9496 14816 11449 11426 13194 12887  7187  8634  3235  8648 13973 11265 11582  7906  9019  4965 10796 11083 10844 12306 12208 11231  7359 10676  9464 13399 11544  9498 13855  9020
ch  111:   9711  9181  7762  9163 10124 10559 12108  8575 12359 11263 11421  9749 11872 11486  8185  8130 13807 12374 12993  8473 11628  8068 10260 12461 11576 10917  9754 12101  8726  8561 10950  8695
ch  112:  11572  6778  6430  8076  8866  9860  8565  9608  7823 10724 13782 10466 13485 11235  5031  7765  8273 12633  8186 13128  7272  6139 11631  5546 10323  8871 10107 10390 10817 14518  9765 10548
ch  113:   9364 10534 11450 12720 15676 10736  8529  9988 13131 16716 13255  7543  6472  9348  8073  6808 11500  7650 11420  7976 12876 10931 10768  7073 13874  8146 12508 15263 13439 13546  8267  8366
ch  114:  12293  6644  7675  9737 10786  5671  6592 16362 11604  8163 12139 14427  6740 16028  8348 12064  9031 12630 15828 14186 15696  4909  7849  9379  8388 10844 14894  9086  7593  7183 16753  5316
ch  115:  11770 10120 13250 12573 11851  8638 10197  8984  4183 13734 10400  6190 10871  7057 11199 10997  6929  6407 10132 10224 10802 12136 11885 16826 13487  5422 15729  8758 12336 13115  6764  6372
ch  116:  11962  6409 10922  7505 10277 10827  7772  7552  9819  9742  8397  8585 14996  9576 10901 11366  4990 13789 10566  7061 12893 14961  9148  5754  9705  8899 10950  6823  5862  9569  8785 11139
ch  117:   5595 10673  9274  8511 11054  5539  7987 13724  7815  5233  7182  8906  6086  9008  9110  9852 13030  9495 10949 15971 13666  7940 10587  6339  5500 10603  9620 11401 14441  8468 10456  6458
ch  118:  14257 12129 10671 15065  4549 11283  5349 14037 12827  8508  7744 12736 16430 10760 12993 14336 10348 12385 15185  9532 10251  9956 13265 10707  7860  9428 10039 11935 11697  3063 12391 10493
ch  119:   9289  8948  9326 11221  8933  5151 13562  8669  5739 12447 10791  6241  9684 13937  9391 10260  8213  8398 12168  9993  7390  6888 10901  9834  9192  2254 10284  5765 16125 16073 11005 15965
ch  120:   8547 11980  6824  8287 13679 10028  8500 14027  8173  7503 13701  9335 11411  9488 13934  7289  7162  5352 12458 10610 11624  8579 12676  9841 10955  5516 13792 10782  7640  8829  7886  4227
ch  121:   9431 11997  8928 10648  8303  9374 12235  8895  3896  9440 13040  9635  9081 11304  7756 13289 11957  9060 13686 14411 15672 10405 11761  9791  8540  6591  8017 11603 15280  8680 10725  8699
ch  122:   8978  9372  7900 13726  8061  7405  8955 12069 18105 13185  6892  8675  9605 14328 10598 10440 15249 10559  7163 14106 10839  8816  3130  5425  7595  9346  9415 11619 13095 12858  8348 11805
ch  123:  12370  5332  6656  8019  6996 11533 12314 16151 12596  9245 10329 14626  7560  8852  9205  6675  5374 13341  5720  6814  8659  9079  4532  9147 11225 12624 15328  8376  8222 15108 11256 13117
ch  124:  12694 11292  7164 12771 13426  6621 10376  6542  9808 10877  8877 11584  6163 11940  9093  6264 10758 12640  9949  9924 11994 10762  9382 11450  9295  8478 10841  6862 14245 11841 10288 13997
ch  125:  12738  7425 10055 10547  9919  6242  6505  5842 11673 10371 10747 10066  5842 12175 11483 11436  8923  7956  2728  9464 12431 11154 10581  8181  7749  9550  8219 13031 13507 10382 13373 10746
ch  126:  11515 14150  9791  5289 12036 13521 15072 13255  9837  8564 10335 14040  6447  9297  8724 11600 12549  4215  8529 12930 14083  9485 10024 13120  8225 11667 10332 13194 13292  9860 13259  8719
ch  127:   7232 12499 10334 12607  8614 11290  8074 16915  8830 12623 10304 17714 12023 10186  7582 10973  8061  7507 13172 12212 10260 10065  8258 12222 10949 10265 16436 12367  9732 10707  7678 10261
