ch    0:      0     0     0     0     0     0     0     0     0     0     0     0     0     0     0     0     0     0     0     0     0     2    13   101   979  5508  6425 17604 14496 13599  8219  5297
ch    1:      0     0     0     0     0     0     0     0     0     0     0     0     0     0     0     0     0     0     0     0     0     0     0     0     0     0     0     0     0    35  8368     0
ch    2:      0     0     0     0     0     0     0     0     0     0     0     0     0     0     0     0     0     0     0     0     0     4    70   445  4161  6628 11103  9492 13590 13996  9871 10360
ch    3:      0     0     0     0     0     0     0     0     0     0     0     0     0     0     0     0     0     0     0     0     0    11    80   820  5481  7931 10124  9510  8459  9089  8714  9831
ch    4:      0     0     0     0     0     0     0     0     0     0     0     0     0     0     0     0     0     0     0     0     1    21   102   783  6174  7929  9529  8770 10935 12753  7388  7611
ch    5:      0     0     0     0     0     0     0     0     0     0     0     0     0     0     0     0     0     0     0     0     0     9   126  1032  5953 10657 11666  4970 15555  6822 15583  6540
ch    6:      0     0     0     0     0     0     0     0     0     0     0     0     0     0     0     0     0     0     0     0     1    11   178   920  7108  9473  8663 15391  9974 11871 14262 15258
ch    7:      0     0     0     0     0     0     0     0     0     0     0     0     0     0     0     0     0     0     0     0     2    22   238  1661 12205  8280  6500 10400 13829  8296  6066 10979
ch    8:      0     0     0     0     0     0     0     0     0     0     0     0     0     0     0     0     0     0     0     0     1    30   286  1499 14905 10179 13224 13088  9644  7346 14608 11992
ch    9:      0     0     0     0     0     0     0     0     0     0     0     0     0     0     0     0     0     0     0     0     2    42   378  1998 12520 10276  8081 12714 13280 11206 10675 10124
ch   10:      0     0     0     0     0     0     0     0     0     0     0     0     0     0     0     0     0     0     0     1     3    32   310  2284 10746 10655 13525 10266 10147 10166  7702 11364
ch   11:      0     0     0     0     0     0     0     0     0     0     0     0     0     0     0     0     0     0     0     1     5    39   384  2788 14562  8759 11721 11450 11574  6757 12154  5878
ch   12:      0     0     0     0     0     0     0     0     0     0     0     0     0     0     0     0     0     0     0     1     5    53   368  2306 16968 10113 13004 11119 12736 13338 10924  5213
ch   13:      0     0     0     0     0     0     0     0     0     0     0     0     0     0     0     0     0     0     0     0     2    43   374  3444 14140  9872 15455 13147  8548 10218  8960  9561
ch   14:      0     0     0     0     0     0     0     0     0     0     0     0     0     0     0     0     0     0     0     0     4    51   342  3130 14135  7645  8824  9738 12136  9518  9420 13126
ch   15:      0     0     0     0     0     0     0     0     0     0     0     0     0     0     0     0     0     0     0     0    10    80   696  4548 18127  5100  9654 10985  8836  7725  8339 11673
ch   16:      0     0     0     0     0     0     0     0     0     0     0     0     0     0     0     0     0     0     0     1     8    44   606  4359  5180 10679  9799 12808 12421  8094 10045 11901
ch   17:      0     0     0     0     0     0     0     0     0     0     0     0     0     0     0     0     0     0     0     1     8    58   641  3646  3700 10933 13537  9732  6889  7949 10488  9445
ch   18:      0     0     0     0     0     0     0     0     0     0     0     0     0     0     0     0     0     0     0     1    11    90   700  5470  6094 13166 10782 12426 12439  8708  4232 10428
ch   19:      0     0     0     0     0     0     0     0     0     0     0     0     0     0     0     0     0     0     0     0     7    79   753  6002 10289 15789  8880  5857  9617  2513 11775  5941
ch   20:      0     0     0     0     0     0     0     0     0     0     0     0     0     0     0     0     0     0     0     1     8   103  1053  4400  9612  8772  5649  9191  9148  6914 12490  7684
ch   21:      0     0     0     0     0     0     0     0     0     0     0     0     0     0     0     0     0     0     0     1     9   131   773  6897  3265 11629 15155 11074 13219  9672  5848 14872
ch   22:      0     0     0     0     0     0     0     0     0     0     0     0     0     0     0     0     0     0     0     0    13   114   893  4599  4507 14900  6656 11246  6235 14941 11716  6350
ch   23:      0     0     0     0     0     0     0     0     0     0     0     0     0     0     0     0     0     0     0     2    12   142  1085  6944 13324  7838 11109  7662  8701 16094 11677 10109
ch   24:      0     0     0     0     0     0     0     0     0     0     0     0     0     0     0     0     0     0     0     1     9   107   943  7813 15134 12380 13195 10345 14846  5691  8542 15459
ch   25:      0     0     0     0     0     0     0     0     0     0     0     0     0     0     0     0     0     0     0     2    19   166  1363  7219  7762 12228 14392 14252 13266 11062  7934 11610
ch   26:      0     0     0     0     0     0     0     0     0     0     0     0     0     0     0     0     0     0     0     0    10   151   954  7117 16420 15499 15145 11448  5387 14408 14275 13176
ch   27:      0     0     0     0     0     0     0     0     0     0     0     0     0     0     0     0     0     0     0     2    22   227  1529  8655  5520 12341  8309 13793  4794  8958 10910  6470
ch   28:      0     0     0     0     0     0     0     0     0     0     0     0     0     0     0     0     0     0     0     2    16   138  1423  6965 15176  8942  2964 11259  8757  5625 10379 14951
ch   29:      0     0     0     0     0     0     0     0     0     0     0     0     0     0     0     0     0     0     1     6    27   161  1904 10845  4723  8805  9469  5517  7274  8776 13093  9301
ch   30:      0     0     0     0     0     0     0     0     0     0     0     0     0     0     0     0     0     0     0     0    22   180  1925  7827 16189 10851 14544  7516 10231  9753 10232 14501
ch   31:      0     0     0     0     0     0     0     0     0     0     0     0     0     0     0     0     0     0     0     3    50   372  2796 15097  7679 11571 13448  5951 10473 13039  7256  9798
ch   32:      0     0     0     0     0     0     0     0     0     0     0     0     0     0     0     0     0     0     0     1    17   182  1111 10817 12638 10952  7149 11042 10089 13111 10150 11121
ch   33:      0     0     0     0     0     0     0     0     0     0     0     0     0     0     0     0     0     0     0     3    45   295  2760 14636  7835  9730 10552 13011  8755  9758  7971 16511
ch   34:      0     0     0     0     0     0     0     0     0     0     0     0     0     0     0     0     0     0     0     2    27   219  1582  8162 10459  9971  5097  6328 13008  9223 10101 13252
ch   35:      0     0     0     0     0     0     0     0     0     0     0     0     0     0     0     0     0     0     1     5    61   448  3219 15338 15510 11317  6234  9869  4977  7133 14714 11479
ch   36:      0     0     0     0     0     0     0     0     0     0     0     0     0     0     0     0     0     0     0     3    30   324  2225  9727  7269  7996 11784  6955  8010  6800 10490 13185
ch   37:      0     0     0     0     0     0     0     0     0     0     0     0     0     0     0     0     0     0     0     1    28   300  3681 17606  5856  6921 13058 11405 13931  7744 11046  5396
ch   38:      0     0     0     0     0     0     0     0     0     0     0     0     0     0     0     0     0     0     0     5    46   327  2586 13060  7295  9855 12774  9572 12820 11866 12101 12630
ch   39:      0     0     0     0     0     0     0     0     0     0     0     0     0     0     0     0     0     0     1     6    71   485  3357 15357 13722 11011 12416  6316  8344  6894 14901  4990
ch   40:      0     0     0     0     0     0     0     0     0     0     0     0     0     0     0     0     0     0     0     3    40   317  2161  8430 15106 10495 10568  9386 14517 10616  4106 12904
ch   41:      0     0     0     0     0     0     0     0     0     0     0     0     0     0     0     0     0     0     1     3    52   378  3101 11609 11356 13644 14491 11194 11573 12743 12509 17136
ch   42:      0     0     0     0     0     0     0     0     0     0     0     0     0     0     0     0     0     1     3     6    40   364  3213 16378 17985 11007 16133 11884  9066 14033 10160  5905
ch   43:      0     0     0     0     0     0     0     0     0     0     0     0     0     0     0     0     0     0     1     7    73   651  3144  2754 12027 11979 10958  5312 13512 12314  9488  6641
ch   44:      0     0     0     0     0     0     0     0     0     0     0     0     0     0     0     0     0     0     0     3    54   477  2682 11531 15775  8307  9333 10981  9611 11685  4937  7761
ch   45:      0     0     0     0     0     0     0     0     0     0     0     0     0     0     0     0     0     0     2     7    48   478  3835  4894 16099 11954 10858 13262  7780 10762 13480 15107
ch   46:      0     0     0     0     0     0     0     0     0     0     0     0     0     0     0     0     0     0     1     4    47   432  2427 16501 12362  5492 11665  8553 11669  9964 11847  4609
ch   47:      0     0     0     0     0     0     0     0     0     0     0     0     0     0     0     0     0     0     0     3    68   504  3724  5233 10522  7061  8477 13778  8910  9926  7733  9465
ch   48:      0     0     0     0     0     0     0     0     0     0     0     0     0     0     0     0     0     0     0     5    61   473  2459 14096  8730  6588  7813  9774 11160  9295 11938 10240
ch   49:      0     0     0     0     0     0     0     0     0     0     0     0     0     0     0     0     0     0     1     6    64   407  5035  2914  7689  5919  9784 13325  7952  4641  7042 10726
ch   50:      0     0     0     0     0     0     0     0     0     0     0     0     0     0     0     0     0     0     0     8    76   461  2404 18318 11101 11026  9832 10587  7782  8762  9775  6018
ch   51:      0     0     0     0     0     0     0     0     0     0     0     0     0     0     0     0     0     0     0    13   141   658  8711 11351  8336  8147  9762 13266  7960  9878  6150  7768
ch   52:      0     0     0     0     0     0     0     0     0     0     0     0     0     0     0     0     0     0     0     4    41   543  4010 18974 11605  9522 11693  6367 11861 14706 13046 10247
ch   53:      0     0     0     0     0     0     0     0     0     0     0     0     0     0     0     0     0     0     0     4    78   689  4235  5380 15846  9573 10732  9921  9463 13998 15045  7007
ch   54:      0     0     0     0     0     0     0     0     0     0     0     0     0     0     0     0     0     0     0     8    47   470  3796  5021  3928 11190  9761  7266  5014 13197 12439 16370
ch   55:      0     0     0     0     0     0     0     0     0     0     0     0     0     0     0     0     0     0     1     5   110   944  6089 17271 12033  9212  8272 11204  7659 11593  5839 11407
ch   56:      0     0     0     0     0     0     0     0     0     0     0     0     0     0     0     0     0     0     1     3    67   574  3402 16699  7308  5719 10429  5607 10192  9977  4524  8353
ch   57:      0     0     0     0     0     0     0     0     0     0     0     0     0     0     0     0     0     0     2     7    77   718  4471 11241 14491 11838 11578  3889  9830  9268 14752  2551
ch   58:      0     0     0     0     0     0     0     0     0     0     0     0     0     0     0     0     0     0     1     7    67   501  4278  4690 16061  9584 13194  8749 11060  9826 12565 13565
ch   59:      0     0     0     0     0     0     0     0     0     0     0     0     0     0     0     0     0     0     0    12    83   972  6498  8321 12797  9792  6801 10084  9603 13829 11627 12694
ch   60:      0     0     0     0     0     0     0     0     0     0     0     0     0     0     0     0     0     0     1    10    75   574  4989  4844 11368 14284  9476 10184 13008 10355 11578 12905
ch   61:      0     0     0     0     0     0     0     0     0     0     0     0     0     0     0     0     0     0     2     8    88   828  6162  8390 15734 14503 14210 10527 10110 11918  6631  9383
ch   62:      0     0     0     0     0     0     0     0     0     0     0     0     0     0     0     0     0     0     0     7   124   653  4875 12945 14016  8868  6452  5235 11619  9279  9248 13142
ch   63:      0     0     0     0     0     0     0     0     0     0     0     0     0     0     0     0     0     0     0     9   120   873  5055  9844  9447  7314  8217  8774  5846 11798 16488 12732
ch   64:      0     0     0     0     0     0     0     0     0     0     0     0     0     0     0     0     0     0     0    10   102   669  4588  7454 12179  9211 10779 10620 10779 11660 12083 12868
ch   65:      0     0     0     0     0     0     0     0     0     0     0     0     0     0     0     0     0     0     1     7   141  1079  7176  8652  9752 11837  6697  9330 12197  8327 10126  8009
ch   66:      0     0     0     0     0     0     0     0     0     0     0     0     0     0     0     0     0     0     1     9   100   743  6115  8188 14828  9540 16479  7090 10166 12261  9799 12972
ch   67:      0     0     0     0     0     0     0     0     0     0     0     0     0     0     0     0     0     0     0     7   194   863  6959  7821 13506 10649  7102  9455  9915  8626 13971  8320
ch   68:      0     0     0     0     0     0     0     0     0     0     0     0     0     0     0     0     0     0     0     5    98   761  5223  6005  9781 10109 13687  7718 10354 10603  9175 11184
ch   69:      0     0     0     0     0     0     0     0     0     0     0     0     0     0     0     0     0     0     1    11   140   933  5977 14264  9538  8299  4367 12155 10069 14593  9405 11043
ch   70:      0     0     0     0     0     0     0     0     0     0     0     0     0     0     0     0     0     0     0     6    69   620  3808  4486 11034  7600 10402 13333 12321 11774  8615  9277
ch   71:      0     0     0     0     0     0     0     0     0     0     0     0     0     0     0     0     0     0     0    14    92  1430  8396  5583  6216  7026 12634 12611 11042 12764  9486 13227
ch   72:      0     0     0     0     0     0     0     0     0     0     0     0     0     0     0     0     0     0     0    12   127   777  6670 17722 13711  5290 12617 13318  9857 11419 10383  9110
ch   73:      0     0     0     0     0     0     0     0     0     0     0     0     0     0     0     0     0     0     0    10   135   975  6401 15672  7809 13792  6491  6031  6923  7273  9663 14547
ch   74:      0     0     0     0     0     0     0     0     0     0     0     0     0     0     0     0     0     0     0    19    97  1144  7034 13304 10444 10380  7172  8575 12935  8957 14041  4569
ch   75:      0     0     0     0     0     0     0     0     0     0     0     0     0     0     0     0     0     0     1    25   148  1270  6576  5307  8181 10811 10260 11388  9964 11848 10699 14063
ch   76:      0     0     0     0     0     0     0     0     0     0     0     0     0     0     0     0     0     0     2    11   177   927  6705 16608  9748 14236 11491 12926  9013  7932 15702 11826
ch   77:      0     0     0     0     0     0     0     0     0     0     0     0     0     0     0     0     0     0     0    10   131  1136  6508 15724 13197  9950  9505  9113 11300  8135  9659 12137
ch   78:      0     0     0     0     0     0     0     0     0     0     0     0     0     0     0     0     0     0     1     9   122   850  5148  8596  9673 11492 14358  6083 10842  9155  5353  6633
ch   79:      0     0     0     0     0     0     0     0     0     0     0     0     0     0     0     0     0     0     0    12   177  1410  9497  2776  8022 11291 11611  7659 12216 13481 10766 12106
ch   80:      0     0     0     0     0     0     0     0     0     0     0     0     0     0     0     0     0     0     0    10   112  1379  7463 16237  6105 11462 13339  4952 12879 12044 12318  8504
ch   81:      0     0     0     0     0     0     0     0     0     0     0     0     0     0     0     0     0     0     2    11   146  1181  7057  4778 10251  5888 12782 13152  5956  7377  8522  6512
ch   82:      0     0     0     0     0     0     0     0     0     0     0     0     0     0     0     0     0     0     0     9   111   818  5666  8967  7015  7657 10658  7226 14849 11161  7766 11469
ch   83:      0     0     0     0     0     0     0     0     0     0     0     0     0     0     0     0     0     0     2    17   157  1025  7274  1242  6241 10882  9718 11343 11090  9643  8715  9033
ch   84:      0     0     0     0     0     0     0     0     0     0     0     0     0     0     0     0     0     0     0    16   124  1035  7895 14934  8658  7657 12484  8568  7669 13627 12184  9821
ch   85:      0     0     0     0     0     0     0     0     0     0     0     0     0     0     0     0     0     0     0     8   140  1249  6611  2376 12906  8164 13473 15067  6465 11963  9009 10814
ch   86:      0     0     0     0     0     0     0     0     0     0     0     0     0     0     0     0     0     0     1     9   101  1121  7165 15729 14029 10356 12797 16376  9644 12510 10951 10347
ch   87:      0     0     0     0     0     0     0     0     0     0     0     0     0     0     0     0     0     0     1    14   221  1206  9411  9781  8224  7700  9187  9872 14185  9493  6411 11970
ch   88:      0     0     0     0     0     0     0     0     0     0     0     0     0     0     0     0     0     0     2    12   146   944  5676 12186 10435 11122  9539  5786  7170  7704 13021 13393
ch   89:      0     0     0     0     0     0     0     0     0     0     0     0     0     0     0     0     0     0     3    20   192  1411  8803  6570  6877 13144  8535 10300  6906 12762 14247 14960
ch   90:      0     0     0     0     0     0     0     0     0     0     0     0     0     0     0     0     0     0     0    16   193  1204  8585 12387 11959 13176 12076 15503  8067 10771  8866  8321
ch   91:      0     0     0     0     0     0     0     0     0     0     0     0     0     0     0     0     0     0     0    21   108  1151  9151 13809 10658 10111 10790  6862 11201 11384  7977  6182
ch   92:      0     0     0     0     0     0     0     0     0     0     0     0     0     0     0     0     0     0     1    16   103   895  7838 10905  8767 12954  4609  7516 11508  7902 10075  9958
ch   93:      0     0     0     0     0     0     0     0     0     0     0     0     0     0     0     0     0     0     1     9    99  1567  9037  3360 12182  9985  9383 14535  9986 11213  9461  6049
ch   94:      0     0     0     0     0     0     0     0     0     0     0     0     0     0     0     0     0     1     2     6   132  1086  6226 15361 17762 12540  8093 10845  7706 14329  9486  8808
ch   95:      0     0     0     0     0     0     0     0     0     0     0     0     0     0     0     0     0     0     1    12   146  1638  5965  9662  9708 10181  7334 14054  9533  6358  9538 14358
ch   96:      0     0     0     0     0     0     0     0     0     0     0     0     0     0     0     0     0     0     0     6    83  1129  7182  9750  8405  6837 10458 13778 11382 10013 11021 12713
ch   97:      0     0     0     0     0     0     0     0     0     0     0     0     0     0     0     0     0     0     1    19   169  1352 10834  6448  9122 10536 10961 10189 10040  5715 10423  6058
ch   98:      0     0     0     0     0     0     0     0     0     0     0     0     0     0     0     0     0     0     0    12   165  1308  7422 13551  7560  6809  6783 16993 11397 10375 14774 11598
ch   99:      0     0     0     0     0     0     0     0     0     0     0     0     0     0     0     0     0     0     2    16   178  1644 11790  2578  9322  7927  7075  8739  5645 12103  4759  5995
ch  100:      0     0     0     0     0     0     0     0     0     0     0     0     0     0     0     0     0     0     2    10   161  1101  4816  4992 11632  9358 14909 10033  6080 14607  8821 11495
ch  101:      0     0     0     0     0     0     0     0     0     0     0     0     0     0     0     0     0     0     0    13   155  1087  7321  7390  4472 12501  5122  9204 13769  8483  4318  6936
ch  102:      0     0     0     0     0     0     0     0     0     0     0     0     0     0     0     0     0     0     3    11   139  1172  7412  5268 11134  3749 10001 10240 13432  2791 11886 12540
ch  103:      0     0     0     0     0     0     0     0     0     0     0     0     0     0     0     0     0     0     3    21   167  1403  7807 12107  7689  6719 10290  8669 10750 11133 12195 14762
ch  104:      0     0     0     0     0     0     0     0     0     0     0     0     0     0     0     0     0     0     1    10    94   950  6685  5505  8768 13985 12408  9151 13966  8037 10898  5843
ch  105:      0     0     0     0     0     0     0     0     0     0     0     0     0     0     0     0     0     0     1    21   171  1282  9887  5672 11732  8818 13083  6949  6765  9962 10837 12004
ch  106:      0     0     0     0     0     0     0     0     0     0     0     0     0     0     0     0     0     0     0     9    86  1149  7788  3761  7400 10366 10153 10398 10174 11099  8381  5515
ch  107:      0     0     0     0     0     0     0     0     0     0     0     0     0     0     0     0     0     0     0    20   315  1264  8959 17168 11863 10130  8605 13047  6370 11792 13322  8488
ch  108:      0     0     0     0     0     0     0     0     0     0     0     0     0     0     0     0     0     0     0    18   120  1164  7573 15417 17636 12239 13606 11788  7557 13715  7674  6520
ch  109:      0     0     0     0     0     0     0     0     0     0     0     0     0     0     0     0     0     0     2    10   171  1163 11562 12372 15184  9288 13987 11991  8108 10635  5159  9176
ch  110:      0     0     0     0     0     0     0     0     0     0     0     0     0     0     0     0     0     0     0    12   135   975  6773 12232  6760 12993 15187 16072 10079 12003 10624 13444
ch  111:      0     0     0     0     0     0     0     0     0     0     0     0     0     0     0     0     0     0     2    26   145  1511  9004  5139 10915  7948 14957 10130 16771 10620  8770  9099
ch  112:      0     0     0     0     0     0     0     0     0     0     0     0     0     0     0     0     0     0     0     7   147  1586  9630 10306  6765  8293  8654  9523  9023  8778 11405  4277
ch  113:      0     0     0     0     0     0     0     0     0     0     0     0     0     0     0     0     0     0     1    14   194  1606 11391  3034 16204  9185  6545 10720 16636 11002 11888  7113
ch  114:      0     0     0     0     0     0     0     0     0     0     0     0     0     0     0     0     0     0     2    12   208   987  9475  5444 12650 12880 15766 12241 12257 10366  8782 11502
ch  115:      0     0     0     0     0     0     0     0     0     0     0     0     0     0     0     0     0     0     1    11   144  1022  8782  8948  5819  8208 10579 12790  8346 13547  2453 13813
ch  116:      0     0     0     0     0     0     0     0     0     0     0     0     0     0     0     0     0     0     3    11   146  1300  9437  5191  7398 11600 10014  5314 12566 11009 10033 13663
ch  117:      0     0     0     0     0     0     0     0     0     0     0     0     0     0     0     0     0     1     3    21   171  1455  6277 13078 14308 15049  6544  8165  3936 13537  8430 11462
ch  118:      0     0     0     0     0     0     0     0     0     0     0     0     0     0     0     0     0     0     1    10   218  1131  8677 13925 10914 12818  8403 15308  8033 11658 12049  7069
ch  119:      0     0     0     0     0     0     0     0     0     0     0     0     0     0     0     0     0     0     2    13   157  1411  7931  5012  4756  8474 11970 10665 13162  7639  9901  7370
ch  120:      0     0     0     0     0     0     0     0     0     0     0     0     0     0     0     0     0     0     2    17   162  1382 10345  5473 14094 15536 10642  8548  7853 16858 15624 10664
ch  121:      0     0     0     0     0     0     0     0     0     0     0     0     0     0     0     0     0     0     1    19   157  1312  8188  6342 15242  7628  8825 13659  9468 14210 13759  8588
ch  122:      0     0     0     0     0     0     0     0     0     0     0     0     0     0     0     0     0     0     0     6   106  1118  6923  1176 10570  7616 10366 12730  7701 10164 11177 11292
ch  123:      0     0     0     0     0     0     0     0     0     0     0     0     0     0     0     0     0     0     0    22   181  1243 10557 16499 12012  7579 11138  9802 14245  9688  7090  7875
ch  124:      0     0     0     0     0     0     0     0     0     0     0     0     0     0     0     0     0     0     2    13   188  1013  8848 12328 11527  8144  8930 10726 10464 11592 14660 10553
ch  125:      0     0     0     0     0     0     0     0     0     0     0     0     0     0     0     0     0     0     1    34   259  2111 14256 18651 11765  6967  9452 10674 14378 13619  6754 11271
ch  126:      0     0     0     0     0     0     0     0     0     0     0     0     0     0     0     0     0     0     4    10   188  1446 10410  8117 16328 14743  4803 14977  7546  8102 12982 11294
ch  127:      0     0     0     0     0     0     0     0     0     0     0     0     0     0     0     0     0     0     2    21   206  1740 15117  5163  8123 13425  7911  8930  8934 11179 12894  7574
