ch    0:    430   565   796  1124  1571  1865  2445  3162  3789  4661  5678  6691  9220 12873 16765 11514 10956 10579 10886 12347  7372 12500 11336 12794 11789  9660 11103 11876 12994 11889 12605 12979
ch    1:   1174  1569  2090  2518  3393  4011  4929  6090  7093  9162  7253 10262  6600 10943 13194  7265  8046 10006 14318 16045 10676 11106  9113 11380 12497  8989 10211  9614  8242 14415 11348 12457
ch    2:   2209  2947  3655  4385  5412  7118  5108  6451  8750 11715 11450  8386 17804  9062 12675 10613  9295 10038  6161 16384 12171 12645 10305 12331  9013 13995 10810 11772 14035 13422 13344  7653
ch    3:   1645  2460  3159  3760  4750  6307  7860  6550  8892 12481  8382 11503 12697 13770 11954 13664 15179  6533  7706  9054  9916 14030 11439  9376 10013 10997 13700  5341  8214 10372 10215 11144
ch    4:   2519  3182  4481  5711  7293  8837  6731 10044 12996 11122  9841 10810  9249 10167  7032 12879  6490 10891 11974 16305  7837 11330 13137  8941 11666 11918  9752 11030 10397  9637 10274  5108
ch    5:   2014  2693  3766  5192  6777  8743  7980 10092 10297 12405  8203 14795 15001 13164  8221  8616 11040  4304  7589 11904 12771 10171 11484 11883 14811 10664  9124 11021 12349  9867 13080  8257
ch    6:   3134  4301  5885  7726  8996  7299 11735 13511 16234  6623 12765 10147 13583  9093 10004 10697  3846 12690 13782  9513  8969 12102  5513 12604 12104  6626 12494  9445 12373 11075  4720  5192
ch    7:   2371  3366  4112  5844  7619 10002  9567 13632 13514 10411 14830  7663  8690  4563  9470 12095  7859 11696 10818 11100  6380  3970  8875 11561 10002 11678  9878 10482 12435 11406 10743 11075
ch    8:   3678  4964  7206  8852  7609 10629 13957 11242  7972 11313 11313  8442 11989 12008 12124 12940  7621 10840  5701 12960  7544  7383  8727  8478  6843 10609  9661  8979 11408 12006  7697 10731
ch    9:   2964  3634  5471  7099  9384  9417 12695  7651 12532 10839 12717 12976 14784  9574 11828  8609 12262 17165  8985 10758 12374 14418  9197 10258  9753  9353 14673 10675  6573  7034 12400 11808
ch   10:   4749  6794  8130 10374 10172 13417  8195  9761  5325 16572 10361  9787  7251 11352 16693 12366 10147  7895  7090 12507 11352  9859  7964 10528 13403  8114  6554  6125  6121 10635  7375  7807
ch   11:   4577  6006  8120  9944 11954  8470  9138 11274 11650 12010 10379 11228 11168  8322 11969 13472  9165  9505 12699 12480  8653 13717  8662  8962  6642 10903 10335  5527  8491  6815  7528  4107
ch   12:   6085  8867 10827  9559 10273 13963 12678  9691  9813 11097 10781 12198  5121 11662  6591  7033  9367  8147  8085  4948 13783 13755 10299  4704 13748 11873  9227 11228  6875  9270  8615 10471
ch   13:   4422  5732  8051 11003  9755 10611 12378 13162  8008 15293  7099  9376 11609 15160  8371  8529 12548 12510 15504 13458  9829 10760 12126 10775  8967 15873  8151  8580 13774  7705 12242  8748
ch   14:   6439  8829 12778 10677 10090 11375 11451  9213  8997  2499 13494 14532 10308  8022  8153  7837 11657 11127  8397 16804 11235  7140 11413  9596  8347 14143 10061  9145 10026  6006 10909 11563
ch   15:   6389  8491 10851 14227  9920  5492 12475  8995  8703 10730  8746 12229  8719 10701 12093  8139 13445 14214  5603 11937 10599 10473  5691 11978  8953 13365 12445 10068  6477  8488 12770 14828
ch   16:   7134  9369 13403  8531  8878  9604  6925 11971 10335  9777  6336  7938  6858  9590 11181 14691  7792 13988 16395  5496 14557 11144 14781 13376 12770  8420 12513 13224  6354  9442  9563 10507
ch   17:   3538  5310  8373 10463 11111  8274 11472  7777  7486 13119 11126  8107  9604  9876  7751 12085 10056 11116 13655  5964  7102  6246  9250 14106  7523  8158  8921  9988  8218  9177 13028 14023
ch   18:   7544 10269 11563 10368  6892 12174  9953 10824 12590 14267 12560 12323 16947 12312 10779  8706  7337 10563  4189 12008  9065  9210 13288  8452  7551 14521 12089 10055 10898 11341  8816  7961
ch   19:   4656  6870  9734 13369  6075 11354 15739  9355  6658 12862 10812  9045  9110  8943  8027  9663  5384 10218  7794  5655 13835  5306  9779  9260  6826 13733  9766  5255  7802  8565  9118 10230
ch   20:   9685 11726  7977  9136 14092  5797 12283  9045  6085  9229  6791  9197 10770  8751  6420  7975 12604 11390  8565 12649  8305 10503 10820  5620  8812  8300  8042  9498  8362 10322  4997 11991
ch   21:   5512  8487 10892  8308  8106 12061  8686 11246 10851  6886  8076 11103 13852 12413  8856 16479  6565 11637 14379  9233 11232  9651 14779  8832 11051  7855  8704  8624 14999 11095  6929 14217
ch   22:  10470 10782  7190  9506 11862  7421 13582 12687  6135  5467 10238 11654 10027  8157 12205 12627  6230  8701  9255 11789 11781 15827 11255 11543 12538  8622 10343  8665 12446 12054  5805  9768
ch   23:   6932  9903 13256  8854 10397  9728  5784  9290 15656 12590  7667  8664  5827 12229 12679 10363 10249 10658  9797 10235  9597 10197  5886  9962 10554  9670 14642 10162 10627 12600 11551 15610
ch   24:  11923 11327  7827 10326 10568  9172 12162 13857 12188 11100 11211  7927 11755  9503  8177  7360 12840  7407 11013  6919 10116  7458 11540 13326  8115  7966 12734 13445 11702  6855  4794 14263
ch   25:   7726 10695 10802  7340 14221 10583 10079  7663  5826  9186  9946  9552  8733 13405  9151  9406  6960 10926 11227 10267 14694 13288 12824 10718 10831  4622  6713 10630  6828  8246  6409  5316
ch   26:   9922 13836  8415  8926 12426  8974 10392  9109  6732 10327  7088 13850 11799 11843  7943 10983  9088 11467 12820 15664 11451 10530 10773  9884  9444  8543 12099 16261  9550 14239 14559 11338
ch   27:   6742 10298 10055  6325 11538 12563  7620  6930 11106 13157  6969 14776  9464  7254  9696 11980  5722 10816 13668 13937  9371 12714  9181  8074  4808  5800 11764  7684  9385  8737 10591 11105
ch   28:   9844 13488  7771  9989 13608  7753 10100 11724 13201 10541 13662 10269  9303  7160  8389  9708  8500 13845  8613  9212  8217 16189  8470 15264 13422  6280  8984 11560  6947  9037 11900  6865
ch   29:   6932  9432 13960  7065 13270  6925 11874 10088 10496  9150  8343  8470  5269  8426  9011  9156 11606  9318  8184 11643 11609 14854 13836 10354 10698  9166 11264 13421 13892  8011 12749 12342
ch   30:  10125 10459 10129 13874  8381  9850  8165 11396 11711  7335 12213 13313 13353  8463  8742 13307 12841  8547  9384  7433 10482 10146 11876  9297  9775 10007  9455 11357 11924 14830 14839 12768
ch   31:   8849 12908  9096  8647  9756  9025 12591  9977  4672 11320 11520 10621 12263  8230  7899 13362 11887 11654  6454 10671 13107 12346 11975  6706  7624 13404  7890  9727  8687  6201 12596  9588
ch   32:  11691 10745 12311 12145  7448  9175  9695 11183 10151  9069  8112  6165  9593  4524 11367  6717  8702  7647 13328  8556 10231 11352 10803  4463  8569 12696  4941 15249 11802  8623 10159 10478
ch   33:   8892 11182  9479 10532 10614  8754 14423 12012  9815  6994 11613 11032  8522 12921  4553 12551 12017 14119  8705 12191  4769  9781  9011 11957  8766 12317 11277 15087  7683  9109  8507 13304
ch   34:  11897 12096 13647 11355  6460  8610  9912 12642 13134  9782  6865 11100  8951  8587 11561 12848  7554  6419 14205 13741 10897  9210 11349 10925 10141  8555 11571 11741  7186  7118 10268  9210
ch   35:  10106 11973  8731  9338  8673 10313 12258  9894 11528  9003 10881  7698  7046 13031 11561  8400 12990  6680 11523 12102  8210  7799  8799  9961 13386  9203 13505  9170 14265  6544 10264  9346
ch   36:  13840 13909  7711 11134  9210  8753 15905 15771  6350  7883  6859 15190  7757 15032  8156 11227  8422  7156  6864  9355 10802 11835 11045 12299 11774 12499  8984  9838 11264 10202 10195  8107
ch   37:  11113 14182  8584  6960 11192 13719 12025 10412  7943 10163  8222  5833  5821 10928 12201  7654  2799 13752 14855 12442 10549  9950 14232  9381  9185  7778  7135  9417  6843  8772 12553 10386
ch   38:  13612  6746 10128 14611  5572  8420 14785 12983  8868 11704 13482 10876  8444 15243 11788 11072 14132 10537  8444 11172  9636  8337  8328  4609  7417 10502  9383 12467  9670  9308 10798  4357
ch   39:  12829 13236  7349 13266  9179 15521 15207  7354  7652 11608 12558 11495  6829  4832  8118 10974 11298  7110  9863 10629  9771 13208 13516 14774 15205  8864  9945 14693  4685  8673 13441  9893
ch   40:  14406  7284  9395  4906 13869  7978  6617  4739  7167 14202  6965 11275  9591 13187  8658  9358  9168 13913 13330  9641 11856 10100 11470 11335 10556  5956  8767 10272 12652  5484  9435 12543
ch   41:  12212 12205  6264  9741  8324 16257 13195  7713  9443 11327  9633  4735  7949  9075 12086  9746  9797 12884 10962  2836 12620  9137 12101  9330  7755 12141  4809 14593  8549 13958 10681 10121
ch   42:  11384  7270 12096 11072 10376  3776  8608 10132 11825  6787  7575  7455  7276 10657 13023 18147 10667 15026 13384 11292  8731 13744 10191 12791  7550 13518 13294  6784 11275  6766 10750  9044
ch   43:  13978 13865  8425 12269  2926 15630 13695 13954 13956 10484 11960 13144  7013  4736  9151 11541 11673  8810 12371  8036 16098 12558 11373  8391 11331  8067 11912 12719  8888  9819  7396 11195
ch   44:  13937  6064 14320  6074 16358  6494  8309  9790 11027 13371  6836 10600  8208 12546  7481 11992 13741 10483 10282  6109  8377 12453 11842  9865  8128  9574 13847 11805  8283 11583 11622  7275
ch   45:  14232 14538  9824  8248 14659  4200  9655 10957 10972 12443 10365 13352  8718 10813 14010  7842 10504  9358 10754  6543 11989  5707  8234  8235 13741  8881  6769 10769 13338 11278 14614 10600
ch   46:  13734  7506 11746 11532 15589 12837  9803 12765 11301  6702  9531 11066 12475 11677  5704 10835  4948 10383  7757  9466 14632  3926  9107  9400 16147 10194  9319  6927  5964 11044 11050  7731
ch   47:  10611 12576  8506  9398  8888 10495 11521 11055 13883 10539 11451 10173  5231 11718 11540  9368  6229  4302 10062 13792  8236  8465  9515 15543 12620 12399 13960  7424 10048  5187 15149 11624
ch   48:  12828 11792  9433  9580 14029 12847 14274 11961 13154 11026 12113 12485 10506 11375 10563 10746  8246  8653 13294  6334  4894 11145 12451 13503  9794  8158 11428 12675  8244  8416  7384 10269
ch   49:  11744 11558  7072 13825 11909  5810 13733  9786  8497  8538  8665  7560  8887 11121 11530 14049  9474 12073 16396  9404  6291 10292  9044  8650  6958 12147 12253 11510 10557  9260  4375 13119
ch   50:   9944 11836  9779  5725  9429 13197 10960 12270 12274 14667 12642 10092  8446  9115 15632 10418 10257 10333  5338 10146 10218  9394  8896  9674  9844  8891 11086  6080 11410  9678 11797 12367
ch   51:  13524  5149 10417 10057  8734  3681  9649  9928 10884  9773 12074 11939 13272 15309 10214 11234  8177 11371  4312 13556  7056 10662  7950  6385  7880  9251  9107  9443 12181 11103  9580 10701
ch   52:   8524  9961 12487 11680  5435 15595  7403  9651  8030  5193  9092  9223 10070  6185  7460 13920 11746  5852  8852  8839  7036  6665 12072 10148  8314  8518  9016 11171  9279  7986 10884  6402
ch   53:  13413  4380 14121 10491 12435  9437  9953  7994 13954 10955 11539  8592  9037  8667  5372 15059  9542  5787 11192  7124 11617  7718 16970  9626  5685  9101 11308 10909 12017 12598  7713 14452
ch   54:  14128 10446 12490  9203 13053 13649 14050  8486  9934 12751  8470 13201 10565 14600 15348 11678 10846  9113 11161  9296 13184 13777 14988 12436  9250 12753 10156  7622  5139 11283 14408 12627
ch   55:  12374  7156 10917  8942 10300 12643 15764 15843 15328 12039 11149  5175 10587  9424 13200  4691  9180 15190 13475  6511  9480 10595  8746  8663 14680 12317  6796  8244 13910  6941  9617  9005
ch   56:   6053 10538  5458  9335 11024 11421  8093 10534 10695 12799  8238  6727  7936 11176  7786 13950 15055 10495  9676 10201  9646 12482  7215 10080 13211  9348 10227  9222 14175 12303  9998 11917
ch   57:  12243  6711 11169  9012 12685 12070 13406  9355  8255 10927 14748 11908  9175  6578 10278 12225 12022 11794  8077  4540 12826 16405  9655 13358  9477 10523  8821  9898  9907  8617  3083 11926
ch   58:  14868 11805 15428  8226  7837  7164 12670  7610  8580  8182 10908 15088  9869 11347  7591  3893 12091  9096  9497  7304  8460  8924 11510  8782 12526  8461  3166 11148 10295 11860 11228 10537
ch   59:  13388  7186 10641 11102 13214 13859 12212 17832 13546  7438 10880  7047  6443  7104 13568  7325  8354 10186 12200 14314  9773 10801 12043  9979 11690 12264  8672  9680 11260  8594 14386  9364
ch   60:   6775 12734  7119 11034  8759 11128  7860 11392 11845  7625  7951 12134 13569  5777  6862 10311 14266  9423 11404 11898 10127  6630 12672  6651 12849 11314  9833  9746 10012  7113  9906 10595
ch   61:  12417  6760 12486  8374 13195 12433 11774  7578  9330 14105  9853 10064 11985  6641  6430  8928  9414 10252 11731 10699  7938  8636 11385  7358 10583  8514 12196  8201  9575 10204  6298 10068
ch   62:   6754 15044  8767 10346  8366  7895 12724 10656 13959 12952 10738 14491 10077 12042  5981  9245  8767 11657 10634 11056  9394 11670  8477  5344 10358 12128 12003  8937 10935  9027  9168 12483
ch   63:  10555  6871 14077 12037 12244  7141  8176 13067 11172  8067  7283 15314  8703  6499 11096  6786  6770 15514  9588  9786  8961  9761  7346 16081 11291 10133  9437 10995 10186 13222  7079 11556
ch   64:   7345 11690 10016 12199 11612 10192  9183 10394  5705  6745 11416  7333  7149  6644  6904  8268 11681 10826 14147 12700  9840  5622 13295  6812 10761 11481 16178  9222 12609 10200 15301  8948
ch   65:  15566  6248 11715  7069  7268 13656 11242  8956  8003  7918  7770 11620 10787 11907  8272  6800 12232 11310 10147  9587  9325 11936  7046 11038  8222 13975 11790  9681 15738  9427  7326 10918
ch   66:  12154 11145  9698  9851 12102 10769  6314  9430 13574  6838 11879  7632 11587 10999 10564 10099 10294 12147 11961 14655 12745  9131  6387 13634  8733  6439 11834 13459  9604  5290 12315  7398
ch   67:  10004  6702 15520 10721  6685 11004  9279 11781 12294  9582 12522 13711 10034 11962  8833 15232 16030 10373 12548  7791  8813  7456 11938  7526  8972 13909 10666  9600  4678 10750 12939 10086
ch   68:   9635 12884  8430 12051  7980  8761  9809 14099 14554 12193  6795  8529 12785  7789 11508  9833  9944 14912 11728  9719  8169  8487 11402 11515 13714 11584 10815  7001 14041  9904 12830  5611
ch   69:  14516  9711  8830 10580 12433 13875 10282 12262 11765 13136  6667 11814 10111 12521 12160 10553 12618 15034  9201 10710 10300  7806  7917 10264 10752  9024  5855 10079 10131  8916 11659  6773
ch   70:  12774  8401  7373 10717  7076 11023 11082  9966 12070 12508  7085  9451 13270 15697  8934 12263 10955  7208  3627 13686  5502 14818 11373 10166  8367 11195  6709 12486 13461  8213 10045 10129
ch   71:  11921  7402  9544  8140  9276 11580  7381 13009  9783 11034 10383 11590 11328  9822  9421  2748 10212 10826  6957 12516 12423  8937 12686  9256 11563  8684 12644 12182  9240 10116  9089  5924
ch   72:   7860 12203  8137 13083  8550 12004 10854  9355 13452 12244  8722 11142 15711 10482  7861  8817 11358 12213 10118  8169 12948  6863 11514 12855 10284 11755 11514  5885 11082 11243  7216  8583
ch   73:   8699 12141 12777 11324  5326  8256 11446  9010 10858 11230 16108 13930  8174 10340 11053  4574 11478  5542  6303 13001  9957 10434  9321  9103 14360 11535  6032  6740  9194 14132 13966  9565
ch   74:   6764  6926 11385 11740  9192 13180  9445  6876  9836  9674 13901 11160  7906  7369  8316 12910  8319 15774 10122  5184 10262 11277 11058  8171 12112 11150 13501  9440 14155 14079  8565 12893
ch   75:   6448 10069  6592 11226 11089 13696  9845 14395 12781 10833  7187  9924 11630  7713 11112 11740  9951  5866 11919 11818 13778  9687 13816 13641 12357 13879 11877  6900  9679  6509  9003 10049
ch   76:  10152  9140 11624  9829 16068 14187  7990 13189  9424 10963 10031  4822  9145 12040  7059  8246 10562 16479 11278 12996  5569 12478  6471 10399  9367  8799  6186 13692 12852  6637 11601  7154
ch   77:  12685 10617 13540 11557  5768  9357  8834 11825 11242 10421 14650  8441 11293  8945  8474  7653 10469 11135 12478 10791 10474  9269 10591 12000  9085  9045  9763 15078  8856  6582  9624 15492
ch   78:   6392 11371 10823 12263 10567 16947 10086  9399 11222  7585 12867  7842 12060 12809 14477  9700 10673 11885  9739 11875 13955  9132 10571  9884 11646  8390  6022 14907 11764 10329 10919 13196
ch   79:   8377  7441  6841  8143  6655  8027  9758 15335  9728 11286 11068 10029  6143 10571 14109  9287  5896 12704 10471 11301 10025 13023  9557 11209 10290  9431  7435 11692  7930  9267  9961 15101
ch   80:  10834  8110 10921 10430 13688 11423 10235 12532 14160 12632  8041  9575 13855  6535  7227  8754  6997 15129  8489 10172  9269  7439 13900  7369 11703  8896 12915 10051  5789 12093 13842  9528
ch   81:   8792 10850 12369 10080  4244 15583  9173 11217 15296 10559  8749  9939 13418  7583  8496 15030  8051  9991  8482  5895  6310  9230  6592 14928 15617 11335 13966 10712 12079 15150 11380 14847
ch   82:   6876  8286  8994 10904  9201 12368  6603 11793 12093 10131  8314  8308  9398  7097 11361 16502  7786  4131 12362  7090 10621  9283  6458 12277 15653  8548 12458 10706 11738 10839 10068 10915
ch   83:   6881  9615 10316  6519 16010 12243 11649 10174 15677 11556  9874  8604  7220 13590 11180  8006 12646 10848  9764 15167  5776  8708  9079 14676 10089  7942  9241  8225 17109 13923 10672  8248
ch   84:  11641  5922  7633 10051  6104  6866 14645  9059 17484 10658 12110 11409  6340 14855 13660  8981  9734  7655 10211 10585  9326 13386  9482 14029 10049  9709 11063 10846  8592 10869 10197 10541
ch   85:   9561 13567  7734 11920 12608  7853 13251 12977 10690  8435 10718 13902  7247 13408 10829 12046 12392  8081  2213 10899 10324 14132 14538 10103 10603  6329  5127  8601 10431  7601  6200 12159
ch   86:  10457 10236 10904 15959 11039  6696 11898 10717 11708 11548  8582  8733  9058  9747 12621 13902 11464 12632 12133 13347 10116  7899  9016  7469  9550 10844 10999 13164 10642  9422 10750 13761
ch   87:  10044  9676 13836  7939 11789 10482 14149 10431  6738  9747 10321  6256  7006  5555  6599  9488 11350 14609  8267  7729 11882 10976  8174 13167  8480 10260  6326 11658 12494  7991  4866 13344
ch   88:   7067  7538  7929  9471 11787 11092 11082  8084  9723  7081  8450  6522  9416 11707  5937 10162 11218 11323 14617 13416 10086 16424 10359  8818  9524  9412  6917 14771  4216  9123  7109 12090
ch   89:   9446  6082  9789  9384  6891 15843  7832 12818  9862 12468 10566  9505 10341 11971 11595  9501  8819 12191  9639 11653 11697  9682  9501  7331  8472  8831 13999 10765  9078  7858  5128 14608
ch   90:  10829 10942  8156  3936 13984  6913  8027  7833 10594 14737 14456  9323 11901  9076 11143  4268 15485 11912 12201  8423  9432  9498  8904 17330  6395  7352  7823  9520 14066 10391 11655 12159
ch   91:  14093 14292  8425  8334 14890 10213 10849  7545 14052  9640  8570 13232  8619 17053 11768  9164  9554  9864  6947  9802  8911 11359 10525 10200  7900 10285 13773  9784  8508  9429  7286 11904
ch   92:  14136  9571  8824 11267 11799 13221  9987  9897 11390 10296  6728  8387  8887  5901 13316 16658 11805 10703  6461 13770 10369 15393 14377 14489 10470 10700  8314  6807  8227  7749  9843  6628
ch   93:  10412  4920 10542 12805  5365 11065 10411  7479 14400 11800  8319 10986  9730 14930  8987  4562  9330 10966 10818 11237 12856  7610 11505 15320 12553 14159  9270 10818 13652  9157 12214 12002
ch   94:   9796 10451  5521  7403  5500  9583  9732 13694  8670  9024 11382 13916  8145  9157 11540 15073  8650  6901 11275  4754 16066 11559  8760 12172  7407  6459 14824  8333  6117  9828 11288  9268
ch   95:  10902  6658 11058  9773  9478  7596  9465 12443 10533  7919 12100  8649  9968 10552  8619  9446  9793 10364 10464 13338 10401 12267  9260 10689  5783 11252  4170  9115  8106  7104 12192 13596
ch   96:   6371 14700  8435  9223  9726  9918  7817  9334  7187  6483 12303 12294 12090  7212  9223 12056 14128 12646 13064 11192 15897  7591  9984 11520  7275  8087 12020  5671  8834  8313 10162 11857
ch   97:   5958 15165  9993 12281 14411 11353 14403 13206 11745 14221  8289  4546 14138  8896  8928  8766 16673  6779 13103 12315 12808 13694 10040 13516  7000 10666  6631 12012 11313 15436 13947 13336
ch   98:  14352 14864 13629 10240  9796 12102 11204  8457 13515 11343  8443  8221 11572 10874  8384 13707 10389  4065 10449 13350  9720 12738  9362  9531  9750  7729 10613  9031  5272  9897  5436  8472
ch   99:   5607  3689  8923  9047  6490  9728  8116 14407 10758 13935  3961 10886 15905  4497 12103 12755 11300 13376 11245 10552 13007  8514 13697  7121 12686 10717  8998 14917 12547  8407 10551 10260
ch  100:   3509  9944 10275  7269 10829  8156 12744 10295 13471  8858 10070 11525 11179 10943  7408  5670 10212 12748 10360 12674 10147 10549  7907 10220  7647  7200  8765 13135  2823 10640 13076  8832
ch  101:   6263  6286 10272  9184  8081  2793  4865  7196 11870  7850  5805 10946  7313 14692 11706 11251  8401  9851 10125  9928 13031 10702  7648 12272 11620 10720  9262 14065 11373  9405  9956 11455
ch  102:  16312 11177  8981  5968 10146  7978  8757 11815 11142 18248 12960  9778 12522 11145 14374 11908 16881 10008 12337 10754 12929 13848 12078  5936  9371 10403 13946  9033  8896 13003  8138 13356
ch  103:  10416  6489 11569  9260 13361  8819 16855 11397 10659  8113  9724  7380 12791  7175 13847  7071  5838  8932  4721 13541 12199 14285  8750  5310  9440  8044 13590  7894  9392 13290  7872 11619
ch  104:   8852 14298  7916 12054 14191  8780  8364 14349  4084 13509  8784  9700 11153  8407  7568 13522  9726  9596 12222  8888  9871  9834 12751  7983  6936  6905  4543 10260 15347 12466  9246  8542
ch  105:  13260  7663 12008 13364 11738  9333  8352 12231  8917  9520  9370 11136 10549 10361  9907  4422 10739  9864  6486  5951  4345  7200  7762 11036 14130 13810  9081 12060  9515 16717 10537 10064
ch  106:  16966 13451 11173 11165  7953  7315  7812 11798 11057  4917 12751  7159 10485 13574 11661  7504 13796  6506 12388 14192  9563  9581 13922  9416 13845  9612 14223 10013 10189 12738 13375 10080
ch  107:  12604 10285 14201  8671  9344 12475 11999  5242  4284  9842 11467 10121 10421 12870 10489 11095 10362  7587 11092 12331 10156 13126 10923 11364  8383 13222 10382 13964  8766 10669 12291 11941
ch  108:  11873 11253 12567 11705  7973  7811 11437  4054  8788 10125 10731 10488  8494  8106 10102  9075  9035  9992  9112  6532 12056 10789 11463 10626 15298 10983 13863  8701  9530  9740 13760 12090
ch  109:   9714 10888 11219 10470 11854  7475 13540  9807 10210  9929 10606 10236  8323 12274 13019 13417  9617 14102 13270  7485  7612 11639  8170  7205 12098  8794  6996 10282 12880 13383  8454 10995
ch  110:   4289 12982 12498 12330  4191 10298  9654  6924 10272 12988 10363  9844  8341 11512 11902  6542  9100 10567  5649 13933 11740  6598 10051  7444  9939  8478  9703  7497 13441 13763  9901 11839
ch  111:  11730 10759  5622 10848 12019  9728 13165 13648  6929  9891  9473  7321  9870  5579 10780  9991 11724  8062 11308  7878  8015 11335 14956  7019 12677  9069  6349 11769 11637  9948 12942  7870
ch  112:   7222 11671  9175  8358  9237  8793  8123 16620 13318  9635  8946  8610 11606  9811  7695 12029 11554 12371  9242 11932 13781  7940  7799 15773 11434 12238 11333 12386  9585 11577 10167 13639
ch  113:  13717  3042  6810  7482  6443 10558  8730  9232  9017  9309 11818 14150  9497  7335 13920  8478  7643 11651  8730 10655 10795  8758  8479 13986 10788 10905 11842  6027 11419 12125  7657 13427
ch  114:   5414  7062  7517  9580 13733 10058  9406  8882 10619 11047 10533 12430  6229  7039 10273 11134 11884 14584  9887 10928 14634 10584 13291  8906 15627  6296  5769 12737 13083 14418  7310 12033
ch  115:  14219  7321  7692  6465  9385 10705  9411  9402 14352 11841 14444  6845 10470  7103 14109  9335  7798  9008 12519 11703  8770 11675 10720 12228  9383  9224  9587 10344  6455  8142 12135  9723
ch  116:   9745 11765 11916  8802  6829 12806  8314  8914 10112 14566  8194 10209  6012 12803 11389  8804 11318 10178  4913 16920 11476  7012  9089 10267 12208 12129 11876  9925  7208 10260  7832  8584
ch  117:  13933  7182 10610 10711 14123  7433  7331  5145  9665  9523 14083 11622 12657  9785  9313 10357  8986  6597 11744 11807 14290 10768  9226  8823 10059 11218 10626 10857 10514 10643  8036  7570
ch  118:  12280 14850  7331  8944 11340 10989 12777 11737 10406  8430 10314  8728  7827 15601 13237 13338 11591  8835 12580 10126  7020 12153 10743 10645 11109  9663  9499  9046 10064  9635  7189  8419
ch  119:  14731 10122 12215 15014  7071 10304 10906  9656  9178  9040 13949 13025 10180 10695  9024 12036  8481 13310 10093  9211 10583  7685  6137  8736  7427 12099  8308  4705 14183 11772  6824  8627
ch  120:  11426 10319  9827  5645  7196 13678 10969  8640  8600  7772 13494 14523 15288  9739  6741  7415  8674  8073  8290 10016  9555  9069 14265 11324  7600  7961 11135 11240 13168  6792  9724 10189
ch  121:   7971 13040 11856 10313 14579 11830 11888  7811 13306  7050 13123 10747 13898  8827 10756 13700  8074 12020  9604  7781  9984  8457  5557  7361 13320 12504  8608  9570  8967 14287 13007 11269
ch  122:  10333 11513 14694 10640 14286 12654  8683 12136  3869 10702  7629  8240 16271  9663  6698  6317 15959  9727  9180 11401 12031  8394  4985 11319 11438  7306 12889 14737  6629 10401 11222 10969
ch  123:   9845 10413  9520 11104 14296  9215  7053  9670 14741  8366 12642 10484  9297  9650 11634  8308 10316 14344  7128 12704 11732  8847  6595 11028  8487 15763  7524 11463 10468  8484 10844 13083
ch  124:   7865 10939  5973 10215  8494 11850 10455 14020 12852 14222  7737  9886 10106 14625  7665  7032  7610 12953  8063  8327  9203 12707  7464 14526 13821  8091  7199 14916  7987 10536 10803  5650
ch  125:   8867 10422 13170 11881  9596 12073  9114  5275  8613 10119 11933  5725  6074  9052 10399  6287  8382  7508 10721 13849  6824 11547  7668 11969  8822 12962 12881 15756 15738  9551  9863  8866
ch  126:   8193 16238  6912  7018  9760 11609  7129 14277 11055  8428  8978 11208  8743  9916 10096  7744 10871  8293  9190 11189 13859  8419 12719  8110 12561  9328 16385 10446 10856  9739 10594 10282
ch  127:  11802 11287 11867  8616 13034  5407 10612  9686  7236  4877 11969 10264 10030 12685 13225  5255 10170 17417 14946 12340  3119 12148  6524 12423  8536  8270 12032 13071 10631  8996 12926 11545
