ch    0:    636   724   935  1306  1908  2352  3200  4497  6712  9350 12777 16403  9323  7181 12654 12549 10183  9043  6091  7254  6671 12780 14459 11848  8398  8469 10450  8466 12416 13101  8408  6575
ch    1:   1577  2081  2710  3548  4438  6043  9009 11999 11982  6831 11801 10004 12693  5656 13226  9405  9392 13063  9330 10560 10503  8944 10523 13301 10342  9575  7175 12189  9487 13349  7749 13348
ch    2:   3344  3785  5338  6242  7988  9390 13947 13261  8324  8736  7381 11523 13992 10794 10423  6914  7695 13435  8607 11475 14298 12052  5314 11149 11631 13888  7486 10222  7974  9096 11249  7747
ch    3:   3205  4147  5700  7202  9954 11861 13732  9335 12052  7153 10120 11255 10362  8222 12257 11636 10605 10937  6493 11331  9852 11121 10550 11677 12840 12298 10422  9995 13520 10192 13863  9288
ch    4:   4621  5922  7503  8386 12825 13153  6505  9308  9591  8884  8205 12336  7511  5122  9038 13284 12170  2659  9798 12615  8236  3445 11302  7513 15205  8114  6912  8369 13584 15944  8101 10840
ch    5:   4937  6585  8322 10419 14550  9906  9033  9165 11408  9649  8868 11527 15297  7757 11311 12305  8513 13775 12991  5219 11961 11240 10275 11719  9254 12754  8551  8696 12519  6273  5836  8492
ch    6:   8960 10583  9922 11105 12587 12089  8860 11164  8002 11022  9039  6812 12439 14725 10381 11908  5925  7766 15173  8477  7342 10117  8304 12163 14391  5788 10678  8823  8405 12153  7772 11237
ch    7:   8938 11695 11918 12251  8576  8421 10851  7218 16267 13283 10241  8355 10805 12989  9666 12275 10510 13134  5310 13873 14142  9252  7108  8874 11146 10438 10387  4401 13795  5819  9612  5306
ch    8:  12790 10117 14302 11883  5396 11209  7219 10386 11696  8762  9261  8731  9230 12569 11409 10846 13465  4606 11005  8435 10456 17143  7981 10671 12143 11392 14434 10045  9955 11314  6948  9888
ch    9:  10233 11148 12757 14998  6947 11875  8740 11469  9381  9216 10331 10821 11016  8739  8706 13883 14397 11942  8558  7812 13531  6431 11872  8812 11733 10043  9738 12837 11327 10676  6811 12666
ch   10:  10014 12975 13203  8954  9274 12157  7210 10024 14878  5878 11442  7193  6459  7749 12701  9195  9971 11144 12072 10751 11014 11302  8864 11236 10960 12780  6788 13046 11481  8416  8013  7417
ch   11:  11676 12221 12604  6177  9780 13738  9640  7848 10242  8247 10959 12901 10398 11062  7999 10538 11490 12709 10908 13538 12198 15582 15914 11204 11034  8039 10404  6735  9745 12956  8084 13704
ch   12:  14242 17872  6873  8440 13069  5258 10028 12592  9801 10642 11131 11611 16163 11704  9870  7653  4981 14628 10778  9756 12131 12136  9014 10366 12688  5523  8218 12966  5959 11238  8267 12587
ch   13:  11572 13173  7376 11383 12931  9150  9574 10761  8816  8916 10910 12720  9059 11897 13116  6874  7381 12181  9680  8659  9651 10384  9948  7838  9825 12278 12605  5188  9810 10065 14830 12026
ch   14:  11766  5225 10457 12555  6140 10761  8959  9375 12294 11788  8477  6729 15340  7906 12900  8389 11374 10976 14485 13570 10475 11342  5696  2768  6299  9351  5511  9402  6896 11317 12347  8847
ch   15:  13073  5952 11958  5090 12060  8153 12849 11574 15026  6720  7606 10689 11599 15200  8411  9142 12280  9430 11490 10537  9432  9651 12051  9871  6709 11578 10576  7427  7908  9625 11483 15013
ch   16:   6796  6364 13220 10900 10210 13906  6937 10983 11479 12916  7156  9604 13537  8126 12545  8437  7921  9917  8570 14145  7495  6027  8100 14569  8028 10925  7493 10514  9221 11854 11097 14191
ch   17:  10315  8076  9386 13038  7084  7669  8891  6622  8462 14297 11140 16470 13295  7092 10165 11139 13829 10472  4699 13352  8309 10100  6348 10751  7611 12529  8431 13555  5018  6466 12393 11926
ch   18:   5922 13232  5784  8664 13932  8934  6568  8488 10713  9834 12891  9271 14092 10026  9482  8536  7115 12721 11208 12276  8774  9180 10076  9066 13451  6747 10176 10671 11279 13567  9087  6109
ch   19:   8573 10249 14799  8559 14154  8368  9392 11047 14748 12995 15570  9506 13117 13509 11030 13013 12176 10207 10341  6398 11750 11925  7080 11594 13356  5489  7840  7455  7500  8606 10791 10993
ch   20:   6829 12622 12176  8008 12456  6795  7865  7173  8394 12139 15189 10315 15106 13294 16781 12624 10888 14041  9339  7929  9915  9411 16319 14308 10223 16040 12034 10211  9862 11612 10108  5779
ch   21:   7557 11822  9709  6689  8804  8692  6850  6846 14095  9418 10211 12262 12692 14537  8552 14419 12555  6302 10768 10144 13041  6243 15408  8432  7259  5994  7774 10560 12083 11472 13070 11154
ch   22:   9624 12197  4729 16320  9071  7801  5737  8485  8667 11084 10359 10682  8175  8775  7774  9054 14747 12992  8176 11843 14554 13569  9699 14855 11586 10777 10596 10971 13426 10180  8027  7613
ch   23:   7145 11886  8044 10421  9518  6185  8394  8315  8168  7332 10134  9845 12135  9840  9381  6918 14121 11694 14674 12222  7977  6966  8054  7899  6712 13698 12608 10847 10782  9551  9980 12608
ch   24:  14436 15380 11593 13913 10853 13695 10065  4056 17067 15538  6833  8784  6222 11433  9390 10039 11177 14616 10314 12488  9108  8005  8662 14528 12533 11707  7854 12417  9333 10141  9068  8160
ch   25:   4272 15779  2403 11969 10606 10561 13538 11424  9638  8797 12507 13550 15007 13382 12673 11688  7918 14105  6098 12986  9020 15220 12547 10735 13023 13905  6056 11690 14980  5509  9575  8243
ch   26:  11838  8176 12893  7642 11597  9915  8977 12997 10855 10706 16163  7020  8251 11201  7193 11151  7559 10196 12729  8623  7443 13474  4366  9619  6003  9676  8811  8403  8797 14171 14187 14219
ch   27:  10506 14326  5879  7499 10075 10974 12279  9227 11568  7906 14057  7845 13194 14636 11614  7878 15193  7265 11528 13814 11561  3280 10626 11686  7929  8519 11237 11187 13003 11871  9007  6780
ch   28:  12444  6923 17299  8757 12420  7832  9967  9433 14565  8523 14246  8250  4828 10250 10878 11087 12727 10320 10628 12715  7304  9974  4054 11768  9566  7081 10097 12748 12539 12047  5078  9114
ch   29:   9222  7752  8167  7927  5280  8458  6744  3982 10878 15017  8176 13147  9678 12170  7730 11036 10777  6361 11124 11156 11683  8541  8578  8864 10832 10815 12220  9435  6329  9849 13407 12358
ch   30:  13131  8564  4114 14456 11758  4161 11261 11661  7306  9098 10255  9738 10185  5563  8197  9569  6145  8174  7513  6915  7974  9831  9360 12689 11278  8392  7823 12894 11645  9618 10084  9512
ch   31:  10248  8917 10389 15772 13115 12630  7347 12985  7745 14119 12113 11992 11544  9914  7381  4747  4371  3770 11156 17327 12931 11581 10008 11497  9126  9865 10510 13068 10581 12465 11636  8823
ch   32:   8948  8635 12004  7615 11446 17183  8210  9420 12510 10322 12424  7323 15295 12507 11492 12184  9409  9341 10810 10298 13710 16325 10469 11451  5500 11629  9176  6872 12762 14672 10696  7313
ch   33:   7302 12227  8776 14122 12333 10878 10371 11245 12382 15474 11676 12142 10590 12900 13790  8527  9863 11096 12314 12833  9558 13993 11735  9439 10395  7132  6706 10241 10131  9303 15476  9150
ch   34:   8583  6372 12282  8363 13277 14617 14099 11233  9113 10561  9607  7567 12995  7765 11502  9431 10545  7335  7867  8267 12789  6374 12780 11600  4298 10190 12572 13664 11047  9034 11002 13390
ch   35:   9129  5735 14472  8731  6448  8041 10557 16190  8932 13203  9021  8562  7123 14751  9551 12400 10900 12582  9472 11199 11763  8078 14164  5952  8393  7236  6533 12361  8714 12929 13546 13877
ch   36:  13433  4757 10250 10565 11879  6981  5493  9295  9001  7205 10836 10492 11623  8634 16220  8420 11303  5211 10398  8228 12452  8285  3926  9110  9716  8247 15058  9122  9843 15413 14003  5977
ch   37:   7247 11045 14903  8576  8574 13543  5989  6840  6361  6762  8122  8280  9616  7402  8878 12681  9979 12863  9694 13837  4377 13479  8456 12835 10878  7534 10594 10385 13733 12351  9905 11188
ch   38:   9088 10820 11538 11700 17168  6930 11050  7094  8998  6090  9146 13366  8579 14164 14077 18089  6923 12921 14022  8542 14315  8015 11523 13097  8480 11355  7172 11285  8918  9778  8414 10595
ch   39:   9630 12762 11809  7089  6122 10912  9544 13348  5677  9420  9102  4998  8157  9155 12039 11573  9559 16190 13166  9076 11079 14287  9821  8249  9950  7271 15175  8004 12390 11502  7416  7918
ch   40:  13032  8310 10523 14507 17225  8384  9735 10285 11753 10065 10285 10125 13741 10005  5011  8004 10477  8933  4514  6185 13121 11162 12666 11233 12661 13468  7566  7311 10574 15140 11765  4295
ch   41:   9567 11945 11442  9748  9210  8516  8210 11395 18856 10696 10186  8509 10137 10905  8891  9712  8953  4653  8578 10883  6037 10501 10734 11764  8455  8842 12883 10280 11153 12024 12398 12467
ch   42:  12034 11659  8294  7919 10997  8884 14347 15578 11565  5654 14000 11069 10583  7142 11039 11574  6957 11465 14218  3813 10188  6167 10503 10713  6236  8185  8605 10071 16183 12048 13047  9199
ch   43:  11653  8269 11421  7571 13293  7291  9938  7939 11500  9129  7939  8634  7409 10038  5418  9081  8423  5149  7057  6468  7461 10650  7025  6595 10452 13987 11577  6811  5872 10387  8430 11710
ch   44:   6130  8272 15147 12184 11515 12322  4845 12964  9194 11031 14356  8697  9806  9526 14813 16335  8719 12159  7430 11168 11159  9960 12127 12087  8401  8601 10009 16393 12400  3776  6128 13666
ch   45:   6749 12242 12150 13040 12268  8726 12411 11933  8476 12226  4010 13252  6372 11138 12062  8792 12651  6696 15493  7156 15804 14831  8602 11314  8255  9981 17202 14420  8892  7922  9902  9857
ch   46:   8447 12432  5665  8829  6662  7861  9826 12601  6552 13751 10573 12753  8887 11226 13448  5646 12243 11256 11183  8759  7911 12408 10620 14505 13322 12089 14573  4505  9454 13471 13806 10465
ch   47:  12191  6858  7145 12623 11086  7174  7432 13695  7837  8636 10464 12469 16437  5863 11757 11147  7621  9118  9064  7886 11104  9723  9060  8440 12303 11452  7815 12936  9220 13059 13838  9296
ch   48:   6965 10999 14295  7267 10319  8696  9618 10374  7726 10702 11822  7734 12087 15621 11951 11384 12706  9002 11097  7576  9372  9155 11203  8812  9949  6076  8414  9816 12951 12416 12129  9375
ch   49:   5346 11788 14536  3592 12334 10787  9955 11123 10921 10688  8724 15089 11119  5729  9725  8395  9636 10661  9837  9033 12815  9589  8809  6416  7598  9980  6105  9384 10551 12506 11243  9493
ch   50:  15984 11001  6713 10756  6420  7204  9074  4160 10218  7096 17121 13403  6008  9103  4264 12935 10888 10678 10693  9348  6827 10819 12493 10854 12900  9196  7794 11960  6592  6597 10941  8868
ch   51:   8809 12319 10261 13609 14195  8693  8476 11606 10224 10175 13879 11311 12343  7935 11229  7504 10599  7125 10344 10475 12813  7395 11730  6086  7797 14131 10741  9740  6312  8943  7874 14091
ch   52:   9182 13585  8116 11671  8885  6960  7516 11192 10744 10520 11564  5454 11691  8390  9163 11425  9823  8433  6960  5463  8121  6947 10223  7346 14382 15085  9445  1315  8751  9409  8745  7847
ch   53:  10263 10031 12537 14185  6511 13160 12559  9657 13016  8712 10121  9696  7328 14861 14309  7373 13976  7945  8126 13393 13897 13424 13144  8582 13855  7929  9360 10567 14647 14990  9697  9749
ch   54:   9786  9640 10785 17664  4251  4933  8671  7365 14404  9805  7755  7161 16912  8263  9862 15984  8477  5923  6247  8847  9196  8174  7317  9152 10563 11771 11888 10724 10085 12035  7530 10023
ch   55:  10050 11308 13539  6604 11722 14623 13363 13029 11393  9116 12068  7785  7811 12069 10225  6881  8111 12073  8812  9809 15868 11672  5209  8898 14101  9435  9644  7345 15210 17450 10178  9249
ch   56:   9695 14109  5911  7025 11444 14845 10366  9341 17384 12288 13057 10039 10869  8312  7536 10111 10745 16233  7854  7840  6471  9276 11274  9818  9905 11884  8448 10204 14408 11314 14027 10631
ch   57:   8162 10047  7792 10418  6386  2261 11577 10778 14259 12412  8421 14536 13030 10268  6364  7895 11758  9262  7320 14564  9577  8613  8482  8854 15121  8403 11010  7160 10948  8302  8206  7294
ch   58:  10454 11548 11107  7697 11176 14070 10025 10711 11704 10051  9082 11013  6147  6325 11610 10940 11896 11442 11220  9670  9671 11457  9589 10597 13022 16028 13289 13719 10197 12658 12694  7910
ch   59:  11031 11484 10361  7732 10153 11328  9124 10371 14146  8627 11942 11031 13743 12070 10288 10802  7772 14232 12847 11812 13690  8379  6519 11857  9758 15388  9357 11660 11036  8718  6820  8844
ch   60:   8566 11550  6436  7906 12820 13588 11354  9294 11735 13375  8275 16954  9672  6691  7269  3647  9497  7630 10785  8538  8543  8380 12958 15049  8757  7645 11546 10255  7070 10397  8434 12349
ch   61:  11197  7962  7826  7532  4768  9702 10792  6392  7499  3440  9310 11985  6721  8859 11918 11403 11893  9863 12393  7304 10674 10732 11176 10254  7263 12675 12940 11327 13335 10047  4013  6570
ch   62:  11541  8986 13154 12959 10872 13109  8952 11191 11345  9817 10282  7983 13545 10665 13573 12932 10458 11464 10081 13123  5383  9715  7974  4976 13246 13371 12766 12449  9506 11903  7160  7134
ch   63:   7782 10861 11316 12069  5522  7071  8086 10709  6196 12072  7378 10034 12090  6163 12008 13006  9893  8334 11355 10285 10983  9888  7674 11444  6819 10586  9974 11571 14433 14727 10063  7789
ch   64:   8095  7365 12716  9364  4782 13045 10860 11438  8112  7675  8559 12107 10809  5474  8422 11086  8850 10763  5184  9898  5906  6628  4860  7161  9373 13779 15806  8264 11101  8976  7614  9077
ch   65:  12680 11213 11714  8727 11184 14266 13321 11093 12025  4688 13660  9493  9365 16082 13547  9367  6782  9437 11613  5221  9917 12752  9715 11574  7836 10553 12673 10667  7908  6636  7527 11100
ch   66:  12592 11755 13978  5275 16819 12450 15495 12160  9514 10613 10165 10891  7991 10582 15091  8220  7595  2679 12689 10958  8741  6000  9212 15236  7268 10656 10538 13661 12468  8087  6326 18353
ch   67:   6707 10180  5723 14731  5619  5803 10966 13812 11676 11922 11357 10272 12001 10186  7640  8541 14061  4673 13027 12095  8694  9649 10460  6531  7639  8971  7214  8288 11121  8831  9123 10637
ch   68:  12431 13025 14595  7531  9113  6410  7143 11696 10915  8546 11373  9883  7011  8711 13006  7890 10653 12363 11784 11394  9766  9603 13804  9900  7429  6379  6724  9871  8532 10316  4650  5595
ch   69:  11702 10547  3123  9436  8504  7507 11620 13144 10310 12164 10344  9857  6963 13325  5987  8236  6316 10621 14016  6977  9750  8562 11734 15742  6781 11165  9674 12471 11039 13462 12568  8927
ch   70:   4506 10444 13089  7984  9233 12599 11171  9197 12897  6394 12720  8948  9107  8080 10811  8335  9651 10842 10496  6776  9997 10745 10596  5868 10894  9866 11825 11339 12491  7918  7736 13540
ch   71:  10207  8752  8429 13979 14053 14534  9923 11536  6787  8603  7514 12697 12026 13009 13420  9864 10940  8823 11055  9640  8484  9789 14913 15650 10680  9897 14067  9018 16648 12338 10024 11365
ch   72:   5627  8153  8787 14945  9937 12531 13314 11415  5370 10629  7821 10688  7945 15251 16724 10656 12701 10248  8372  9593 10452  9631  6091  7397  8913 10108 10279 16956 11226  6477 11642 12999
ch   73:   8846 13171  7154  2818  6231  7054  7654 10399  8164  7189  7630  8849  8178 13597 12016  8909  7559 10220 11077  6569 14539 14205 12103 10665 10498  6262  9678  5685 12309 11699  6917 12555
ch   74:   8367  9473 15932 15225 13974 10288 15306 11202 11814  5948  9654 10796  9570 10103  9111 11720  9005 11537  8824 11963  9419  4236 14599 11823 10887  8441 10174 13444 12458  6950 13458  8951
ch   75:  10028 12802 11453 12896  9460 11295  5887 11101 11219 11602 10738 13411 10162 11254 11771  9773  9985  9032  6995 10415  8678 10433 12589 10253  9411  6469 13364 10006 11115  6479  4341  9201
ch   76:  14416 13719  9874 10413 15068 11987 10630  7735 11550  7311 10078 11985  8138  4193  9885 11558  8073 11870  8144 12339 13958  8700 14717 13010 13682 14968 10795  6131 12584  6198  3182 12316
ch   77:   7988 10553 12500  5096 10365  9627 10784  8049  7921  6141 11397  9214 11547  8483 12192  9187  7852 12594 12340 12965  8871 11084  7947  9269  7437  9612  5349  9557  6817  9136 12210 11092
ch   78:  11692 10895  8728  8283  8017  6724 13549  4748  5617 10898  7262  8243  9827 15051 14752  9585 12604  7213 11389  8819  7690  9827 15043  7148 10417 12229 10436 13011 14886  7679 13884 15184
ch   79:  10706 10420 12656 11817 13350 12311 11772  9889 12061 10959 12285  9922  9158  7469  3810  9160  3764 10888  5455 11046  6721 11101 10429 15782  5838 16321 12722  9922 11372  7193  9023  9811
ch   80:   7908  8887  4313  9316  4963 11975  9028 12461 10734  9221  8171  1594 13549 13169 11296  4693  8850  6371 12789 13168 11806 11156 13140 11632  5661 11609 12787  8848 12441  9670  4850  7253
ch   81:  13023 13106  8678  9653 12162  7149  6317  8654  8554  6568  7996 11337  9197  8417 12829  7130  9803  3304 10494  8901 13631 11620  8688 10888 10961  3290  8498  9396 11989  9350 11895  9203
ch   82:  12837 10148 13852  7189  9180 13157 13657  6979  7439 10667 16001  8808 13423  5088  4339 13802  4942  8218  7956 10898 13438  7139  8748 11912 10755 14348  9445 11266 13982  9648  5987 16011
ch   83:  12573 11866  7559 10698  5430 14929 10166  6951  6919  8549 10573 10309 11688 10755 11743  5309  9108 14526  9542 10075 10087  8009  4378  7256  6433 12229 14696  9626 10940 10758 10123 15331
ch   84:  13137  4946  6922 12369  5252 13573 11282 14426 10830 12262 14048 13721 10096 10064 16035 13442 14804 13440  8182 11037 11716  8881  7384  8526  8256  9919 14412  6210 10510 11907 11570  8450
ch   85:   8051  7595  8042  6580 12919 11462 11079  7162 10868 10449 12754 10196  9681  9063  5991 11224 11189  7340  9044 11198 10934  8803  9565  9313  9133  9246 11667 10253 11358  9213 10900 13883
ch   86:   7209  7691  9750 11885 11014 12809  8158  5677 12105  8634 11397  8805 11432  8311 10853 11597 13571  8347  9674 10663 10674 14399 11104  6408  8910 10641  9833 12162 10740 11965  7467 12690
ch   87:  10952  9539  8045 11254 15032  7021 11485 15694 11200  6188 11530 10097  8215  7633  5209 10889  6085  5204 11570  7772 13552 14805  3324  8125 13770  7402 13445  8717 13357  7216 15317  9673
ch   88:   6018 14188 14888 12403  9617  7635  9784 10127 10200 11296 11197  7167  7576 11584 11996 10425 11453  8481  7161  6857  6076 11036 10528  9710 13240  6967  6080 12835 12286  7689 11610  9104
ch   89:   8491  9513 12694  8951 10718 10884 14566  8624  7171  9027 14107  7173 10099 14193  6464 12232  8923 12733 12575 11553 10786 14849 11938 10116  8432 13782  8404 11526 10031 12373  7705  7349
ch   90:   8734  7398 14119 11218  8625  8638  8787 13097 15408 10422 11269 10899  6373  7169 10943 10011  6770  9462  4767 10416 12309 11327 13334  8648 11282 11513 13284 11943 12197 10093  9179  6753
ch   91:  12314  7640  6534  8272 10018 11540 14360  9408 11354 12026 11766 12375  5574 11963 14329  9389 11516 14002  9769 10321 11254  9114  6347  8148 14266  8331 11686  7095 11722 13082 10122 13915
ch   92:  11777  9441 15151 14292  9250  9309 12336  3714  9351 12522 14750 11180 13574  4636 10972  6630 10379 10184  9649 12082  5722  5395 12282 11789 15255 11064  8832 10651  9567  5762 13378 13248
ch   93:   6376 10168  8502  7322 11540 12816 10865 10020 11654  8054 10407 10568 11428  9988 11132 13214  8683  7201  8668  9930  6233 11704  8007 10511 11363  4996 14164  8590 11435  8109 11067  7475
ch   94:   8791  8423 10373  8995  8821 11610 12398  7865  6508 13334 12255  8251  7002 11873  9816 11137  9624 14204  7859  5828 11029  3156 10649 14510 13708 13171  8174 12867 15413  8721 12307  7434
ch   95:  11817 12097 10656 11725 13796 12206 12788  6417 11798 11511 10398 10457 10069  5664 10237  5642  7869 11560 10552 12567 12506 10293 11537 12995 11329  4444  6946 14053 11145  5054  5823  6925
ch   96:  11080  5279 12104  9925 10471  9665  7639  6812  9193 14781 10320 12378  9722 10883  6782 13082  6276  8052 11969  7996  8021 15119 12659 13288 12411 11104 10156  8285  4829  8342  7866  6941
ch   97:   7953 14023 11624 13097  7537 12591 10000  8032 12903  9057 12523  9064 10980 12485 16404  8320 11921  8526 14847 13121  9565 13794 11301  9831  9856 12050 13284 13262 12403 10355 11431  4034
ch   98:   9149 12449 13483  8576 16057  5271 14170 12073  9481  7679  9804 12286 11269  9146  7531 10935 15255  7184  9674 11303  4144 13830 11704  6841  8397 12189 11017  7868 12048 10647 16414  9363
ch   99:   9195  8322 12712 11132 12317 10109  5341 15057  5326 11176  7451 10073 16600  7933  8378  8023 10875  4397 14666 11325  5557 11640 10776 10478 10487  8044  6689  8920 12194  9840 10459 14391
ch  100:   8361 10206 12876 14748 13819 10933  4841 14352 10459 10585  8086 12868 10439 10654 11579 14153  6359 11278  9739 11820  9117 10721 11366  9467 10977  5544 13710 10950  9592 10801  9057  7092
ch  101:   8991  6838  7362 10194 10823 11471  2940 13408  4124  8149 11708 12801 12034 11063  9278  7750 10214  9377  5565 13232  9397 14040  8821 13964 10680  9929 15003 10378  4507 12731  9764 10380
ch  102:  10686  9230  8692 15258 13354  6984 10501 11259 11151 13993  9354 12007  7673  8536  5179 15268 10433  8488 11274 11654 12098 11015  8712  7504 10656 11485  9340 13299  8114  7993  8411 10335
ch  103:  11909 12381 11821 10542 12466  9219 15605 11843 10316  8663 11167 11218  6578  9706  9596  3317 10071 11890  6663  8396 12905 12830 13682 15539  9344 12486  9822 12493 13715  8885 14284 11019
ch  104:  11253 11498 11988 14372 11891  7897 10796 12578  8420 10209 13114 13214 10728 12288  8799  8607  8360 14314 11511 12542 11541 13066 10744 11132  7758 12589 10721 13267 10825 12754  8020 10837
ch  105:   8886  7840 12700  6904  9247 11851 13594 11593  9535 10335 13814  6250  6142 11785 13197  9328  9026 13604 12822 10628 14254 13336  9157 14654 11116 11230  9586 10220 10509 15289 13169 15304
ch  106:  11753 12621  9458 11958  9280  7094 12207 15044 11001 16209 13837  9115 13829 12113 11390 11539 12309 13581 12761 10529 13319  9346 12186 14006  6419 12541 13616  7382  7942 12817  6208 10048
ch  107:  10431 10522  8560 12701 12282 11877 12620  5596  5581  5814 10618  9376 11189 12550  9232 11883 11849  8773 10537 11090  6648  9264 11331 11225 13902 12468  9624  7434  7605  7690  5346 12694
ch  108:   9858 12610  8168 11623 10544  7826  6741  9141  8497  9004  8484 13522 10013 12545 11688  8207  7864  9988 12427 14065 10192 10526 10028  5218  1759 10468  5647 13379 15037 12895 13547 12223
ch  109:   7490 12287 11181 12978  5366  6604  7391 12004  8374  8679  8926  8371 11512 11965  8716  8335  9155  8700 10685  7901 12700 13068 10532  8423  5473  8904 12798 15458  8723 11445 10331  9536
ch  110:   8709  6958  5412  9667 11700  9196  7936  6145 10485  9676  9388 11317  6662 11557 12138 10276  5982 14355 15062 10405 10112  7420 11111  8043  7002  9773 13793 10410 13489 12976 11592 14729
ch  111:  13583 10209 12164 11324 13046  7299 14466  9889  5767  7998 12978  9687  7012  7102 11138  8784  7940 12927 11452  9934  8589  8802  8035  7507 14491  9067 14047  9289 10333  8142  6399  7445
ch  112:   8883  6810 12854 13624  9252  9944  5836 11886  9469  8938  8225  3487 13794 17141 10305  8891  6939 11844  8648 11655 11202  6290  8526  9017  6673  8246 12496 11915  9443 11746 12658 13578
ch  113:   7942  8858  7373  8768  9661 12185  5838 10789  6184 15477 10532  7606 12306  9905  9914  9127  4624 13109  6138 10964  8402  9177 12188 11208 16437 10468 11841 16999 11923 10767  7041  8623
ch  114:   6572  9740  6795  6570  9166 11149  5286 11294  8397  6658  9074 10531  6614 15687  7047 14777 12308  8536 12502  9076  7727  8932 10862 12921 11213  8968 14063  8569  9499  5907 12988 10813
ch  115:   8904  6098 13555 10878  9933 12099 11508  8006 11243  7789 14889 12497 10623 11527 15391  9161 13636  8847  7972  6976  5752 11480 10873 10766  8782  7965 10925 11459  5053 11547 13388 13395
ch  116:   6381 10486  8492 11728 11008 11985  7252  7732 11062 10972 11158 15092  9006 11954  9215  5630  9975 16018 13504 10206 13941 11592  6704  7734 10274  7466 11469  6884 13266  8809  8944 10527
ch  117:   7989  9435 10724 13117  9435 12395 14917 11253  9800  9809  8292  6712 11770 11956 12823 11225  7353  7723 13202 10922  7796 12652 11667 13022 15426 12635 11551 12564 13264 10116 11243 12289
ch  118:  12417  6927 10506 11939 12747  7184  8706 11400 14038  9067  8527 13618 11991  9187 13070 13538  9405 11994 11554  5739  7295  7012 13481 13927  7535  9583  5833 10186 11073  9798  7436 10884
ch  119:   9973  7135 12172 13879 10506  6455 12113 13251 10511  8894  9583  9686  8945 11900  8142 10783  7002 14041 14955  7826  7790 11718  9238  6171 12877 13230  7939 12420 12753 11645  7176  7153
ch  120:  11760  7861 13346 11320 10099 11318 11978  9082  8734 14107  9052 11130  9805 10897 12378 10401 10518 12757 12112  6500 10693 10931  9318 13290  9931  9050  8144  8108  7172 10589 10925 11150
ch  121:  11516 12037 11045  3823  7385 11914  8430 10562 11571  9227 17818 12328  7535 12531 15231 11186 13944  9785 10743 14259 11737  7317  7936  7252  7651 13491 11440  7282 13238  5728  9593 10152
ch  122:  11387  8883 14545 10622 15996  6396 12138  7726 10221 11840  8151 11471 13640  7574 10432 13130 17022 14151 13422 11569 12988  8519 13098 11692  8494  6352  9702  6845 14873 13640  7237 11890
ch  123:  15004  9618 10144  3640 10639 13084  8142  6303  8635 10101  8497 12330  8254  8214  8617 10304  8238 11876 12693  9677  8749  4906  7989 10317  4936 10117 11613  6506 13297  9108  8316 10640
ch  124:  12511 11996  6732 10826  9238  8139  9891 12657  9468 11694  6556  8854 10109 10616 16075 10209  8487  7466 10674 11197  6335  6274 13981  9473  9868 11734  8101 13382  7597 11782 12217 12077
ch  125:  10021  8784  7388  9365 13345 10276  9202 13082 13120 12456 10018  7941  6514  8764  7042  5368 12823 11454 13517 12222  4008  8743  8520 11619  6134 10962  9552  8817  9823 12015  9671  8852
ch  126:  12534  9275  6649 10600 11719  8595  5169 12790 10325  9229  9188 12945 13281  9466 15184 11418  9143 11766  6629 13882 16505  8406  8395  7920 11202 13729  3998  6786  8101 12530 14813  9512
ch  127:   9401  5040  9557  8923  9347 11224 14398  8502  5426 11334  8797  7168 11728  6305  7670  9985 11192  6522  8107 10971 10923  8698 12668 11987 12927 12545  7160  8733  8624  8015 13246 10346
