ch    0:      0     0     0     0     0     0     0     0     0     0     0     0     0     0     0     0     0     0     0     0     1     6    32   197  1911  8594 14595  8558  9161 10654  9753  5087
ch    1:      0     0     0     0     0     0     0     0     0     0     0     0     0     0     0     0     0     0     0     0     0     5    75   619  4012 14074  7228  8768  4352 13758  9489 18238
ch    2:      0     0     0     0     0     0     0     0     0     0     0     0     0     0     0     0     0     0     0     0     2    16   101  1086  5930 15591 10631  8947  8126  5863  8607 15309
ch    3:      0     0     0     0     0     0     0     0     0     0     0     0     0     0     0     0     0     0     0     1     1    19   123  1348 11039  5528  9741  8685  7173  9691 15471  7526
ch    4:      0     0     0     0     0     0     0     0     0     0     0     0     0     0     0     0     0     0     0     0     2    18   185  1259  8210  9188 10536 11596  6088 10971  9122 12244
ch    5:      0     0     0     0     0     0     0     0     0     0     0     0     0     0     0     0     0     0     0     1     3    27   180  2299 11571 10049  5783  9420 10161 10102  8594  8070
ch    6:      0     0     0     0     0     0     0     0     0     0     0     0     0     0     0     0     0     0     0     0     2    19   148  1264  8237 13662  9871 10102  9483  9803 13473 12205
ch    7:      0     0     0     0     0     0     0     0     0     0     0     0     0     0     0     0     0     0     0     0     6    56   552  2973 15998 10884 12986  7292  8620 10225  7121  8261
ch    8:      0     0     0     0     0     0     0     0     0     0     0     0     0     0     0     0     0     0     0     1     6    37   341  2581 13474  4689 11801  6510  6706  6069 10841  6208
ch    9:      0     0     0     0     0     0     0     0     0     0     0     0     0     0     0     0     0     0     0     0     8    69   631  3151 15799  9219  5839 12440 12798 10186 13018 13355
ch   10:      0     0     0     0     0     0     0     0     0     0     0     0     0     0     0     0     0     0     0     0     3    30   366  3787 15249 12828 13247 11079  7824  9307  7752 12263
ch   11:      0     0     0     0     0     0     0     0     0     0     0     0     0     0     0     0     0     0     0     0     6    96   480  4724  5564  9321  9958  5619 11103  9041 10905 11447
ch   12:      0     0     0     0     0     0     0     0     0     0     0     0     0     0     0     0     0     0     0     0     3    40   415  3761  5464  8967 10043  9889  9712 13838 10995  7471
ch   13:      0     0     0     0     0     0     0     0     0     0     0     0     0     0     0     0     0     0     0     0     5    60   660  4275  8059  8094  2847 13479  5674 12846 10146 15113
ch   14:      0     0     0     0     0     0     0     0     0     0     0     0     0     0     0     0     0     0     0     2     9    69   708  3631  6021  9742  7952 12961  6966 13139 15133  9558
ch   15:      0     0     0     0     0     0     0     0     0     0     0     0     0     0     0     0     0     0     0     4    22   192  1270  7538 11139  9090  8732  8812 10847 12388 11549 13515
ch   16:      0     0     0     0     0     0     0     0     0     0     0     0     0     0     0     0     0     0     0     0    15   152   875  5934 10281 11597 12850 10204 12746 12975  9668 10473
ch   17:      0     0     0     0     0     0     0     0     0     0     0     0     0     0     0     0     0     0     0     2    30   167  1363  7731  8812  9676  6684  6046  7943 11705  8665 13631
ch   18:      0     0     0     0     0     0     0     0     0     0     0     0     0     0     0     0     0     0     0     1    18   110  1044  5947 12192  5820  8671  8705 13243  8298  9594 12743
ch   19:      0     0     0     0     0     0     0     0     0     0     0     0     0     0     0     0     0     0     0     2    41   310  1388  9368  8713  8947  9083 12942 10045 11685 11131 10092
ch   20:      0     0     0     0     0     0     0     0     0     0     0     0     0     0     0     0     0     0     0     2    13   115   908  7124  8380 11585  6372  9220 10811  7960  8118  5748
ch   21:      0     0     0     0     0     0     0     0     0     0     0     0     0     0     0     0     0     0     1     4    42   214  1861  9725  7703  9436 11423  9866 14473 10543 14379 10089
ch   22:      0     0     0     0     0     0     0     0     0     0     0     0     0     0     0     0     0     0     0     1    11   145  1307  8215 10999  7211 10641  6058 13163  8311 15090  8258
ch   23:      0     0     0     0     0     0     0     0     0     0     0     0     0     0     0     0     0     0     0     6    29   250  1548 12231  9020  9755  6516  9954 14345  7391  9123  4844
ch   24:      0     0     0     0     0     0     0     0     0     0     0     0     0     0     0     0     0     0     0     2    18   169  1235  7052 11044 10090 11545 10162 12155 13140  7452  3176
ch   25:      0     0     0     0     0     0     0     0     0     0     0     0     0     0     0     0     1     1     1     4    32   258  2092 14052 12655 14080 10513  9024 12398 12985  6602 11939
ch   26:      0     0     0     0     0     0     0     0     0     0     0     0     0     0     0     0     0     0     0     2    18   155  1796  7567  9396  5520  8052  4775 13258  8536 13288  7534
ch   27:      0     0     0     0     0     0     0     0     0     0     0     0     0     0     0     0     0     0     0    10    31   305  2063 13097  8789 15552  3897  7740  9951  9610 14019 10192
ch   28:      0     0     0     0     0     0     0     0     0     0     0     0     0     0     0     0     0     0     0     2    23   172  1325  7922 11777  6566 11609  4539 10915  7974  8685  9606
ch   29:      0     0     0     0     0     0     0     0     0     0     0     0     0     0     0     0     0     0     0     3    64   464  1919 12620 11398 17248  9231  8374  6898 11401 12518 10628
ch   30:      0     0     0     0     0     0     0     0     0     0     0     0     0     0     0     0     0     0     0     4    42   141  1577 11944 10412 12318  5467  7950 11263 12684 11394 12400
ch   31:      0     0     0     0     0     0     0     0     0     0     0     0     0     0     0     0     0     0     0     3    50   292  2068 14827  8642 12339  8022 11816  9629  7188 10067 15145
ch   32:      0     0     0     0     0     0     0     0     0     0     0     0     0     0     0     0     0     0     0     3    51   349  1948 13729  9067  8868 11034 11451 10957 10031 12067 11014
ch   33:      0     0     0     0     0     0     0     0     0     0     0     0     0     0     0     0     0     0     1     6    33   413  3039 13422  8885  6368 12651  7237  9420  9722 10646 12975
ch   34:      0     0     0     0     0     0     0     0     0     0     0     0     0     0     0     0     0     0     0     2    40   398  2167 14625 10133 11003  9984 14419  8444 13676 12489 14339
ch   35:      0     0     0     0     0     0     0     0     0     0     0     0     0     0     0     0     0     0     0     9    67   837  3206  3826  8250  7332 12615  8726 11145 17242 10082 11309
ch   36:      0     0     0     0     0     0     0     0     0     0     0     0     0     0     0     0     0     0     0     3    47   407  2352 14218 10813  9254 11164  9998 10355  9935 13143 11471
ch   37:      0     0     0     0     0     0     0     0     0     0     0     0     0     0     0     0     0     0     0    13    76   840  4709 12224 12622 10214 13853  9457  9544  9959 14627 11792
ch   38:      0     0     0     0     0     0     0     0     0     0     0     0     0     0     0     0     0     0     0     3    63   337  2918 16592 14071 13787 10619  5614 12271  7223 11070  8159
ch   39:      0     0     0     0     0     0     0     0     0     0     0     0     0     0     0     0     0     0     0     9    77   693  4113  5095 10896 11498 10323  9215  9462  4466  8119 13711
ch   40:      0     0     0     0     0     0     0     0     0     0     0     0     0     0     0     0     0     0     0     4    48   634  3198 15138 15049  7140 12402 11732  5873  8620  8678 12176
ch   41:      0     0     0     0     0     0     0     0     0     0     0     0     0     0     0     0     0     0     2    18   103   726  4313  4620 13484  8253  9121 10665 12832  9831  9857 12694
ch   42:      0     0     0     0     0     0     0     0     0     0     0     0     0     0     0     0     0     0     0     5    32   452  3426 11705 10525  9074  9622 13463 10497 13175 13201  6874
ch   43:      0     0     0     0     0     0     0     0     0     0     0     0     0     0     0     0     0     0     3    16    65   636  4526 14620  4420  8839 10503 11201 14599  9925  7522  9205
ch   44:      0     0     0     0     0     0     0     0     0     0     0     0     0     0     0     0     0     0     0     0    45   322  3257 12776  9864  8156 12154 11406 13803  8286 11676  5847
ch   45:      0     0     0     0     0     0     0     0     0     0     0     0     0     0     0     0     0     1     2    17   144   816  5317 12196 10719  9636 11173  7445  9384  5786  7748  8756
ch   46:      0     0     0     0     0     0     0     0     0     0     0     0     0     0     0     0     0     0     0     4    82   599  3687  8196 11465  4787  9175 11501  7541 10687  7598 17783
ch   47:      0     0     0     0     0     0     0     0     0     0     0     0     0     0     0     0     0     0     1     6    91  1048  5759 10481 12428  8282 11904 10442 11976  5694  6413  7840
ch   48:      0     0     0     0     0     0     0     0     0     0     0     0     0     0     0     0     0     0     2     7    81   466  3548 12480  9526  8242 10198 14111 13642  9840 10899  8319
ch   49:      0     0     0     0     0     0     0     0     0     0     0     0     0     0     0     0     0     2     4    23   169  1453  8755 14197  9232  6223 13038  5348  9153  9274 11092 11076
ch   50:      0     0     0     0     0     0     0     0     0     0     0     0     0     0     0     0     0     0     0     4    72   459  3824 10043 11051 10554 11072  9002 11545  7171 11475 10574
ch   51:      0     0     0     0     0     0     0     0     0     0     0     0     0     0     0     0     0     0     0    17    97   834  9450  7451 13217  6797 11837  6422 11793  7522 13934  8963
ch   52:      0     0     0     0     0     0     0     0     0     0     0     0     0     0     0     0     0     0     0     9    79   661  4071  2387  9595 15167  4791 10461  6885 10723 10951  7829
ch   53:      0     0     0     0     0     0     0     0     0     0     0     0     0     0     0     0     0     0     2    16   117   960  6274  7115  7481 11686  5906  9563 12102 11281  9550  4927
ch   54:      0     0     0     0     0     0     0     0     0     0     0     0     0     0     0     0     0     0     0     6    75   562  4314  9219  9390 11604 15390  8222 11334 11138  8425 15382
ch   55:      0     0     0     0     0     0     0     0     0     0     0     0     0     0     0     0     0     0     0    25   263  1102  6520  4760  8284 14064 10015 10485  7333 16481 10972  5422
ch   56:      0     0     0     0     0     0     0     0     0     0     0     0     0     0     0     0     0     1     1     4    84   483  3960 13510 12993  9704 11443 11490 10685  6451 13906 12901
ch   57:      0     0     0     0     0     0     0     0     0     0     0     0     0     0     0     0     0     1     2     9   116  1050  5618 10719 10914  9971  9844  9207 12469 14528  9654  8819
ch   58:      0     0     0     0     0     0     0     0     0     0     0     0     0     0     0     0     0     0     1     3    76   640  5520 10591 13351 14435 10399 13207 12136  6796 12812 10178
ch   59:      0     0     0     0     0     0     0     0     0     0     0     0     0     0     0     0     0     0     2    11   178  1294  7896 14586  9174  5195 11454 10891  8150 13589  7865 10771
ch   60:      0     0     0     0     0     0     0     0     0     0     0     0     0     0     0     0     0     0     0     5    76   634  4937 15223 10910 10177 10197  9060 11996 12054 13673 12303
ch   61:      0     0     0     0     0     0     0     0     0     0     0     0     0     0     0     0     0     0     3    27   194  1579  8694  6400 11907 13324  7155  9598 12278 10433  9812 10721
ch   62:      0     0     0     0     0     0     0     0     0     0     0     0     0     0     0     0     0     1     1     8    89   844  4418 13908  6541  6367 10684 15132  9964 12540  9453 11567
ch   63:      0     0     0     0     0     0     0     0     0     0     0     0     0     0     0     0     0     0     1    16   114  1123  5174 14679 10188 12403  5922 10475  8576  9664 11760 11913
ch   64:      0     0     0     0     0     0     0     0     0     0     0     0     0     0     0     0     0     1     1    15    86   678  5323 11717  7982 10517  6796 11936  3634  8659  8121  7730
ch   65:      0     0     0     0     0     0     0     0     0     0     0     0     0     0     0     0     0     0     4    21   196  1437 10994 10399  5991 11109  9809  5693  2719 10041 10261 12614
ch   66:      0     0     0     0     0     0     0     0     0     0     0     0     0     0     0     0     0     0     1     9    80   863  5026 11618 13049  7461 11306 10972 17686  5625 11277 10959
ch   67:      0     0     0     0     0     0     0     0     0     0     0     0     0     0     0     0     0     0     3    29   171  2071 12751  9966 12710 11734 11363 14185  3382  6987 13287 11165
ch   68:      0     0     0     0     0     0     0     0     0     0     0     0     0     0     0     0     0     0     1     4    75   655  3676  9553 13120 10697 10897  7217  6113  5846 14733  8262
ch   69:      0     0     0     0     0     0     0     0     0     0     0     0     0     0     0     0     0     0     6    42   216  1649 12106 12697  7603  9412 11620 13848 12833 11464 10273 14709
ch   70:      0     0     0     0     0     0     0     0     0     0     0     0     0     0     0     0     0     0     0     8    88   836  6004 16133 11565 10034  8126 13866 10516  9477 11079 10802
ch   71:      0     0     0     0     0     0     0     0     0     0     0     0     0     0     0     0     0     0     0    22   157  1393 11560 11914 11110 10376  6629  8348  9492 10101  6769 13306
ch   72:      0     0     0     0     0     0     0     0     0     0     0     0     0     0     0     0     0     0     2    11    84   688  8766  8255  5775  8290 10707  6382 12972  7963 12092 10332
ch   73:      0     0     0     0     0     0     0     0     0     0     0     0     0     0     0     0     0     0     2    23   271  1622  8397  9763 11328  8524 10530 11249 11164 12194 10623  7390
ch   74:      0     0     0     0     0     0     0     0     0     0     0     0     0     0     0     0     0     0     1    10   100  1372  9372  4227 11507 10503 10114  7105  5231 11225 10398  8538
ch   75:      0     0     0     0     0     0     0     0     0     0     0     0     0     0     0     0     0     0     3    28   236  1276 12279  9193 12449 13047  7530 13083 13128  9853 11398 12047
ch   76:      0     0     0     0     0     0     0     0     0     0     0     0     0     0     0     0     0     0     0    10    78  1080  6217  8702 11060 12071 13773 13824 12272 12109 10123 11675
ch   77:      0     0     0     0     0     0     0     0     0     0     0     0     0     0     0     0     0     0     1    23   153  1383  8101  9920 10235 11405 12028  8075 10313 11300 11780  5452
ch   78:      0     0     0     0     0     0     0     0     0     0     0     0     0     0     0     0     0     0     1     8    73   689  4736  7440 10447 10468 13819  9498 12150  6107  7833  8276
ch   79:      0     0     0     0     0     0     0     0     0     0     0     0     0     0     0     0     0     0     1    12   200  1173 11549 12006  8869 11735  9292  7152 14810  9167 11426  8964
ch   80:      0     0     0     0     0     0     0     0     0     0     0     0     0     0     0     0     0     0     1    11   116  1122 11845 12665  6655  7550 10180 14144  7806 13964  8546 11383
ch   81:      0     0     0     0     0     0     0     0     0     0     0     0     0     0     0     0     0     0     2    20   247  1665  9475 13128 10569 12207  7959 11999  9652 10026 14614 14179
ch   82:      0     0     0     0     0     0     0     0     0     0     0     0     0     0     0     0     0     0     0     6   106   895  6039  8183  8515  5805  7510 10472  8970 11065 13064  8421
ch   83:      0     0     0     0     0     0     0     0     0     0     0     0     0     0     0     0     0     0     3    48   262  2397 15025 11034 13808 16665  7792  6142  6464 11857 10783 12843
ch   84:      0     0     0     0     0     0     0     0     0     0     0     0     0     0     0     0     0     0     2     9   113  1394  5588 11785  8169 14401  9132  7897 12363 14238 10246 11782
ch   85:      0     0     0     0     0     0     0     0     0     0     0     0     0     0     0     0     0     0     3    29   210  1541  9478  7902 13485 10740 11582 12658 10457 16256  6940 10343
ch   86:      0     0     0     0     0     0     0     0     0     0     0     0     0     0     0     0     0     1     2    19   127  1428  8781  9322  7916 10605  6230  5733  8205 10286 16458 10160
ch   87:      0     0     0     0     0     0     0     0     0     0     0     0     0     0     0     0     0     0     3    33   243  2092 12382  7648  6251 10631  8602 10523 13923 12342 14180 14224
ch   88:      0     0     0     0     0     0     0     0     0     0     0     0     0     0     0     0     0     0     0    16   140  1163  8327 13003 10637  5637  7545  7174 13649  8523  8064  6556
ch   89:      0     0     0     0     0     0     0     0     0     0     0     0     0     0     0     0     0     0     5    31   219  2088 12531 12104 10972 12848  6225  8068  7612 11539 11840  9666
ch   90:      0     0     0     0     0     0     0     0     0     0     0     0     0     0     0     0     0     0     0     8   100   876  5347 10850 11360 10775 14347  8693 11601  7377 13001  6963
ch   91:      0     0     0     0     0     0     0     0     0     0     0     0     0     0     0     0     0     0     4    26   284  2301 12356 13402 10795  9111  9356 12013 12616  9329 13256  4620
ch   92:      0     0     0     0     0     0     0     0     0     0     0     0     0     0     0     0     0     0     1     8   111  1064  6650 13697 13012  8714 11620 10886  9943 14686  7306  3996
ch   93:      0     0     0     0     0     0     0     0     0     0     0     0     0     0     0     0     0     1     5    35   332  2087 13910 10535  6702  7206 13330  9963  8091 10899 10691 11494
ch   94:      0     0     0     0     0     0     0     0     0     0     0     0     0     0     0     0     0     0     0    16   141  1132  6983 10407  9886  6467  9295 14640  6264 10235  9081  9170
ch   95:      0     0     0     0     0     0     0     0     0     0     0     0     0     0     0     0     0     0     7    40   377  2678 16069 11190  9470  4838 10068 11823  4742 15549  8143 12749
ch   96:      0     0     0     0     0     0     0     0     0     0     0     0     0     0     0     0     0     1     2    13   192  1485  8632  6999  8969 13611 11567  7459 11774  6687  8605 15720
ch   97:      0     0     0     0     0     0     0     0     0     0     0     0     0     0     0     0     0     0     0    18   215  2833 13530 14244  9275 12839 11569  6060 10529  9466 12381  9079
ch   98:      0     0     0     0     0     0     0     0     0     0     0     0     0     0     0     0     0     0     0    13   125  1313  9800 13322  6834 12245  9532 10412 12145 10571 13419 10226
ch   99:      0     0     0     0     0     0     0     0     0     0     0     0     0     0     0     0     0     0     2    28   250  2320 15445  9774 10652  8872  9600 11373 12280 10626  8103 10165
ch  100:      0     0     0     0     0     0     0     0     0     0     0     0     0     0     0     0     0     1     1    10   132  1016  6455 10388  4942  8903  5823 13257 14403 10215  5808 13446
ch  101:      0     0     0     0     0     0     0     0     0     0     0     0     0     0     0     0     0     0     1    31   267  2099 13860 13113  8269 11849  5419 17666 10321  8212  6588 12857
ch  102:      0     0     0     0     0     0     0     0     0     0     0     0     0     0     0     0     0     0     2    14   143  1244  7471 14751 12134 14432 12105  7000  7301  9500  8588  8688
ch  103:      0     0     0     0     0     0     0     0     0     0     0     0     0     0     0     0     0     0     3    29   216  2099 13818 13243  7435 12542 13620  8023 13100  8638  8601 10141
ch  104:      0     0     0     0     0     0     0     0     0     0     0     0     0     0     0     0     0     0     1    16   209  1983 12329  6949 14029  6382 13207  9544 14509  9613  7541 11062
ch  105:      0     0     0     0     0     0     0     0     0     0     0     0     0     0     0     0     0     1     3    32   344  3397 11050  8341 14600 10132  8492  9526 10044  7061 12242 14310
ch  106:      0     0     0     0     0     0     0     0     0     0     0     0     0     0     0     0     0     0     0    12   114   838  9808 12855 12044  5833 12308  5960 10530 10225  9584 10934
ch  107:      0     0     0     0     0     0     0     0     0     0     0     0     0     0     0     0     0     0     3    32   176  1605 13173 11425 10895  6604 12820 11667  7465 12058 16713 13434
ch  108:      0     0     0     0     0     0     0     0     0     0     0     0     0     0     0     0     0     0     2    21   128  1832  8146  4774 11963  8324  9219  7991 13887 12989  7970 11542
ch  109:      0     0     0     0     0     0     0     0     0     0     0     0     0     0     0     0     0     0     2    32   255  2260 14664 10558  9272  9404 11383  8974  4731 10583 10092  6837
ch  110:      0     0     0     0     0     0     0     0     0     0     0     0     0     0     0     0     0     0     2    11   126  1238  7936  9222  9391 12487 10379 11278  8311 10778  8931 10687
ch  111:      0     0     0     0     0     0     0     0     0     0     0     0     0     0     0     0     0     0     2    35   338  1865 15213 13196 11995  9593 10135 10567  6344 11765 13097 15322
ch  112:      0     0     0     0     0     0     0     0     0     0     0     0     0     0     0     0     0     0     2    20   212  1589  9170 12429 13353  9632  9130 10291 10338  9563  7535 12702
ch  113:      0     0     0     0     0     0     0     0     0     0     0     0     0     0     0     0     1     1     3    28   248  1691 14269  8820 11181  7615  9191 10688 10496 10427 10704  7083
ch  114:      0     0     0     0     0     0     0     0     0     0     0     0     0     0     0     0     0     0     1    14   115  1404 13078  8957  3224 10761 12783 13146 14025 13297 10779  9984
ch  115:      0     0     0     0     0     0     0     0     0     0     0     0     0     0     0     0     0     1     4    27   242  2550 14683  9308 11486  8372 12816 12500  2808 11496 13783  5182
ch  116:      0     0     0     0     0     0     0     0     0     0     0     0     0     0     0     0     0     0     1     8   113  1138 10082  8323  9043 13289 14437  5596 12936 10890 14040 12197
ch  117:      0     0     0     0     0     0     0     0     0     0     0     0     0     0     0     0     0     0     1    27   257  2338 11864 10246  6650 12778  9507  9171 10922  9711  6574  8885
ch  118:      0     0     0     0     0     0     0     0     0     0     0     0     0     0     0     0     0     0     0    10   135  1247 10727  9205  9078  9185 11194  8090 10586 13540  9942 15150
ch  119:      0     0     0     0     0     0     0     0     0     0     0     0     0     0     0     0     0     0     3    28   257  2330 16147  8339  5052  8868  9910 14189 13247 11762  9882  5759
ch  120:      0     0     0     0     0     0     0     0     0     0     0     0     0     0     0     0     0     0     3    12   236  1222 10245  8114 10829 11868  8709  5350  8914  9422 14036  9112
ch  121:      0     0     0     0     0     0     0     0     0     0     0     0     0     0     0     0     0     0     4    33   277  2875 12004  9569 12886  9975  9008  8759  5942 11697 13336  6931
ch  122:      0     0     0     0     0     0     0     0     0     0     0     0     0     0     0     0     0     0     0     8   134  1161  8497  8382 10729  6456 14784  7250  9991  7146  6570 11135
ch  123:      0     0     0     0     0     0     0     0     0     0     0     0     0     0     0     0     0     0     1    16   186  1361 15591  9868 10039 12356 10639  9515  9004  8789  9624 11282
ch  124:      0     0     0     0     0     0     0     0     0     0     0     0     0     0     0     0     0     0     1    15   111  1398  8988  8480  6277 12885 12664  6237  8375  6153 12081 14036
ch  125:      0     0     0     0     0     0     0     0     0     0     0     0     0     0     0     0     0     0     1    14   177  2315 16112  9353 11167 10233  8163  9588  3080 12403 15293 12704
ch  126:      0     0     0     0     0     0     0     0     0     0     0     0     0     0     0     0     0     0     5    19   227  2103 11316 11423 10548  6174  6325 12728  6995  9263 11278 10456
ch  127:      0     0     0     0     0     0     0     0     0     0     0     0     0     0     0     0     0     0     4    63   422  4937  3254 11765  9565 11197 12888 10988 10000  7296 11628  9323
