ch    0:     90   130   194   303   355   528   719  1041  1582  2391  3337  5290  6969 10211 12798  8214 10558  9222  8959 12129  7129 10539 10067  9809  7915 11224 11421  9597  9674 11566 10914  9354
ch    1:    520   776  1125  1328  1989  2540  3028  3855  4880  5911  8602 12071 15176  6153 12278  5149 14290  8370  6979 11778 12807 10929 10157  8545 11745 13459  5247 12756 13764 16247 11636 13493
ch    2:    932  1380  1874  2108  2968  3762  5021  5964  7254  9492 10316 10642  9087 10999 10221  6650  9585  9334  8939  8507 12531  9981 13682 11787 12453 10083  9489 13856  6503 14739 12919 11630
ch    3:   1339  1788  2423  3224  4198  5713  6940  8944 11176 14481  7612 11654  9026 12053 12227 14147  6967  8792  6007 11574  7639  4602 13303 14121 10598  7550  9196  9358 12573  6006 12362 12154
ch    4:   1674  2041  2579  3575  4181  5989  7931 10273 10663 10278  7652 12114  6770 11644 11769 10260 11786  9007 14854 10377  8572 10601 12836  8471  6848 13202 14139  9601  9473 10893  9474  7801
ch    5:   2280  2946  3940  4967  6872  8777 10618 14111  5012  7384 11967 11421  9919  6323  8273  7207 11130  9953  5384 11774  5320 11076  8336  9999 10968 11625 12313 11338  6304  8290 11113 10137
ch    6:   2666  3487  4998  6086  8703 10484 13960 13335  9602 11964 12859  8535  7022  9540 11918 10556  8108  8165 12286  9817 11202  8425 12192  7917 12660  9304  7871 10064  9552 12158  7716 12982
ch    7:   3849  5003  6827  8368 10403 12226 12464 11650 12951  8510  9186 10050 10802  8757  9948  8777  8220  7879  6736 12673 13403  8856 13308 14189 12329 12575  8643  9124 11121  8219 12139 14196
ch    8:   3989  4799  6169  9159 10355  9504 12763  9447 15518  7891  2344  4112 11977 13206 10587  6711  4871 12065 10130  9673 13210  8481  9804 11599 10981 11182 10515 11931 14065 10120  8806 12310
ch    9:   7097  9212  7456  5834  8780 12631 17166  7307  9831  6692 11660  9501 10276 11973 11316  9257  8771 14245  6536  6712 11133 10341 13778 11148  4333  8699 11989  9377 10377 12037  6943 10548
ch   10:   4666  7101  6576  7376 13736 12367  6002  9750  9854 10016  9895 12051  9661  9115  6290 14057  6201  7554 11404  5454 11669  6895 14840  7663 15063  5854  9668  7576 10083  5570  8389  9467
ch   11:   6485  8577 11127 10847 12482 10857 10620 14175  7798 14269 12227 12283 13383 10120 10072 11705 11665  7855  9588 10076  6661  6793  7105  7779  9589 11243  9326  8506 11041  9880  7889  8561
ch   12:   7160  9898  8985 12564 11490 10386  9679 14583 10592 11925  8023  9039 10835 14750 11356  8875  7885  3852  7363 14225  9118 10138  9901 12091 14024 11845 12407 14008  9349  6761  8606  4074
ch   13:   7102  9635  8937  9554 14255 12427  6768 11845  8507  8812  7186  4951 12546  7532 13224  8125 13402 15421 13551  9998 10972 13452  9027  5154  9460 11158 11675  7570 13873 10074 10995  9435
ch   14:   7198 10966 10398 10153 14083  7633  9114  8854 14273 11695  8683  7102  7717 10757  8743  6838 10422 15483 10877  7490  8600 10414 12609  9735 10876 13321 13152 10394 10257 12474  9321  7221
ch   15:   7894 11343 11795 13193 11737  7447  9346  8522  5794 10910  6362 11802  4798 12158  7559 10031  8748  9825 12966  9688 10777 12163 12578  8664  8193 12353 10110  7841 14085  7909 14056  8865
ch   16:   7447 10046 10022 12002 10435  5695 11602  9798 10442 11047  7008 12252  7591  9306 12556 10394 12616  9347 15745  5308 11213  9545  9506  4781 12609 13864 11095 10264  5707 12390 10339  9769
ch   17:  10392 10211 10861 12835  7296 12853 11584  9695 10949 11948  6924  8516  8323 12649 11390  8122  7251  9530  7718  7360  7621  3644 15582 11341  5923  5858  8305 13121 11279  9217 11198  7807
ch   18:   8069  7561 11928 10737  7425  5567  7963 10462  6593  8373 13130 10959  9588  9723  5399 12668 14325 12146 10667 10153 12321  9925 14927  6181 13223  3286 10701 13097  8531  8153 13438  8327
ch   19:   8017 12456 13278 10005  6711  8765 11200 12175 11883  8207  7191 12231 10479  8590 14334  8218 15848 14469 14776 14321  8102 10715  6486 10278 15207 12038  6354  7046  7917  9858  8075 12943
ch   20:   8299 11264 10625 10270  8856  9896  8155 12622 11190  8974 11271 13331 11874 11412 10413 11954 10629  7895 13385 12108  4989  8671 11767  9410 10014  8155 14153 12157 10793 10058 10367 11939
ch   21:   8973 12583 14329  8701  8671 13070  8798 10690 10127  9217  5559 10633 15232  8366 10304 14928 11515 10564  7298  6961  9585 15247  9702 13919 13295  6168 13420  6054 12042 13671 15188  9008
ch   22:   7532 12359 13782 10677  9046 14538 12335 14133 12207 13176 14138 10753  8974  9674  7256  8979  9405 14963 10688  3113 11498 11834 10203  5566 10346 12819 10838 10886 15323 10194  9756 13985
ch   23:   8808 13067 11046  8537  9290 12846 11533  9324  9626 12141  9524 13352  9812 10385  9865 10469  5748 10350 16142 10057 11281  6949 12561  3885 11618  9976 11624  9665 15081  8108 10064  8470
ch   24:   8379 10036 10054  6853  8168 14514  8002 11250 13294 12214 10879  9135 11710 11274  9864 13894 16915 10203 10667  7493 15322 14875  8356  7623  8832 10021 12599 10342  8884 12297  7773 16337
ch   25:  11743  8973 11190 12229  8840 12384  8792  9812 10809 12203 10156 11646  9834  9089  7893 11421 12356 10081 11405  9784  8469  9423  8803 11651  7658  3077 11491  7325  8952  5379  7633  3847
ch   26:  12159  9289  9096  7078  9181 10634 15742 13260 12561 13331  8010 13069 10301  5253 13110 10036 10623 12780 10699 11292 15398 13980  9301 10525 11415  9743 10084 13079 10728 12654  7037 11135
ch   27:  10016 10592 10444  9813 12430 10359 13215  9690 11824 13892 14261  8323  9235  6118 13831 10797 10976 11063 10486  9223 11226 12098 11993 10955  7804 11310 11416 11548 10198 10114 11110 12863
ch   28:  12155  7919 13689  7883 12532 12948 12386 13349  9497  6987  7071  8871 11362  9484  2401 10046 13685  6300 12818  9934  9895 10171  9796  8745 12116  7090 12199 13874  9920 12558  7162 12965
ch   29:   9037 10424 14367 10762  9770 11239 13713 14730 16421  7702  9213  9702 11007  3368  9851  6925  5944  8169  8559 14299 12741  8817  8373  8818 12137  8299  7955 12018 12775  6636 11011 12004
ch   30:   8958 11353  9162 11875  9662 10618  6874 11880 13243  8419  7244 10191  7056 11508 13529  2750 13308  9830  9444 11762 12759  9206 13691  3708 11705 14457 12532  8792 12044 12611  6890 13998
ch   31:  10579 12245  8250  9781  6442 11535  9539  9590 10887  8046 12724  9315  9770 12055 11177 14121  7724 12043 14148 10702  9606 10791  5950  6038 11788 10518  5394 12186 13325 13389  7436  5986
ch   32:  11071 11929  6559 14175  7248  8991 16034 11217 13004 14830 12746  7929 10109  9798 11335 10082 12150  8284 10578  6169  5286 11549 12514 17013 10419  8853  9040 13401 10403 11060 12910  8800
ch   33:  11840 10470  9247  8663 10454 11216 14914 16723  9230  5901  5572  7043 13177  5853 12647  8862 10708  5671 12438  9870  7155  6030 13284  4821  8114 10898  7903  8925 13537  7076 14190 11558
ch   34:   9182 10455 13182 10251 12667 11520  8908  7816  9860 11672 10921 14854 14955  9737  9818  9388  5526  8599  7842  9040  7403 12304 15425  4803  8753 12221 12386  9355  4729 12092 10614 12471
ch   35:   8567  6609 13539 10371  7913  9224  9192  9948  6584 10655  9346 11593 10522  8590  8507  9295 11967  7959 10120  7004 13385  8117 10372 10187 11276  3570 11683 11596  3119 10269 12348  9013
ch   36:  13342 12154  7658 11053 11955 10393  7222  8350 13638 12825  7489 14679 12039 11326  4172  9926  8664 10462 13143  5777 13212 13926  9240  5867 11551 10456 14161 13871 11908  9058 11833  9912
ch   37:   7570  7453 14355 11633  8660 10142 13000  8960  8309  3624 14502 11636 13121 15101  4877 12278 10474 13311 14643  8757  7879  9277 17302 12069  9194 12789 13693  7556 11249 12592  7384 10154
ch   38:   9668 10294 12079  7584  8435  6062 11188  9964 11808  8994 13565  7033 10880  4073 12402  6310 10610 11057  6147 12420  8858  7366 10106 12900  7842 11769  5907  7961 13168 12140  8498 11677
ch   39:  11764 11718  9088  5301 11179 11320  8845 13393  8355 13956  4965  4756 12912  9778  9190  9281  5099 13104  9862 18876  8293 14670 10267  8365 10306  5718  6234  6672  9927 11018 10049 14753
ch   40:  10970  8093  8160  8709  9959 12119 12346 10754  8816 10506 11249 10521  8897  5717  7440 17234 10948 12288  8758 11010  7375  9283 10197  8420  8540  6049  7884  7789 12325 10338  7981 12987
ch   41:  10668 10295 11497  7085  5622 10026 15772 14253 10126  6188 12165 13090 11486 15138 10300 11712 12403 13342  9074  8472  4215 12576  9648  9490  9924  6319  6443  9874  6908  8849 11367 10593
ch   42:  13830 11677 13980 13261  6997  9375  9209 11504  7040  7691 11594 12770  8668 12023  4259  9517 10849  8001 10891  9496  9447 12269 10055 10571 10280 10174  7730  9211 10877 11478 13992 10086
ch   43:   7099 10401 13779  4500  6659  9944 10323  8928  7968 15014  6718 10683 11439 10088  8223  8142  6028  7537  8617 11740  8959 11273 11698 11368 12731 11130 10342 10329 11629  8882 13358  6506
ch   44:  13266 10050  8326  7463 15626  8951 10135 14171  7251 16788 14883 12891 11316 11402  8399  7911  8469  8334  8366 10905  8034  9517  7560  8385  5948 10980  8223  8995 14451  8689 12287  9628
ch   45:   9216 11824 14248 17420 14131 10629 12331  9652 14526 10180 12073 14395  8744 11356 11943 13778 11958  9682  9742 10328 11402 12067 13180 14087  8850  5756  9539 10594  5991  5223 16037  9753
ch   46:   6589  9518 11723  7268 13690  9791  7365  6891 10033 11346  7077 11799  8777 11656  9825 11600  5658  6524  8397 12072 10432  9647  8232 10097  5617  8820 13314  8834 11911 13812 12351 10708
ch   47:   9067  8443  9208 10424 12401  5604 13737  9461  6312  8251 13353 12107  9205  8551 10305 10083  8112  9128 10793 11925  8349  6459 11522  7170 12743 10297 10038  9485 13112  9801  6793 12517
ch   48:  13063  6330  7467  7461 12441  7678  9162 13536  7563 13268 11660 16278 10604 11655 12915 11735 14386  8988  8533  6693  8151  8536 14493 12263 10126 12721  9511 12315  6561 10911 10227  5845
ch   49:  12965 11723  9991  8917 10135  9255 10201  7551 13604  9940  6848 12794  6664  5873 15911 11848 12636  7350  6905  9206  7084 16089  8836  9868 11702 11044 11096 13451  8693  7088 12176  9616
ch   50:   8833 14192  8901 14748  9703 10773  5727 11339  8440 14780  9400  8319 10363  9679  7392  7691 13759  9439 10000  9294 14059 10208 11812 11578  5917 13161  7354 12261  6488 11304  7721  9426
ch   51:   6994 12239 15037 13510  9079  9637 10910  9133  4996  8863 12233  9533  9427  8666  7554 12324  9539  7696 10064  8605 10330  8390  8967  7698 13764 13701 11984  8570 10409 12641  8051  9166
ch   52:  11629  8441  7782 12162 11655 11289  8245 10119 12439  9578  8857  9894  6976  8663 10430 10772  9333 11205 13410  3673  9294  9650 10047 12902 11580  7123  5478  9823  9817 10791 11529  9729
ch   53:  15053  5728 10281  8442 11851 14452 13138 13717 12964 11600 10672  9541  4622 15127  8643 14219  7502  8326 12153  7129 15145  5990 11975 12596  8108 12015  9568  9157 15938 15718 13425  8033
ch   54:  10962 10995  5608  8994 14513  7091 10011 10649  5851 13130 13042  8186  9987 11754 11700 11208  9808  8333 10023 15633 11578  9333  8966 10205  9208 11639  8676 11932 15431  7345  3314 11216
ch   55:   9886  8226  9130  7987 10496 13468  4361 11752  7815 12386  6582 13640  8407  6513  9746  7766 13862 12616 12819 14170  9725 11510  7548 10978 14079 12772 13725  7008 11124 12625 10651  9122
ch   56:      0     0     0     0     0     0     0     0     0     0     0     0     0     0     0     0     0     0     0     1     1     8    25   276  2524    60   554    43   189    34    41   104
ch   57:  13567  8856 11738  9713 11004  9558  5802 10734 12714  5934 10003 10542  2986 10339 10840 13571 10265 14383  8754  8692 16355 12569 10716 11618  5760 12543  9590  9048  7320 11805  7586 12648
ch   58:   4676  8484 11861  7195 14328  7716  9677 13670 13547  7878 13424 12904 11858  4772 13349 12479 12058 13116  9575 12222  7458 10983 12399  9515 10406  9809  7370  8212  8788  8904  9434 10076
ch   59:   8412  5043  7779 12155  9463 10295 15221 11880  9381  8368 12344 10607 14513  9697 11001 10471  5900  9020 10528  8498 12512 11782  5846 13349 11136  5197  8554 10042 13417 10530 13590  9203
ch   60:  16252 13269 14008 10197  6676 12098 12385  8449 13433 10952 10605 13258 11947  7584  8786  5538  9719  8070 15883  9525  8189  7763 13610  9670 11166 10430  8287 12357  8319 11516  5463 18798
ch   61:  12056 12587  8511  8491 14341  8847 10568  8238 10205  6508  8510  4788 12680  8339  8440  6166  6550 13090  9946 15070 12199  8959  9967  9522  7517  6926 13604 11632  6975  8557  8436  9535
ch   62:   5717 11649  7430  5072 10113  7539 11364  8119 12771  9757  9897  7711  4486 10925  6993 11502  9864  5490  6239  3846 13267  6551 14475  8482 12087 14253  6350 10536  8063  7945 13469  6479
ch   63:  14411  8912  9383  6175 11412  8397 10646 13632  6820 11565 11136 12400  9979 10105  7508 11618  5638 10356 15106 11009 12917 14020  9944 10399 11139 10163  9960  7719  9424  7489  9178 10504
ch   64:   7103 11694  4982  6113  6444 13219 11640 10104 12471 12177 13031  6927 10696  8358  7587  8985 13776 13388 12141 11062 10022  7496 10254 13483  7278 10170 11251 10860 13144  7568  6990 11077
ch   65:   9238  4781 13572 10420  9223  9105  5992  9166 12647 13921 13663 11452  6581  7813 13073  9516 13922  8620  8007 12375  6627  9736 12928  9621 10988  9839  5948 11454  9456 13722  9261  8359
ch   66:  11344 13729 11938 10464 10880  8622 10248  8831 16813  8994 11850  6027 14201 13504  9496 10271 10973  9738 11463  8893 13427 12564 10546 12097  9048  4647  8014  8807  7037  8155  8403 10510
ch   67:   7159 13702 14099  9855  7100  7523 10061 13152 10819  9348 13005  9666 10717  7047 10941 10507  9048 11375 10861  6695 10899 15856 13168  9361 11157  8807  5281 10264  9562  9200 10896  7727
ch   68:  10303 14015 11078  7355  9475 10944 12665 12388 11080  8088 12837  6131 12192 14540  5658 13711 12630  8556 12050 10958  8476  4934 10968  9013  7864  7713 10926 12659 11279  7880  7106 12158
ch   69:   7196 10486 10224 13600  7149  9374 12907  8327  7064 11025  8959 13576  9777 11302 15318 13893 13622 12455  8074  9108  7674  7134 14789  9876  9806  7590  8925 13181  7502  8613 10952  7260
ch   70:   8753  6989 11495  9804  7333 11222 13783 11229 12358  8527  8687 15552 11558  4824 10596  9471 13588 11271 10821  6698 10027 12721 11127 14826 14852 11230 10162  9396  7317 13769 12239 12157
ch   71:  10670  7991 11262  8371 11293 11742  7831 13504  8008 10739  6106  7119 11475 10716 15155 12791 12805 11303  9597 11007 10050  7140  9123 13139  9778  9778  7217  6552 12859 12967 11222  9213
ch   72:   9151  9363 10540  9978 10730 10843 12879 11298 13525 11408  6816 11770  7835  9856 11185 11495 12352  7766 12293 13810  9798 11609 13065  9534  5510 13773 13973  7324 10906 11891  8970 11418
ch   73:  11910  8416 13971  8633 14532 14111 10506 12036  8459 12428 12165  8737 14204 10507 10794 13966 11112 12352 10555  9313  7246 13057  9429  9282  8495  9480 15083 11627  7146  7546 14290 13146
ch   74:   9742 13590 11409 11960 13887  5659  8959 11350 15239  8749  8154  8395  8208 10175 12517  7060 10316 10720 13567 12049  9934 11497  9472  6845 11100  5997 11394 11418 12513 16251 13204 12995
ch   75:  10121  9655 10759  8716 13623 11416  7350 11071 12063 13416  6304  6859  5102  6324  9506 12297  9195 10535 13525 11725  8707 11458 11714 11823 10761 14348  8581  7540  6803  9802 10561  6967
ch   76:   6068  7759 11756  9553  6528 10839 10577 12758 10886  8740 11420  8142  5127  6052 10613 10685 11108  5154 10267 12045  6326  8306 10974 10988  8470 11962 11226 11773 11442 11365  9518 13535
ch   77:   9012 15159 11418  9749 10185  5403 14938  9386  6567 12673 12933 10671 13542  4817  8894 10973 11556 11944  9952 10425 14721 11603  9207 15311 11082  9730  7551  7048 11819 12339  8234  4341
ch   78:   5070 13272 11576 12402  6965  8807  8691 14926  9587 10326 11957 11469  4670  7205  4054  6516 14655 13860  9602  9888 12481  8768  8220 13233  6935 10693  9873 11758 10092  9897  8220 11170
ch   79:  12192  6806 11790  7288 16253 11387  7083 10897  7083 11919 14190 14768  9697 11810  6623 13093  8917 13915 10134 10582 16514 12646  9119 11615  8306 11487 12278 11992  9888 15395 12265 13752
ch   80:   7627 11399 10438  5592 15049 11072 10102 11659 11697  8842  8647  9415 12380 11295  7442  7638  8466 12198  8932  7040 13285  6390 10468 12361  6014 12104  6818  8486 16167 14288 11712 10766
ch   81:  10125 13437 13220  8565 11045 13252 12799  7105  9591  8958 12936 12512 11325  5805  6723  8834 14311 11989 13184 14420  9805  7974 11999 14126 11726 11075 12794  6650 14048 10985  9241 10390
ch   82:  14147 14566 10837  8365  8910  5362 12833  7989  9212 11934  9708 14815  5941 13021  7562 11057  8672  8461  8742  6880  6711  6300 11576 13175 12235 14158  9643  7217  6975 11901  9100  9402
ch   83:  11946  9204  6731  9480  6378  9406 12839 10135 10401 13663  8796  6098  7060 10469  7478 12970 10056 13747  8521 11360 10626 10324 13408 10681 11120 11500 11535 10806 11668  8414 11488 13882
ch   84:   7331 10165 10640 11801  8055 10718  9752  9171  8374  6393  8309  8125 11013  7069  7927  9501 14207  8421  4798  8708  9247  9035 10155 13540 11019 11068  9175 11259  6020 11803  7300  8642
ch   85:  11793  8549 11670  9627  6818 11669 10904  9502 12402  6046 13200  6836 12086 12211  3993  9649 14836 11830 10667 12458  9258  8817  9325  6601 12683 10858  6830 12154 11842 15072 10454 10861
ch   86:  15387 11856 10456 10417  7901 12190  8255  9723 10659  7074  8820  9853 13484  8047  4007 15657  9519  8004  8296  9083  5564 10532  9101  9192  8643  8720 10994 10274 10770 10068  8626  8821
ch   87:  10310  8771 11664 12343 11411  7052 11560 11527  6920 14793 10846  8949 11331 12648 14396 11257 11813  5999  9834 11282 13139  6374  9754 13034  5497  7376 11702 13492 12870  9789 12790 10497
ch   88:   8707 11191  7551 12467  7305  2496 12318 11689 10476  9693 10744  9875 13369  5662 11236  8578  9825  6478 11055 11954  9297 17586 11300  9520 11524 11695 10706 12697  7992  7729 10860 10482
ch   89:  12268  6351 12513 13776  5762  4102 11464 11246  8518  6278 13200 10152 15458 10335 10448 13652 12209 14962 10185  9091  9202 14664  8450  6139 10898 13387  4169  9232  5680  8853 15884  8964
ch   90:  11788  8945  6329  9750 10806  5407 12304 12238 11552  9582 12004 14296 12142  5149 12064 16172  6348  9759 13458 11510 11903  8641  8544 10701 13378  7824  8575 10733 13513  5244 10277  7515
ch   91:   7213 10191 12452  9835 13709 14352 12802  5684 12533 10976  8899  8505 11750  8467 13397 12094 11684 13230  7562 12729 15492  9237 12879  9784 10404  9198  5969 10463 10022 11693  9975 10806
ch   92:   8127  6379  7891 10685 14097  9360  7577 10507  6687 10192 11136 12799  9595 10835 13152 12734 12220 13721 12239 10963  8192  7228  8965 10599 14119  9877 11285 10299  7985 10794 11008  9462
ch   93:   9885  9597  6452 14871  9273 11806 12852 13197  9826  9725  5860  9865 11127  9628 12327 10612  6396 13039 10491  8668  3825  5001  9772 10000  4913 12443  6223 14908 10018 13516 11937 13029
ch   94:   8525 10413 10225 11006  6698  9720 13137  8603  9144 11546  9960  8607  5406 10783  9699  6862 10271 10350  2567 10089  7571 11205 10707 11958  7137 14524 12393 17700  7278  9763 10896  9337
ch   95:  10046  8000  8422  9393  4932  5432  9280 11213 10229 12263  6901 12791 12150 14939 10430  8264  8087 10082 10824  8305  8279 11493 12323  7394  9218 10101  6996 13691  8105 14461  7905 13284
ch   96:   5559 12734 11913  9277 10127  7490 12304 11285  9616  8605 11190  9188  8448  8544 14600  9848  9610 12152 10259 11565 11947 11566 12660  9011 13095  8264  6790 14373 14128  4997 12969 10160
ch   97:  11171  8915 11015  8609  5417 11785 10456  7957 11615  6337 11056  9012 10302 13006  9126  8127 11750  6683  5967 12097 10528 11295 13406 15626 15360 10203  9515  7029  9228  9600 11265  7852
ch   98:   6552 12701  7518  8160 13819  9384 10814  9930  9434  9150  5757 11748 10556 12518 10125 10858  5015  8430 16325  9042 11699  7578  6869 11169 11345 10292 11986  9728 10763  8822  7529 11206
ch   99:  14633 12990 14258 12047 10730  5116  8026  8781 12584  4250  8592 11264  6856 12821  8342  8760  8406  8221 10409  9282 10649  9813 11572  7290 13768 12454  9332 11957  7540  6839  9804 14103
ch  100:   5975 11291 13592 10540  9340  9463  9110  9278  7120  9481 12017  9536 11290 10341  7768 13200  8461 11011 12506 14884 10470 12415 10562 11293  5819  7770  4477  5950 13341  6317  9312  9087
ch  101:  13656  8532 11387 13521 12025 10261  9702 12385  7739 13895  9791 14471  7093  7768  5882  8488 11133 13987 14101  8299  8690 13343  8767  8464 10646 11919 12602 11745  3765 13697 11599  8091
ch  102:  12459  6462  9436 10115  7496 11342 10296 11086 10526 10163 10004 11944  7414  8049 12648 10193  6013  6761 11470 10625  4232  8564 10487  5670 11312  8105  8830  8845  6546 10715 12722 10343
ch  103:   9392  9321 11147 10876  9737 12522  9358  4620  8172 11749 12559  7179  7599 12452  6763  9505  8827 10106 11645 11215 13749 12681 11314 11447  5853  6031  8313 11684  7900  8209  7149 15512
ch  104:   4641 10843  9556  9190  7908 10314  7065  8536  8135  5919 10935  7709 11646  7311 13869 12542 12881  8403  7696 13664 15230 12084 11828  9734 12005 11852  7549  8254  7764  7974 14075  9210
ch  105:  14696  9353  6496 13879 10739  8578  5729  9583 12669 12329  7586  8492  6089  8760 10269 11057  8188 11516 13263 11775 13526  4770 11918  9151 13784 11998 11710  4022  4717 10473 11557  7659
ch  106:  15077  7756  9517  8277 10547  7892 10039 14974  5705 12516 14501  6890 12588 12309 10772 10300  6057  6558 16656 13730 11644  8944  5332 12340 12045 11392  8634  6773 10838 12424  9251  8538
ch  107:   8491  6023  9336 12562 11228  5365  9775  5831 10682  9625 11109  8944 12931 10335 14982 12197 11314  9993 13578 10753  7319 11743  7442  7802 12269 12692 10648 17719  6919 10705 13095 12997
ch  108:  14570 12376  9191 14529  7491 10142 10663 13885  7999  8952  7131  6758  7579 12020 12983  9649  9530 12128 14159 12174  7942 14140 11760 10539  2125 12816  8850  9453  9382 13299 14970 10190
ch  109:   8745 11304  9463  7167  9679 14536 11508  9394  7789 10553  4378 10520 12830 10721  9065 10090 15574 16834  7158  6876  4427 11657 10031 11137 11508 11201 15165  8417 11499 13487  8901  8178
ch  110:  12364 12802 13598  8433 12501  9769 13112  6779 10654  9862 10452  9296 13148  8802  7894 11080  9082 13650 14151 13646 12426 15064 11233  8452  6807 10612 11659 14085 15769  9588  9198 10995
ch  111:   7579 11355 12685 10245  4964  8756 13391  8802  7513  9595  9075 13050 12532 12247  9880 12358 13305 11559 12512  7874  9809 13890 11803 12833 12533 14111  7063 10347 14287 12613 15621 11809
ch  112:  10710 10071  9381 13289  9382  7936 13212  9103 13596 12588  8154 11297  7572  7586  7270 11285 10481 13640 10075 16960 12669  6577 10858  9812 12248 14297  6116 11241  9650  9780  9421 10218
ch  113:   5526 12213 12845  9206  4528 13624  9090 11071 11173 15791  7442 12878  9954 10184 12363 10124 10910 11466 13174  6637  7163  7063 11727  9544  7373  9422  9442 13470 10912  9693 12881 11490
ch  114:   4945 12564 10381  9203 12812 14330 10918 13234  7981  5428  5709 10147  9428  9339  6419  9455  9865 11037  6780  8705  7745 11629  6954  8528  8372 11222 13824  6628 13923 10111 11464 12521
ch  115:  15491  8409 11805  8241  8336 11341  7279 12582  9590 10689  9202 13667 12365 14955 12075 10641 13713 14751 12825 11518 10039 13248 12671 14062 10478 14591  4972 12091  7637 10730 14420 10828
ch  116:  12131 11294  6340  9178  8286  9356  8438 10357  8499 12532  9632 12950 11473  8551 12275  6647 12705 10024 10219 13305 10295  9448  7774 14605 11031  9604 12289 14657  8334  6750 10959 11976
ch  117:   7732  9235 10428 14232 18507 11119 11395  8046 10831 14888 10957 12437  8168  9756  6824 11365  8512  8456  8328 11148 10382  8997 11482  5958 11490 11948  9204 14238 13823  6221  7027  9403
ch  118:  13731  8448  9582 12970 13789  7871 11592 12417 11472 10909 11454 15217  5649 14514  2870  7458  7782 13463  7948 11103 12656 12886  9590 11980 11675  9047  8010 10991 10813 15044 10605  9856
ch  119:   8724 10280  9885 10884 15335 13430  9676  9803 12237  7187 11670 11916 11393  6084 14737  9650 11211 10933  9998  9423  8540  7725 11125  8304 10987 10429 11366  9878 13411  4779 11204  8280
ch  120:   9286 10076 14792  9229  5789  9233 10871  6903  7232 12379 12386 14535 15331  7156 13442 12225 11535  9256 13056  9939  5576 11581 13793 13295  6989 10672  7304  6654  7479  7864  6446 14897
ch  121:   7522 14072  8495 13093 11545  8596  8381 12042 10997  9765 11352 10885 11412 12190  9772  7465 16722 11042  9592 10754 10222  2800  8733 13199  6420  9087 14010 15356  9868  9929 12873 13283
ch  122:   9006  8882  8962  9670 12292 11016  9264  9889 11543 11686  8947 12945  8436  8428 15064 10075 10895 12735  9392  8775 10127 11774  8197 11404  8035  9788  6855  7390  7543 11969 12747  9817
ch  123:   7658  9183 12692  7232  6809  9278 12044  8830 10356 11689  9784 13190  9506 16237 10979  9797  8376 12106 10429  8161  7320  5636  8781 10741  9985 10226 11224 10126 12268 11136 10817  8313
ch  124:  11185  5338 13856 12769  9784  8870 10436 10661 15846 13151  9456 11356  8225  9357  9584 13018 10346 14014 10683 14897  5065  9835 11482 10591 10708  9587  5014 10840 12688  9142 12909 11819
ch  125:  12540 12961  8125  8876  8970 10123  6937  9161  7684 10321 12270 10207 11162  9737  8717 13735 10067 13339  4927 11036  5882  7823  8997  7144  8260 12448  7359  8013 11749  9711 10408 13391
ch  126:   7395  5626 12582 10291 14124  5172  9482  7730  7914  9650  8361  6799  7924  6281 12848 14523  8673 13953  5013 12918 12093 15461 12944  8130  8400 12745 10836 10839  9764 13362  7408 17228
ch  127:   5658  8397 12740  6770 10074  8822  8210 11820  9910 10159 10959  7111 11042 11417 10776 10123 13702 12789  8207 10375 14700 10847 10836  9836 11364 11873 11447 12799  9772  6810  5371 10192
