ch    0:      0     0     0     0     0     0     0     0     0     0     0     0     0     0     0     0     0     0     0     0     0     2    44   324  1393  5198  3479  6643  5907 13174 13220   737
ch    1:      0     0     0     0     0     0     0     0     0     0     0     0     0     0     0     0     0     0     0     0     0     2    11   127   872  5528 12681  7293 10315 11095  8166  4553
ch    2:      0     0     0     0     0     0     0     0     0     0     0     0     0     0     0     0     0     0     0     0     1     3    25   253  2016  6642  8240 13853 13902 11835 11048  2705
ch    3:      0     0     0     0     0     0     0     0     0     0     0     0     0     0     0     0     0     0     0     0     0     0    16   111   938  7012  6979  8692  9848 13410 15066 11791
ch    4:      0     0     0     0     0     0     0     0     0     0     0     0     0     0     0     0     0     0     0     0     0     0    18   118   910  6229  9688  7458  9241  9400 12696  4625
ch    5:      0     0     0     0     0     0     0     0     0     0     0     0     0     0     0     0     0     0     0     0     0     0     8    94  1189  9432 10396 13931 12721  8620  6786 11364
ch    6:      0     0     0     0     0     0     0     0     0     0     0     0     0     0     0     0     0     0     0     0     0     0    17   154  1243  8050  9039  8168 10827 14976 11233 10145
ch    7:      0     0     0     0     0     0     0     0     0     0     0     0     0     0     0     0     0     0     0     0     0     1     8   150  1121 11118 10425 11677  7025 11452  9939  4020
ch    8:      0     0     0     0     0     0     0     0     0     0     0     0     0     0     0     0     0     0     0     0     0     0    13   135  1317  9417 11167 15153 13000  9862 13634  3196
ch    9:      0     0     0     0     0     0     0     0     0     0     0     0     0     0     0     0     0     0     0     0     0     1     7   135  1096 12038 15037  5895 13245  4187  8541  6462
ch   10:      0     0     0     0     0     0     0     0     0     0     0     0     0     0     0     0     0     0     0     0     0     1    10   102  1354 13266 10249 14286 11835 12127  7875 11420
ch   11:      0     0     0     0     0     0     0     0     0     0     0     0     0     0     0     0     0     0     0     0     0     0    11   136  2037 12068 10844 11985 10332  7260 12913 11949
ch   12:      0     0     0     0     0     0     0     0     0     0     0     0     0     0     0     0     0     0     0     0     0     0    15   178  1702 12360 11309 13809 12779 10566  9956  6857
ch   13:      0     0     0     0     0     0     0     0     0     0     0     0     0     0     0     0     0     0     0     0     0     0    14   171  1958  9327 10227 13723 12467 13068  5707 10583
ch   14:      0     0     0     0     0     0     0     0     0     0     0     0     0     0     0     0     0     0     0     0     0     1    11   218  1947 15675 11185 11351 14199  9463 18005  9054
ch   15:      0     0     0     0     0     0     0     0     0     0     0     0     0     0     0     0     0     0     0     0     0     0    12   260  2433  4973 11826 13840 13081  6941  9927 13797
ch   16:      0     0     0     0     0     0     0     0     0     0     0     0     0     0     0     0     0     0     0     0     0     0    23   295  2264 11860 10917 10262 10630 11679 12538  7392
ch   17:      0     0     0     0     0     0     0     0     0     0     0     0     0     0     0     0     0     0     0     0     0     0    18   209  2314  5894  7303 10192  8806 10733 10033  8924
ch   18:      0     0     0     0     0     0     0     0     0     0     0     0     0     0     0     0     0     0     0     0     0     3    25   258  2483  8658  6974  7418 10196 13922  7586 15277
ch   19:      0     0     0     0     0     0     0     0     0     0     0     0     0     0     0     0     0     0     0     0     0     0    10   232  2634  8699  3605  8019  9115  6172  5968  3143
ch   20:      0     0     0     0     0     0     0     0     0     0     0     0     0     0     0     0     0     0     0     0     0     2    29   229  3493  8191  5553 10113 11556  6858 14891  9949
ch   21:      0     0     0     0     0     0     0     0     0     0     0     0     0     0     0     0     0     0     0     0     0     1    15   348  2884  4797 10003  9483  4003 12440 10968  5431
ch   22:      0     0     0     0     0     0     0     0     0     0     0     0     0     0     0     0     0     0     0     0     0     1    24   273  3070 12292  8030  8876 11096  9263 10238 15439
ch   23:      0     0     0     0     0     0     0     0     0     0     0     0     0     0     0     0     0     0     0     0     0     0    22   385  3919 15797 12120 14058 10181 11300 10716 12029
ch   24:      0     0     0     0     0     0     0     0     0     0     0     0     0     0     0     0     0     0     0     0     0     2    23   331  6085  9994  8582 11718  8832  7167 14946 15051
ch   25:      0     0     0     0     0     0     0     0     0     0     0     0     0     0     0     0     0     0     0     0     0     0    18   397  4624 11837 15253  4813  6691 10835 10086 12629
ch   26:      0     0     0     0     0     0     0     0     0     0     0     0     0     0     0     0     0     0     0     0     0     2    25   288  4080 12514 10647 11212 10283 11286 12082 13806
ch   27:      0     0     0     0     0     0     0     0     0     0     0     0     0     0     0     0     0     0     0     0     0     2    23   223  2692  7279  5806  9693 12097  7982  9678  8277
ch   28:      0     0     0     0     0     0     0     0     0     0     0     0     0     0     0     0     0     0     0     0     0     3    24   279  3712 12914 11275  4127 13926  9116 11470  7475
ch   29:      0     0     0     0     0     0     0     0     0     0     0     0     0     0     0     0     0     0     0     0     0     1    23   258  3509  5828  8722 10773  7120 12230 12791 11755
ch   30:      0     0     0     0     0     0     0     0     0     0     0     0     0     0     0     0     0     0     0     0     0     1    18   421  4976 12295  8954 11525  8781 10853 11224 17671
ch   31:      0     0     0     0     0     0     0     0     0     0     0     0     0     0     0     0     0     0     0     0     0     2    19   229  5295 12824 11906  8707 10140  9615  9837  6235
ch   32:      0     0     0     0     0     0     0     0     0     0     0     0     0     0     0     0     0     0     0     0     0     2    17   278  3919 14016  9419 11933 11500 14167  7917  4016
ch   33:      0     0     0     0     0     0     0     0     0     0     0     0     0     0     0     0     0     0     0     0     0     1    31   434  7767 11257 15228  5347 10258 11181  7630  9596
ch   34:      0     0     0     0     0     0     0     0     0     0     0     0     0     0     0     0     0     0     0     0     0     0    15   411  5462  5741  9536 10220 11047 10574  6433 17178
ch   35:      0     0     0     0     0     0     0     0     0     0     0     0     0     0     0     0     0     0     0     0     0     2    32   328  5629 13296  9519  8434 10047  7213  9528 10352
ch   36:      0     0     0     0     0     0     0     0     0     0     0     0     0     0     0     0     0     0     0     0     0     1    35   431  5164  5859  9600 13357 10656  8230 10367 10996
ch   37:      0     0     0     0     0     0     0     0     0     0     0     0     0     0     0     0     0     0     0     0     0     2    27   437  4317  7569 10917  9021  7417 14577  7132 12241
ch   38:      0     0     0     0     0     0     0     0     0     0     0     0     0     0     0     0     0     0     0     0     0     3    27   490  5270 11968  7631 10308 10331  6290 10101  6949
ch   39:      0     0     0     0     0     0     0     0     0     0     0     0     0     0     0     0     0     0     0     0     0     3    14   277  4836  3002 12181 10241 13850  6427  5032  6920
ch   40:      0     0     0     0     0     0     0     0     0     0     0     0     0     0     0     0     0     0     0     0     0     2    47   412  4975  7865 12218 10592  7328 13513 10560  5450
ch   41:      0     0     0     0     0     0     0     0     0     0     0     0     0     0     0     0     0     0     0     0     0     2    25   304  6802  9459  5520  6387  7541 14120 11799  9756
ch   42:      0     0     0     0     0     0     0     0     0     0     0     0     0     0     0     0     0     0     0     0     0     1    22   456  7712 12488  9550 15052  4825  8309 13590  4506
ch   43:      0     0     0     0     0     0     0     0     0     0     0     0     0     0     0     0     0     0     0     0     0     0    34   670  7228 12403 16224 11711 13494 10286 10666 11182
ch   44:      0     0     0     0     0     0     0     0     0     0     0     0     0     0     0     0     0     0     0     0     0     3    28   469  8665 12040 11723 11029  6873 10520 14434  2859
ch   45:      0     0     0     0     0     0     0     0     0     0     0     0     0     0     0     0     0     0     0     0     0     1    28   835  8537 11170  8238  9952  7864 10271 10362 15485
ch   46:      0     0     0     0     0     0     0     0     0     0     0     0     0     0     0     0     0     0     0     0     1     2    56   779  8069 10715 14394  5631  9305 14370 11612  3000
ch   47:      0     0     0     0     0     0     0     0     0     0     0     0     0     0     0     0     0     0     0     0     0     3    22   481  7263  6705 12076 13110  9277 14341  7340  4062
ch   48:      0     0     0     0     0     0     0     0     0     0     0     0     0     0     0     0     0     0     0     0     0     1    50   602  7549 12608  7539 12676  8406 13715 12999  2139
ch   49:      0     0     0     0     0     0     0     0     0     0     0     0     0     0     0     0     0     0     0     0     0     2    34   507  6588 14843  6821 10206 14672 13103 11614  8616
ch   50:      0     0     0     0     0     0     0     0     0     0     0     0     0     0     0     0     0     0     0     0     0     1    45   623  9635 10436 10110  5895  9336  6029  8289  1761
ch   51:      0     0     0     0     0     0     0     0     0     0     0     0     0     0     0     0     0     0     0     0     0     0    34   597  9194  9660 12994 11607  8559  8016  7287 10409
ch   52:      0     0     0     0     0     0     0     0     0     0     0     0     0     0     0     0     0     0     0     0     0     2    82   693  9069  6407 10045  7572 16034  9504  9229  6238
ch   53:      0     0     0     0     0     0     0     0     0     0     0     0     0     0     0     0     0     0     0     0     0     4    32   668  7615 11926 15130 10809 12222 10133 11260 15109
ch   54:      0     0     0     0     0     0     0     0     0     0     0     0     0     0     0     0     0     0     0     0     0     3    53   602 12074  9900  5446 13745 13749 10788  5898   908
ch   55:      0     0     0     0     0     0     0     0     0     0     0     0     0     0     0     0     0     0     0     0     0     1    32   570  7814  6407 11811 10404  9160 14804  9455 10637
ch   56:      0     0     0     0     0     0     0     0     0     0     0     0     0     0     0     0     0     0     0     0     0     2    83  1186 16764  8020 11576 12571 10996  9532  9339  1077
ch   57:      0     0     0     0     0     0     0     0     0     0     0     0     0     0     0     0     0     0     0     0     1     3    57   696  7841 13462 11577  7099 11997  9553 14466  3238
ch   58:      0     0     0     0     0     0     0     0     0     0     0     0     0     0     0     0     0     0     0     0     0     0    39   600 17194 10215  7540  8441 10328 11793 11034   837
ch   59:      0     0     0     0     0     0     0     0     0     0     0     0     0     0     0     0     0     0     0     0     0     2    51   747  7769 17576 13639  9705 10503  7763 13297  5134
ch   60:      0     0     0     0     0     0     0     0     0     0     0     0     0     0     0     0     0     0     0     0     0     5    75  1176 12007  8895 12106 15523 10570 11360  8759   630
ch   61:      0     0     0     0     0     0     0     0     0     0     0     0     0     0     0     0     0     0     0     0     0     2    38   931  7089  6100  5149 10697 13125  8213 10740 13942
ch   62:      0     0     0     0     0     0     0     0     0     0     0     0     0     0     0     0     0     0     0     0     0     9    85  1065 14908  9587 12077  8050 12408 13503  5237   638
ch   63:      0     0     0     0     0     0     0     0     0     0     0     0     0     0     0     0     0     0     0     0     0     6    29   746 13515 10584 14411 13558  7988  9473 15108  8298
ch   64:      0     0     0     0     0     0     0     0     0     0     0     0     0     0     0     0     0     0     0     0     0     2    73   933 12531  5541  8180  9566  8241 10028 13151   655
ch   65:      0     0     0     0     0     0     0     0     0     0     0     0     0     0     0     0     0     0     0     0     1     2    56   854 10243 11746  8978 16652 11859  8183 11933 15327
ch   66:      0     0     0     0     0     0     0     0     0     0     0     0     0     0     0     0     0     0     0     0     1    17   122  1517 17998  9820  8623 10523  9443 11332 11806   522
ch   67:      0     0     0     0     0     0     0     0     0     0     0     0     0     0     0     0     0     0     0     0     0     5    40   992 13853  7143 12676  7352  9855 10067 12208  9783
ch   68:      0     0     0     0     0     0     0     0     0     0     0     0     0     0     0     0     0     0     0     0     0     3   113  1158  5143 10094  9147  9056  8743  9277  7798   526
ch   69:      0     0     0     0     0     0     0     0     0     0     0     0     0     0     0     0     0     0     0     0     0     3    94  1752  1641  9132 10698  6145  9875  8577 13541  7605
ch   70:      0     0     0     0     0     0     0     0     0     0     0     0     0     0     0     0     0     0     0     0     0     5   109  1295 14662  8374 11330 10593 13498  4915  8578   535
ch   71:      0     0     0     0     0     0     0     0     0     0     0     0     0     0     0     0     0     0     0     0     1     2    60  1056 15266 11221 10593 14504 14363  9924 12128 11631
ch   72:      0     0     0     0     0     0     0     0     0     0     0     0     0     0     0     0     0     0     0     0     0     7   210  1659  8554 10168 12008 11306  7075  8384  9531   620
ch   73:      0     0     0     0     0     0     0     0     0     0     0     0     0     0     0     0     0     0     0     0     0     5   102  1217 15951 13660 13661  8501 11611 16424  5389 11714
ch   74:      0     0     0     0     0     0     0     0     0     0     0     0     0     0     0     0     0     0     0     0     1     4    72  1547  5730 11812 12350  8624 12475  6673 10458   448
ch   75:      0     0     0     0     0     0     0     0     0     0     0     0     0     0     0     0     0     0     0     0     2     4    94  1156 18410 15778 13672  5645  4609  9410 10518  6160
ch   76:      0     0     0     0     0     0     0     0     0     0     0     0     0     0     0     0     0     0     0     0     1    15   151  2028 12162 13774  9659  4717  7176 10478 10643   740
ch   77:      0     0     0     0     0     0     0     0     0     0     0     0     0     0     0     0     0     0     0     0     0     5    76  1610 17368 12279 10513  7716  7883 11172  8695 11650
ch   78:      0     0     0     0     0     0     0     0     0     0     0     0     0     0     0     0     0     0     0     0     0    10   105  2040 16139 12714 10499 11113  7477 13194  8867   763
ch   79:      0     0     0     0     0     0     0     0     0     0     0     0     0     0     0     0     0     0     0     0     0     3    90  1527 15321 12482  6320 10885 15841 11271  7812 14572
ch   80:      0     0     0     0     0     0     0     0     0     0     0     0     0     0     0     0     0     0     0     0     1    10   169  2153 13835  8239 11487  6682 14310  8006  9269   718
ch   81:      0     0     0     0     0     0     0     0     0     0     0     0     0     0     0     0     0     0     0     0     0     3    73  1321 14582  8126 16091 13046 12378  4966  2674 13611
ch   82:      0     0     0     0     0     0     0     0     0     0     0     0     0     0     0     0     0     0     0     0     0     5   118  2626   930  9337 11919  9129  8045 14181  9261   612
ch   83:      0     0     0     0     0     0     0     0     0     0     0     0     0     0     0     0     0     0     0     0     0     2   115  2023 15030 10913  6798  9247 12175 11341 16079 13567
ch   84:      0     0     0     0     0     0     0     0     0     0     0     0     0     0     0     0     0     0     0     0     0    12   101  1866  5694  6465  7257  9032 11139 10340 15190   847
ch   85:      0     0     0     0     0     0     0     0     0     0     0     0     0     0     0     0     0     0     0     0     2     4   133  1562 18676  9562 10167  9188 11032  7607  8783 10425
ch   86:      0     0     0     0     0     0     0     0     0     0     0     0     0     0     0     0     0     0     0     0     0     6   147  1488  3705 12388 13378 10636  7717  8532  6748  1092
ch   87:      0     0     0     0     0     0     0     0     0     0     0     0     0     0     0     0     0     0     0     0     0     5   112   846 14938  9725  6644  7564 15238 14660  9354  5750
ch   88:      0     0     0     0     0     0     0     0     0     0     0     0     0     0     0     0     0     0     0     0     0     3   130  2250 15608 11771  7071 12535 11276  7093  9166  1272
ch   89:      0     0     0     0     0     0     0     0     0     0     0     0     0     0     0     0     0     0     0     0     0     4   141  1415 18080 11407  2604 15635  7312 11185  6686  4756
ch   90:      0     0     0     0     0     0     0     0     0     0     0     0     0     0     0     0     0     0     0     0     0     4   177  1970 13681  6609  7937 11954 11612 12360 12149  1582
ch   91:      0     0     0     0     0     0     0     0     0     0     0     0     0     0     0     0     0     0     0     0     0     5   121  1778 15722  9886  5782 11949  6730 10549  8796  8295
ch   92:      0     0     0     0     0     0     0     0     0     0     0     0     0     0     0     0     0     0     0     0     3    18   118  2372 14065 12216  9627 11999 17734 10139 11077  1226
ch   93:      0     0     0     0     0     0     0     0     0     0     0     0     0     0     0     0     0     0     0     0     0     7   115  2251 12307  8788 13848 11804  7371 12233  9772 14861
ch   94:      0     0     0     0     0     0     0     0     0     0     0     0     0     0     0     0     0     0     0     0     1     5   144  2204  1364 13622  5569  7837  7229  6965  7806  1364
ch   95:      0     0     0     0     0     0     0     0     0     0     0     0     0     0     0     0     0     0     0     0     0    10   114  2614  6634 15225  7875 13338  9952 14826 11520  3957
ch   96:      0     0     0     0     0     0     0     0     0     0     0     0     0     0     0     0     0     0     0     0     0     9   151  2631 15956  7584  5284 13952 12450  7955  9477  2309
ch   97:      0     0     0     0     0     0     0     0     0     0     0     0     0     0     0     0     0     0     0     0     0    10   110  1722 17482  7868  9160 13869 11992  7075  6851 12423
ch   98:      0     0     0     0     0     0     0     0     0     0     0     0     0     0     0     0     0     0     0     0     0     4   127  1652  8964  8467 13920 11551  7282 16613 12768  3709
ch   99:      0     0     0     0     0     0     0     0     0     0     0     0     0     0     0     0     0     0     0     0     0     4   117  1302  2566 12503 13413  9743  8783 12357 10651  5010
ch  100:      0     0     0     0     0     0     0     0     0     0     0     0     0     0     0     0     0     0     0     0     0    10   171  2270  8899 12894  8309 12834 10587  8975 10071  4809
ch  101:      0     0     0     0     0     0     0     0     0     0     0     0     0     0     0     0     0     0     0     0     0     6   128  1661 18126 12595 11818  7367 12370 10159  9654 14992
ch  102:      0     0     0     0     0     0     0     0     0     0     0     0     0     0     0     0     0     0     0     0     0    11    91  2674  3374 10082 14937  9623 12298 10062  9305  6314
ch  103:      0     0     0     0     0     0     0     0     0     0     0     0     0     0     0     0     0     0     0     0     1     5   134  1986  4693 15223  8317 16215  5744 11797 15388  8423
ch  104:      0     0     0     0     0     0     0     0     0     0     0     0     0     0     0     0     0     0     0     0     0     5   129  1747  4048 10006 10100 12486 10583  9439  8598  9454
ch  105:      0     0     0     0     0     0     0     0     0     0     0     0     0     0     0     0     0     0     0     0     3     9   237  2578 15851 10296 10895  6429 13686 16690  9607 10561
ch  106:      0     0     0     0     0     0     0     0     0     0     0     0     0     0     0     0     0     0     0     0     0     3   119  1825  4857 12603 12208 11123  6911 14693 12320 10016
ch  107:      0     0     0     0     0     0     0     0     0     0     0     0     0     0     0     0     0     0     0     0     0    11   191  2232 11994 12491 10077  9727 11580  9917 11504 12557
ch  108:      0     0     0     0     0     0     0     0     0     0     0     0     0     0     0     0     0     0     0     0     1     5   244  2237  7130  8315  9568 13582  8699  9885 11312 19090
ch  109:      0     0     0     0     0     0     0     0     0     0     0     0     0     0     0     0     0     0     0     0     1     6   121  1223  3288  9598  9579  6318  8036 14221  3849 10276
ch  110:      0     0     0     0     0     0     0     0     0     0     0     0     0     0     0     0     0     0     0     0     0     9   116  1580  2607  4912 13731 12990  8186  7421 12529  5603
ch  111:      0     0     0     0     0     0     0     0     0     0     0     0     0     0     0     0     0     0     0     0     0     3   167  2744  4869  7357  8356 12339  9033  7197 10802 12882
ch  112:      0     0     0     0     0     0     0     0     0     0     0     0     0     0     0     0     0     0     0     0     2     8   153  2223  8435  6505 11742 13876  5562 10373  8706  8961
ch  113:      0     0     0     0     0     0     0     0     0     0     0     0     0     0     0     0     0     0     0     0     2     6   205  2111 15237  7097  9657  6516  6137 14589  9333 11795
ch  114:      0     0     0     0     0     0     0     0     0     0     0     0     0     0     0     0     0     0     0     0     0     5   149  2442  6519 11025 15352  5295  8662 11111 10727  4901
ch  115:      0     0     0     0     0     0     0     0     0     0     0     0     0     0     0     0     0     0     0     0     0     8   128  3355 14991  5263  6471  7282 11320  9096 12213  6858
ch  116:      0     0     0     0     0     0     0     0     0     0     0     0     0     0     0     0     0     0     0     0     0     9   164  2717  1940 11344  9518 12018  6728  8115  7046  5296
ch  117:      0     0     0     0     0     0     0     0     0     0     0     0     0     0     0     0     0     0     0     1     1    11   135  3728  9063  6410 10671  5900  6109 12545 11230 10495
ch  118:      0     0     0     0     0     0     0     0     0     0     0     0     0     0     0     0     0     0     0     0     1     7   140  2144  3643  9943 10292 11551  9301 11378 15276 12577
ch  119:      0     0     0     0     0     0     0     0     0     0     0     0     0     0     0     0     0     0     0     0     0    12   134  3386 10127  9324  9309 12194  7230  7215  7138 10101
ch  120:      0     0     0     0     0     0     0     0     0     0     0     0     0     0     0     0     0     0     0     0     0     4   169  2532  9524  9858 10610 10218  7217  9731 11509  4647
ch  121:      0     0     0     0     0     0     0     0     0     0     0     0     0     0     0     0     0     0     0     0     0     5   228  3791 14275  8834 10475  9415 14438 10535 11228  8011
ch  122:      0     0     0     0     0     0     0     0     0     0     0     0     0     0     0     0     0     0     0     0     0    28   213  3562 14350  9512 10743  7684 13658  9035  9862  3849
ch  123:      0     0     0     0     0     0     0     0     0     0     0     0     0     0     0     0     0     0     0     1     2    10   203  4246 15032 10123 10018 12961 14230  9905 10829 11166
ch  124:      0     0     0     0     0     0     0     0     0     0     0     0     0     0     0     0     0     0     0     0     2    26   350  4269 13304  7215  9610  8486 12828  6139  9204  7048
ch  125:      0     0     0     0     0     0     0     0     0     0     0     0     0     0     0     0     0     0     0     0     0    64   556  9083 12993 10141  8561  5088 12189  8073  8715 12491
ch  126:      0     0     0     0     0     0     0     0     0     0     0     0     0     0     0     0     0     0     0     0     4    35   541  4392 15381  5848  9533  9472 12379 10548  8547 17374
ch  127:      0     0     0     0     0     0     0     0     0     0     0     0     0     0     0     0     0     0     0     2    50   439  4233 15753  7861  7510 13222  6269  7757 11338 12553 12121
