ch    0:    119   173   268   384   502   749  1047  1854  2617  3910  5552  7569 10222 12077 12621  6245 11632 12684  7374 11682  9673  7358 15718 10002  7499 10969  8093 12336 14642 12957  4499  5767
ch    1:    627   797  1099  1363  1924  2510  3309  4481  5989  7759 10390 12148 12972 13541  9179 13934 10715 12702 11420 12448 11660  9771 11186 14668  8967  8784 11975 13870 11321 16017 12085 11822
ch    2:    827  1389  1675  2434  3533  4259  5236  6866 10426 13116 13124 11851  6085 12489 11304 15412  8077  6288 11803 16238 14879 15427 11531 12579  9529  7498 13482 13891  9328  8960 12594  7492
ch    3:   1825  2265  2783  3489  4914  6542  8203 10158 13568 13457  8509  8986 14461 10516  9533  8602  7548 15110 11256  6017  7900 10851 14172 13085 14672  9443 10737 14126 11251 13345  9611  9297
ch    4:   1485  2062  2818  3985  5161  6590  8734 11073 14257 13415  7873 11454 15522  7794  9604 10791 11963 11898  9549 11721 10656 15129  6131 10821  6908 10173  8715  6790  9405  8305  8198  6224
ch    5:   2574  3189  4131  5634  7248  9770 11981 11793 11952  7491 11336  9974 12205  9453 13101  6039  5891 12487 10194 12102  9800 14888 12061  8848  5972 10374  3523  9267 15909  5167 12311 16135
ch    6:   2141  3254  4390  6346  7238 10605 13177 10067  7401 11245 12251 10133 12174  5291 15724 12339  7786 13037  7838 11645  7685 12716  7092 11678 10920 14794  8403 12759 11789 11003 13697  9086
ch    7:   3596  4484  6200  8198 10439 13001 12610  5618 11496  9129  5508 11177 14560 11467  8575 16364 12404  1934  7553 17241  9088  9499 11527 14328  8205  6152 11177  9886  6314 10776 13673  6917
ch    8:   3167  3509  5393  6473  8739 12218 12430  7780  8824 10099  7827 10118 12301  8428  7771 10060 10346 14437  9701 12186  9546  7285 10412 10313  9754  8475  7153 10084 10217 14668 11550  8962
ch    9:   4336  5326  7443  9794 12124 12116 15648  9703 10827 12001 10115 12214 11638  9959 10856  9868  9291  4898  8097 12839 11581  9582 13863 14427  8814 15103  9721 13791 13271 12806 11829  8455
ch   10:   3773  4630  6656  8887 10310 15302 14232  5281 10753  9449 10897 11082 10505  6507 10634 11401  7770 17403  8148 11947  9280 11280  8406  5904 10017 10774  7798 13126  7882  9152 14726 11696
ch   11:   5316  8004 10034 13331 16007 12080  5764 12453 12986 10006 10380 10093 13312  5936  6442  8515 10830  9533 10676 10170  8585  5492 11614 12520 11687 13844 11161  5959  9674 15016  9235  7061
ch   12:   7032  8625 10688 10814 14390 14345  7721 10890 14173 11315  6007  7178 11342  9948 12381 11533  8191 11332  6868  8712 12371 14334 11466  9303 10226 15599 10552 11065 10109  9578 11847  5721
ch   13:   6236  8744  9941 14912 15748  5201 12228  8812 12515  7874  5170 10086  9704  9453  6268  8160 11220 14621 14557  5222  7511  7305  6400  9680 11230 10143 11572  8917 12707 13158  6902  3777
ch   14:   7874  6668  9880 14819 12144  4332 11311 13674  8879 15441 15373  9157 14225 13633 11753  7951 12385 11450 11658  9548 11466  9806  7692 13506 11750 15004  8061 10654  8759 12089 10690  7462
ch   15:   9642 12709 12096 16827  4927  9970 17085  6054  8911 11244 15121 11278 11315  9413  7798 13658  9933 10664 11402  9123 11536 14214 10709 10110  9449  6220 10273  8985 11097 10051 11139  6260
ch   16:   9512 10915 11918 17773  4862  5694 12294  9877 16524 10686 11513 10732  9739 10165 12947  8074  9066  7347 12506  9093 10905 11302 12056  7513 13068  7901 12846 10132  8665  8564 10268 11343
ch   17:   9398 13936 11631 11317  6344 11546  9022 10635  8000  8904  7731  9519  7970  8939 11747  8343 13151  7977 10054 13393 13154  8123 11011  8175 10739 11007  6090 12053 11230 12350  9157 15890
ch   18:   7507  8617 12693 17219 17298  9023 14216  6331 12575 11904  5885 10082  9299  6418 12937  8053  9924 12002 14510 10213  6247  9507 10573  7829 10158  8830  7728 12610 14128  9059 11457 10832
ch   19:  11324 10369 11956 14859  7553  9751  5580 14643  7312  7458  8888  7894  6754  9704  6245  4595  9226 16830 10860  7470  8785 14741 10754 11583 10974 10293 10142 12667 12036 11582 12814  6435
ch   20:  10554 11738 13967  7958  9466  9573  7726 15077  7231 13780 14032  8860 11522 10199  5721 12103 11854  7720 12122  8579 13972  8627 11294 13119  6548 12762  6021 12319  7281  6162 12536 11806
ch   21:   8428 12152 17302  7397  7612 14913  5510  4819 12896 12481  7413 11656 10767  5924  9214 11299  7923 10439  9426 11090  5598  9922 14178  9626 12737 15795 13505 10644  9980 10714  9542  8364
ch   22:   9024 13113 14258  8244 11207 13399  4898  7191 10900  7135 12010  8017 10160 14601  6566  8689  5907 12963 10132  8911 12658  9840 11625 10252 10452 11188  8921 14848 11279  8349  8086  8790
ch   23:   9774 14646  7050  5855 10428 10308 10567  6352  9668  6466  9340 11862  8743  5577 18488  9520 11552  9107 11435  5118  8968  4998 10776  8930 10782 14078 12284 11259 12896  9241 10442 12204
ch   24:  12092  9475 16778  7630  9617 15109  7835 11531 16168  6941  9405  9916 11107  9168 11380  7572  9490  6710 13371 13142  6347  8962 11116  6087  9618  8138 12214  9949 13311 13603 14840  9358
ch   25:  13189 12209 16691  7805  9955  7410 10166  6986  7635  8029 14859 10993 14306 11001  7456  5804  6401  6996 13718  5031 10574 12517 10146 10944  7831 11331  8793  7695  8457 10273 11532  9921
ch   26:  12581 13913 11052  8957  9713  7954  9681  5869  8924 12298 10762 13032  9402 10781 11839  6288  9583  8986 10263  9588  7781  9278  6237  9218 12522  8654 12738 10496 10006 13659  9731 11361
ch   27:  11363 16151  5400  9269 13507  5989  8906 14618 11462  8509  7645  9923  8927 11230 13107  6157 13151  6340  7904  8312 12256 12457 10941  6829  7835 12777 11536 11473 10679  6117  6567 11947
ch   28:  12199 15219  7698  7650 13750  8065 13448 10708  7264  5352 10048 12151  8390 11225 14213  8572  8519 12772 10703 15177 13860  7431 14992  8588  5893 10095 13006 15169 14803  9157  9517  7607
ch   29:  14463  6317  8883 12506  7423 10963 11096  9196 11420  8068 11332  8502 10208 11041 16370 10098  4550 15839 12740 10414  8599  7631 10225 11205 12186 11914 12965  6283 10231 10366 11477 11071
ch   30:  10651 14814  8134  7945  5606 13382  4867  9294  5349  6279  7586 12532 10450  5525 12285  8537 12336 12189 10570  9911  7963  7426  6837  9675  5663  9533 11075 13235 11574  5679 11875 10565
ch   31:   5516  8437 12002  2970 12697  8114  6786  6247 15756 13757 11371  5038 12941 14817  9272  8908 10437  8128 10493 13524  9457  2665 12033  9320 14343 10391 10058 11596 14590  8182  9860 10457
ch   32:  13750  7189 11638 15183 10287 11300 14184  8917  4045  8454 12765 11933  9124 14043  8312 10351 11166 10906 10973 10370  9708  8330 10024 13505  9266  9391  9520 12205 11328  8821  8587 12454
ch   33:   4574 10552  9710 10052 10906  3796  4907  4757  9200 11327  4961  6843 14230 12405  9576  8897 13211  8766 12655 12551 12826 12388  7868 11698 12435  7989 10352 11486  6593  9082  7061  8836
ch   34:  12558  7780 10123 13444  8996  3282 10284 15502 16673  5053 12889 13481  8826  9222  5582  9611  6686 16326 11603 13491 11646  5711  5907  9768 11502 11359  3177 12667 13704  9404  7534 11830
ch   35:   8881  7516 11618  6994 11420 12445  7329 13339 13434  7659 16508 11357  6527  6070 13938  9173 15556  7781 14425  7563 10219  9428 12877 12315 10170 11837  7556  6692  7558 11581  6705 14851
ch   36:  13399  4872  9962 16046 13115 13394 13697  7483  8995 11949  9213  8148  7585  8111 11830 11417 11369 10791 11606  9111  5886  6436  8722  5904 12411 10892 11236  9969  6648 10102  9848 13613
ch   37:   5441 10544 12240  4797 12129  9339  9712 11001  9604 13449  8981 14272  8011  9252  9149  7004 12002  7383 11411  8924  8300 10670 13167  8306 11760 10150  8561 15434  7549  9012 10493 13918
ch   38:  11410  8606 10274 10975  9230 12317 13175 10311  7245  7920  8820  6642 11641  4783 11501  9270  7966  9434  8672 11291 15488  6190 12395 13110 11635  9728  6334 11538  8033  7585  8732  9043
ch   39:   9366 10902 10113 10451  8599 11824  9138  9226 14082 10285 13724 14075  8737 12448 10891 14864  9951  8424  7709  8378 12665 12288  9972 11254 11864 14256 10275 12884 12877 11617  7514 11705
ch   40:   8095 10822 10203 11909  8111 10589 12276  7353 12765 10311  7258 12912  9232  9392  9060  9600 10186 10707  8291 11428 11723 12455 12026 14299 11973 14330 11507  6893 11088  5913  8405 11403
ch   41:  10467  9217 12555 11709  5645 11420 12319  6500 12174 11235 11292 10958 15413 11030 13068 10876  8828 10532  9533 13127  9265 11093 12446  7840  2971 12944 10426  9827 11703 10716 13384 12203
ch   42:   5617  8930 13571 13185  8658  7048  9666  8252 13087 14026 13225 10128 15298 14557 10289 13232 11640  9470 12630 10306  8780 14482 10074 10449  9693 12961 14721 10762 10308 10995  8207  7409
ch   43:  12594 11218  7620 13117  7897  8666 10472  5771  7553  7145 13279  6804 16621  4752 11192 12277  6032 10844  9893  8542  7081 11927  7905 10855 11768  9334  6349  8955 12508  9702 13138  7159
ch   44:   7246  8585 14021 11204  8839  9879 13733 12533  5851  9365 10552  9663 11779 10363  7675  9633  8342  3524 12563  6851 12449  6860 12411  9754 10816 11212  7138  9136 15523  8180 11992 10009
ch   45:  10379  7678  8936 10431  9540 12437 10968  9568 13488  8219 10978 14138  7173 10582 15670  5133 12258 12415  7983 11672 11425 11459 10957 12327  9530  5709  6588 10607  7055  9122  8008  8421
ch   46:   5752 11834  6993 11231 13928 13622 10902 13586 10773 10951 13885 11613 10907  9923 12181 13211  7437 12398  9689  9714  5753  5605 12833  6251 10919 10281  9709 11831 11256 11200  9011  7016
ch   47:  14791  9904  8352  9800 13648 12625  7109  9868 11325  8741  7456 13507 12717 12110  6088 14415 10266  9499  8219 10631 13974  9343  9758  9324  7216  9319  8942  8707 14170  7613 14575 13202
ch   48:   9614  6598 12345 13195  9883  9221  8269 15039  4269 11015  9486 10202 11831 11630 11669  9373 11484  7455 12303  8931 12724  9180  8100  7280  5751  8801  6374 12133 10714 10846  4980  9023
ch   49:  12525 12779  9387 13057 12200  6508 10677 11117 14133 14689 11258 11400 10216  6932 11595 10367 10308 10688  5123 13226 12849 13891 12409  9741 13552 12995  7663 12161 14798  8732  6922  9325
ch   50:  11831 12752  4674  7011 13959 14944  7862  5466 13951 11795 13367  7595  9349  4782  5043  9005  8203 11956 11014  8122 10486  9365 11926 14007 12118 12339  7410  5816 11855  6424 11244  9506
ch   51:   5402 16344  9407  4548 10475 12906 10942 10842 11545 10742 10266 12935  9254 11533 12206  8853  7662  7612  7448 17256 11064  9022  9847 15792  6693 10911  9022  9796 14703 13863  8808  9274
ch   52:  10214  7863  4473 13849  8552 12206 12617  9030 10631 14986  9676 16422  7589 11029  8519 14594  7232  9293 11454  7808 13697  8620  5450 11883  7477 11876  9735 11520  8177 14526 10137  7717
ch   53:   9232 13885  8265 12569 11803 13110 11621  8112 13801  8994 11580 12207 13185 10926  8522  6302 10598  9743 12491  8090  8929 14704 14076  4371  7391 15302  5866 12813  7747 10027  9556  8880
ch   54:  17695 10188  7209 15259 10692 10024  8043  7398  6096 11398 11613 14311 12240  7608  8607 13997 14508 10278  7194  6344  6932  8145 10511  9665  7769  7901  8169  5780  5600  8562 10231 11659
ch   55:  11159 11844  7901  5822  9044  6252  6644 14449 12584 10267 11529 12084  8368  6194  7278 11985 13059 12725 13223  7936 12068  5599 14732 10898 12510 12630 11918  6815  8777 11026 14063 11503
ch   56:   9026 14730  9525  6368 14741  8030 17674 10794  9733  7685 10127 13939 12967  6442 13778  7714 11073  6896  8239 12405 10704 11991  9276 10687 10341 12885  8182 15580  8177 13405  7367 12973
ch   57:   7816 15255 10078  7885 10785 11957 11736 15480 10657 11393 11473  9791 10977 12651  5820 14276 13113 11929  9742  7464  4253 10796 12191 13173 10555 11468  8392 16216 13284 11024  9796 16357
ch   58:   8390 10084  7530 11481 10638  7802 11669 11094  8501 12658 11366  9361  8914 12088 11511  6291  9252 11524  7972  7413  6192 11752 10800  9604 11261 11292  6437  4622 11781 13223 11376 14152
ch   59:  10777  9738  6310  7918  8580 10690 13043  4929 11196 11642 13333 14352  9559 10266  3273  9995 11820 12102  7247  9941 12066  5125 12058  9167 12148 13102 11475 16620 13186  8828  6596  7862
ch   60:  10887 11023 13131 12328  6188 11278 14555  7208 10257 15244 12454 12758  9525  5391 11273  7143 14008 10569 11507  2263 11461  7726  7625  9438  3728 11741  5176 12396 14251  7832  9903 10633
ch   61:   8601  8338 10517  8082 10651 12729  9603  6446 11161  9139 10486  7721 10247 10644 11270  9713 13606 10133 11577  5826 12954 10888 11779 12401  7241  8385 15147 12050 11620  8708  4252  8952
ch   62:  10341  7214 10893  7777  6461  7745 13103  7343  7780  9716 15684 11612  9847 14156  9397  9466 10822  7863 12417 14036  7048  6374  7305  9418 14804 11355 14582  4909 11857  6982 15166 13893
ch   63:   8127  9655 11990  8060  8289 10438 13110  6966  9375 14475 13070 13084  8749  3291  7392 12298 10388 14910  5324 10517 14410  8068  9973 11985 10152  9897 12794 12578 10911 10871  7381 14184
ch   64:  13634 11570 11106 10565 10231  9596 15947 14516 10871  8615  5608  7068 10314 16325 11470 10748 11238  6650  7357  9345 18574 13695  6025  8882 15439  9439 11630  7747 12826 10502 13795  5242
ch   65:   9477  9721 12041  9920 12304 10795 11370 11992  8751 10045  7479 14197  6783 15560  7642  7679 11657  8557  8123  7965  8746  6804 12989  9537  8231  7799 10038 12781  8389  7590 10933 13840
ch   66:  11603  7809  8533 12588 10930 11649 10257 11045 10680  8783  8494  5659 12178 10934  9126 13115 10913  8636 10595  9121  7550 12713  7856  8084 14499  4588 12667  7995 12112 11232 12161 10879
ch   67:   7236  6863 11557 14648 11495 10903  5514 13962  4624  7800 11558 11199 11948  8207 12606  8969  7623 11460  8094 12433  9757  9909  8772 11443 12369  9090  5781  4148 11294  8210 11555  9116
ch   68:  11276  6074  9960  8446 12666  6434  9697 11538  9300 13870  9752 10731  5117  8683 14676  8907  6741 11297 10823 12795 14857 14097 12510 10492 10964  9168 12058  8975  6141  9692  7841 11595
ch   69:   3901 10430 11973  8957  7643  8543 12811  7306 10709  8164  9157  7138 12280  9325  9949  8123  5324 14537  7308  9404  5133 11672 13870  6097  8966 11073 12645  9348  4896 10817  6305 13020
ch   70:   7023 10985 10329 13311 11816  5755 12076 16400 13362 13552  8588 17820 12692  6147 11277 15543 12965 14825 10259 11310 10019 11665  9974 12293 13954  8069 12450  9449 10527 14276 10865 14023
ch   71:   9200 10444  7875  5322  7373  6827 11752  6921 13559 10771 11937  8678  7479 10300 12755 11951 12017 12609 11746 13962 12878 12699 13835  9511 12236 12726  9349  9445 10988  9860  7647  9066
ch   72:  12049 13577 10810 11285 10270 11007  7137 12452 10842 10463  8096  8835 13400  8100 12834  9784 12981 12647 10366  9930  9650  8793 11760  6517  7598  8564 11746 12227 10345 15800 11685 13887
ch   73:   9771 11722 10754  8618  6978 14283  7779  7113  8827 12902  7889  5683  7315 11301 11929 12395  9592 11579 10077  8080  9624 14426  7557 10067 10742  9155  9713 10356 12854 10442 10883  9786
ch   74:  14311  6439 12696 12461 10253 10819 10331 10860 11242  8353 13476  7122 10314 12257 10430  9763  9626 11884 10504  7942  4276  9029 11970  8471 11257 13130 10585 10522  6900  9886 11398 10157
ch   75:   5933 10623 13150 14818 10551  8907  9378  8902  9499  9301 14668 10514  8024  9671  7120  9503 11603  8898  9792 12337 11725 11560  8680 10816  7800  8802 16832  9132  8258  8883 11803  8658
ch   76:  13796 12169  8020  8580 10577 12534  9127  7192 12121 12350 10976 14051 15379 11647  9659 12169 13050  8621 10211 10148 12601 14359 13515 11005  7123  8661 12303 10856  8018 11723 12331  6839
ch   77:  10439  9212  8997 10811 12366  9734 12866 13885  7209  8889 10350  8667  8681 10559  8605  8928 12005 12442 11591  6556  9842 12229  9511  9818  9789  8086  8153 11282 11011  5923  6435 10399
ch   78:  11397 12489 12789 11927  8612  8275  7776 11664 10282 11111 10516  6307  9675  8272 10933 11915 11172 11140 12917  6008 10302  9531 16535  9291 12178  9707 10736  9608 12670 15521 12238 11112
ch   79:   5859 12559 10292 15216 11227 10005  9278 10618 13942  9851  8484  7422  6503  4947  9645 12467 15159  4204  8842 11558 12936 10723  9342  7972 12779 13534  8296  9375 10491  8185  7288  4866
ch   80:  12075  9741  7314  6845 15389  8414 12103  8640  6196  7660 10271 14390  9333 13204  6804 11683 12721 10970  9993  5628 10113  5082 11613 13212  9648  9677  9652  5449  9734  5888 11542  7263
ch   81:   4762 12303  8666  9381  8955 10825 12011 11137  8693 13726  6950  8409 11183  7643 14122  9193  6204 11542  8435 11649 15159 10119 11629  7761 12358 11663  8404  8663  9247 13860 15977 12799
ch   82:   9231  9363  9833 10458 11010 10159  7014 14284  9567 14241  7612 12224  9417 11247 11028 13215 12927  8846 12071  8505  7397  9862  8977 11186  9515  9425  9257 16560 11651 16385  7073 14343
ch   83:  11972  9223  5057  8761 11989  7112  4024  4737 10694  9178 15976 10408  8668  5737  5043  7632  9903  5682  6957 11641  8175 12040 11659 10665  5535  7824 12010 12196 12281  7370  9082 10607
ch   84:   9594 10226 10686 10147 12091  8090 10115  8107  8663 12830 11624 10586 11682 10744  9107 14360  8004  6445  6377  6763 11693  9250 11927  9936 10289  9756  8553  9903 12762 12672  7659 11868
ch   85:  13852  7885  8760 12993 14276  7840  7902 10324 14905 10425  9539  8293 11475 13036  8465  9158  8853  6888 12339 14610 13897 10552  6322 13350 14451 11483  6371 10145  8618 10870 10256 13800
ch   86:   8731 13201  9181  8714 11175 11106 12365  8891  9471 12710  9826 12518 14078 13053 12271  9650 11709  8286  6047 12036  9512  8941 14350 11920  9418  8844 10948 12126  7586  7136  3867  9914
ch   87:   9934  8862 13436  8302 10566 12327 13499 13971  9240 11486 12652 11011 11957  7449  8661  8221  9857 13296  4905 13501  7870 13480  6821  8277 11687 10809  6465 11657  9364  8127  9619 14304
ch   88:   5257 11016  8310 13977 11146 11871  9717  9376 16043 13486  6011 11720 10051  8854  6214 10629 12931  9717 10307 12476 13696  6725  9104 13225 11073 12298  7201  9307  7634 12238 10029 14624
ch   89:   9695  6546  4254  8440 10608 13536 11986  8957 10807 11125 11697 10192 10047 11963 11615  3160 10398 11026  6233  4026 11748  7342 10553 12934  8835 10231  5382 11033 14982 14355  6553 10954
ch   90:  14055  8063  8214 15072 13328  8321  6041 15915  7688 11871 12017 11958 10264 10795  9634 12734 12187  4985  9022 13892  7262 13143  8043 13509  9571  8467 13951  8864 12553 12270 11896  8698
ch   91:   6476 13346 16126 10850  6083  6266  5431 11495  7597 11683  7259  4754  8689  8724  8632  7514  7046  6638  9869 14057  8334  5364  9430  7613  5167  6715 11967  8392 10291  6279 11727  8942
ch   92:  12121 11151 13906  6646  7401  7212  8549 12776 11145 13742 10877 10421  9654 14702 10337 10780 11842  9694 13221 14154  9372 12097 11522 15311  6294  7910 11527 10077  7438 12611  9279  8789
ch   93:  12338  7676 10241 11419  6482  6821  9059  5057  6866  9337 11250 10496 11161  7323 10637 12246  7155  9601  7373  7674  8551  5958 10626 13186  9557 13295 12430 14054  8601  9397 13079  9791
ch   94:   8305 11231  9822 14189  9761 12208 14824 15578  6982  8075 12340 11331  9989  4399 12885  9410  8656  9113  8804  7494 11454 12766 14951 10548 13091  6745 12436 12513  6780 13532 15055 16388
ch   95:  11724  9472 12848  6090 11441  7864  9827 11036  9522 15797  6883 10262  6875 13613  6164 11807  8388  5871  7222  6253  9715 11066  5827  8041 11586 12132  8746  8419 10132 13176 10996  8039
ch   96:  15900 12404 11770  7434 13139 11913 10446  8199 15911  6948 11808  6806 10387 13366 10983 12224 11900  5630  5426  9100 14155  9708  8571 12387  6487  8018  7857  9401  9154 14953 12098  9913
ch   97:   7749 12377  6168 14711  6707  5922  8299 13746  6525  9440  8798 14998  8319  4801 14252  8433  6822 11454  8310  9547 10513 10977 13144 15132  6855  9308  9661  8421 14457  5110  5581 15261
ch   98:  10200 14080 13139 15096 12000 10065 13787  5788 16640 10911  7488  8197 12572  7120 14243  7483  9868 12615  5515  9033  8719  7136  4982  9827  8807 14115  5123  4811 12008 11647  8153 14964
ch   99:   9860 11572 12083 11085  6902 10835  8423 13645  9183 13617  7747 12727 13990 12497  7687 13567 11946  8341  4024  7278 12926 12223 12787 10498 10697 12876 10529 15581  9080 12356  7237 13014
ch  100:  10479 14091 10582  7963  7913 10176  7366  6137 12028  8731 15521 10235  7039 10658  5386 10963  8468  4970  7618 11642  7583  9651 11500 10265  9864 12223  8053 12632 14633 10818 13568 12133
ch  101:   9173  9808  9304  9833  9727 12596 13520 10847 10318 11230 11757  9693 14362 11256  9451 10621  9666  7132 12187  8612  5159  6472 12810 14619 10396 10873 12752  6259 11007 12001 14138 10144
ch  102:  10107  6098  8714  9193  8280  7445 12913 11130 12106  8833 11524 10978 15234  9221 11174 10251  6339  7289 11239 13779  7619  7732  9578  9611 10618  7909  8470 10873  4295 11712 10485 10368
ch  103:  12328  9786  9920  9786  6876  6294  7779 13951 12727  9835  7399 11354  8644 11512 12366 14667 10065  9385  9460 13433 11985 15018 16292 10660  9420 10433  9637  9995  5680  9600  8823  8707
ch  104:  11251 14811 14963  6551 15536  7395 12983 13456  9457 10042  6813 14872 10230  9842  9144 10675 10768  9540 13186  8320 12768  8575  9688  9359  8329 12768  9395  8646 12909  7117  6959  8146
ch  105:   6277  7116 12480  9591 12815  9505  9890 10779 11821 10609 10352 10253 10724 14219 11653 11778 12633  5142  8432 12459 11477 14004 12681 11571  7247  8598 14527  9660 11987 14069  6709 12492
ch  106:  15379  6460  9085 13757  6397  5280  8413  6660 11675 11920 12156 11333 10253 11788  7076  8187 15536 13482  5140  6314 14926  6843 10878  8523  7224 11476 11914 10789  8550 12202  9484 11441
ch  107:   4634  4551 11051  5023 12107  9312 11226  7802  9872  8533  8981  8288  6169  5254  8142  7608 12177 11023 12843  8462 12668 11052  4904  6174  7054 10196  9138 11841 12104 12909  7847 10866
ch  108:   7012  5894  6407  5329  3546 12746 13413 10560  8505 11016 10329 12066 10346 15620 14604 11903 13381 12760 11557  8925 10247  9614 11125 10397 10554 11036 10221 14684 11188 14253  8758  7989
ch  109:   2432  8804  8362  2522 14212  8695  7808 11679 11120 15825  8750  5782  6421  9720 16489 15118  4448  9277 15484  9959  5084  9363 10631 11694  5820 11578 10831  8535  8771 12015 10463 16490
ch  110:  13400  8282 12545  6103 14995 11186 13509 12551 11981  9101 11411 12996  9880  8332 11373  8320 13685 11797 10732 11209 12714  9683 13257  8770  8049  9652  9565  7612 11700 12531  8130  7150
ch  111:  14339 13281 12279  6639 12514 11099 14427  7310  8777 14946 12850 10426 10234  9709 11702  7853 12041 15183  7393  7302 11542 10612  8055 13803  9457  6770  8881  8518 11175 10092 13897  9738
ch  112:   5389  8851  7040  6301 16506 12080  7178 10235  6443  9884  9461 10787  4945  8398  8653  9079  8391 13762  8450 11471 11717  9954  9449 10586 11918 10037 10561  7041  9652 10274 11157 11651
ch  113:   3363  6110  7151  3150 11507 11171  6486 10355  5550 10306 13112  9566 11856 13776  9807  7567 13145 13240 12936  8395 12020 13806 11483  6828 10391 11948  8172  8822 11720  7398 11679 10527
ch  114:  11938  3711  5311  4766  6057 10870  6845 10626  5203  7263 12156 10626 12061 12312  7097  9695 11632  9247  9928 14456  9963 14684 10128 11039 10660  8717  9760 12349  7646  9730 10217 13820
ch  115:   9238 11452 10501  5710 13835 16039  8436 10936  8321 11272 10568  9342 12177  8375  9819 11536  9652  3904 13156 10504 15681  9049  9084  9338 10718  7319 12393 13849 11462  8090  2618  7090
ch  116:   9353  7415  8633  9954 14149 10955  7458 11524 12247  8072 15199 11290  9710 11567  8270 15101 16213  6917 11266 12198  7574  8668  8205 11255  9020 11545 10181 12995  8453 11203 12970 15183
ch  117:  12621 12651 15108 11472 10217 10392  4245  8510 10099  5019 10934  6114  8879 14160 12376  9072  8348 12450 10655 12632  6968  9874 11341 12525 10009 11432 13442  7425  7599 10408 13149 12081
ch  118:   9895 10678  8356  8428 11250 10820 10707  8335 10869  7874 13380 10433  9904  7401 10547  7562 10378  7029 11659 10288  7100  9973 14041  7843 12523  9436  9853  8421  9783  5330 10998 10837
ch  119:  10570 15114  8834 13229 11715 10063  9377 11237 10523 15570 15121 12336 12022 11681 12016 13403  8070  9001  9304  8587 11531  6353 11607  8381  7569  9185  7811  6107 10370 14711  9667 13739
ch  120:   3029 16260  8080  9123  7021  8021  9625 13991 10490 10708 10702  7963  7353 12886  8784  3327 13600  9106 11539  6047  9985 12580  5284  9887  9931  7073  7318 12063  9117 11567 13024  4202
ch  121:   9562 10646  9324 10210 11687 12383 12873  9667  8094 10087 10114  8311  8898  5163  9243  9651 12339  8340 10969  8862  8659  9466 14957 10396  4481 10517 11993  7863  9719 10672  9805  9780
ch  122:   7834  2959 12650 11230  7540 10817 11822 11938  6960  9827 12287 11264 10286 14261 11190  6789 11061 10666  6891 12354 11412  9836 15005  7174 12190  9869  9574  9706  4999  7448  8850  7248
ch  123:   7162  6535 12043 10388 12402 11183 10548 10300 11246 11147  8667  8784  7559 13982  9483 14577 12239  9706  7979 14755  9588 10270  9440 10102 10000  8629  8879  9387 10206  8308 10164  7736
ch  124:   8975 11462 11152  8292 13350  7152 10368 12663  7510 14779  7599  9646  6625 11660 13803 12446 10610 11047 10942  7664 11221  8780  9382 11822 16110 14286 10402  8956 11344 11666 11166  7826
ch  125:  11315  9713 10227 10795 11860 12469  9558 10777  9895  9055 11079  8436  7088  7337 10039  6689  9857  9468  9784 10074  9651  7478  9539  8489  9314  5320  8748  8860 13344 11537 15308  8197
ch  126:  13082 13117 10869  7758  7935  6544 11837 12430  8786  8163 15158 11319 13917 11689 14058  9647 12277 10595  7571 12203 10638 12531  9882 15980  7224  9200  8579 12028 12884  8114  5742  5214
ch  127:   6684  7342  9323  8801  5937  8595  8486  8664  7722  7645 11246 11831  8967 11047 13777 11607  6307 13273 11574 14755  8003 11295  5669  9090 15675  9390  8804 10587  6595 11339  5819  7336
