ch    0:      5    10    24    36    69   120   175   321   474   682   922  1562  2101  3474  4402  6107  8776 12577  9791 12475  7243 13046 11752 12794  8469 10109 10975  8684 12812 13070 10009 14729
ch    1:      0     0     0     0     0     0     0     0     0     0     0     0     0     0     0     0     0     0     0     0     0     0     1     1     1    10   145  2112 14649  5078  8311 11695
ch    2:   1700  2093  2534  3345  4242  5166  6250  8117  9931 12903  4910 10680 10131 14329 12995  7156  6471  6975  9036 12825  8363  9139 11701 11969  5334  8520  8881  8157  7468 12980  9910 11134
ch    3:   2166  2763  3585  4477  5516  6607  8201 10336 12247  7011  7619  9032  9655  7733  4228  8590  9173 10951 16838  8824  6835  8440 12463  9103  6020 14644 11011 12098  9394 10741  4553 10883
ch    4:   2275  2924  3857  4880  6062  7886  9433 12282 10462  6727 12140  9734 11576  8440  5113  5652 13330  6770 13942 12968  8101 16512 10413 12245 10556  6778  4062 10269 10246  9902  9496 15595
ch    5:   2987  4175  5282  6589  7960  9933 12157  9995  9613  7990 13738 11983 10906 10950 13009 10400 11077  7838 14044 11564  5362  8606 13016 11739 15128  7279 10651  9062 10628  8575  9422 12090
ch    6:   2697  3228  4348  5534  6834  8969 10812 10370  9771  9947  5062 13444 10680  9367 12349  9858 10866  6985  6538 10660 10059 11300  8807  5015 15556 12196  9637  7278 10293  9570  9823 13601
ch    7:   4159  4953  7014  7783  9992 13229  7796  7637 11786  6641 12800  6340  7941 15802 13138 16064  7841 11832  8021 10892 10317 11604  7578  5502  8713  7056  9340 10036  9059 12576 10349  9939
ch    8:   4694  5328  7071  8776 10333 10219  9316 11006 11879 10651 10179  4861 12887 11530  9570 11613  7642  7653 13452  6247 10181  7014  7094 11963  7576 10454 14669  9101  7754 11040 10520 10730
ch    9:   4956  6433  8160  9634 12389 10569  6163 10211  9580 12936  6867 11225  9499  9621  5943 14011 13223 15015  4951 13185 14063  9900  5321  8030 11352  6513  8481  7140  9531 13756 11675 10865
ch   10:   4230  4871  6658  7875 10986 12876  8901 10538 14925  8779 10043 10937 10074  9834 10741  6639 10869 14219 13197 13458  8817  8850 10868  4982 10470  8401 10523  5653  7267 14395  9105 10621
ch   11:   5644  7363  9954 12731 10295 10277 10703 12031  7472  9975 13782 11021 10072  9474  5725 11075  6292 14763  8578 11546 13898 10242  6869  6497  4071 13127 11069  4771 13630  6318 11471  5866
ch   12:   5832  7618  9477 12942 11757 11393 10018  7409  7549  8033 12943 15606  8457 10886 10303  8768 10348 12404 12349 16485 10153  8215  7203  9051 17623  7598  9404  7323 10945  6427 12071 11522
ch   13:   6522  8589  9990 13130  7357 10381 13896  3943 13948 10444 10506 10383  9969 12164 13114  7791 10589 11592  5645  8886 13200  7751 12308 13163 10874  8482  9483  6908  9774 13462  8417  6603
ch   14:   7147  8778 11374  9913  9450 11940  9309  8603 14097  8633  6102  8736 11583 11040 10093  8198  9146  9798 12433  9671  3972 12723  9634  9811 10881 13240  6897 11944  8560 10187  8929 14178
ch   15:   9947 11802 12152 12685 12245  8081 10576 11770  8128 15334 11803  9229  9982  8325 12935  8208 14628  8951 13381 15154  9499 10592 11915  8746  8568  9355 11450 12169  7896 12147  9421 15946
ch   16:   9510 12279 10704 10705 11363  8152  8830  8236  9719 11196  9666 10471 14512  8345  9825  5798  8045 13103 11596  7512  7903  9187 10319 13978  9315  9638  8271  9340 12990 12206 13451 11123
ch   17:  10382  9826 12802 12224  7665  7749 12160 10430 10241  7404  8897  7745  9559  7714 12144  3916 13446 13887  8281 11919 12230  7935  8990 13691  8553  6991 13171  9938 14173  9434  9894  9426
ch   18:   9383 12095 10015 10545 12650  5206  9528  9427  9934  9603 10556 13905  8282 12308  5065 11018 10875  9470 10950 10466 11767 11842 10978 11694  7948  7253  8761  6246  9097  9244  8969  7788
ch   19:  12020 10710 10334  9968  5528 12281  8682  7650  7700  6343 13286  5936 10549  7484 11419 12022  9643  9767 10281  6296  5986  8855 10285 10137 11973 13669  6196  7744 13030 12143 11412  9105
ch   20:  12381 11212  7612 11424  9855 11759 13879 10283 10948 13741  8105  8960 12150 11755 13130  8571 11592 12352 10653  9484 10974 12152  9754  9139  8177 11819  8488 11749 11960  8540 13752 12009
ch   21:  15208  7886 10075 12377  5609 11262  5643 11016 12529  4285  6158 11939  8650  7924 13259  9654  7859 10288 10673  8877  9864 11681 11553  5205  7130 12920 11104 13289 12350 10203  7655  5919
ch   22:  12763 15672 11169 11765  9669 10733 12398 10205  9680 14869  8438 12456 12307  9092  8787  4820 10128 12174  8843  9729  5975 11725  6485  5559  9409 13717  6680  8534  8269 12145 14922 11317
ch   23:  12084  8901 13616  8458  9342 14903 11776 10304  5311 10536  9039  8192  8609 14391 11446 13433  6426  8284 13100  9263  7008  8635  8629 13822  8741  9112  8298 13225  8376 11146 12807  9711
ch   24:  13431 13000  9776 10395  8521 10849 12118 11558  8867 11960  9599  9595  4399  8414 12253 10861 14048  3840 11199 12874 11142 10028 12361  7511 11504  9834 10184 15089  7214 11369  8563  8889
ch   25:  12082 10877 10051  9284  9754  8877 10361 10557  9669  8473 11112 10054 13770  7239  6124 12134  9316 13133  9354  6833  8556 13146 11577 11458 13363 11845 12858  8642  9824 11676 10912 11213
ch   26:  14890 10770 12024  7053  9556 12820 10422 12550 10587 13657  6211  8030  9933 12771 12330 10510  6738 15735 10205 10519  9894 12182 10280  9970 10931  3963  6342 13068  7697  9062  8603  9535
ch   27:  12564  7725  5677 12051  6271 13118 10329 10273  9404  8712  8041 13326 11058 14407 12499  9153  3063 12421  6897  9801  8749 15011 11010 11053  9449 11540  9561 14345 11356 10146 11493 11824
ch   28:  13998  6599  8127  8685 10594 12163  8359 13164  9193 10868 11220 15686 10933  8916  6327  7553  8583  8422 13825 10710 14803  8833 10662  6811 11955 10265 13321 12123 18521  9017 10958 14203
ch   29:  15879  9370  7820  9795  5772 11893 11251 12732  9409 12464 10274  7948  9773  7602 10701  4230  7792  9096 12275 15532  7027 13203  8910  8035 10753 13360 11473  8893 10392  4626 12638  8305
ch   30:  10272  7749  9690 12226 10205 14457 13877 10918  8859  6830 10695  7128 11803 14874  9624 11742  7770  8400 10093 12740 13194 11250 10602 14418 11516 12670 10700  9321 11510 13139 12642 10303
ch   31:  13383 10390 11198 14328  7557 15010 13407 15262 12074 10119  8916 11622  8350  9713 14726  4422 12075 14480 12215  8253  3693  6117 12027  5795 10264  7945  6667 12698  9603 13703  9349  6237
ch   32:   9997  6874 10462 11184  6808  7286  9667  7491  7840 17064  5157  9830 10677 11120  9704  6153  4505  8735  8898 13879  5784 10790 10224  8734 10662  6764  7753  5718  9081  9428  3451 13313
ch   33:   9703 10088 11058 11700  9400 12426 13134 13750  7119 14803 10153 14126 12436  8210 14444 12965 10032  9453 10236 10960  9253 11140  7022  8280 11594 12240 12689 14969 12234 10807  7386 11585
ch   34:   7325 10181 11464 13261  8961 10979 11125 11244 12208  6500 11734 12397 13999 10184  7980  6309 13352  7114  7981  8208 14020 11785  7913 12214 13404  7691  6171 14737 11364 11386 10219 11588
ch   35:   8527  8680  8609 13792 10871  8611 12309 13259  9617  8489 10809  8402 11040  7965  9192 10798 10754 10038 10893 11283 10048  8874  5066  9102  6340  7652  7359  5590  4693  9670  9688  8488
ch   36:   5687  9333 11279  8758  9193 10748  9021 11381  7114  7033  9174  8838 10354  9615 15064  8859 13136 10844 13035  7161 11759  9481  8492 10260 10780  4703  4613 15804  9720  8605 14322 12052
ch   37:   4767  9878 14242 12222 10583  8943  9392  9286  9295 12027  2790  8158 12214 11011 10682  5401  9680 12611  5739 13240 11482  4790 14438  9250  9508  6878 15333 12516 12347 10491 12344  7769
ch   38:  11094 11259 11174  8501 12701 14075 13740 11689 12852  7755  8652 12143  6413 11074 10029 15211 12098 14004 11304 12282 14923  7639  7919 12259  9564  9732  8938 12171  8136 12307  6498  7558
ch   39:   8878  7990 11855  9555  7829  8543 12693 10174  9072 12738  7832  6856  7295  9548 13740 14109 10567  7015 12168  8817  9975 11827 15934  9150  8899  5648  7713 12889  9030 10443 10875  8386
ch   40:   6832 12030  7070 12749  9622 10916  7172 10267  9724 11204  8324  7373  4881  9761 12710  6989  6480  8478  5716 15487 11301  9413 13582 13383  9463 10131 13563  7192  7963  9643  6428  8926
ch   41:   7302 12973 12851 13027 11272  7166  8802  9943 12502 13140 10255  6385 11070  6595  9874 17544 11511 10104 10345  6015 10493  7955 13168 11786 13932 12436 10825  9885 13108 12810 10142  9268
ch   42:  12587 11463 10255 17229  9456 10427 11522  6740  9686  6242  8583 11744  4723  5885 10325 14239  9482 14669  8139  9284 10615  5581 14412  7378 12905 10656 10689 14901  4082 12494  9527 10459
ch   43:  12485 11448 10216 14002 10459  6945  8127 11371 11562 13329 13599  9168 10280 10311  9679  6913 11527  7140 10797 13106  8815 15933  6994 12933  8715 11389 11827 11193 13445 15447  5017 11623
ch   44:  11539  7461 11056  5444  7632  9658  6944  5489  9430 14538 13480  3226 13847 14859 11262  4702 13321 12007  8093  8163 14703  9892 13841  8823  9252 10875 13058 13498 12635  9525 13593  7476
ch   45:   9949 10569 12342  9787 13929 16981  7055 12120  8446 10470 12568  9269 13942  8525 14127  7699 11598 10266  9298 14515  9903  8389  4164 10542  5231 10397  9493  9516  9202 11867 12192 12735
ch   46:  11305  8849  8385 12335 14927  7413  9995  7845  7989 11196  8631  8355 12974  9443 13151  7132  7311 10756  8545  9318  9204  9212  9627  7856 11876  6905 12547  9095  9683 14266 13530 14868
ch   47:   8379 12327  9746 10947  9449 13124  9029 10169  8021 15739  9422 13280 13841 13852  9969  6834 11482 13049 17084 12041 12741 17148  9780  9974  9643 13271 11262  8190  9782  7098 12321 14666
ch   48:   9614 11700 12511 10186 16570 16284 15190 12632  9043  5604  9094 11956  7145 10409 13625 13893 10918  7256  7552 12093  8824  9281  5703 14245  7950  5550 13302 12566  8370  8742 13717 11603
ch   49:  13906 12771  7842 13342 16885  3921  5075  7735 14119 10346  7602 11123  9934 12555  5488  8376 14128 12488  3566  7628  9869  7418 15087  9603 10686 12156 10098 10146 10218  7982  6080  8101
ch   50:   8710 10147 10684  9792 15053  5035  7557 13533 14029  9397 10698 13292 13723  9449  9691 14077  9414  7571  7706 15024 11104 12096  7225  8019 10380  7921 11483  9869 11907  9750 10402  6341
ch   51:  14704  6474  9665 14556 15355 12838 10421 10892 15994 11003 10190 13058  8594  7436 12922  5653 10933  9716  6611 13232  9886  6709  7901 14288 11098  4070  9935 13948  8967 14681  7076 11997
ch   52:  12040  6756  9483 11327 11420 11241 13687  8205  8914 10442 14027  5169  5746 11773 12313 11880 13024 13137  8185  9090 10321  8729  8171 12112 13003  9825 11766 10239  8259  9379  7845 11555
ch   53:   9257  7714 13270 12026 11149  9481  6597  9079  9587  7387  9007 10709 10502 10330 13749  8368  9588 13602  6895 14159 11299 13475 12319  8113 10817 15961 10019  8110  7637  6428 10525 10137
ch   54:  12407  8573  6990  9360  7877  7534 10320 10645  7498  9540  9868  6080 12779 14175 10408  8293 12567  8648 10857 11455 13009  8835  7229  9895 11361 11063  7942  9553  7466  9271  4496  8715
ch   55:  12473 10378  9405 11989 10937 14496  8364 10217 11333 15041 10239 11231 12284 11124 11216 12266  9071  8623 10754  7710  5408 13885  6478  6689 10894 12110  9584 10233 10439  9177 13073  9324
ch   56:  10738  7804 10175  9255 11019  9051  7547  9277 11995 10161 10015  8651 11299  7584  8835 10558 13685  7681 10451 12840 10133  8509 10701  8084  6099 11911 11587 14300  8946  8481 13515  9651
ch   57:   6229  6750  9652 12407 10345  8928  9681 10762 12078 10616  9359  9232 10580  8363 10105 12561 10687 10596  9698 12351  3919 10753 12449  6764  9764 11575 10604  9934  9890  9039  5183  7902
ch   58:  10908 10395  7597  9713  7937 10047  9311  9995  6989 12273  8679  8360  9513  7440 10145 12388 13051 10309 10191 11666  7194 11149  8256  8911  9012 13288  6934  7866 11247  5060  8950  8528
ch   59:  10389 10041  8913  9765 13024 13546  9713 10592  5851  7640 15562  8504 12806  9882 13175 12002 11049 10907 13964 12200 12993 10264 11886  8259 12059 12082  7363 15238 11819  7816  6798 11863
ch   60:   9589 11845 12037  8533 14484  7795 14152 12585 10322  9795  9105  7055 11636 13485  9476  7789 12973 13449 13570 11283 11933 11682 11713 11398 10932 10991 11676  8426  9978 14614 11872 16933
ch   61:  11477  9887  7786  9435  6868  9730 13714 13075 10535 10908 13597  9944  8850  8245  9205 11509  9125  7783  8309 10618  9711 13334 10883 11947  5505  4577 12303 10155  9676  9469  4968  7876
ch   62:   9054 10065 12043  9276 13030  9721 11860 11518  9742  9745 12298  6978 10647  8199  7830  9346 14649 13433  6959 10130  3908  9358 13879 10420  4490  9186  6573 14775 10928 10253 10463 11810
ch   63:  14365  8653 11491  9775  7007  7821 12170  6245 10586 14939 15134 12664 10962  9323 13824  7871  9692 10576 14256 11668  6958 14249 12860  8336 11611 11524  5307 14801 11159 10580  7077 10707
ch   64:  12087  8517 10297  9551  8354 11887 10504 13106  7758 10151  8337 12911  3995 10858 11202  6224  8292 13945  6738 14235 13422 10916 12450 12765  8977 12078  6281 11804 11616 10459 10752  6473
ch   65:  13431 11303  8358  6947 10130 11001 11753 11292 10724 10641 10391  7731 11453 12347  5702  7303 13842 15670  7929  8005  9710 16644  7528  7857  3205  8185  9432 12535 15885 12577  4324 13648
ch   66:   8426  5759  5289  6068 12248  9603  8847  7418  9991 14060  7011 10180 13287 10139  8444 14833  5128 11587 12457 13512 11109 12656  8875 11581  6800 10846  5910 10513  4357 13988  7951 10850
ch   67:  10923  6496  7358 10589 13726 11680  7750  8344 11588  3856  8478  7052 10382  9497 10763 11129 11756  9258 11319  6732 16467 10510  9732 13130  6167 12235  9634  6836  9509  9871 14923 10612
ch   68:  12807 12218 13788 12525 15038 11426 13096 12255  6612  9371  6623  4365  8985  9770 11717  8421 15447  7004  7806  9493 13146 15738  9589  9358  9323 11849  8755 10016 14209 14670 12856 14011
ch   69:   4964  7306 16115 12794  7181 11403 10891  8664  9234 10858 10070  9870  9515 11859  8452 12602  9392 10312 12528 13271 10688 13922 11528 10436 10058  8349 10883  4268 12696 10216 10372  5976
ch   70:   7561  6930 13599 12478 15308 10737 14809 11278 10658 13851 10485  9338  7149  8753 10173  4411 10337  9538 10873 13958  7586 14251  7195  3781 13343 10469 12908  9379  6698  4869  8689  6959
ch   71:   9871 11107  9840 10748 16352 13816  6594 11256 12076  7723 13543  6494  8987 11378  8239  7847  7655  8701  8155 12577  9543 12442 12552  7722  8478 12976 14056 10351 10267  8578 13114  9218
ch   72:   6680 13963  9185  6581 10200 11579  7968  9632 11342 11864 10439 15486 10843 12861 12378 14829  9612  9733 11443 15245 10586 10591 13041  8780  9683 11302  7378  9772 12480  8409  9067 14011
ch   73:   6275  7881  7149  9823 15770 11392 10497 13964  9146  6221 13341  6316  7765 10335  9189  9267  4975  9917  3064 11892  8521 10800  7964  6198 12351  8359 10451 13855  8944  5188  7287 12706
ch   74:   6816  9060 11599 11194  8747  8807 10884  6793 13085  7401 12017 10960 11303 13967  9726 10518  7916 10109  5701 11398  6885 10787  6528 12374  9174 13408 11657  6524  5616 11496 11224 13366
ch   75:   8388  9111  7999  9628 12702  8672 12276  7045 15860 12612 12469 13804 11832  7170  2942  8072 14749 11513 10143  9847 10307 15633  5204 12307 12830  5931 10173  9797  6505  7694 12316 15502
ch   76:   8460 11914  8954 10105  6405  9574  6933  8147 12638  7325  4022  8927  6265  9031  7911  9934 13689  6501 10806 11868  9204 13615 13606 13468 11341 11355 12789  7884  7645  9404  8499 13038
ch   77:  11816 11847 11768 11433  9821 12179  9287 11278  8118 11833  7345 13867  8655 12240 15306 12756  6867  9422 13721  8381  7271  9880 11946  7548 12095 12587  9030 13014  7921 11854  9654 12635
ch   78:  12852 12792 12916  8731 11759 10484  8072 10467 10148 13701 12609  5961 10866  6403 11524  8212  7817  7077  6802 10750  9799 10263 10761 13898  9710 14176  6508  7329  8924  7666 13337 14605
ch   79:   8336  5016  9974 11778  8996  8172  8704 13239  9099 13364 11931  6251 10110 16291  4740  8073  8539 11824  9694 13340  7535 15554 11817  9170  8760  8559  8291 10088 12431 12742 14100  8182
ch   80:  10514  7427  7655 11815 12332  8437  8018  7973  7327  8763  7961  8311 11929 12540 10778 12137  9822  7785  8429  6486  9374  8487 14268 13298 13332 15615  9007  8872 12785 11484 10312  8048
ch   81:  12126 12311  9582  7152 12983 10346  7445 14581 15117  9547 10094 13253 10110 12338 10126  6404 12315 10678  9019 13145 14561 11446  7653  8512 11316  8838 10393  9270 11911  4990  6997  8809
ch   82:   9755  6903  7821  6184  8233 11469  8721 14476  4652 11582 11250  7928 13365  5635 12669 12472  8254  7504 12547  9636 15453  8154  6842  5739 15176  9808 13354 14018  7531  7436 12816  8926
ch   83:  10259  8781 14509  9313 13487 12991 11493 10360 10431  7285 10466  8185 13222 12641  9327 14843  6818 10881  8748 11206 10225  8762 12653  9526  7299 15505  9668  8824 12155 12586  9206  7340
ch   84:   8977 12042 11670 16309  8035  8667  6215 15489  7043 12936 10538  9094  8411  7429  8042 10959 10841 14486  8802  7673 11701 11838  8987 12591  9018 11825  8488  8593 10082  7874  7749 12353
ch   85:   9374 12449  4524  5843 13922  6381  7944  3293  8581 10121 11478 14273 11347  8150  5970  7497  8735  7342  6546  7240 13882  4851 16348  7801 11864  8465 10868 10368  9667  9214  6744  9655
ch   86:  11785 12509  9301  4375 10543  8516  8838  5221 12308 11547  7664 11309 13034 13213 14659  7489 11023  7254 12643  7300 10278 12338 10952 11684  9504  5307 12837 10353  7723  8475 11642 13087
ch   87:  10731  6124 11669  9028  8680 14233  9013  8561 11553 13486  8677  7275  7322  9336  5361  9611  8122 11007 10499  9202  8386 16737  5672 14148 11719 12544  5514  8090  6562 17579  9141 10448
ch   88:   9077  5215 11691 10551 12433 13431 11222  8233 12594  8344  9607  9977 11592  4368  5190 13972  7620  8460 10716  8667 11770 10785 10956 10656 11437  7119  9493 12695  7465 10276 10843 12030
ch   89:   9563 11165 12233  9900  9138  9183  9132  8666 13465  6577 11492 10357  9826  9928 10476  5611 10224 12066 13732  7279  6838 10195  8912 10373  6198 12497 13209  6221 11956 11295 14025  5085
ch   90:   7990 14083 15343  7839  6835 10343 10973  8818  9677 11836 10721 11348 12522 11744 14732  7037 13435  7214  8130  8262 12936 10978 12242 14982  7428  9017 11448 12035  8146 10370  8644  8946
ch   91:   6374  8626  9169 10209  6477 10316  6544 14225 11432  6239  9254  8450 14245  7359 12103 15020 10703 10241 14576  7008 10954  6599 10597  5724 12050 11490 10747  8074 10482 11770  4608 12068
ch   92:   8436 14517 10521  9976 10243  9071  8071 15634  8061  8955  8837 14251 11930  5885  8274 10982  7958 14925 13365  7678  9453 10454 12110 13590  8969  8666 13278  8174  8258  9373 10463 10334
ch   93:  10853 10683  7623  7324 13563  8845  7424  8559 12953  6994  8059  6825 10455 10530 10862  9739 13807  4127 12517 10787 13336 11427 10367 11698  8086 10581 11288 10825  8430  8637 11743 12734
ch   94:  10077  6200 11718  9571 11510  7975 13264 10822  8393 13861 12165 13960  9440  8782 11629 12734 12627  8988  7961  8343 10501 10631 12903  9843 13603  7349 13852  9739 10760 10087 10095  6946
ch   95:   9640  9508 10984  8987  7612 12253 14866  8837 16479  8575  6858 12990  9818  9531 12545  8077 11407 11179  9427  6319 13744  9544 10766 15690  6435  8994 12893  3421 11182 11203 10319 10342
ch   96:   6774  8447 12847  7697 15084  8846 10937 13115  6044 11980  8499 13336 11467 15323 14854 10180 13509  8099 11727  7606 11122  9136  6677 10846 13418  8207  9575  4555  8213  7585  2783  7936
ch   97:  10410 15465  9755  7665  6747 12819 13957 13543 10331  3334  8551 12201  8436 10625  9249 11715  7952  8306  9719  6162  6787 13477  8661 11029  9678  8463 10268  8795 10731 12596  9976  9411
ch   98:   9657 10294 12229  9161 13952  7313 15574 12099 12772 11827 15135  9119 11023 11067  5855  6587  6224  9626  9997 10403 15948 13491  9869  9127 15083 12864  3924 13949 10350  6977 13844  9805
ch   99:   7587  6053  8427  7216 10421  9726 12222  5478  8738  9235  9390  6888  8952 13931 10463 15347 11067  5424 15004  7930  5814 14730 12300  9028  6398 12294  4324  8666 14320  8477  6868 11791
ch  100:  11673  9620  9829 10398 10959  6916 11050  9251 11592 10663 14716  8653  6104  6615  8485  7852  7021 10651 11294 12029  8539 10887 11802  8815  9718 15047 10335 10948 12986 12446  7136  9461
ch  101:  10924 15513  7415 10781  9292  9159  7934 10467 13127  9176 12351  9838  8943 10791  9629 11422 10206  7021 13050  5054  7162 14445 11396  7055  9853 12162 13526 10913 12756  8629  7367 11372
ch  102:   7269  7070  7499  6431  9872  7637 12107 11239 14156  9821 11388 10572 11025 10794 14711 11481  6148  8177  8775  9261 14065 13448 12182  9193  9868  9147  8867 11571  9236 12658 13551  9079
ch  103:   7878 10463  9655 10875 14767 10881 15035 11457  6552  8111 11147  6558 11412 10708 14312 15261  7404 14594 10511 11052 13795 11453 15175 14264  4538 11442  7657 10529 13156 10036  9204  8673
ch  104:  11728  9069 10428  7603  9453  6285  6548  7142 12527 13760 10331 13141 15033  8639  6774  9304 10917 10494  8653  9476 14207  7666 10036  8021  9921  8147  5359 10320  7727 11415  5101  3837
ch  105:  12009  9770  9239 11754 10257 11546 12257  8476 11575 10233 10659 11034  5113  5132  9478  9228  9970  7493  7569  7522 16197  7278 13167  9350  8911  6661  8074  9822  6057 11395  4453  5838
ch  106:   9166 14964 10586  8193 13524 12548 12907  9977  4479 11711 10998  9558 11106 15034 11294 13972  8641  5157  9329 14946 11911 11313  4414  9058 11607 12450  9307  7153  5083 13618  6498 15454
ch  107:   9270 13104  7657 10031 10474 13647  7451  8424  8620 14386 12878  8554  7916 14507 16799 10586  4555 13105 11012  6960 11726  7391  7493 12153  9494 13445 12470 14727 10279  9834 10516 13597
ch  108:  11294 12248  9940 11512 10336 10373  8707  9049 14017 10526 12031 11380 13304  7812 10935  9046  8497  7222  5856 12406  9800  9421  7140  4170 12179  8489  7719  7383 10681 10806  7782 12892
ch  109:  10578 11666 12436 11025  8352  8036 14037  8663  6642 11329  9947  6824 10080  9631 12456  8569  9062  9185  9387  9915 14923 12408 15424 10907  9898 11401  9095 17178 11776  9673  9292  9562
ch  110:   7215 11140 10131  9337 15572  9544 14531  9223  9213 14798  5976  4855  9507  6739  9221  4734 16436  9057  7022  7913  4411 10688 12158  8602  7071 14194  9155 11129 10559  8805  9214  7766
ch  111:  10035  2986  9505 13290 12577 10361  6940  9400  8775 13711 12597 10344  6225 14728  9719  7003 10339  7411  9583 12046  9916 11672  9598  5300  4343  5893  8608  8994 11341 10406  9055  6951
ch  112:  13325 14212 10843 12197 12059 11106  8547 16927 11081 10685  8573  9512  8565  9416  9454  9286 11337  8858  7944  8730  6816 15166  8869 10394  7714  9585 11995  7354  9114 10065  6688 13346
ch  113:  14628  7350  8396  6246 14916  8655 11688 10809 11165 14688 10562  8464 11957  5561 10476 10974 12101 11428 10420 13639 12142  8853  7431 14269 10557  8582 10942  9875 12279 12385 11658  8772
ch  114:   5602  9610 12527  8898 13262  6697 11019 11583 12299  5339  9852  9537 11314  6921  9559  7309  9973  7572 12502 13066  6189 11904 12738  6155 12757  6256 11057  8668  9937  7597 11014  3886
ch  115:  13202 10224  9036  8508 12571 11826 12036 13011  9504 10554  7890  7743 11507 12843  8608 11992 13352 10441 11231  9977  7466  5475  9873 12282  9063  6918 13081 11908  5463  9394 10375 11361
ch  116:   8773 11248 10233  5267 13269 11409  8667 11162  3047 12389 10899 15053 14703 16945  9329 12203  8165 10209  9970  5178 10945  4922  9205 11126  7756  6700  6859 11061 10465  9788 10467  8394
ch  117:   5954  6215 10819  9847  8883  8473 13054  9333  9359 10918 12877 11835 11084  8550  8218  8527  7778  9353 10214 10703  6746 11629 12940 10886 10526 11531  7381 11698  5188  7320  5234 16466
ch  118:   9033  9023 14120  9132 13841 13003 13816 12538 12371 10375  5767 15219  8775  9745 10313 15822 10068 13243 13815  8096 14753  8986  1637 13564  9119  8184 12197 11757 10683  8248 11363  3921
ch  119:   5396 13652 11580 12107 15057  4625 10718  5667  9912 11022  7158 12011 11494 10657 11270  8373  7199  6894  9638  8621 11720  8464  8681 10008 12229  9189 10738  8424 11936  6525 10132  9243
ch  120:   5369  7795  9663 13792 12428  5268 11768 16342  7037 10342  8686  8068 15081  8148  7585  8420  9888 14467  7627 11536 14534  9788  8603 12508 11113 11567 10998 13526  3665  4802  9722  7488
ch  121:  11638 10505 12541  9154  9236 13555  6058 14966 13238  6786  8623  8284 14640  8548  9271  7649  8621  9316 11235 10971 10147  9028 11837  7003  6297 13364  9594  7747 11099  8697  7579  7878
ch  122:   9807  6802 10640 12073 10042  7286 10770 14911  5889  6253 13942  9916  7398  9696 10126 10821  7203 11771  5674  9854  8372 13235  8701 12954  7844 14433 12481 11401  9830  8847 11074 14289
ch  123:   6317 11897 10787 16442  7240  5261 11129 12414 14439 14459 11309 13041  8322 10999  6216  9174  5742  5372 12233 13618 11482 10914  6561  6690 10772  9289 11029 12269 11788 13125  5500 10711
ch  124:  12101 15502  7043 13471 12079  7158  9723 15231 16162 10610 11327  6227  9593  6433 16333 12218  9961  8996 10825  6598 10593 10740 10688 15138 10504 13112 13239  6951 11860 11266  6277  7186
ch  125:   4681  7430  9820 11831 11356 11820  9370 10321 13293 12464  9952  9051  6142 12825 10288 11090  9200 14776 11324 11607  9640  6284 12368  9854 12934 13101  8393 11919  8583  9072  5896 11470
ch  126:   7111  8325  9145 10447  8100  7765  8495 10330  4155  6556  6484  9269 11216  9684  7488 15071  4268 10799  3992 15057 13346 11792 14205 11436 12645  6288  8893  5436 11764 10203  5795  6574
ch  127:  12822  5995  6033 10556 10080 11804  9490  8288 10859  5799  9514 15787 14455 10507  9666 12310 15675 10256 11855  4399 13639 12863 10341 13070 13678 13531 13383  7434  7628 10807 12040 14000
