ch    0:      0     0     0     0     0     0     0     0     0     0     0     0     0     0     0     0     0     0     0     0     0    19   209  1335  7575  8727 12067 12149 11765 10237  9452 13687
ch    1:      0     0     0     0     0     0     0     0     0     0     0     0     0     0     0     0     0     0     0     0     3    26   165  1902 10737 12925  6910  9869 11588  9575  6963 14240
ch    2:      0     0     0     0     0     0     0     0     0     0     0     0     0     0     0     0     0     0     0     1     1    24   211  1279  7463  8537 11390 10855  6750 10875  5196 14328
ch    3:      0     0     0     0     0     0     0     0     0     0     0     0     0     0     0     0     0     0     0     1     5    68   564  3104 14443  9984  9020 12493 12935 11031 13073  7992
ch    4:      0     0     0     0     0     0     0     0     0     0     0     0     0     0     0     0     0     0     1     1     7   123   652  4751 15067  4339  8662  5623  7586  6868  7989  2260
ch    5:      0     0     0     0     0     0     0     0     0     0     0     0     0     0     0     0     0     0     0     2    11   127   826  5372  8237  8288 15645 12078  9162  8306  6817  8289
ch    6:      0     0     0     0     0     0     0     0     0     0     0     0     0     0     0     0     0     0     0     1    22   127   797  4872 11041 11068 14577 12495 10484  9063  7032  2447
ch    7:      0     0     0     0     0     0     0     0     0     0     0     0     0     0     0     0     0     0     0     0    16   137  1476  7952 11565 10593  3601  9514 11776 10778  9711 12241
ch    8:      0     0     0     0     0     0     0     0     0     0     0     0     0     0     0     0     0     0     0     2    23   206  1202  8721 12543  8818 10673  7024 12067  4566 12508  2894
ch    9:      0     0     0     0     0     0     0     0     0     0     0     0     0     0     0     0     0     0     0     1    24   100  1415  7958 11914 13466  6693  8887 10188  9852 10447 14021
ch   10:      0     0     0     0     0     0     0     0     0     0     0     0     0     0     0     0     0     0     0     2    21   134  1152  8031  9000 15103 10581 10089 12412  2550 13785  3310
ch   11:      0     0     0     0     0     0     0     0     0     0     0     0     0     0     0     0     0     0     0     3    24   210  1332 12018 10634  7364  8420  5373 12412 11692  5603  5974
ch   12:      0     0     0     0     0     0     0     0     0     0     0     0     0     0     0     0     0     0     0     3    12   258  1551 10165  9936  8184 13918 11258 14245 12601 12415  2729
ch   13:      0     0     0     0     0     0     0     0     0     0     0     0     0     0     0     0     0     0     0     3    25   309  1487 10647 12551  8979 10408  9543 13171 12107 10774  7869
ch   14:      0     0     0     0     0     0     0     0     0     0     0     0     0     0     0     0     0     0     0     3    33   175  1694  8218  9740  5808  7640  9883 13009  9195 13430  3179
ch   15:      0     0     0     0     0     0     0     0     0     0     0     0     0     0     0     0     0     0     0     5    48   332  3706 13313 13811  8759  9016  5649  8856 11253 11315  6732
ch   16:      0     0     0     0     0     0     0     0     0     0     0     0     0     0     0     0     0     0     0     2    31   269  3079 10384 11650 13377  9177 10712  9844 12136  9810  4464
ch   17:      0     0     0     0     0     0     0     0     0     0     0     0     0     0     0     0     0     0     0     4    46   319  2863 11074 12323  7590  8938  9349 10045  8287 13110 10112
ch   18:      0     0     0     0     0     0     0     0     0     0     0     0     0     0     0     0     0     0     1     4    29   586  2074 11866 11196 12119 12092 11046 12841  9191 10867  3914
ch   19:      0     0     0     0     0     0     0     0     0     0     0     0     0     0     0     0     0     0     0     1    81   485  3801  8758  5961  9524 12442  8043  8477  6772  6061  9817
ch   20:      0     0     0     0     0     0     0     0     0     0     0     0     0     0     0     0     0     0     0     3    33   348  2022 12359  5807 11165  8077  8586  9886  9506  8116  4680
ch   21:      0     0     0     0     0     0     0     0     0     0     0     0     0     0     0     0     0     0     1     3    47   428  2173 11765  4169  9996 11449 10960  9320  7810 11637 13583
ch   22:      0     0     0     0     0     0     0     0     0     0     0     0     0     0     0     0     0     0     0     8    50   541  3913 11774  5906 13271 12397 11603  9241 10899 12779  5294
ch   23:      0     0     0     0     0     0     0     0     0     0     0     0     0     0     0     0     0     0     0     3    52   403  5573  8689 11248  6098 17544  8455  8619  8791 12170 14215
ch   24:      0     0     0     0     0     0     0     0     0     0     0     0     0     0     0     0     0     0     0     4    58   499  4436  7262  5130 13446  9755  9109 10374 15316  9247  7383
ch   25:      0     0     0     0     0     0     0     0     0     0     0     0     0     0     0     0     0     0     0     6    32   495  2941 14259 14402  9430 11106  9846  7556 11269  8900 13071
ch   26:      0     0     0     0     0     0     0     0     0     0     0     0     0     0     0     0     0     0     0     6    33   751  3415  9341  8814  7485 16297 10521  9314  8354  7395  7601
ch   27:      0     0     0     0     0     0     0     0     0     0     0     0     0     0     0     0     0     1     1     5    86   357  5612  8372  7832  7711 11564  7166  9058  6491 11056 17965
ch   28:      0     0     0     0     0     0     0     0     0     0     0     0     0     0     0     0     0     0     0     4    78   596  5067  9218  5299 11835  8861  7206 10609 13862  9866  7584
ch   29:      0     0     0     0     0     0     0     0     0     0     0     0     0     0     0     0     1     8    76   466  3292  9443  8696  8338  8781 13396  6658  7898 11938  6710 10197 14547
ch   30:      0     0     0     0     0     0     0     0     0     0     0     0     0     0     0     0     0     0     2     9    49   940  4737 11520 12139 12287 13311  5640 11784 10017  6352 15147
ch   31:      0     0     0     0     0     0     0     0     0     0     0     0     0     0     0     0     0     0     3    11   108  1031  6312  6986 10468  5411  8871  8302  7726  5625 10358 11581
ch   32:      0     0     0     0     0     0     0     0     0     0     0     0     0     0     0     0     0     1     2    13   136   962  6250 13625  5199  9068 15173 14327  9606 14629 14791 15112
ch   33:      0     0     0     0     0     0     0     0     0     0     0     0     0     0     0     0     0     0     1    11    81  1104  6058 12022  4809 13536 12435  3266  6147  8313 14159 14269
ch   34:      0     0     0     0     0     0     0     0     0     0     0     0     0     0     0     0     0     0     0     6   126   663  5599  9010  9265 12641 12208  9457 11825  8215  4161  3156
ch   35:      0     0     0     0     0     0     0     0     0     0     0     0     0     0     0     0     0     0     0     6   150  1019  8504  9478  3195 10839 14491  6381  7610 12571  6440 17595
ch   36:      0     0     0     0     0     0     0     0     0     0     0     0     0     0     0     0     0     0     0     5    70  1030  6825 10141 13548  7710 10049  9989  9242 10746 10266 11866
ch   37:      0     0     0     0     0     0     0     0     0     0     0     0     0     0     0     0     0     0     1     8    90   799  7552 10480 13849  3701  6865  6890  6984 12058  7725 15620
ch   38:      0     0     0     0     0     0     0     0     0     0     0     0     0     0     0     0     0     0     0    15    89  1000  6471  9884  6994 13271  9912 11311 13727  7559 13318 10938
ch   39:      0     0     0     0     0     0     0     0     0     0     0     0     0     0     0     0     0     0     1    15   148  1507  8364  5995  5210  8723 11507  9290 10694 11925 11271 10401
ch   40:      0     0     0     0     0     0     0     0     0     0     0     0     0     0     0     0     0     0     1     8   173  1588  9113  4751 12738  8778 14596 14798  9680  9462 10526  7234
ch   41:      0     0     0     0     0     0     0     0     0     0     0     0     0     0     0     0     0     0     1    12   295  1135  9160  7119  8810 14091 10897 11113  8368  5892 14533  7950
ch   42:      0     0     0     0     0     0     0     0     0     0     0     0     0     0     0     0     0     0     1    23   170  1040  7877 12352 10448 11897 10892 10618 12090  8270 10161 14986
ch   43:      0     0     0     0     0     0     0     0     0     0     0     0     0     0     0     0     0     0     4    39   167  1450  7636  6031 12278 11528 14856 14189 14737  8648 11064  8320
ch   44:      0     0     0     0     0     0     0     0     0     0     0     0     0     0     0     0     0     0     1    16   215  1439  7602 10329 15179  9623 13356 10042  8215 10340  5560 10645
ch   45:      0     0     0     0     0     0     0     0     0     0     0     0     0     0     0     0     0     0     1    21   207  1748  9290 13947 14350 10127  4749  9379 13759  6554  7765 13913
ch   46:      0     0     0     0     0     0     0     0     0     0     0     0     0     0     0     0     0     0     0    30   311   971  7671  9825  8941  9354  8279 12959 13690  6667  8312  9548
ch   47:      0     0     0     0     0     0     0     0     0     0     0     0     0     0     0     0     0     0     3    15   203  2077 10751 11936 15703 11661 10695  9115 10037 10041  8421 12442
ch   48:      0     0     0     0     0     0     0     0     0     0     0     0     0     0     0     0     0     0     3    34   281  2403  8040  4635  8287 13045 13138 10761  8210  9263  9895 11652
ch   49:      0     0     0     0     0     0     0     0     0     0     0     0     0     0     0     0     0     0     2    12   125  1921  9106  7467 11415 11303 14832  8805  7523 11395  4657  8892
ch   50:      0     0     0     0     0     0     0     0     0     0     0     0     0     0     0     0     0     0     0    24   211  1413  8674 10672  6182 10492  9169 11670 11444 12619 10015  9590
ch   51:      0     0     0     0     0     0     0     0     0     0     0     0     0     0     0     0     0     0     2    17   256  2281  9974  9997  9716  8084  7358 10939  8525  7297  6703 11030
ch   52:      0     0     0     0     0     0     0     0     0     0     0     0     0     0     0     0     0     1     4    21   201  2269  8536  9538  8095 10132 13549 10589 11965 12041 11557 10560
ch   53:      0     0     0     0     0     0     0     0     0     0     0     0     0     0     0     0     0     0     2    26   193  1703  6768 11995  8705 11746  3658  7816  6130 11514 11747 13930
ch   54:      0     0     0     0     0     0     0     0     0     0     0     0     0     0     0     0     0     0     0    12   243  1349 12050 13856  9912 15599  9647  8970  4797  8398 15716 13890
ch   55:      0     0     0     0     0     0     0     0     0     0     0     0     0     0     0     0     0     0     4    34   272  2764 10480  9983 13417  9793 10467  7818 13269  9119  6067 14024
ch   56:      0     0     0     0     0     0     0     0     0     0     0     0     0     0     0     0     0     0     2    33   262  2719 10276  6693 11222 11745 13532 12372 11810  8797 14920  8361
ch   57:      0     0     0     0     0     0     0     0     0     0     0     0     0     0     0     0     0     0     5    28   213  1871 13044 14767 10605  6543  8062  6057 13000 13684 12423  7161
ch   58:      0     0     0     0     0     0     0     0     0     0     0     0     0     0     0     0     0     0     5    32   345  2128 10568  7649  7662 10362  9848 14932  8152 11250  6801  8264
ch   59:      0     0     0     0     0     0     0     0     0     0     0     0     0     0     0     0     0     0     6    41   384  3449  9389  8347  6253 11832 13376  9273 11421 10683  7126  8946
ch   60:      0     0     0     0     0     0     0     0     0     0     0     0     0     0     0     0     0     0     5    26   330  1479 11211 13807  8173 12061 10794 12796 14889  6744  9683 10070
ch   61:      0     0     0     0     0     0     0     0     0     0     0     0     0     0     0     0     0     0     1    42   481  2583 14856  9325 13015 10936 10645 10262 10789  4503 10359  9006
ch   62:      0     0     0     0     0     0     0     0     0     0     0     0     0     0     0     0     0     0     3    36   426  2278 13197  9892  7483  8555 11804  8322 11766  9110  7230  7883
ch   63:      0     0     0     0     0     0     0     0     0     0     0     0     0     0     0     0     0     0     4    45   351  2546 14696 10229 10113 14900 11647 11810 15082 11199 14028 12988
ch   64:      0     0     0     0     0     0     0     0     0     0     0     0     0     0     0     0     0     0     7    19   254  2023 11605 11845  8183  7172  8913  6700  7918  6489 11419 11008
ch   65:      0     0     0     0     0     0     0     0     0     0     0     0     0     0     0     0     0     0     3    35   467  2790  8743 12128 10105  6053 12414 11709 12291 12709 10550 12684
ch   66:      0     0     0     0     0     0     0     0     0     0     0     0     0     0     0     0     0     0     0    50   322  2666  9876  7172 12022  6247 12131  6946  7365  8146  3969 14596
ch   67:      0     0     0     0     0     0     0     0     0     0     0     0     0     0     0     0     0     0     3    31   310  2896  6765 11175 10979  9652 12506  8951  7719 10596  3982 11444
ch   68:      0     0     0     0     0     0     0     0     0     0     0     0     0     0     0     0     0     0     0    22   418  2830 10079  2507  2093 11687  7728  6714 12469  8459 10356  3661
ch   69:      0     0     0     0     0     0     0     0     0     0     0     0     0     0     0     0     0     0     0    59   345  4020  8449 10361 10298  7209 14795  9463  8448  8428 14054 16204
ch   70:      0     0     0     0     0     0     0     0     0     0     0     0     0     0     0     0     0     0     0    31   308  3061 11183 11465 13969 12653 11411 10112  6770  8764  4818  8588
ch   71:      0     0     0     0     0     0     0     0     0     0     0     0     0     0     0     0     0     0     1    54   459  2909 11194  8492 12464 12663 13984  7502  7237 11253  8728 13574
ch   72:      0     0     0     0     0     0     0     0     0     0     0     0     0     0     0     0     0     0     2    22   297  3330 10589 12907  8250 16176  6655  5824  9835  6272  6247  8408
ch   73:      0     0     0     0     0     0     0     0     0     0     0     0     0     0     0     0     0     0     3    36   478  2956 14556 11238 13188 12850 11394 11944 13788 12155  9892 15609
ch   74:      0     0     0     0     0     0     0     0     0     0     0     0     0     0     0     0     0     0     2    21   357  2445 10726 12650 10682  8842  8207  9593  8951  8091  9306  5350
ch   75:      0     0     0     0     0     0     0     0     0     0     0     0     0     0     0     0     0     0     4    23   254  3154  8878  6926 12158  9883  9493 13924 13355  5475  6729 15017
ch   76:      0     0     0     0     0     0     0     0     0     0     0     0     0     0     0     0     0     0     0    20   369  2126 10138  6110 14616 11267 11111  9623  9556  6330 10405 11223
ch   77:      0     0     0     0     0     0     0     0     0     0     0     0     0     0     0     0     0     0     3    49   299  3147  9152  7790 12250 10469  7239  8207  9376  7978 10269  8822
ch   78:      0     0     0     0     0     0     0     0     0     0     0     0     0     0     0     0     0     0     1    20   329  1555 13025 13073 11416 13924 12811 10108 12798  7981 14747  8783
ch   79:      0     0     0     0     0     0     0     0     0     0     0     0     0     0     0     0     0     0     1    40   599  3970 13211  6613  9827 12826 13141  7109  9149 13257  9531 17498
ch   80:      0     0     0     0     0     0     0     0     0     0     0     0     0     0     0     0     0     0     3    66   423  3258 10651 10995 11027 11891 13588  8935 12541 10775 10688  7645
ch   81:      0     0     0     0     0     0     0     0     0     0     0     0     0     0     0     0     0     2     8    75   404  4759  9484 13320  9640 11902 12967 10943  9734  7192 13675 16107
ch   82:      0     0     0     0     0     0     0     0     0     0     0     0     0     0     0     0     0     1    10    85   555  4598  8271  7080 14546  8217 10064 12231  8661  7848  6976  6269
ch   83:      0     0     0     0     0     0     0     0     0     0     0     0     0     0     0     0     0     2    10    76   760  4208  8646 13238  4654  7574  7337  8536 12439  8157 14093 10277
ch   84:      0     0     0     0     0     0     0     0     0     0     0     0     0     0     0     0     0     0     9    33   418  3796 14713 11050 10179 10353  7567 11088  5170  9720 14018  4593
ch   85:      0     0     0     0     0     0     0     0     0     0     0     0     0     0     0     0     0     3    15    57   552  3328 11902 14009  8792  8593 11391 10549 12398 10597 10163  3545
ch   86:      0     0     0     0     0     0     0     0     0     0     0     0     0     0     0     0     0     0     4    50   495  2954 11132  6983  8285 13036  9598  6998  7466  8082  6818  8651
ch   87:      0     0     0     0     0     0     0     0     0     0     0     0     0     0     0     0     0     0    12    70   775  3175 10221  8995  8452 10968 15183 13202  9322 16961  9705  4293
ch   88:      0     0     0     0     0     0     0     0     0     0     0     0     0     0     0     0     0     2     6   113   639  4842 12758 13282  5872 13584  7197 12416  5979 11901  9858  7050
ch   89:      0     0     0     0     0     0     0     0     0     0     0     0     0     0     0     0     0     0     4    75   496  3670  7556  6494 13560 12300  9323  9600 13469  7229  9859  5471
ch   90:      0     0     0     0     0     0     0     0     0     0     0     0     0     0     0     0     0     4    15    67   508  3222  9713 14554 15461  6792  6833 13949 14507  8617 12798  9388
ch   91:      0     0     0     0     0     0     0     0     0     0     0     0     0     0     0     0     0     0    13    93   593  3471  9733 13597 13314 11119  9324  9364 14517  8437 12396 13104
ch   92:      0     0     0     0     0     0     0     0     0     0     0     0     0     0     0     0     0     1     7    66    38  3013 12979 12266 11029 16608 12903 14487 11652 12667 10815 10364
ch   93:      0     0     0     0     0     0     0     0     0     0     0     0     0     0     0     0     0     2    11    57   716  3750 13500  9302 13598  9621 13369  8591 14961 10742 10553 16687
ch   94:      0     0     0     0     0     0     0     0     0     0     0     0     0     0     0     0     0     0     8    66   558  2632 12325 10184  7418 11230 10589  6810 12950 13381  8263  7384
ch   95:      0     0     0     0     0     0     0     0     0     0     0     0     0     0     0     0     0     0     8   103   797  6140  6947 11014 13053  8830 10434 11278 11324  8680  9100 11568
ch   96:      0     0     0     0     0     0     0     0     0     0     0     0     0     0     0     0     0     0     5    57   446  3699 11616 13458  9847 15815 11062  9116 14369 13484 10251  2126
ch   97:      0     0     0     0     0     0     0     0     0     0     0     0     0     0     0     0     0     2    12   106   902  3613  7768  3620 12773 14076 10439 13024  9749  8676 13032  9883
ch   98:      0     0     0     0     0     0     0     0     0     0     0     0     0     0     0     0     0     1     3    53   662  2612 15120 10690 11039 11158  8028  8161 10812  8236 10119  5797
ch   99:      0     0     0     0     0     0     0     0     0     0     0     0     0     0     0     0     0     0    13    63   768  4727  9718 13354 10973  6087 11020 12915 11606  7079 10392  9704
ch  100:      0     0     0     0     0     0     0     0     0     0     0     0     0     0     0     0     0     1     7    48   340  2038 12087  8182 13082  7816 11602 12729 12109  9677 13540 11380
ch  101:      0     0     0     0     0     0     0     0     0     0     0     0     0     0     0     0     0     0     6    80   761  4393 11257  6965 14304 10700  8565  7787 13226 11169 10041  9263
ch  102:      0     0     0     0     0     0     0     0     0     0     0     0     0     0     0     0     1     1     9    50   528  3643 10526 10810  7381 12181  7647 12412 15020 11906 10418 10214
ch  103:      0     0     0     0     0     0     0     0     0     0     0     0     0     0     0     0     0     0     9    70   958  4810  8196 14553 12748  3333  8748  8292  8388  8864  9133 14674
ch  104:      0     0     0     0     0     0     0     0     0     0     0     0     0     0     0     0     0     0     8    94   578  3540  6374 11411 11856 10448 10086 11971 10559  9844 14453 11189
ch  105:      0     0     0     0     0     0     0     0     0     0     0     0     0     0     0     0     0     1     2    82   585  2648  8530 10875 13444 10552  7221  9055 12186 13494 11625 11775
ch  106:      0     0     0     0     0     0     0     0     0     0     0     0     0     0     0     0     0     2    10    49   541  2885 10849  7664 10916  6790  6564 10724 12963  8718  6226 10085
ch  107:      0     0     0     0     0     0     0     0     0     0     0     0     0     0     0     0     0     1    13   100   830  3985  9453  7293  8435 11067  5968  8345  5166  7612 11339 10078
ch  108:      0     0     0     0     0     0     0     0     0     0     0     0     0     0     0     0     0     0     7    56   310  2721 11882  6590  9561 13592  8698 10091  9357 12349 16390 11522
ch  109:      0     0     0     0     0     0     0     0     0     0     0     0     0     0     0     0     0     0     4    66   426  4023 13600 11582  9293  9451 11602  8359  9489  8444 12425 10144
ch  110:      0     0     0     0     0     0     0     0     0     0     0     0     0     0     0     0     0     1     8    77   508  2456 10555 10064  5730 11135  9670 11243 10467  9952 13625 15536
ch  111:      0     0     0     0     0     0     0     0     0     0     0     0     0     0     0     0     0     0     5   100   761  4738  8503  5260 11854  7350 12163 12248  8213 12582  5000  9581
ch  112:      0     0     0     0     0     0     0     0     0     0     0     0     0     0     0     0     0     2     6    47   541  3709 12365  6429  8128 10138 11830 10050  9153  6225  9010 10341
ch  113:      0     0     0     0     0     0     0     0     0     0     0     0     0     0     0     0     0     0    14    80   541  3841  8732 14435 12004 13643 12424 10615  8755 10023  5266  9611
ch  114:      0     0     0     0     0     0     0     0     0     0     0     0     0     0     0     0     0     0     5    65   483  3651 11249  2472 13714 13393  8097  7438  5966 10037  7885 12154
ch  115:      0     0     0     0     0     0     0     0     0     0     0     0     0     0     0     0     0     2    11    70   397  3875  9834 13512 10532  7903 11490 11627  8187 12332 10754 10976
ch  116:      0     0     0     0     0     0     0     0     0     0     0     0     0     0     0     0     0     0     3    37   342  2226 11621 11190  8519  8642 13161 12364  8737 11385 12681 13559
ch  117:      0     0     0     0     0     0     0     0     0     0     0     0     0     0     0     0     0     1    12    76   435  3785 12340  7621 10226  9572  7219 12986  7333  8948 12079 11375
ch  118:      0     0     0     0     0     0     0     0     0     0     0     0     0     0     0     0     0     0     7    62   380  4494  7563  7875  9019  9540 15286  9251 11338 11197 12379 15721
ch  119:      0     0     0     0     0     0     0     0     0     0     0     0     0     0     0     0     0     0     6   124   706  3667 12080  9013 13487 11648  9242 11357 10732 14100 10653 10423
ch  120:      0     0     0     0     0     0     0     0     0     0     0     0     0     0     0     0     0     1    13    95   650  4608  9111 10433 14829 12081 12832  8312  7451 11072 10707 10775
ch  121:      0     0     0     0     0     0     0     0     0     0     0     0     0     0     0     0     0     1    20    85   814  7145 11360  9642 11758 10453 11417 10926  6630  6700  7532 12237
ch  122:      0     0     0     0     0     0     0     0     0     0     0     0     0     0     0     0     0     3    11    72   650  4320 13032  8976 12768 12439  9533 10466  9688 14428 12587  4626
ch  123:      0     0     0     0     0     0     0     0     0     0     0     0     0     0     0     0     0     0     3    79   721  5813 13428  6393 11542  8217  9048  9422  9595 14023  3933  9357
ch  124:      0     0     0     0     0     0     0     0     0     0     0     0     0     0     0     0     0     1     7  1085   948  6267  8754  7433  8630 11382 12970  8581  9721  9356 11525 10634
ch  125:      0     0     0     0     0     0     0     0     0     0     0     0     0     0     0     0     0     3    25   233  1060  6227 10482  6536 13272  9094  6415  8952 12670  9001 15931 15371
ch  126:      0     0     0     0     0     0     0     0     0     0     0     0     0     0     0     0     0     1    13   273  1573  6811  7223  7359  8588 12330  9965 13506  7847  6798 10595  9724
ch  127:      0     0     0     0     0     0     0     0     0     0     0     0     0     0     0     0     0     2    34   308  1720  8252  9294  9875 11257  7991 13361  6398 13474  5523 11155 14773
