ch    0:      0     0     0     0     0     0     0     0     0     0     0     0     0     0     0     0     0     0     0     0     1     1    24   267  1480 10014  7767 13596 10223 10010  3310  2798
ch    1:      0     0     0     0     0     0     0     0     0     0     0     0     0     0     0     0     0     0     0     0     0     1    14   161  1353 11674  9275 10965 13144  7947 13312  3831
ch    2:      0     0     0     0     0     0     0     0     0     0     0     0     0     0     0     0     0     0     0     0     3     7    45   453  2978 12945  7755 10051 10390 11423 11060  1677
ch    3:      0     0     0     0     0     0     0     0     0     0     0     0     0     0     0     0     0     0     0     0     0     4    28   339  2103  9702  7727 11334  9238 15086 13780  9851
ch    4:      0     0     0     0     0     0     0     0     0     0     0     0     0     0     0     0     0     0     0     0     4    16    67   767  6581  9012  4555 11613 10162 13033  6077  2789
ch    5:      0     0     0     0     0     0     0     0     0     0     0     0     0     0     0     0     0     0     0     0     0     2    26   570  4279  5010  8341 10443 10780  8821  8453 13614
ch    6:      0     0     0     0     0     0     0     0     0     0     0     0     0     0     0     0     0     0     0     0     3    17    94   711  5352 13920  5893 14232 13796  4949 11159  2593
ch    7:      0     0     0     0     0     0     0     0     0     0     0     0     0     0     0     0     0     0     0     0     0     7    81   665  5067 11122  9993 12562  7498 14334 12496 13153
ch    8:      0     0     0     0     0     0     0     0     0     0     0     0     0     0     0     0     0     0     0     0     2     8   136  1095  6518  9795  8107  7804 10377 10794 11271  1909
ch    9:      0     0     0     0     0     0     0     0     0     0     0     0     0     0     0     0     0     0     0     0     1     7    91   648  7545  7743 12126  3411 10048 14035 10500  6515
ch   10:      0     0     0     0     0     0     0     0     0     0     0     0     0     0     0     0     0     0     0     0     2    17   113  1655  9273  9954  9566 13324 11246  7911  6669  7228
ch   11:      0     0     0     0     0     0     0     0     0     0     0     0     0     0     0     0     0     0     0     0     1     8   143  1371  7890 10874 11924 10731  9681 12644 10881  9183
ch   12:      0     0     0     0     0     0     0     0     0     0     0     0     0     0     0     0     0     0     0     0     6    43   250  1918 13896  7235  8286 13165  6440  6849 10182 11142
ch   13:      0     0     0     0     0     0     0     0     0     0     0     0     0     0     0     0     0     0     0     0     2    19   288  2086 12770  5227  8020 12875 11516 12536 13741  8964
ch   14:      0     0     0     0     0     0     0     0     0     0     0     0     0     0     0     0     0     0     0     0     2    30   240  1116 10133 12730 13694  9858  7013 15351 13782  1737
ch   15:      0     0     0     0     0     0     0     0     0     0     0     0     0     0     0     0     0     0     0     1     5    26   225  2298  9855 10264  8953  8525 11574 12327  6577  7788
ch   16:      0     0     0     0     0     0     0     0     0     0     0     0     0     0     0     0     0     0     0     0     2    17   221  2338 13985 10632  7766  7078 10746  9222 11162 13306
ch   17:      0     0     0     0     0     0     0     0     0     0     0     0     0     0     0     0     0     0     0     1     6    40   228  2005 18155 13399 10825  6661  5833 10011  9222 13904
ch   18:      0     0     0     0     0     0     0     0     0     0     0     0     0     0     0     0     0     0     0     0     4    15   245  2889 12834 12440 10228  7121 13724  9334  6856 14969
ch   19:      0     0     0     0     0     0     0     0     0     0     0     0     0     0     0     0     0     0     0     0     5    24   414  4050 10538  4883  4321  8811  6602  7940  9020 11632
ch   20:      0     0     0     0     0     0     0     0     0     0     0     0     0     0     0     0     0     0     0     1     5    42   321  1923  4818 12000  7913 13552  9501  8349  9546   604
ch   21:      0     0     0     0     0     0     0     0     0     0     0     0     0     0     0     0     0     0     0     0     1    36   394  3034  8401  3169  5350 10974 10068  9028 10810 10551
ch   22:      0     0     0     0     0     0     0     0     0     0     0     0     0     0     0     0     0     0     0     0     2    21   131  1877 11758 12417  8165 12454 10233 12353 12156   697
ch   23:      0     0     0     0     0     0     0     0     0     0     0     0     0     0     0     0     0     0     0     0     3    17   349  3737 15119 15141 14660  8684  8072  8504  7064 16795
ch   24:      0     0     0     0     0     0     0     0     0     0     0     0     0     0     0     0     0     0     0     0     3    28   445  6089  9934 10179  7691  8777  5919 11685  8561  5379
ch   25:      0     0     0     0     0     0     0     0     0     0     0     0     0     0     0     0     0     0     0     1     2    37   394  2862 14067  9584 13452  6559 12704  7635 12586 10604
ch   26:      0     0     0     0     0     0     0     0     0     0     0     0     0     0     0     0     0     0     0     0     4    65   398  6023 15895  6947  7791  9754  8799  7106  9847   531
ch   27:      0     0     0     0     0     0     0     0     0     0     0     0     0     0     0     0     0     0     0     0     2    51   895  6716  5024 12448  8556  7476  9276 11120  7855  4355
ch   28:      0     0     0     0     0     0     0     0     0     0     0     0     0     0     0     0     0     0     0     0     7    79   599  6709  5924 11932 11125  8219  7702 11719 11578 10437
ch   29:      0     0     0     0     0     0     0     0     0     0     0     0     0     0     0     0     0     0     0     0     3    42   572  3916 13412 10189 12404  6100 10475 14676  8050 10898
ch   30:      0     0     0     0     0     0     0     0     0     0     0     0     0     0     0     0     0     0     0     0     3    32   557  2765 12358  5584 10278 11491 11684 10365 11228  6269
ch   31:      0     0     0     0     0     0     0     0     0     0     0     0     0     0     0     0     0     0     0     0    16    76   781  6956  4749 12673  9088 10519 15170 10967  7112  1562
ch   32:      0     0     0     0     0     0     0     0     0     0     0     0     0     0     0     0     0     0     0     0     3    75   608  7053 11212 13570 11998  8247 11960  9446 12069  3064
ch   33:      0     0     0     0     0     0     0     0     0     0     0     0     0     0     0     0     0     0     0     1     4    78   895  9789 10484  8466 12583  8266 10144  8466 10272  6782
ch   34:      0     0     0     0     0     0     0     0     0     0     0     0     0     0     0     0     0     0     0     0     6    55   649  6897 11038  7971 11871  9823 11884 12433 10355 18188
ch   35:      0     0     0     0     0     0     0     0     0     0     0     0     0     0     0     0     0     0     0     0     3   105   990  8813 15347 10039  9414 11786 11322  8991  7845 17222
ch   36:      0     0     0     0     0     0     0     0     0     0     0     0     0     0     0     0     0     0     0     0     2    72   785  7852  5031 12855  9338 10448  6549 11911 10114  7614
ch   37:      0     0     0     0     0     0     0     0     0     0     0     0     0     0     0     0     0     0     0     0     6    69  1391 10020 15305 10236 14722 10461  6281 13031  8888  1233
ch   38:      0     0     0     0     0     0     0     0     0     0     0     0     0     0     0     0     0     0     0     1     7    51   674  7987  6376  9701  4130  7741  7496 10779 10799  7356
ch   39:      0     0     0     0     0     0     0     0     0     0     0     0     0     0     0     0     0     0     0     0     5    72   798 12289 11542 10495 10377 10789  8136  9636 10268  5166
ch   40:      0     0     0     0     0     0     0     0     0     0     0     0     0     0     0     0     0     0     0     1     8   119   970 12766 12672  9521  7971 12857 11215  7264 14628 11205
ch   41:      0     0     0     0     0     0     0     0     0     0     0     0     0     0     0     0     0     0     0     1     7    88  1156 14257  8816  7340  7468  7457  9144  8689  9797  6007
ch   42:      0     0     0     0     0     0     0     0     0     0     0     0     0     0     0     0     0     0     0     1     7    72   623 10845  5070  9861 13598  9687  6412 11811 13815  9765
ch   43:      0     0     0     0     0     0     0     0     0     0     0     0     0     0     0     0     0     0     0     0     6    95  1292 11018 14688  6401  5312  8573 10167  7707 10932 11903
ch   44:      0     0     0     0     0     0     0     0     0     0     0     0     0     0     0     0     0     0     0     0    11   124  1627 13343  6508  8771 15330  8124  8207 11027 10847   373
ch   45:      0     0     0     0     0     0     0     0     0     0     0     0     0     0     0     0     0     0     0     0     7   156  1171 18384  8035 10517 11166 14437 16373 11219 13109  7982
ch   46:      0     0     0     0     0     0     0     0     0     0     0     0     0     0     0     0     0     0     0     0     3   144   831 17213 10353 10781  9747 12811  7621 10036  8764 14886
ch   47:      0     0     0     0     0     0     0     0     0     0     0     0     0     0     0     0     0     0     0     1    18   149  1839 12805  8067  6175 10121  9270 14798 12919 12696 10666
ch   48:      0     0     0     0     0     0     0     0     0     0     0     0     0     0     0     0     0     0     0     1     8   158  2111 16239 11742 10127 12473 11825  6773  6079  6514  5360
ch   49:      0     0     0     0     0     0     0     0     0     0     0     0     0     0     0     0     0     0     0     0     7   162  2326 14947 11603  9213  9597 10994  8623  9771  7355  9356
ch   50:      0     0     0     0     0     0     0     0     0     0     0     0     0     0     0     0     0     0     0     0    10   107  1063 14066  3037 10258 11012 11994 15318  8731  6729 16541
ch   51:      0     0     0     0     0     0     0     0     0     0     0     0     0     0     0     0     0     0     0     3    32   184  1903 14961  9466  8640  7345  7703 12950 12019 14804  5658
ch   52:      0     0     0     0     0     0     0     0     0     0     0     0     0     0     0     0     0     0     0     1    13    98  1741 17348 13366  8241  6014 10747  8479 14135 15324 13366
ch   53:      0     0     0     0     0     0     0     0     0     0     0     0     0     0     0     0     0     0     0     0    14   177  2730 14400 10927  7582 10051 13106  8805  6226  9323 14444
ch   54:      0     0     0     0     0     0     0     0     0     0     0     0     0     0     0     0     0     0     0     0     6   261  1124 14838  6951 10450 14881  9750 10887 17996 11205 16413
ch   55:      0     0     0     0     0     0     0     0     0     0     0     0     0     0     0     0     0     0     0     1    42   224  3194  2354  3882  4111 14173  8884 10824  8123 12966  8030
ch   56:      0     0     0     0     0     0     0     0     0     0     0     0     0     0     0     0     0     0     0     0     3   125   944 15251 13930 15897 13014 10172  8763  8103 13417  4732
ch   57:      0     0     0     0     0     0     0     0     0     0     0     0     0     0     0     0     0     0     0     1    16   222  2195  8741  9345  9821 11998 11442 12487  8290  3325  9383
ch   58:      0     0     0     0     0     0     0     0     0     0     0     0     0     0     0     0     0     0     0     0    17   181  1540 15476  6663 14241 11091  8802  6779  8529  9142  7786
ch   59:      0     0     0     0     0     0     0     0     0     0     0     0     0     0     0     0     0     0     0     0    21   171  3005 12202  7954 14657 11715 10570 13152 11073 10188  9821
ch   60:      0     0     0     0     0     0     0     0     0     0     0     0     0     0     0     0     0     0     0     1     5   218  2816 14770  7118 10296 10192 11284 11181  6142  8984   521
ch   61:      0     0     0     0     0     0     0     0     0     0     0     0     0     0     0     0     0     0     0     2    25   264  3134  4038 11785  9713 11213 11007 14559 12268  9500  8100
ch   62:      0     0     0     0     0     0     0     0     0     0     0     0     0     0     0     0     0     0     0     1     8   173  1928 17062 16225 13708 14122 11464 11086  6963  4383 12459
ch   63:      0     0     0     0     0     0     0     0     0     0     0     0     0     0     0     0     0     0     0     1    48   210  2236  9797 12056  9374  9840  9441 12956 12093  8904 10645
ch   64:      0     0     0     0     0     0     0     0     0     0     0     0     0     0     0     0     0     0     0     1    18   284  2450  2310  5897  4298 14222 10399 11033 11280 13006   764
ch   65:      0     0     0     0     0     0     0     0     0     0     0     0     0     0     0     0     0     0     0     2    20   205  3583  5189 12292 10069  8545  9895 14011  7009 13277 10026
ch   66:      0     0     0     0     0     0     0     0     0     0     0     0     0     0     0     0     0     0     0     0    12   200  1447  8574 11993 13610 14018 11543  7937  9312  7403   536
ch   67:      0     0     0     0     0     0     0     0     0     0     0     0     0     0     0     0     0     0     0     1    27   302  3596 12404 11981 12932  8706  7045 16230 10237  9504 13885
ch   68:      0     0     0     0     0     0     0     0     0     0     0     0     0     0     0     0     0     0     0     3    15   267  3011  4135  3804 10738  9414  9523 12057  6957 10344   868
ch   69:      0     0     0     0     0     0     0     0     0     0     0     0     0     0     0     0     0     0     0     3    25   386  3789 13915 14450  7591  7742  7987  5410  4609 11042  7765
ch   70:      0     0     0     0     0     0     0     0     0     0     0     0     0     0     0     0     0     0     0     1     8   223  3077  4651 11967 10935  6761 13266  9077 10768  8254  1072
ch   71:      0     0     0     0     0     0     0     0     0     0     0     0     0     0     0     0     0     0     0     1    43   300  3709 10935  9363 10484  7485  9319  7709  9697  9443 14065
ch   72:      0     0     0     0     0     0     0     0     0     0     0     0     0     0     0     0     0     0     0     3    30   232  3473  8557 10179 11227 10066  9721 10472 11992 10134  1033
ch   73:      0     0     0     0     0     0     0     0     0     0     0     0     0     0     0     0     0     0     0     0    17   302  2892  5082 15661 10594 12030  6138 15248 11888  5326 12084
ch   74:      0     0     0     0     0     0     0     0     0     0     0     0     0     0     0     0     0     0     0     1    30   245  2352  5655 10132 10306  7250  7248 11425  9223 13279  1601
ch   75:      0     0     0     0     0     0     0     0     0     0     0     0     0     0     0     0     0     0     0     1    34   294  4077  4179 11213 10430  8568  6780 13023  8636 10716 10485
ch   76:      0     0     0     0     0     0     0     0     0     0     0     0     0     0     0     0     0     0     0     2    30   347  3111  3095 13439  9910 10654  6184 11427  5141 13902  2765
ch   77:      0     0     0     0     0     0     0     0     0     0     0     0     0     0     0     0     0     0     0     0    34   436  4593  1303  5330 17394 10437 12785  7963 12872  8198  9897
ch   78:      0     0     0     0     0     0     0     0     0     0     0     0     0     0     0     0     0     0     0     1    22   288  3665 16243  7615 11107  7825 10853  8018  8088  8357  1840
ch   79:      0     0     0     0     0     0     0     0     0     0     0     0     0     0     0     0     0     0     0     2    59   557  4984 12596  7297 10427 12857 12216 10383 15263 10444  7501
ch   80:      0     0     0     0     0     0     0     0     0     0     0     0     0     0     0     0     0     0     0     2    19   192  3979 10885 11111  8802  4319 13885 11204 14732  9604  3667
ch   81:      0     0     0     0     0     0     0     0     0     0     0     0     0     0     0     0     0     0     0     4    35   323  3329 10892 10488 11334  8151 10443 13597 13037 10849 11527
ch   82:      0     0     0     0     0     0     0     0     0     0     0     0     0     0     0     0     0     0     0     0    34   310  3192 14057 10989 10669  8508 12614  7635  9500 13200  5463
ch   83:      0     0     0     0     0     0     0     0     0     0     0     0     0     0     0     0     0     0     0     1    59   699  6754 15667 11156 13969  8392 10906  8202 15124  7600 12481
ch   84:      0     0     0     0     0     0     0     0     0     0     0     0     0     0     0     0     0     0     0     0    21   296  3765 11440 12395 10909 10969  8253  7269 13172 11470  7924
ch   85:      0     0     0     0     0     0     0     0     0     0     0     0     0     0     0     0     0     0     0     3    64   668  4687  1116 10210 13543 13967 12627  8941 16902  9264 13832
ch   86:      0     0     0     0     0     0     0     0     0     0     0     0     0     0     0     0     0     0     0     0    28   432  4456  8943  9065  9351  7895 12249  6301 10229 12243 13212
ch   87:      0     0     0     0     0     0     0     0     0     0     0     0     0     0     0     0     0     0     0     1    59   510  6830  8965 12952 10589 13650 12888 10227 15909 11326 13991
ch   88:      0     0     0     0     0     0     0     0     0     0     0     0     0     0     0     0     0     0     0     0    57   720  4957 15838 13929  9566 15575  9274 12816  9678 11075 11296
ch   89:      0     0     0     0     0     0     0     0     0     0     0     0     0     0     0     0     0     0     0     3    36   630  6178  5134  8302 13719 15017 14782 10614 12313  8416 10328
ch   90:      0     0     0     0     0     0     0     0     0     0     0     0     0     0     0     0     0     0     0     1    27   369  3272  5330 13222 10104 11584 13873 12888  9594 10903 11864
ch   91:      0     0     0     0     0     0     0     0     0     0     0     0     0     0     0     0     0     0     0     5    65   676  5305 16190  9521  9723  8947 10675 14012  7096  9853 15782
ch   92:      0     0     0     0     0     0     0     0     0     0     0     0     0     0     0     0     0     0     2     4    33   692  5368  5809 11709 10502 12845 13351  9598 13045  5504 15497
ch   93:      0     0     0     0     0     0     0     0     0     0     0     0     0     0     0     0     0     0     0     5    43   673  5510 15399  9564 10628 10657  9573  9934  9695  2563 12030
ch   94:      0     0     0     0     0     0     0     0     0     0     0     0     0     0     0     0     0     0     0     1    40   620  3451 15874 10457 10940 11496 11880  9140  7658  5565 13735
ch   95:      0     0     0     0     0     0     0     0     0     0     0     0     0     0     0     0     0     0     0     4   139   964 13509 10813  6415  7140 12641 10266 10323 12737  9091  4101
ch   96:      0     0     0     0     0     0     0     0     0     0     0     0     0     0     0     0     0     0     0     4    75  1105  6179 14245 10349  6585 11220  9283  8471 10212  7785 12300
ch   97:      0     0     0     0     0     0     0     0     0     0     0     0     0     0     0     0     0     0     1    18   171  1412 14222 12160  6540 11331  7752 12554  7146 13692 10799  7419
ch   98:      0     0     0     0     0     0     0     0     0     0     0     0     0     0     0     0     0     0     0     0 11680     0     0     0     0     0     0     0     0     0     0     0
ch   99:      0     0     0     0     0     0     0     0     0     0     0     0     0     0     0     0     0     0     0     5    87  1338  6519  2989 11102 10212 10928 12156  7774  7725  9408 10715
ch  100:      0     0     0     0     0     0     0     0     0     0     0     0     0     0     0     0     0     0     0     7    71   806  1516 16962  9175 15379 12381  8967  7280  9770 12589 10042
ch  101:      0     0     0     0     0     0     0     0     0     0     0     0     0     0     0     0     0     0     0     5    48   742  9871 15866  9269 14682 11684  9486  6849 10584  8924 11111
ch  102:      0     0     0     0     0     0     0     0     0     0     0     0     0     0     0     0     0     0     0     0    36   543  4452 17983 12503 11787  8734 14682 11920 11860 11667  9182
ch  103:      0     0     0     0     0     0     0     0     0     0     0     0     0     0     0     0     0     0     0     2    28   747  6638  8306 11687 10945 14268 16411  8488  6962 13830  9953
ch  104:      0     0     0     0     0     0     0     0     0     0     0     0     0     0     0     0     0     0     0     1    36   514  5587  1525 12968  7296 12541 10453 10482 13593  7770 16255
ch  105:      0     0     0     0     0     0     0     0     0     0     0     0     0     0     0     0     0     0     1     4    48   603  5490  9856 13374 12425 10131  6610 12366  9204 12080 14519
ch  106:      0     0     0     0     0     0     0     0     0     0     0     0     0     0     0     0     0     0     0     3    49   379  4575 15488 13446  9848  7471 10038 14658  9367  9176 13168
ch  107:      0     0     0     0     0     0     0     0     0     0     0     0     0     0     0     0     0     0     0     2    95   667  5371  8131  7980 15275 11319 13030 10014 12855 10262  7316
ch  108:      0     0     0     0     0     0     0     0     0     0     0     0     0     0     0     0     0     0     0     2    27   378  3099  6680 10631 12941 10182  9126 10794 11961  7353  9242
ch  109:      0     0     0     0     0     0     0     0     0     0     0     0     0     0     0     0     0     0     2     4    26   977  7111  5366  4757 10031 12029 16573 14110  7011  6162  9388
ch  110:      0     0     0     0     0     0     0     0     0     0     0     0     0     0     0     0     0     4    49   242  2315 10172  9014  5797 12268  7061 11217  9567 12638  7510 10714  8502
ch  111:      0     0     0     0     0     0     0     0     0     0     0     0     0     0     0     0     0     0     1     7   126  1175 10968 14229 10334  8482 10940 12821 11322 10171 14081  7275
ch  112:      0     0     0     0     0     0     0     0     0     0     0     0     0     0     0     0     0     3    50   486  6879  7483 11030 12274 10458 13243  4374  7358 11542  6843 11212  8164
ch  113:      0     0     0     0     0     0     0     0     0     0     0     0     0     0     0     0     0     0     0     5    39   629  4996 15163  9378  8548 15788 10080 12826  8597 13696 11896
ch  114:      0     0     0     0     0     0     0     0     0     0     0     0     0     0     0     0     0     0     1     2    27   367  5041  6509  6803 14197 10564  7162 12586  6875 12331  9518
ch  115:      0     0     0     0     0     0     0     0     0     0     0     0     0     0     0     0     0     0     0     5    66   546  3868  2451 10868  9752 12221  8467 12379  9347  4852 10528
ch  116:      0     0     0     0     0     0     0     0     0     0     0     0     0     0     0     0     0     0     0     1    37   342  4808  7092  9354  5236 16270  8891  9685  9878  8947 10059
ch  117:      0     0     0     0     0     0     0     0     0     0     0     0     0     0     0     0     0     0     0     2    27   652  5350 14646  8194  7783  7196 13838 11426 13333 12359 13184
ch  118:      0     0     0     0     0     0     0     0     0     0     0     0     0     0     0     0     0     0     0     1    44   463  3371 12067 13023  7398  8115 11952 12296  7314 16675 11914
ch  119:      0     0     0     0     0     0     0     0     0     0     0     0     0     0     0     0     0     0     0     1    25   521  6403 14878  9024 14960 11813  9192  8551 10904  8466  8482
ch  120:      0     0     0     0     0     0     0     0     0     0     0     0     0     0     0     0     0     0     0     1    17   540  5123  5955  8088  8868 10615  8873 12380 13648 10542 10801
ch  121:      0     0     0     0     0     0     0     0     0     0     0     0     0     0     0     0     0     0     2     6    37   738  5903  8842  9443  7298  6789 11862 11898  9278 13893 12014
ch  122:      0     0     0     0     0     0     0     0     0     0     0     0     0     0     0     0     0     0     0     2    27   487  5346  3360 13792  8815 10397  8293  6194  8369 13254 10073
ch  123:      0     0     0     0     0     0     0     0     0     0     0     0     0     0     0     0     0     0     0     5    67   671  8415  4756 12125  7996 14014 13931 12202  6173  9228 10576
ch  124:      0     0     0     0     0     0     0     0     0     0     0     0     0     0     0     0     0     0     0     4    71   314  5524  5294  9013  9207  9137 12492 10473 11152 11052  9390
ch  125:      0     0     0     0     0     0     0     0     0     0     0     0     0     0     0     0     0     0     0    12    87  1651 14178 10655 11417 10499 10599 12230  7315 16011 13299 12090
ch  126:      0     0     0     0     0     0     0     0     0     0     0     0     0     0     0     0     0     0     0     3    58   973  8160 17241  9981 11342  8075 11238  2722 14175 13247  7989
ch  127:      0     0     0     0     0     0     0     0     0     0     0     0     0     0     0     0     0     0     3    80   663  4620  2808 11564 11311 11328 11891  9933  6734  9852 14621 11331
