# ID XA-000-08-003-000-001-201-06
# Tag _trim_
# Date 240624_19:23:49
# Vref_p 53
# Vref_n 21
# Thr2_glb 61
# Vref_t 118
# Vref_t_range 1
# Pol 1
# ADC range 30-247
# FAST disc 30
ch:   0  104  130  113  120  137  142  131  129  139  138  127  135  124  131  129  123  123  126  128  126  122  120  123  125  126  134  118  120  128  126  130   -1
ch:   1  130  140  139  149  148  139  138  133  130  129  135  135  141  131  132  136  129  119  129  131  133  120  132  122  131  129  119  127  126  136  134   56
ch:   2  101  109  125  124  133  138  123  134  136  136  134  132  136  139  128  127  131  124  124  115  125  126  119  126  125  136  123  124  124  120  129   -1
ch:   3  132  149  154  141  149  137  132  154  149  133  136  125  123  137  121  126  126  126  119  134  123  131   -1  130  122  122  132  135  128  134  137   -1
ch:   4  110  124  136  138  133  138  145  150  158  139  124  125  132  126  133  125  121  131  125  123  119  123  118  130  119  121  111   -1   -1  140  121   -1
ch:   5  132  153  141  147  152  149  139  129  140  139  139  133  142  140   -1  126  122  129  132  130  125  123  124  127  130  121  120  133   -1  130  130   34
ch:   6  111  135  139  137  147  136  147  133  134  136  132  131  126  122  135  132  128  120  131  123  124  121  120  121  111  113  126  126  132  133  123   48
ch:   7  143  149  154  146  145  143  147  149  140  137  130  132  142  122  142  130  132  120  126  116  134  120   -1  131  125  124  139  132  134  133  137   28
ch:   8  128  124  128  134  141  142  141  134  139  138  141  126  125  123  125  126  122  124  117  125  125  119  122  129  134  124  119  124  132  127  140   -1
ch:   9  129  151  142  151  149  135  144  145  140  129  136  138  136  136  129  130  132  132  139  137  131  131  127  121  122  120  126  128  135  140  119   -1
ch:  10  129  123  131  136  136  151  137  130  134  140  150  124  115  132  136  129  130  118  117  120  124  123  125  117  130  122  117  120  119  127  119   -1
ch:  11  129  158  151  153  150  139  136  145  135  137  151  135  123  132  125  136  125  123  126  133  125  128  119  116  125  129  138  132  120  128  125   24
ch:  12  112  126  137  130  142  139  149  134  137  136  138  129  122  132  131  125  128  123  126  118  106  118  122  123  128  123  130  124   -1  122  126   17
ch:  13  126  142  151   -1  152  136  146  140  141  134  137  123  133  131  129  123  125  131  124  123  122  127  130  130  115  118  129  130  119  131  121   42
ch:  14  123  126  137  138  131  142  137  136  134  148  139  133  134  122  144  128  133  135  124  125  122  115  120  123  127  115  119  117  124  129  130   31
ch:  15  133  156  147  147  150  146  134  148  137  131  117  132  133  133  132  130  132  124  126  130  125  131  136  128  135  120  124  134  145  120  126    8
ch:  16  106  130  134  130  143  137  134  134  138  126  151  135  125  132  123  124  127  129  133  122  115  116  122  126  130  125  126  134   -1  121  125   -1
ch:  17  138  140  153  144  150  150  139  140  136  137  137  134  130  133  123  129   -1  125  123  116  132  128  136  117  126  130  130  131  127  130  126   -1
ch:  18  131  122  139  135  132  142  134  151  138  135  140  135  126  132  120  130  131  124  126  127  121  131  132  123  127  123  132  126  129  127  131    9
ch:  19  151  158  148  150  144  139  140  145  138  133  134  132  131  130  117  139  139  128  121  129  126  151  124  146  133  126  132  117  127  137  133   -1
ch:  20  114  126  138  128  147  151  135  147  149  136  131  129  134  132  133  128  124  123  121  119  131  122  120  126  133  123  118  126   -1  133  133   -1
ch:  21  150  151  150  148  154  149  134  143  148  137  133  134  137  124  132  140   -1  129  135  121  125  130  125  132  129  132  123  139  133  121  121   49
ch:  22  115  129  123  141  138  148  146  139  134  134  141  146  124  137  136  135  131  130  126  122  119  129  124  121  125  120  135  123  124  121  126   -1
ch:  23  157  140  141  141   -1  152  148  144  150  134  134  132  137  129  142  136  126  130  132  134  136  121  123  126  135  124  131  136  116  132  130   17
ch:  24  126  123  155  136  147  150  141  150  142  130  133  133  135   -1  133  126  118  135  129  127  131  118  118  135  120  126  118  129   -1  126  129   12
ch:  25  139  151  136   -1  148  150  137  141  140  143  147  139  132  135  125  139  125  129  129  127  129  130  130  129  131  125  126  130  124  111  126   -1
ch:  26  118  131  132  139  136  149  136  134  149  140  136  145  130  125  123  127   -1  126  123  114  127  110  118  132  135  118  122  109  123  130  133   24
ch:  27  138  148  138  155  148  153  144  138  148  133  130  135  133  141  128  143  140  133  135  122  145  130  133  131  126  125  132  129  122  134  125    1
ch:  28  132  132  128  138  141  147  129  148  143  130  135  137  124  133  123  133  134  124  132  107  128  127  122  125  125  118  124  124  126  113  131   36
ch:  29  149  141  151  147  146  147  152  139  141  132  135  134  136  135  118  134  137  136  130  125  137  120  124  138  134  132  136  124  127  130  131   29
ch:  30  117  126  127  146  148  134  126  148  134  129  140  150  134  146  129  134   -1  124  123  124  133  131  131  130  120  123  129  126  129  129  122   -1
ch:  31  140  149  150  154  144  151  140  130  154  123  140  136  137  151  145  135  139  140  126  138  129  133  123  135  118  125  138  130  134  132  152   42
ch:  32  110  130  132  128  141  139  121  142  136  132  136  135  123  126  133  134  131  123  126  132  132  132  124  129  132  126  116  122  105  122  123   26
ch:  33  138  148  150  141  148  140  135  138  145  150  137  138  136  133  137  133  134  131  131  139  123  122  129  124  136  129  123  136  129  137  133   -1
ch:  34  121  125  130  150  148  152  139  134  138  133  120  132  130  139  127  135  134  132  135  116  130  124  130  127  131  121  125  128  133  132  130   33
ch:  35  137  152  150  148  149  146  145  155  147  149  141  132  137  131  128  132  126  138  125  131  131  127  133  137  123  148  126  124  138  135  133   13
ch:  36  114  130  127  130  150  147  137  141  140  135  147  132  125  133  134  123  125  131  127  129  134  127  132  123  118  118  125  126  124  132  132   -1
ch:  37  132  160  148  147  153  137  139  145  132  139  133  139  129  129  128  129  135  135  129  132  131  124  127  126  126  130  130  124   -1  130  130   32
ch:  38  111  129  127  140  139  142  149  134  134  140  149  141  135  132  130  132  131  125  129  124  132  127  121  121  117  130  136  128  124  137  133   45
ch:  39  149  136  154  145  138  141  146  140  150  131  152  132  127   -1  121  137  132  140  135  124  127  130  133  139  124  133  140  136  135  139  140   -1
ch:  40  118  124  125  138  144  139  135  141  136  140  135  129  133  133  140  135  126  121  129  131  121  127  129  125  126  122  126  116   -1  130  133   -1
ch:  41  140  150  136  146  149  140  140  150  134  133  138  148  130  139  133  129  130  133  124  127  131  125  117  118  130  135  129  135  132  125  130   23
ch:  42  117  122  137  142  154  142  145  139  138  126  147  133  131  142  129  121  131  131  131  145  134  130  130  119  130  130  125  126  124  129  121   -1
ch:  43  142  152  150  149  144  147  140  138  137  139  135  134  139  125  130  137  135  135  124  137  134  132  119  132  127  122  135  129  136  130  134   -1
ch:  44  118  136  142  123  135  141  139  148  150  139  146  133  130  137  139  138  120  130  125  127  125  127  129  137  128  127  132  134   -1  129  126   -1
ch:  45  141  152  141  148  140  151  135  136  152  137  139  134  132  135  134  127  133  117  123  125  132  126  125  128  139  124  121  132  134  126  139   -1
ch:  46  118  123  127  135  142  151  142  135  134  143  149  135  134  132  127  131  132  134  120  120  130  125  127  122  109  114  129  130  131  130  126   32
ch:  47  150  150  165  148  140  151  148  157  141  126  136  130  137  137  138  121  140  146  131  133  134  116  145  127  124  128  133  132  129  130  137   14
ch:  48  120  125  141  132  132  141  151  156  148  143  141  131  128  139  131  136  125  130  137  132  134  124  134  129  130  124  133  126  116  132  132   -1
ch:  49  140  155  149  141  153  138  141  147  132  136  152  146  124  133   -1  126  136  134  132  120  127  133  133  130  109  132  135  130  131  132  131    4
ch:  50  110  129  131  142  134  147  152  138  139  136  145  134  133  132  139  127  127  128  130  124  127  130  132  107  123  130  119  115  122  124  129   10
ch:  51  138  152  155  140  145  138  153  152  151  149  156  136  141  127  137  130  137  124  131  132  121  124  126  123  118  135  129  122  141  135  142   35
ch:  52  118  109  147  130  149  149  139  130  155  135  146  135  135  139  145  127  135  129  137  117  134  132  122  131  117  124  132  130  126  123  131   -1
ch:  53  151  152  153  155  150  151  137  148  143  148  135  132  130  135  138  128  129  128  134  128  135  123  130  132  133  124  123  134  131  132  139   51
ch:  54  117  126  125  142  152  146  133  134  135  147  150  134  132  138  124  132  139  138  131  135  132  116  135  120  123  128  132  126  123  131  123    1
ch:  55  140  153  161  142  150  151  148  140  138  134  135  135  123  134  133  136  137  134  132  139  129  121  134  127  130  134  132  120  130  132  142   -1
ch:  56  120  124  126  132  142  151  146  136  156  147  135  135  133   -1  137  136  128  132  132  129  126  123  130  136  129  138  123  124   -1  125  131   42
ch:  57  134  153  150  151  151  145  144  143  141  140  139  146  134  139  135  133  133  135  138  133  123  124  135  129  129  132  132  131  122  132  131   12
ch:  58  124  132  127  140  134  137  135  148  146  136  138  148  134  141  128  129  133  124  134  119  121  121  130  131  119  121  129  119  117  136  121   48
ch:  59  136  142  150  149  151  156  148  134  150  133  142  139  149  132  135  149  134  132  129  137  132  132  131  130  124  139  126  132  137  132  128   49
ch:  60  118  130  130  128  139  155  133  139  138  148  136  133  127  126  146  134  134  125  128  120  135  122  112  134  116  132  125  123  124  134  125   -1
ch:  61  123  148  154  149  155  153  151  139  134  141  130  133  129  135  125  125  136  130  132  136  123  142  127  127  139  134  138  138  124  139  138   -1
ch:  62  109  135  135  132  136  136  133  162  142  138  134  132  134  141  133  132  134  127  135  133  131  132  120  129  127  120  128  123  133  131  123   39
ch:  63  137  152  139  149  158  149  151  151  142  135  137  137  133  134   -1  124  132  152  126  122  134  133  128  124  133  130  135  136  129  124  127   21
ch:  64  128  130  134  137  139  151  137  132  137  148  135  137  133  125  137  136  137  119  132  136  131  128  136  129  125  123  123  126   -1  133  133   27
ch:  65  132  142  140  144  154  139  135  130  130  136  131  141  122  133  125  136  131  133  134  133  117  127  120  120  122  122  130  130  134  124  136   -1
ch:  66  127  135  135  142  138  148  146  150  133  147  130  135  131  136  139  127  134  127  133  118  130  121  134  131  115  121  127  124  126  130  131   -1
ch:  67  156  154  149  150  150  147  140  149  140  133  138  139  129  129  142  130  130  133  123  133  130  138  122  122  126  130  131  128  118  130  129   20
ch:  68  112  130  136  134  140  139  145  145  139  134  140  137  131  128  130  128   -1  126  133  123  135  132  130  132  124  119  125  130   -1  135  117   -1
ch:  69  132  146  139  155  152  163  148  153  148  149  131  135  140  134   -1  138  130  141  134  133  126  127  130  127  131  129  123  134  119  135  143   -1
ch:  70  111  125  143  142  138  141  145  140  140  139  125  145  128  128  133  130  130  125  127  126  124  126  126  123  123  122  126  129  141  127  123   25
ch:  71  135  136  141  138  147  149  148  149  136  135  148  134  143  139  136  132  135  132  136  129  131  133  131  129  126  137  137  132  130  135  136   56
ch:  72  128  127  153  128  135  138  148  142  138  143  137  133  131  129  135  132   -1  135  127  128  132  128  130  106  130  105  127  127  122  127  134   -1
ch:  73  132  153  151  155  148  157  148  136  143  134  149  128  126  135  145  134  120  125  131  137  146  127  136  118  126  125  132  133  127  143  131   22
ch:  74  123  131  154  134  149  148  139  148  135  142  139  129  130  124  129  120  135  124  134  131  136  138  123  127  124  123  127  124  127  128  125   14
ch:  75  137  139  151  148  147  147  147  137  134  127  126  134  137  126  139  139  130  134  119  133  138  130  140  130  133  129  129  125  127  137  134   28
ch:  76  106  130  138  136  141  133  149  134  135  133  142  120  137  134  140  131  118  133  125  123  121  123  128  125  118  118  121  127   -1  124  131   42
ch:  77  141  152  149  152  138  145  138  148  137  137  127  130  132  142  129  127  127  132  137  137  137  128  126  132  130  120  133  136   -1  131  127   -1
ch:  78  111  122  129  147  138  142  133  134  146  144  137  144  138  130  131  124  123  134  132  130  116  121  138  119  121  125  131  110  115  126  121   -1
ch:  79  130  148  136  138  150  151  147  139  141  142  135  136  147  125  136  134  130  137  125  132  122  131  139  128  126  140  122  126  134  131  143   -1
ch:  80  118  124  131  134  142  137  148  132  140  136  139  123  133  134  125  126  119  127  131  132  122  131  134  120  126  123  122  120   -1  133  133   34
ch:  81  150  139  153  156  139  149  140  150  132  135  131  137  138  123  117  131  129  125  123  135  127  132  124  134  124  130  132  146  132  140  127   -1
ch:  82  116  133  132  146  136  148  146  146  135  138  151  121  124  135  136  123  134  134  127  133  135  122  132  133  131  121  121  134  124  129  126   51
ch:  83  142  141  152  161  149  163  136  137  136  135  145  137  124  133  146  142  129  125  121  131  131  132  118  131  127  126  133  122  129  127  131   33
ch:  84  120  119  128  134  151  147  137  150  138  140  135  133  122  137  133  131   -1  125  132  121  135  133  132  121  117  123  126  121   -1  116  136   32
ch:  85  132  143  153  145  152  152  145  148  142  132  134  146  132  134  134  137  135  125  135  129  130  128  120  134  126  131  127  127  121  133  139   -1
ch:  86  119  129  134  141  132  141  139  132  148  135  144  128  122  138  133  125  127  124  123  125  127  127  118  107  125  135  131  117  124  131  115   17
ch:  87  134  151  150  153  149  138  134  157  138  137  133  131  138  122  125  137  136  136  148  130  116  134  124  122  122  126  133  136  131  135  131   -1
ch:  88  120  124  135  128  138  141  119  138  146  140  139  139  139  133  138  136  137  136  130  127  129  106  130  126  115  125  118  118  126  131  135   -1
ch:  89  134  142  153  149  150  147  139  138  140  134  134  132  134  133  128  134  132  131  133  134  125  120  127  138  136  122  132  130   -1  138  120   30
ch:  90  130  125  138  138  150  148  135  143  128  134  139  134  137  128  127  125  141  135  120  123  131  123  132  125  123  117  132  127  125  128  121   -1
ch:  91  140  136  158  150  146  135  136  145  150  133  136  130  141  138  133  136  136  128  138  132  126  132  127  130  130  122  128  130  135  130  143   -1
ch:  92  122  131  142  138  142  136  150  148  137  130  139  138  137  133  139  147   -1  127  121  127  129  132  132  124  121  127  132  120   -1  128  135   27
ch:  93  150  143  135  134  153  151  150  142  132  147  151  138  134  142  145  130  138  130  133  133  133  125  128  132  123  121  129  136  128  125  133    9
ch:  94  121  135  135  123  142  136  142  138  134  126  131  130  135  132  137  128  126  127  125  132  119  117  131  132  132  118  131  132  122  130  125   -1
ch:  95  137  138  147  158   -1  138  148  135  138  145  133  146  136  125  137  133  133  134  130  132  126  128  137  124  132  126  133  132  134  130  132   -1
ch:  96  114  123  130  126  143  154  139  142  143  136  141  137  139  133  138  134  121  121  134  127  128  130  130  123  126  125  126  121   -1  135  139   -1
ch:  97  141  143  151  153  150  139  137  155  139  137  145  130  134  125  124  141  126  128  129  136  125  121  136  126  133  138  142  131  129  121  136   29
ch:  98  109  122  136  140  140  150  146  132  136  126  136  132  126  140   -1  127  132  123  132  125  124  131  134  128  133  127  123  127  131  130  138   -1
ch:  99  139  155  147  150  151  138  142  130  136  138  139  148  136  131  135  126  133  124  133  146  136  138  133  132  137  128  131  134  134  130  134   -1
ch: 100  118  124  128  122  139  142  140  149  157  139  136  130  133  129  139  122  125  134  131  129  126  123  129  135  126  133  121  121   -1  133  132   19
ch: 101  140  136  152  144  150  139  148  152  134  134  147  146  134  131  145  131  144  145  139  123  126  138  132  128  131  136  136  128  132  127  140    6
ch: 102  111  123  125  133  135  151  131  133  132  137  140  135  126  130  136  128  127  122  136  126  113  128  124  117  132  125  124  133  127  126  134   -1
ch: 103  143  137  151  145   -1  148  138  137  147  138  153  134  139  137  139  124  133  139  129  127  133  132  135  138  121  127  133  138  125  149  139   14
ch: 104  118  133  128  134  137  149  139  145  134  140  139  135  120  132  138  127   -1  123  132  125  126  120  122  118  116  130  131  124  118  122  125   56
ch: 105  140  152  152  158  156  136  150  130  140  134  138  134  132  139  151  138  131  139  136  126  133  121  138  135  137  129  132  130  127  143  136    1
ch: 106  109  125  131  138  138  136  132  146  152  134  140  134  132  131  128  131  128  129  120  130  129  117  135  133  125  128  127  124  129  129  134   10
ch: 107  142  152  140  148  147  150  145  148  139  138  143  140  133  138  147  133  130  139  130  140  134  139  120  130  118  126  131  130  131  130  131    7
ch: 108  110  123  133  128  134  139  138  146  132  142  139  137  135  131  133  129   -1  123  130  122  129  122  124  136  130  139  122  130   -1  130  133   56
ch: 109  140  146  137  147  141  156  145  140  148  137  135  145  129  137  137  124   -1  135  139  136  133  131  128  138  141  125  134  129  131  134  127   -1
ch: 110  123  122  133  136  149  134  149  134  138  138  138  125  140  130  136  131  134  128  125  130  122  114  131  126  122  120  127  118  121  122  124   10
ch: 111  137  138  142  155  152  141  148  154  142  140  148  136  131  141  126  133  123  118  128  127  132  131  131  137  127  126  133  130  137  137  140   48
ch: 112  122  137  135  126  147  127  134  144  139  146  139  133  124  132  130  130  134  128  130  118  127  128  125  121  130  137  123  118   -1  124  129   23
ch: 113  141  156  138  156  152  148  142  135  152  129  130  134  134  129  134  132  138  133  143  121  125  137  132  124  131  126  138  122  135  128  121   54
ch: 114  124  125  133  139  151  136  125  139  138  142  130  134  126  132  132  131  139  122  124  121  123  121  129  117  121  123  127  122  132  127  137   -1
ch: 115  137  142  152  148  146  149  146  133  136  135  138  138  149  136  137  133  135  128  131  131  125  135  128  120  129  127  135  138  131  130  137   -1
ch: 116  110  125  131  130  136  141  151  145  141  138  147  127  129  134  132  139  131  133  118  131  129  133  120  126  121  134  121  124   -1  132  135   -1
ch: 117  132  155  140  155  141  149  152  139  138  133  137  138  132  139  128  136  132  131  132  131  128  117  135  126  131  137  128  129  131  126  129   -1
ch: 118  128  127  125  140  138  140  133  139  138  131  140  127  138  137  134  130  133  124  127  131  121  125  128  123  125  131  136  124  131  131  131   -1
ch: 119  127  148  161  160  145  147  151  149  132  143  135  148  132  131  129  153  135  128  137  126  137  127  129  130  137  132  129  134  129  121  127   -1
ch: 120  110  122  138  148  153  134  149  136  150  139  128  121  138  145  139  134  123  127  125  131  122  124  133  124  122  135  141  131   -1  119  124   43
ch: 121  139  157  150  153  146  137  143  148  136  159  133  132  129  126  135  138  129  131  124  119  123  135  125  138  120  134  130  129  117  138  127   -1
ch: 122  123  123  135  140  139  152  133  133  148  131  139  128  136  129  122  120  128  126  135  121  132  127  124  137  111  127  129  128  134  135  120   -1
ch: 123  133  141  151  146  148  153  145  137  136  145  138  132  129  121  127  136  126  139  125  141  125  126  136  138  132  128  135  131  135  138  133   -1
ch: 124  100  110  117  120  127  138  141  134  128  148  141  133  129  144  139  142  126  126  137  132  122  131  120  133  126  122  134  136   -1  126  132   51
ch: 125  123  136  150  139  147  142  149  141  149  142  127  137  136  139  127  131  135  124  133  129  125  135  128  126  136  124  129  138   -1  124  138   -1
ch: 126   87   95  111  119  125  132  126  140  133  142  128  138  129  142  139  125  127  125  128  129  135  125  128  134  134  137  121  133  126  128  133   30
ch: 127  111  126  116  137  139  138  132  138  143  125  140  134  131   -1  131  139  136  134  133  120  125  130  136  130  124  127  129  122  126  132  134   -1
