# ID XA-000-08-003-000-001-199-06
# Tag _trim_
# Date 240620_19:03:35
# Vref_p 52
# Vref_n 18
# Thr2_glb 10
# Vref_t 118
# Vref_t_range 1
# Pol 1
# ADC range 30-247
# FAST disc 30
ch:   0  101  103  117  119  135  133  141  149  151  145  138  139  155  141  146  131  123  124  138  133  123  120  120  127  132  134  121  124  132  124  115   -1
ch:   1  139  136  151  150  146  153  153  140  147  151  148  135  130  140  141  131  132  129  138  121  132  132  118  131  118  117  118  126   -1  134  124    4
ch:   2  109  115  130  140  124  132  140  138  142  148  142  141  139  139  129  137  135  133  134  132  123  139  122  133  117  126  110  125  124  123  124   -1
ch:   3  143  144  157  155  146  140  147  142  149  141  140  149  136  137  140  137  150  150  134  133  126  135  125  132  122  124  131  121  141  135  134    4
ch:   4  128  130  140  139  152  142  143  143  148  138  124  139  144  132   -1  133  121  136  133  132  136  128  118  125  126  119  120  113  130  128  131   -1
ch:   5  151  164  150  164  153  148  151  142  142  142  149  140  137  142  140  134  133  126  131  133  124   -1  139  130  145  123  117  131  132  132  119   -1
ch:   6  111  131  144  155  150  148  141  143  149  140  140  139  134   -1  138  136  135  130  116  140  120  135  119  124  121  132  133  131  130  122  132   -1
ch:   7  145  140  151  152  166  151  145  154  153  156  140  147  146  141  137  150  142  134  123  126  124  135  132  135  131  135  136  122  131  131  131   -1
ch:   8  128  114  138  139  147  157  153  148  148  139  133  140  140  132   -1  140  114  124  134  130  132  133  131  125  121  124  118  132  133  129  132   17
ch:   9  148  145  150  149  137  148  147  134  147   -1  138  147  139  134  140  132  134  139  138  134  121  123  130  127  125  136  124  134  121  134  134   -1
ch:  10  122  136  140  139  138  142  151  140  136  138  141  123  134  132  122  131  138  119  132  121  134  128  116  121  120  129  116  127  126  120  132   19
ch:  11  147  163  153  161  154  143  146  143  146  142  136  141  150  142  135  142  141  135  132  124  137  131  133  131  123  139  123  129  130  142  120   10
ch:  12  117  120  148  129  151  145  141  152  152  139  143  137  141  133  139  121  137  133  119  126  131  122  124  133  130  126  121  119  123  120  120    3
ch:  13  153  156  154  148  154  157  147  151  145  154  140  146  139  147  135  138  141  141  138  125  132   -1  133  134  123  127  132  121  123  136  135   30
ch:  14  123  135  133  150  133  155  163  143  145  148  145  138  131  134  137  135  121  122  130  133  129  129  132  122  137  126  125  124  123  125  125   14
ch:  15  155  144  153  148  152  149  145  152  135  143  138  138  141  142  139  139  133  138  125  127  133  130  132  138  132  126  132  125  135  126  134   -1
ch:  16  112  119  147  145  141  150  148  153  137  141  150  150  136  139  121  135  135  133  137  115  120  118  121  124  124  118  117  125  125  129  122   -1
ch:  17  134  142  149  149  148  153  139  153  139  137  137  141  148  147  126  125  145  132  148  136  131  136  126  133  132  125  132  123  124  118  136   42
ch:  18  131  127  140  154  143  157  142  154  135  148  146  139  141  147  132  137  118  124  121  128  122  121  122  130  135  121  123  134  132  137  121   20
ch:  19  143  149  157  153  152  152  146  154  155  138  150  137  141  143  135  129  140  142  138  139  130  131  134  132  135  121  131  137  130  136  125   26
ch:  20  118  116  134  143  153  152  145  147  141  143  151  150  134  136  130  125  124  137  131  119  137  133  127  124  121  122  120  110  133  134  121    8
ch:  21  151  143  158  153  146  149  140  148  145  137  138  147  137  139  144  146  139  128  136  136  137  135  123  124  130  122  146  124  130  122  134   -1
ch:  22  128  127  137  157  151  139  140  149  146  145  137  139  147  133  124  137  123  135  129  130  122  134  119  113  127  115  121  133  121  123  125   -1
ch:  23  141  139  157  154  157  140  154  148  143  152  149  142  150  151  146  137  138  134  142  138  138  136  134  133  121  124  120  134  139  123  132    3
ch:  24  122  120  138  145  138  148  149  148  156  140  142  150  154  152   -1  138  126  133  141  122  115  134  137  133  122  120  131  121  132  117  120   17
ch:  25  150  154  163  157  147  142  154  141  151  145  138  142  140  143  141  141  135  139  130  131   -1  125  137  126  133  141  125  134  122  122  147   38
ch:  26  119  135  130  155  140  133  152  151  150  155  152  137  149  137  126  140  130  144  119  129  122  122  125  114  116  110  129  135  123  126  124   -1
ch:  27  148  137  151  156  153  151  154  153  156  152  147  136  147  139  142  135  143  149  139  132  117  130  119  131  134  137  136  123  121  131  133   37
ch:  28  118  109  138  147  156  152  151  148  150  140  140  152  135  136  136  133  135  124  133  133  125  123  125  134  128  133  124  123  127   -1  119   56
ch:  29  148  145  157  151  150  138  146  146  139  138  161  143  155  135  139  139  143  138  132  131  122  123  121  124  120  117  123  133  133  126  137   -1
ch:  30  123  143  130  149  147  147  151  164  151  138  145  140  139  138  132  133  129  131  126  139  134  122  117  123  131  132  117  122  130  121  131   -1
ch:  31  139  152  164  150  155  149  141  139  151  139  147  133  147  142  141  141  139  131  127  136  139  132  130  123  135  137  125  135  133  138  135   54
ch:  32  118  120  126  147  142  142  141  137  156  148  147  149  135  126  122  141  131  130  127  122  133  126   -1  119  122  125  125  120  115  117  117   31
ch:  33  140  152  154  157  152  149  155  149  155  139  139  140  149  140  149  135  136  139  134  130  134  130  119  124  120  134  126  123  131  130  134    7
ch:  34  125  135  136  155  139  151  147  144  146  141  147  137  135  141  138  122  121  138  121  135  130  138  134  125  121  139  123  123  125  123  131   46
ch:  35  145  142  165  153  148  154  138  153  146  142  141  138  140  141  141  133  137  137  140  137  119  149  132  133  133  121  134  126  127  135  115   14
ch:  36  124  120  144  134  150  150  151  157  152  140  136  147  138  140   -1  133  135  126  133  132  135  135  134  133  120  123  124  127  133   -1  135    7
ch:  37  143  151  157  157  149  155  148  143  147  150  151  139  149  132  154  132  135  138  132  137  120  132  134  135  125  130  134  123  138  137  134   -1
ch:  38  125  127  138  139  153  143  147  156  153  150  159  151  137  147  138  147  139  135  133  137  134  120  124  120  121  123  124  131  121  134  121   22
ch:  39  151  136  156  155  153  149   -1  140  155  147  130  149  140  135  148  139  148  136  131  147  131  133  121  131  132  137  124  119  125  148  136    9
ch:  40  108  127  148  147  141  135  150  135  147  152  147  146  137  136  148  140  136  141  117  130  123  120  121  126  134  132  123  127  120  130  127   -1
ch:  41  149  154  148  148  149  152  149  145  142  143  146  151  130  137  135  132  135  133  130  124  124  132  136  121  132  125  136  126  135  121  135   -1
ch:  42  115  131  134  148  141  151  142  150  151  138  137  140  146  136  136  135  133  126  123  138  124  131  135  132  120  128  129  128  124  114  132   32
ch:  43  147  142  151  158  149  155  148  142  153  150  149  145  141  137  138  134  131  136  135  126  139  145  133  136  125  137  132  133  132  125  129   -1
ch:  44  115  124  135  137  147  147  142  151  136  141  140  136  126  135  136  134  133  126  133  135  124  131  119  136  125  135  117  121  114  122  120   -1
ch:  45  145  156  154  151  152  155  151  149  145  161  139  145  138  137  143  146  135  140  140  139  134  122  140  134  122  121  134  132  123  141  130    6
ch:  46  127  119  138  164  153  147  143  137  145  139  141  137  141  135  142  134  130  124  121  123  128  123  118  109  110  121  121  121  139  121  126   -1
ch:  47  133  149  151  152  163  155   -1  155  150  151  149  145  148  133  141  135  138  133  120  134  139  131  135  137  139  139  123  125  121  136  125   -1
ch:  48  121  120  140  137  154  146  148  147  151  140  132  139  139  136  135  137  123  129  139  132  136  135  132  119  129  124  122  134  121   -1  139   -1
ch:  49  156  144  148  138  155  147  151  156  150  149  145  138  135  139  135  141  141  136  133  135  133  131  119  122  121  130  138  118  122  126  124   18
ch:  50  121  139  140  138  150  143  151  139  151  150  144  142  140  142  140  141  130  141  123  118  137  132  123  130  133  114  136  124  123  139  124   -1
ch:  51  139  138  156  164  148  158  142  148  148  143  140  148  140  137  132  136  119  125  124  136  135  130  133  131  123  120  118  129  134  138  151   15
ch:  52  123  122  137  131  152  151  149  139  151  140  155  148  125  135  131  122  134  137  130  133  123  123  132  131  136  124  125  125  123   -1  134   -1
ch:  53  143  152  146  147  150  140  151  143  140  152  145  152  136  138  139  125  137  144  148  130  126  138  136  125  132  131  124  134  130  136  132   -1
ch:  54  113  127  144  143  151  142  150  140  139  141  143  140  137  135  136  130  136  146  136  134  125  130  122  125  119  117  124  112  130  123  130   -1
ch:  55  133  154  156  166  143  142  150  153  142  138  147  138  148  127  135  133  135  140  136  145  123  117  136  135  141  126  137  133  120  127  129   -1
ch:  56  116  131  140  147  154  147  147  149  136  141  139  132  129  146  134  135  134  133  134  126  132  123  131  121  132  122  127  118  126  121  134   10
ch:  57  152  154  158  148  151  151  151  156  146  142  145  138  140  141  135  139  126  137  132  136  132  147  120  119  136  122  134  132  133  134  138   21
ch:  58  115  126  140  153  140  141  132  141  148  138  140  142  133  136  146  133  136  132  127  140  119  120  123  131  123  119  124  131  121  133  132   54
ch:  59  136  153  154  154  148  161  156  152  148  137  155  132  139  139  134  146  120  139  126  131  131  140  131  138  132  129  133  125  126  133  127   -1
ch:  60  119  120  133  137  154  147  139  147  135  150  149  145  135  139  133  134  137  141  132   -1  127  137  125  123  135  116  134  125  118   -1  133   -1
ch:  61  134  142  150  170  153  147  150  142  153  161  145  148  141  149  145  138  131  139  132  131  133  121  133  126  126  139  120  131  121  125  130   -1
ch:  62  121  139  138  158  141  147  145  149  152  152  143  138  146  138  134  131  131  133  135  140  126  133  132  125  125  120  120  131  119  119  130    1
ch:  63  135  145  158  163  150  154  151  152  152  156  139  140  134  137  149  146  134  146  124  126  132  147  134  129  135  137  110  135  141  137  136    2
ch:  64  128  119  143  135  151  155  155  149  147  157  143  145  140  133  138  145  133  136  127  134  126  131  134  137  134  118  133  131  122   -1  132   19
ch:  65  149  154  148  151  148  147  149  140  151  148  150  140  139  133  125  134  137  138  139  137  133  130  126  131  125  121  115  120  135   -1  135   -1
ch:  66  121  127  144  149  131  153  135  158  140  156  146  151  135  136  136  142  132  133  133  121  129  128  140  131  122  135  126  123  121  130  117   -1
ch:  67  141  140  154  149  153  157  147  159  148  138  135  133  131  150  127  146  135  139  134  135  134  135  123  129  140  121  122  139  131  121  138   -1
ch:  68  122  131  140  141  159  142  154  143  146  140  139  145  139  134   -1  141  130  139  124  128  134  146  131  117  133  126  130  133  119   -1  118   50
ch:  69  149  141  148  155  154  151  153  154  153  154  145  140  139  137  133  147  125  131  134  136  138  123  126  130  131  132  138  126  124  131  134   20
ch:  70  132  126  138  159  146  147  136  148  131  146  145  140  137  129  124  142  130  140  131  131  134  131  133  132  120  118  124  117  121  133  124   15
ch:  71  145  144  157  152  149  163  151  153  163  147  149  147  140  139  140  145  136  132  122  130  122   -1  135  131  126  123  132  135  131  131  136   -1
ch:  72  130  127  137  137  140  141  143  157  147  143  142  146  138  139  141  138  129  121  126  133  132  133  132  130  134  125  131  123  120  134  131   11
ch:  73  147  152  156  153  142  149  145  152  136  151  151  137  139  136  135  141  136  131  123  139  136  132  130  129  120  116  122  124  137  123  133    1
ch:  74  108  127  144  147  148  153  149  143  152  150  136  148  141  145  132  136  138  123  134  135  123  134  131  129  134  111  123  118  122  125  133   -1
ch:  75  139  137  164  153  148  155  140  149  146  148  141  136  154  143  138  137  137  131  121  126  139  130  122  136  130  138  134  130  131  138  139    8
ch:  76  131  119  137  137  152  146  137  152  146  142  139  149  147  137   -1  123  130  134  135  131  138  122  123  142  131  116  126  128  127   -1  118   10
ch:  77  143  156  149  158  156  150  155  150  143  145  135  150  135  140  135  133  142  125  123  130  124  135  145  135  129  125  132  127  138  134  138    1
ch:  78  123  133  144  146  143  142  137  141  149  149  140  140  135  132  143  140  136  134  131  134  129  132  133  120  132  123  132  118  133  135  132    5
ch:  79  141  145  155  154  143  147   -1  136  151  148  139  134  134  142  136  140  124  131  137  124  131  133  129  131  123  133  133  137  126  136  137   -1
ch:  80  118  113  147  141  159  150  152  141  140  141  146  135  134  138  129  132  131  125  130  132  126  131  126  133  135  117  127  132  129  114  120   23
ch:  81  137  152  156  148  152  154  139  147  147  152  151  142  139  146  137  138  137  133  132  132  134  134  118  133  119  126  124  132  132  124  130    2
ch:  82  119  127  130  153  151  155  136  149  147  152  145  150   -1  138  130  135  130  134  133  132  117  125  122  124  137  127  119  118  133  126  121   -1
ch:  83  153  138  155  158  158  141  149  156  139  140  140  147  137  137  145  132  136  135  137  139  135  133  123  121  139  120  131  132  134  135  142   11
ch:  84  131  123  147  143  151  156  158  156  147  137  137  135  138  142  132  132  142  129  133  129  152  124  125  130  124  131  125  137  128  133  116   16
ch:  85  143  150  151  153  153  149  152  151  142  137  142  149  139  142  136  141  141  152  132  137  137  130  125  129  127  121  130  123  133  123  131   23
ch:  86  123  125  138  155  149  155  151  149  141  147  149  139  131  136  148  134  137  133  120  114  126  121  127  129  123  120  109  111  133  136  130   33
ch:  87  137  148  154  141  140  156  166  147  152  148  147  145  135  138  147  139  134  124  137  132  136  145  132  126  132  135  136  123  138  117  135   -1
ch:  88  115  132  134  141  146  153  140  157  146  152  150  150  130  137  148  141  147  125  137  131  129  132  132  137  128  125  126  123  125  124  120   40
ch:  89  147  152  153  169  148  147  157  148  153  136  151  143  140  135  136  141  134  135  134  122  132  141  118  121  134  117  117  125  115  123  123   10
ch:  90  111  131  135  140  147  149  141  141  138  140  134  140  136  147  130  135  133  146  133  134  122  131  118  132  142  120  131  126  121  125  125   11
ch:  91  134  136  165  164  157  138  143  150  151  147  145  139  140  143  142  131  135  135  125  133  123  121  130  131  126  138  124  122  132  131  136   10
ch:  92  115  131  133  149  140  156  150  145  146  149  142  143  139  149  141  126  126  136  121  123  131  126  131  139  132  120  137  131  121  116  122   -1
ch:  93  143  151  152  151  156  153  162  138  151  148  139  148  151  136  132  139  137  125  138  123  120  120  117  130  126  130  133  116  125  126  137   45
ch:  94  113  133  122  152  150  151  151  148  143  142  138  139  150  149  124  137  135  125  119  122  117  123  133  114  123  117  121  124  119  131  119   -1
ch:  95  139  145  152  162  156  143  148  151  139  134  139  147  133  140  133  133  122  139  141  126  133  133  130  136  132  133  134  131  127  129  136   -1
ch:  96  121  139  137  137  143  147  156  149  146  148  136  137  148  136  144  140  135  123  134  134  121  132  135  138  124  131  121  117  117  133  125   -1
ch:  97  141  150  149  150  154  140  161  143  152  137  151  139  131  148  135  136  122  131  124  124  132  129  135  125  138  123  132  127  131  126  129   -1
ch:  98  119  131  144  140  133  151  142  149  135  140  134  125  132  141  137  133  133  122  130  123  124  122  117  124  131  119  133  133  114  123  118   27
ch:  99  147  148  154  152  150  151  138  140  148  134  151  139  135  142  140  145  119  137  134  125  136  133  126  132  133  129  130  135  141  130  132   56
ch: 100  120  125  152  141  148  150  150  149  136  147  154  145  130  143  132  137  139  127  136  126  135  135  134  132  123  122  135  122   -1  118  131   -1
ch: 101  135  151  154  155  157  157  150  141  154  138   -1  134  141  145  138  141  122  135  131  138  131  129  122  122  123  130  133  138  125  139  124    5
ch: 102  123  131  142  142  147  154  142  143  149  148  143  132  146  130  135  121  145  122  124  120  123  129  124  132  125  124  115  129  124  132  129   -1
ch: 103  137  147  141  146  157  162   -1  146  145  150  155  139  135  132  137  131  140  136  118  123  124  146  134  138  137  123  125  145  135  132  134   13
ch: 104  124  117  139  131  152  149  152  149  139  151  142  140  142  136  135  137  132  134  126  121  121  130  126  121  110  124  135  122  131   -1  130   48
ch: 105  143  149  147  163  148  149  153  150  142  145  136  139  129  133  133  130  123  134  135  133  135  134  136  126  134  131  133  126  132  124  132    6
ch: 106  128  115  132  137  141  147  137  150  148  146  141  149  141  133  145  126  129  129  131  136  125  121  124  125  121  127  119  130  131  124  137   45
ch: 107  147  154  164  155  154  139  151  150  150  139  151  149  138  137  140  133  134  130  122  146  127  133  143  132  122  135  131  137  132  111  139   54
ch: 108  120  120  143  149  149  155  143  150  147  136  141  139  135  143  125  147  122  137  131  114  122  131  120  123  122  120  133  136  125  134  120   -1
ch: 109  127  140  148  153  152  154  137  146  149  134  145  146  149  140  145  138  140  123  136  133  134  123  120  122  122  117  125  132  123  136  138   -1
ch: 110  111  136  126  139  135  147  138  149  149  143  136  139  137  138  136  140  134  134  123  130  130  141  127  124  123  123  121  118  121  123  122   -1
ch: 111  139  139  152  163  150  157  163  151  155  148  152  133  132  127  138  133  133  137  131  134  123   -1  132  119  131  132  124  132  124  126  132   48
ch: 112  115  123  143  149  141  166  156  143  150  137  135  138  137  123  134  135  133  133  130  130  122  118  131  122  132  123  120  133  119  124  133   -1
ch: 113  135  148  148  142  163  153  152  149  148  144  154  154  139  146  142  129  136  137  141  121  137  114  135  139  133  124  133  115  129  133  138   55
ch: 114  123  123  137  148  136  143  131  151  142  135  159  140  142  138  136  142  130  140  128  137  129  137  130  119   -1  122  119  134  124  133  127   -1
ch: 115  144  149  156  163  156  161  137  151  149  151  140  146  142  137  135  150  132  135  141  136  133  135  124  134  123  126  132  135  132  138  121   -1
ch: 116  118  120  147  137  141  157  149  142  152  148  145  134  134  125   -1  135  125  117   -1  126  132  121  137  119  125  125  135  124  109  130  136   -1
ch: 117  147  141  142  151  154  135  149  148  142  144  164  140  138  141  138  132  137  131  120  127  125  120  122  132  130  119  116  137  124  123  126   24
ch: 118  109  117  126  149  147  153  142  148  143  133  140  135  139  146  132  136  132  132  135  135  124  121  132  134  121  121  117  117  125  124  132   -1
ch: 119  134  142  150  151  151  147  137  143  153  137  149  150  124  149  137  137  138  142  127  125  121  124  126  135  138  136  127  131  119  119  132   11
ch: 120  123  131  141  140  146  151  152  150  153  142  140  136  146  136  122  131  137  130  141   -1  136  131  135  121  136  120  123  121   -1  131  121    6
ch: 121  139  149  147  162  140  146  148  147  141  156  148  137  151  141  135  147  130  136  138  127  130  118  118  136  123  132  134  126  126  139  131   -1
ch: 122  112  127  126  152  139  149  145  153  147  137  150  141  149  144  132  135  135  129  119  126  124  133  116  121  129  120  120  126  120  120  132   10
ch: 123  137  154  150  152  157  147  149  150  143  143  145  139  141  137  136  134  138  151  129  142  138  119  142  129  130  126  126  139  119  134  133   10
ch: 124  103  104  131  121  131  135  145  153  146  137  131  139  138  153  129  131  131  137  131  129  138  130  124  125  114  120  132  133  135   -1  130    4
ch: 125  126  145  157  142  148  147  150  140  137  149   -1  136  140  137  129  134  137  139  134  134  130  125  119  131  136  135  137  136  137  142  135    8
ch: 126  107  113  122  127  120  135  134  146  152  136  141  146  143  140  141  141  132  146  133  130  129  125  118  125  117  114  125  116  131  122  121   20
ch: 127  138  116  137  151  139  143  155  152  150  162  152  153  130  152  146  141  153  141  153  145  156  140  150  143  140  146  149  135  153  148  148   44
