ch    0:      0     0     0     0     0     0     0     0     0     0     0     0     0     0     0     0     0     0     0     0     0     0     0     0     0     0    67  4763 14587 12437  9518     4
ch    1:      0     0     0     0     0     0     0     0     0     0     0     0     0     0     0     0     0     0     0     0     0     0     0     0     0     3   148  5124 13327  4961 13936   514
ch    2:      0     0     0     0     0     0     0     0     0     0     0     0     0     0     0     0     0     0     0     0     0     0     0     0     0     4   121  6104 13078 10883  6027  1539
ch    3:      0     0     0     0     0     0     0     0     0     0     0     0     0     0     0     0     0     0     0     0     0     0     0     0     0     0   165  8049  9365 13371 12878  1500
ch    4:      0     0     0     0     0     0     0     0     0     0     0     0     0     0     0     0     0     0     0     0     0     0     0     0     0     0    81  6005  9771  7497 10433    63
ch    5:      0     0     0     0     0     0     0     0     0     0     0     0     0     0     0     0     0     0     0     0     0     0     0     0     0     0   101  6490 12634 10442  9742  4619
ch    6:      0     0     0     0     0     0     0     0     0     0     0     0     0     0     0     0     0     0     0     0     0     0     0     0     0     1   141  6393 10967 15019  8340   322
ch    7:      0     0     0     0     0     0     0     0     0     0     0     0     0     0     0     0     0     0     0     0     0     0     0     0     0     0   346 15363 11137 14266  9811  8829
ch    8:      0     0     0     0     0     0     0     0     0     0     0     0     0     0     0     0     0     0     0     0     0     0     0     0     0     1   124  6925 15358 10039  9462   361
ch    9:      0     0     0     0     0     0     0     0     0     0     0     0     0     0     0     0     0     0     0     0     0     0     0     0     0     1   397  9896  6973  5711 10324 10181
ch   10:      0     0     0     0     0     0     0     0     0     0     0     0     0     0     0     0     0     0     0     0     0     0     0     0     0     0   155 12987 13746 13110  7889   410
ch   11:      0     0     0     0     0     0     0     0     0     0     0     0     0     0     0     0     0     0     0     0     0     0     0     0     0     2   614 10754 16816  8477 12537 12465
ch   12:      0     0     0     0     0     0     0     0     0     0     0     0     0     0     0     0     0     0     0     0     0     0     0     0     0     2   318 12448 10465  6601  7466   335
ch   13:      0     0     0     0     0     0     0     0     0     0     0     0     0     0     0     0     0     0     0     0     0     0     0     0     0     3   303  9411 10304 10779 10034 14159
ch   14:      0     0     0     0     0     0     0     0     0     0     0     0     0     0     0     0     0     0     0     0     0     0     0     0     0     3   162 12762  6185  7504  8137   349
ch   15:      0     0     0     0     0     0     0     0     0     0     0     0     0     0     0     0     0     0     0     0     0     0     0     0     0     6   844  3581 12581 12193 12762 16365
ch   16:      0     0     0     0     0     0     0     0     0     0     0     0     0     0     0     0     0     0     0     0     0     0     0     0     0     0   348  7791  8956  8447  9527   300
ch   17:      0     0     0     0     0     0     0     0     0     0     0     0     0     0     0     0     0     0     0     0     0     0     0     0     0     1   461  6421  9946  8561  9935 15551
ch   18:      0     0     0     0     0     0     0     0     0     0     0     0     0     0     0     0     0     0     0     0     0     0     0     0     0     5   366 14837  8045 12342 12857   430
ch   19:      0     0     0     0     0     0     0     0     0     0     0     0     0     0     0     0     0     0     0     0     0     0     0     0     0    12   745  8769 14903 11070 10446  2371
ch   20:      0     0     0     0     0     0     0     0     0     0     0     0     0     0     0     0     0     0     0     0     0     0     0     0     0    10  1080  9015 10197 14348  9132   337
ch   21:      0     0     0     0     0     0     0     0     0     0     0     0     0     0     0     0     0     0     0     0     0     0     0     0     0     3   779 15472 11760  9091 12464  2532
ch   22:      0     0     0     0     0     0     0     0     0     0     0     0     0     0     0     0     0     0     0     0     0     0     0     0     0     3  1229 12107 12705  9984 11511   366
ch   23:      0     0     0     0     0     0     0     0     0     0     0     0     0     0     0     0     0     0     0     0     0     0     0     0     0     6   601 13214 10967 10320 11775  6321
ch   24:      0     0     0     0     0     0     0     0     0     0     0     0     0     0     0     0     0     0     0     0     0     0     0     0     0    18  1323  6671  7137  9701 11510   259
ch   25:      0     0     0     0     0     0     0     0     0     0     0     0     0     0     0     0     0     0     0     0     0     0     0     0     0     9  1150  9940  9856  8836 14466 11560
ch   26:      0     0     0     0     0     0     0     0     0     0     0     0     0     0     0     0     0     0     0     0     0     0     0     0     0    16  1035 14205  4465 12517 10948   414
ch   27:      0     0     0     0     0     0     0     0     0     0     0     0     0     0     0     0     0     0     0     0     0     0     0     0     0    16  1440  5940 12239 13376 10845 10680
ch   28:      0     0     0     0     0     0     0     0     0     0     0     0     0     0     0     0     0     0     0     0     0     0     0     0     0    21  1184  5584 11339  7149  9544   378
ch   29:      0     0     0     0     0     0     0     0     0     0     0     0     0     0     0     0     0     0     0     0     0     0     0     0     0    14  2223  8548  5025  8755  4073 10567
ch   30:      0     0     0     0     0     0     0     0     0     0     0     0     0     0     0     0     0     0     0     0     0     0     0     0     0    20   924  7655  8771 11686  9893   305
ch   31:      0     0     0     0     0     0     0     0     0     0     0     0     0     0     0     0     0     0     0     0     0     0     0     0     0    19   836 12815  9960  7922  5048 11749
ch   32:      0     0     0     0     0     0     0     0     0     0     0     0     0     0     0     0     0     0     0     0     0     0     0     0     0    23  1435 10364 14910  9484  8937   352
ch   33:      0     0     0     0     0     0     0     0     0     0     0     0     0     0     0     0     0     0     0     0     0     0     0     0     0     7  1406  9523 10435  7552 13453 13112
ch   34:      0     0     0     0     0     0     0     0     0     0     0     0     0     0     0     0     0     0     0     0     0     0     0     0     0    19   869  7305  6218  5867  9097   384
ch   35:      0     0     0     0     0     0     0     0     0     0     0     0     0     0     0     0     0     0     0     0     0     0     0     0     0    21  1149 12444  9483 10942  6352 15128
ch   36:      0     0     0     0     0     0     0     0     0     0     0     0     0     0     0     0     0     0     0     0     0     0     0     0     0    16  1116 12187 12438  6998  8126   424
ch   37:      0     0     0     0     0     0     0     0     0     0     0     0     0     0     0     0     0     0     0     0     0     0     0     0     0    23  1892 12177  9556 10452  8128  5895
ch   38:      0     0     0     0     0     0     0     0     0     0     0     0     0     0     0     0     0     0     0     0     0     0     0     0     0     5   903 10712  9365 11760  9778   456
ch   39:      0     0     0     0     0     0     0     0     0     0     0     0     0     0     0     0     0     0     0     0     0     0     0     0     0    30  2023 12790 11434  7521 15762  7738
ch   40:      0     0     0     0     0     0     0     0     0     0     0     0     0     0     0     0     0     0     0     0     0     0     0     0     0     8  1031  7574  8307 11647 10776   402
ch   41:      0     0     0     0     0     0     0     0     0     0     0     0     0     0     0     0     0     0     0     0     0     0     0     0     0     6  1255 11243 11519  8865  9158  7864
ch   42:      0     0     0     0     0     0     0     0     0     0     0     0     0     0     0     0     0     0     0     0     0     0     0     0     0    20  1402 11426  7589 13132 12793   329
ch   43:      0     0     0     0     0     0     0     0     0     0     0     0     0     0     0     0     0     0     0     0     0     0     0     0     0    18  1630 10679  8448  4099 12835 12245
ch   44:      0     0     0     0     0     0     0     0     0     0     0     0     0     0     0     0     0     0     0     0     0     0     0     0     0    16  1232  9931  6380  9658  7489   359
ch   45:      0     0     0     0     0     0     0     0     0     0     0     0     0     0     0     0     0     0     0     0     0     0     0     0     0    27  2246 15983  8784 14148 11575 13016
ch   46:      0     0     0     0     0     0     0     0     0     0     0     0     0     0     0     0     0     0     0     0     0     0     0     0     0    13  1132  9689  7653  9737 10907   453
ch   47:      0     0     0     0     0     0     0     0     0     0     0     0     0     0     0     0     0     0     0     0     0     0     0     0     0    24  2448  9174 10527  8327 13763 14791
ch   48:      0     0     0     0     0     0     0     0     0     0     0     0     0     0     0     0     0     0     0     0     0     0     0     0     0    34  1061 14555  8597 11319  9544   516
ch   49:      0     0     0     0     0     0     0     0     0     0     0     0     0     0     0     0     0     0     0     0     0     0     0     0     0    18  1712  8215 11204  9300  9633 14513
ch   50:      0     0     0     0     0     0     0     0     0     0     0     0     0     0     0     0     0     0     0     0     0     0     0     0     0    18  1703 10260 10098 10374 15639   465
ch   51:      0     0     0     0     0     0     0     0     0     0     0     0     0     0     0     0     0     0     0     0     0     0     0     0     2    24  2362 15398 12333 15130  8489  4446
ch   52:      0     0     0     0     0     0     0     0     0     0     0     0     0     0     0     0     0     0     0     0     0     0     0     0     0    19  1685 10503 13227 13116  9197   548
ch   53:      0     0     0     0     0     0     0     0     0     0     0     0     0     0     0     0     0     0     0     0     0     0     0     0     0    15  3914 12930  8153 13097  6772  9500
ch   54:      0     0     0     0     0     0     0     0     0     0     0     0     0     0     0     0     0     0     0     0     0     0     0     0     0    25  2202  9350 10378  9373 10993   508
ch   55:      0     0     0     0     0     0     0     0     0     0     0     0     0     0     0     0     0     0     0     0     0     0     0     0     0    45  2606 13461  6308 12325  8716  4083
ch   56:      0     0     0     0     0     0     0     0     0     0     0     0     0     0     0     0     0     0     0     0     0     0     0     0     0    12  1789 10624  7485 12669  4745   538
ch   57:      0     0     0     0     0     0     0     0     0     0     0     0     0     0     0     0     0     0     0     0     0     0     0     0     1    71  3671  9745 10104 11844 11935 10987
ch   58:      0     0     0     0     0     0     0     0     0     0     0     0     0     0     0     0     0     0     0     0     0     0     0     0     0    19  1244  9659  7129  5829  8996   615
ch   59:      0     0     0     0     0     0     0     0     0     0     0     0     0     0     0     0     0     0     0     0     0     0     0     0     0    16  2652  7424 12792 11626 12548 10338
ch   60:      0     0     0     0     0     0     0     0     0     0     0     0     0     0     0     0     0     0     0     0     0     0     0     0     0    16  3078  6968  9255 15294 13892   616
ch   61:      0     0     0     0     0     0     0     0     0     0     0     0     0     0     0     0     0     0     0     0     0     0     0     0     0    57  4052 13304 14953 11272  9937 12035
ch   62:      0     0     0     0     0     0     0     0     0     0     0     0     0     0     0     0     0     0     0     0     0     0     0     0     0    20  3268 10933 14969 14412 10024   763
ch   63:      0     0     0     0     0     0     0     0     0     0     0     0     0     0     0     0     0     0     0     0     0     0     0     0     0    21  3031 12265 11528  8204 10493 13627
ch   64:      0     0     0     0     0     0     0     0     0     0     0     0     0     0     0     0     0     0     0     0     0     0     0     0     0    24  1838  8471 12228 10441 15689   687
ch   65:      0     0     0     0     0     0     0     0     0     0     0     0     0     0     0     0     0     0     0     0     0     0     0     0     0    47  4627 11972 13513 12154  6638 10926
ch   66:      0     0     0     0     0     0     0     0     0     0     0     0     0     0     0     0     0     0     0     0     0     0     0     0     0     9  1929  6160  7320 10818 12377   752
ch   67:      0     0     0     0     0     0     0     0     0     0     0     0     0     0     0     0     0     0     0     0     0     0     0     0     0    28  2302  8369  4492  8333 14171 13669
ch   68:      0     0     0     0     0     0     0     0     0     0     0     0     0     0     0     0     0     0     0     0     0     0     0     0     0    18  2314 11860  9474  4767  9951   881
ch   69:      0     0     0     0     0     0     0     0     0     0     0     0     0     0     0     0     0     0     0     0     0     0     0     0     0    45  2457  9285  9479 13194  8715 11369
ch   70:      0     0     0     0     0     0     0     0     0     0     0     0     0     0     0     0     0     0     0     0     0     0     0     0     0    30  3147 11526 10865  5841 11840   880
ch   71:      0     0     0     0     0     0     0     0     0     0     0     0     0     0     0     0     0     0     0     0     0     0     0     0     0    37  6641 11481  4840 13775  5679  3533
ch   72:      0     0     0     0     0     0     0     0     0     0     0     0     0     0     0     0     0     0     0     0     0     0     0     0     0    16  2564  7085 13937 10218  7437  1371
ch   73:      0     0     0     0     0     0     0     0     0     0     0     0     0     0     0     0     0     0     0     0     0     0     0     0     0    33  4289  5265 11104  7569  3162 12025
ch   74:      0     0     0     0     0     0     0     0     0     0     0     0     0     0     0     0     0     0     0     0     0     0     0     0     0    31  4518 11142 12117 10985 10656  1582
ch   75:      0     0     0     0     0     0     0     0     0     0     0     0     0     0     0     0     0     0     0     0     0     0     0     0     0    33  6750  9379  8493  6466 13055 11311
ch   76:      0     0     0     0     0     0     0     0     0     0     0     0     0     0     0     0     0     0     0     0     0     0     0     0     0    32  4268 10990  8925  8137  5434  1521
ch   77:      0     0     0     0     0     0     0     0     0     0     0     0     0     0     0     0     0     0     0     0     0     0     0     0     0    29  1855  9224 13231 13523 10932  9552
ch   78:      0     0     0     0     0     0     0     0     0     0     0     0     0     0     0     0     0     0     0     0     0     0     0     0     0    32  3874 12729  9079 12427  9837  2254
ch   79:      0     0     0     0     0     0     0     0     0     0     0     0     0     0     0     0     0     0     0     0     0     0     0     0     0    39  5547 11177 10942 12480 15601  8859
ch   80:      0     0     0     0     0     0     0     0     0     0     0     0     0     0     0     0     0     0     0     0     0     0     0     0     0    29  5110  5266 11420  5229  7115  2112
ch   81:      0     0     0     0     0     0     0     0     0     0     0     0     0     0     0     0     0     0     0     0     0     0     0     0     0    39  2792 10235  6431  7812 11326 12062
ch   82:      0     0     0     0     0     0     0     0     0     0     0     0     0     0     0     0     0     0     0     0     0     0     0     0     0    23  3321 12628 11066 14546  6375  2670
ch   83:      0     0     0     0     0     0     0     0     0     0     0     0     0     0     0     0     0     0     0     0     0     0     0     0     0    43  4277 13884 11201  9288 12130 11516
ch   84:      0     0     0     0     0     0     0     0     0     0     0     0     0     0     0     0     0     0     0     0     0     0     0     0     0    15  3369 14062  9441  6722 11231  3419
ch   85:      0     0     0     0     0     0     0     0     0     0     0     0     0     0     0     0     0     0     0     0     0     0     0     0     0     8  2597 13565  9405  9172 17295 12706
ch   86:      0     0     0     0     0     0     0     0     0     0     0     0     0     0     0     0     0     0     0     0     0     0     0     0     0    23  1416 10455 11307 12756 12343  4116
ch   87:      0     0     0     0     0     0     0     0     0     0     0     0     0     0     0     0     0     0     0     0     0     0     0     0     0    80  6687  7962  7173 10245  7486  4485
ch   88:      0     0     0     0     0     0     0     0     0     0     0     0     0     0     0     0     0     0     0     0     0     0     0     0     0    22  6602 11267 11353  8908 16060  3669
ch   89:      0     0     0     0     0     0     0     0     0     0     0     0     0     0     0     0     0     0     0     0     0     0     0     0     0    35  3168 12706 13464 10080 12517 13388
ch   90:      0     0     0     0     0     0     0     0     0     0     0     0     0     0     0     0     0     0     0     0     0     0     0     0     1    37  3636  3506 10582  6161  9037  5061
ch   91:      0     0     0     0     0     0     0     0     0     0     0     0     0     0     0     0     0     0     0     0     0     0     0     0     0    73  5059  8635 12873 12262 15843 15853
ch   92:      0     0     0     0     0     0     0     0     0     0     0     0     0     0     0     0     0     0     0     0     0     0     0     0     0    27  2682  9616  8468 15776  9204  4969
ch   93:      0     0     0     0     0     0     0     0     0     0     0     0     0     0     0     0     0     0     0     0     0     0     0     0     0    35  5258  9592  7894 10075  8420 11479
ch   94:      0     0     0     0     0     0     0     0     0     0     0     0     0     0     0     0     0     0     0     0     0     0     0     0     0    16  3924  8881 13130 12400 16049  6408
ch   95:      0     0     0     0     0     0     0     0     0     0     0     0     0     0     0     0     0     0     0     0     0     0     0     0     0    99  6637  6338  9469 10930 15839 13777
ch   96:      0     0     0     0     0     0     0     0     0     0     0     0     0     0     0     0     0     0     0     0     0     0     0     0     0    39  4420  9105  4900  6784 13320  7095
ch   97:      0     0     0     0     0     0     0     0     0     0     0     0     0     0     0     0     0     0     0     0     0     0     0     0     0    43  3165 12703  9716  5907 12249  9886
ch   98:      0     0     0     0     0     0     0     0     0     0     0     0     0     0     0     0     0     0     0     0     0     0     0     0     1    34  3000  8830 12972 10134 10771  6290
ch   99:      0     0     0     0     0     0     0     0     0     0     0     0     0     0     0     0     0     0     0     0     0     0     0     0     0    49  4745 13301 13863  6960 11302  6079
ch  100:      0     0     0     0     0     0     0     0     0     0     0     0     0     0     0     0     0     0     0     0     0     0     0     0     0    47  4032  5290 13739 14712 13352  9096
ch  101:      0     0     0     0     0     0     0     0     0     0     0     0     0     0     0     0     0     0     0     0     0     0     0     0     0    49  3410 10426 10019  9277 12453  4062
ch  102:      0     0     0     0     0     0     0     0     0     0     0     0     0     0     0     0     0     0     0     0     0     0     0     0     0    47  3913 10678 10201  9957  9449  8446
ch  103:      0     0     0     0     0     0     0     0     0     0     0     0     0     0     0     0     0     0     0     0     0     0     0     0     0    36  5436  7834 11498  5362 10091  7698
ch  104:      0     0     0     0     0     0     0     0     0     0     0     0     0     0     0     0     0     0     0     0     0     0     0     0     0    44  4958  7857  9835  4675 10532  8685
ch  105:      0     0     0     0     0     0     0     0     0     0     0     0     0     0     0     0     0     0     0     0     0     0     0     0     0    68  5486 14820 11498 12503 13812  4211
ch  106:      0     0     0     0     0     0     0     0     0     0     0     0     0     0     0     0     0     0     0     0     0     0     0     0     0    42  3111  8035  8799  7029  9199 10313
ch  107:      0     0     0     0     0     0     0     0     0     0     0     0     0     0     0     0     0     0     0     0     0     0     0     0     0    44  4961  7775 14995 13383  6630  7785
ch  108:      0     0     0     0     0     0     0     0     0     0     0     0     0     0     0     0     0     0     0     0     0     0     0     0     0    50  8352  9086  7753  9631 10966 12710
ch  109:      0     0     0     0     0     0     0     0     0     0     0     0     0     0     0     0     0     0     0     0     0     0     0     0     0    48  6240  6452  9513  9282 11846  5454
ch  110:      0     0     0     0     0     0     0     0     0     0     0     0     0     0     0     0     0     0     0     0     0     0     0     0     1    40  5071 12618 11974 13905  8585 14894
ch  111:      0     0     0     0     0     0     0     0     0     0     0     0     0     0     0     0     0     0     0     0     0     0     0     0     0    93  4700  9532  9472  6499 12470  4868
ch  112:      0     0     0     0     0     0     0     0     0     0     0     0     0     0     0     0     0     0     0     0     0     0     0     0     0    32  4923  9344  9154  7874  7302 14259
ch  113:      0     0     0     0     0     0     0     0     0     0     0     0     0     0     0     0     0     0     0     0     0     0     0     0     1    55  9593 11280 14125  6618  9843  6231
ch  114:      0     0     0     0     0     0     0     0     0     0     0     0     0     0     0     0     0     0     0     0     0     0     0     0     0    41  4209 11338 11695 12092 13949 15318
ch  115:      0     0     0     0     0     0     0     0     0     0     0     0     0     0     0     0     0     0     0     0     0     0     0     0     2    64  5205  6873  4637 12798  9987  5990
ch  116:      0     0     0     0     0     0     0     0     0     0     0     0     0     0     0     0     0     0     0     0     0     0     0     0     0    30  6474 14565  7519  5967 11842 11796
ch  117:      0     0     0     0     0     0     0     0     0     0     0     0     0     0     0     0     0     0     0     0     0     0     0     0     0    35  7675 11638  7240  7923  7767 14370
ch  118:      0     0     0     0     0     0     0     0     0     0     0     0     0     0     0     0     0     0     0     0     0     0     0     0     1    67  5065  6004  9862 12803 11835 11823
ch  119:      0     0     0     0     0     0     0     0     0     0     0     0     0     0     0     0     0     0     0     0     0     0     0     0     0    60  7062  8221  8473  8229  6923  2249
ch  120:      0     0     0     0     0     0     0     0     0     0     0     0     0     0     0     0     0     0     0     0     0     0     0     0     0    42  5689  4732  9405 11835 14557  8705
ch  121:      0     0     0     0     0     0     0     0     0     0     0     0     0     0     0     0     0     0     0     0     0     0     0     0     0    54  8884 14797  9602  7033 13078 11803
ch  122:      0     0     0     0     0     0     0     0     0     0     0     0     0     0     0     0     0     0     0     0     0     0     0     0     0    39  5879 11864  9748  9231 10443 12574
ch  123:      0     0     0     0     0     0     0     0     0     0     0     0     0     0     0     0     0     0     0     0     0     0     0     0     0    58  6553  8922  9684  9113  9078 15968
ch  124:      0     0     0     0     0     0     0     0     0     0     0     0     0     0     0     0     0     0     0     0     0     0     0     0     4   337 15984 11732  7046 16042 11458 11734
ch  125:      0     0     0     0     0     0     0     0     0     0     0     0     0     0     0     0     0     0     0     0     0     0     0     0     0   311 15498 11747 10813  7704 11841  7520
ch  126:      0     0     0     0     0     0     0     0     0     0     0     0     0     0     0     0     0     0     0     0     0     0     0     0     1   196 13088 12285  8761  9395 10311 10815
ch  127:      0     0     0     0     0     0     0     0     0     0     0     0     0     0     0     0     0     0     0     0     0     0     0     0    23   843  5909 13409  8063 10027  7337 11876
