# ID XA-000-08-003-000-001-228-08
# Tag _trim_
# Date 240620_18:18:13
# Vref_p 50
# Vref_n 17
# Thr2_glb 10
# Vref_t 118
# Vref_t_range 1
# Pol 1
# ADC range 30-247
# FAST disc 30
ch:   0   86   95   86  109  100  118  112  126  138  134  154  149  148  154  163  153  156  153  154  149  147  144  148  149  152  147  126  153  143  154  154   -1
ch:   1  125  145  143  150  153  157  171  165  164  158  150  167   -1  153  156  148  141  147  156  135  139  149  141  139  150  150  138  154  164  139  147   -1
ch:   2  102  100  108  106  135  137  133  147  144  151  143  153  152  157  141  154  148  153  147  149  134  147  140  137  138  153  146  145  154  154  155   -1
ch:   3  133  147  157  154  157  152  166  159  167  165  150  155  163  155  151  152  155  143  152  148  148  154  142  161  157  141  147  142  149  146  155   55
ch:   4  118  136  120  141  130  154  162  155  165  157  152  165  154   -1  149  148  150  149  151  144  151  143  153  149  142   -1  138  154  150   -1  152   19
ch:   5  146  157  154  158  170  171  159  157  166   -1  155  168  155  147  156  163  151  153  148  152  140  149  150  149  138  139  147  152  151  150  149   33
ch:   6  122  130  141  138  156  151  159  155  156  154  152  154  159  146  150  149  154  142  145  149  147  150   -1  142  138  150  139  149  154  135  154   50
ch:   7  147  153  156  168  166  168  161  155   -1  143  152  163  168  157  163  161  155  149  158  157  145  153  150  149  152  155  139  138  148  151  148   28
ch:   8  122  137  127  145  147  164  159  156  166  156  158  147  152  155  152  151  140  156  142  136  149  158  135   -1  153  136  143  141  163  144  139   10
ch:   9  153  161  172  169  162  162  167  159  157  157  161  161   -1  137   -1  150  153  148  143  150  142  140  147  145  149  147  149  143  141  156  145   50
ch:  10  129  137  137  128  145  153  163  167  151  158  154  162  157  167  145  151  152  146  142  138  140  136  145  148  151  147  150  146  138  142  148   43
ch:  11  151  153  163  171  167  164  165  170  164  164  161  153  153  151  153  171  142  156  151  151  141  143  147  158  142  153  165  146  135  150  162   -1
ch:  12  132  131  129  145  150  150  156  167  158  152  154  154  152  150  155  154  149  154  148  134  155  145  150  151  141  155  137  149  154  147  154   44
ch:  13  156  167  171  173  170  157  157  176  170  153  151  151  156  162  156  152  163  142  147  149  137  148  147  153  155  147  154  148  138  150  146   -1
ch:  14  124  130  138  132  173  155  150  151  167  166  159  155  166  153  147  147  147  153  140  138  148  150  145  140  146  131  141  153  138  138  136   -1
ch:  15  155  155  173  169  171  170  165   -1  157  168  150  161  154  152  156  150  155  153  167  163  154  143  153  141  149  142  148  140  151  155  150   -1
ch:  16  118  137  133  153  128  153  167  153  143  167  154  167  149  154  159  154  160  154  143  146  152  141  139  149  145   -1  143  152  141  150  148   21
ch:  17  159  167  172  155  165  157  163  153  161  163  146  149  150  151  142  148  145  148  144  145  134  146  142  140  138  147  124  135  134  137  142    2
ch:  18  130  141  146  132  156  155  148  163  155  154  152  141  162  152  141  146  147  140   -1  142  126  145  138  135  136  134  126  144  131  125  133   29
ch:  19  149  174  171  151  169  164  162  148  157  156  151  154  148  154  156  153  142  139  135  134  138  147  148  150  136  134  140  136  147  145  137   35
ch:  20  130  143  140  151  156  163  158  159  155  152  155  149  150  152  142  137  143  137  141  133  132  141  142  137  131  138  133  136  148  146  130   -1
ch:  21  164  153  166  177  152  149  163  155  164  142  152  155  154  150  140  157  152  145  126   -1  140  145  132  137  151  135  136  136  126  150  140    7
ch:  22  120  143  147  146  162  152  157   -1  156  151  163  151  153  141  135  139  144  134  139  140  143  137  129  142  135   -1  137  134  138  146  135   56
ch:  23  159  163  157  169  153  161  166  147  149  161  149  153  151  150  145  146  148  139  142  135  137  151  131  139  141  141  139  140  137  151  145   -1
ch:  24  128  140  134  163  162  149  155  157  154  150  147  151  140  143  151  140  148  140  143  141  142  148  143  134  126  133  143  154  149  130  138   14
ch:  25  160  167  168  169  162  158  164  145  152  153  150  164  156  152  140  146  151  142  146  135  147  147  135  141  141  134  136  138  136  136  143   -1
ch:  26  131  145  159  146  167  156  163  156  148  143  154  149  142  148  146  145  134  145   -1  138  147  138  136  137  132  129  138  135  137   -1  139   29
ch:  27  159  165  169  171  159  161  152  157  151  141  152  151  142  157  150  143  145  139  134  135  135  142  147  148  134  135  140  140  142  140  141   47
ch:  28  122  147  148  156  158  158  165  168  146  148  148  151  148  145  139  152  135  150  145  150  149  143  136  132  137   -1  150  125  137  129  136   45
ch:  29  152  171  166  164  168  163  165  150  157  155  155  151  148  150  149  140  142  135   -1  145  143  147  135  135  138  143  133  136  133  151  141   47
ch:  30  130  141  158  144  158  171  156  167  154  157  142  153  140  149  139  156  149  135  145  134  130  142  131  142  135  134  136  136  152  130  139   34
ch:  31  155  165  169  154  152  155  162  152  158  153  164  151  152  150  142  146   -1  149  147  152  142  139  142  140  143  138  147  133  139  151  136   -1
ch:  32  140  140  144  155  149  151  156  164  161  151  156  148  150  151  149  150  137  141  139  146  152  133  146  134  137  124  151  122  136  139  141   -1
ch:  33  168  169  167  158  164  163  156  147  154  158  151  147  148  156  140  151  149  146  155  144  136  139  139  138  145  142  146  139  139  137  135   -1
ch:  34  118  139  143  162  164  145  143  148  164  156  155  150  139  127  130  146  148  142   -1  150  147  136  132  137  136  131  141  132  139  148  134   -1
ch:  35  168  167  165  168  167  162  157  159  164  168  166  152  153  141  149  150  150  147  147  149   -1  148  150  141  143  136  147  142  136  142  140   45
ch:  36  138  151  142  159  150  163  163  164  149  151  153  154  145  151  144  147  147  151  137  151  146  138  141  139  133  150  132  141  137  137  134   -1
ch:  37  161  168  164  170  168  168  166  153  150  153  157  148  156  151  148  147  150  134  145  137  140  137  142  136  141  146  143  151  140  138  139   -1
ch:  38  135  142  147  154  165  163  154  153  151  156  153  152  152  146  149  139  158  140   -1  138  139  131  148  133  138  152  132  137  143  151  145   -1
ch:  39  165  173  171  170  169  146  154  160  153  154  142  153  162  162  134  142  146  140  149  136  152  136  139  148  141  143  140  140  135  139  135   -1
ch:  40  140  140  146  154  158  154  154  166  158  147  150  152  150  147  155  150  137  142  148  146  150  139  126  138  135  132  134  137  134  137  136   -1
ch:  41  156  166  166  170  164  151  158  162  150  158  154  148  145  154  154  148  146  146  142  148  131  139  136  138  145  126  135  136  140  142  137   28
ch:  42  130  141  147  146  157  159  150  156  162  158  146  140  141  150  151  149   -1  132  138  136  135  136   -1  133  126  138  136  135  136  139  136    6
ch:  43  168  169  166  172  156  153  166  156  157  145  159  156  153  144  135  142  136  137  150  137  142  139  137  137  137  126  148  136  138  153  137   11
ch:  44  136  141  144  155  159  148  155  168  163  166  149  149  150  139  141  146  149  143  151  148  148  142  140  139  129  135  125  139  139  138  136   12
ch:  45  164  168  170  163  168  164  171  155  153  141  147  156  161  154  158  162  141  140  151  140  146  137  136  137  143  147  140  149  133  140  143   -1
ch:  46  136  149  155  146  158  158  155  157  146  151  156  154  151  137  153  138  124  138  134  149  136  149  132  139  134  150  136  135  143  146  145   22
ch:  47  168  153  165  179  178  180  170  153  162  166  152  149  156  150  157  151  151  135  140  148  140  150  143  142  130  135  148  154  149  150  152   48
ch:  48  132  136  144  145  150  162  155  155  149  149  151  154  141  152  141  154  139  141  148  146  127  132  138  135  131  133  132  149  142  134  138   -1
ch:  49  154  168  159  166  155  165  156  156  155  147  165  164  142  147  152  148  147  151  149  156  133  147  150  137  154  136  154  140  132  151  146   44
ch:  50  133  141  154  132  157  163  158  154  167  145  158  153  149  140  146  163  133  135  156  134  136  132  135  138  125  138  138  136  141  139  142   -1
ch:  51  151  161  165  171  170  166  162  158  153  151  149  159  166  143  152  145  139  153  146  150  141  135  137  152  153  139  140  132  145  149  146   -1
ch:  52  150  155  148  158  138  158  139  158  150  152  150  151  150  146  149  147  153  137  151  138  131  152  139  144  133  137  134  131  123  137  130   36
ch:  53  164  166  158  172  165  165  163  166  168  155  156  165  153  153  164  138  152  136  137  141  148  142  149  150  147  139  136  145  150  149  147    1
ch:  54  128  135  147  144  155  155  158  161  155  150  142  157  150  150  150  134  141  148  144  136  140  139  138  142  132  137  136  132  133  147  140   17
ch:  55  152  171  169  157  165  158  161  156  154  160  150  145  156  151  149  149  137  146  143  154  144  139  134  151  148  147  148  150  138  149  148   48
ch:  56  134  135  148  148  142  152  156  153  155  147  159  156  147  154  155  149  136  141  134  139  147  155  137  137  138  140  140  140  138  142  145   -1
ch:  57  150  159  163  152  170  162  146  161  156  165  158  164  148  141  149  149  150  147  140  157  129  149  140  133  147  138  137  135  142  133  143   52
ch:  58  136  151  147  144  159  161  152  162  148  167  150  147  141  152  145  148  148  136  145  141  147  150  139  141  141  132  140  138  125  147  154   46
ch:  59  155  174  171  164  169  152  154  161  150  152  147  151  156  148  150  154  145  140  148  151  145  139  142  147  149  151  139  137  154  147  139   -1
ch:  60  138  147  144  152  146  153  162  165   -1  168  153  146  148  148  141  142  155  138  144  143  138  146  155  124  133  137  141  134  149  147  141   27
ch:  61  154  170  158  169  174  165  162  158  151  163  150  152   -1  143  153  153  155  148  143  153  122  137  141  143  136  143  138  149  140  137  138   34
ch:  62  136  145  150  146  155  161  154  163  164  155  152  147  144  141  152  150  146  141  149  144  139  136  138  126  125  129  136   -1  133  148  130   -1
ch:  63  163  171  167  155  157  153  163  153  171  163  158  155  153  152  157  151  147  150  149  152  148  143  143  146  140  131  138  151  151  137  148   -1
ch:  64  136  147  140  156  160  166  158  155  167  154  142  149  142  153  151  150  139  139  138  147  141  134  138  149  135  134  139  135  138  137  127   17
ch:  65  154  167  170  172  164  164  159  158  148  167  139  150  150  139  151  158  152  154  151  135  143  142  141  151  139  149  134  147  142   -1  146   26
ch:  66  134  153  157  162  164  162  159  153  154  165  149  152  154  153  143  138  147  139  139  139  146  138  138  139  135  144  140  137  138  135  140   54
ch:  67  153  167  164  182  170  161  170  174  162  153  141  149  148  147  153  151  146  147  146  139  142  137  138  148  142  138  142  148  142  146  148   41
ch:  68  138  151  156  154  146  166  154  157  154  168  154  146  152  141  149  157  133  138  142  140  136  140  137  133  151  136  139  137  139  149  135   50
ch:  69  154  173  170  163  165  168  156  155  163  149  154  147  162  152  154  164   -1  139  148  140  144  137  139  137  141  151  140  150  151  147  150   13
ch:  70  139  141  150  144  161  169  158  154  157  180  156  155  153  141  147  149  150  133  146  131  139  144  138  143  140  134  135  135  136  130  139   11
ch:  71  155  165  165  166  165  164  163  154  156  153  156  157  157  155   -1  150  142  149  150  148  145  139  134  146  140  133  141  136  141  148  149   -1
ch:  72  144  140  136  155  158  156  151  148  151  149  151  151  142  149  137  153  133  135  136  141  150  140  138  142  132  137  134  136  153  137  146   -1
ch:  73  160  170  169  161  179  158  164  153  159  151  154  141  148  150  139  150  142  140  145  149  138  150  147  139  143  145  141  140  141  135  142   33
ch:  74  136  141  162  144  161  161  159  163  168  163  149  153  163  136  156  146  145  133  146  137  140  148  137  153  138  142  134  132  148  140  138   -1
ch:  75  152  171  166  167  166  168  157  151  156  158  157  157  171  151  155  147  151  141  147  141  138  153  145  134  146  141  139  148  148  153  138   22
ch:  76  144  143  152  162  136  169  155  155  149  151  163  154  151  140  147  155   -1  143  151  152  139  136  143  136  139   -1  123  143  142  137  137   -1
ch:  77  168  158  164  169  168  168  156  149  163  167   -1  159  153  150  147  142  142  153  142  140  151  140  137  146  139  139  129  147  153  136  155   42
ch:  78  122  151  146  144  156  162  169  161  149  163  152  152  164  139  155  153  140  147  145  135  133  136  133  134  137  133  132  135  139  141  135   15
ch:  79  168  173  164  154  169  155  164  179  163  153  155  146  148  152  149  156  153  148  137  152  141  147  142  147  140  143  148  140  151  136  137   -1
ch:  80  131  144  132  154  150  169  169  154  149  164  155  154  142  146  152  151  135  136  141  136  138  141  135  136  130  138  136  131  140  141  146   -1
ch:  81  152  166  174  172  178  153  167  165  157  163  150  149  153  149  147  142  140  141  147  150  131  136  131  147  138  138  142  140  148  146  136   -1
ch:  82  133  143  150  144  165  149  150  163  153  148  146  151  155  154  145  136  146  136  132  140  135  149   -1  142  141  138  134  130  138  129  132   42
ch:  83  163  171  173  168  158  152  166  155  150  163  138  156  153  153  147  141  148  137  149  143  145  139  136  148  143  137  142  142  150  151  150   -1
ch:  84  125  139  138  154  146  152  155  163  151  155  151  147  152  142  139  142  141  149  136  137  138  134  140  142  145  139  119  147  138  156  140   -1
ch:  85  164  168  162  156  167  178  154  152  152  161  146  141  157  151  139  137  148  157  140  140  152  139  141  140  122  140  139  132  137  134  136   -1
ch:  86  140  142  141  144  161  152  158  164  157  154  142  148  138  145  153  143  136  147  154  138  126  138  135  150  147  143  141  138  137  138  139   -1
ch:  87  161  165  164  168  165  162  158  156  151  147  155  147  144  137  151  156  140  142  148  137  141  142  136  138  139  131  139  125  123  155  136   -1
ch:  88  138  143  140  158  150  165  164  169  162  156  145  164  148  153  152  148  136  152  136  154  136  142  140  152  146  152  137  154  140  137  132   -1
ch:  89  166  158  170  167  162  159  163  164  159  147  154  156  148  150  151  155  141  154  145  136  147  138  142  146  137  149  136  149  132  136  150   -1
ch:  90  140  125  154  150  167  156  152  167  154  153  150  156  155  149  146  147  148  146  148  154  134  133  140  142  133  137  130  125  136  140  145   -1
ch:  91  143  159  165  162  163  156  164  151  156  155  157  151  159  148  157  158  146  143  145  150  140  138  134  149  138  134  153  146  148  152  141   -1
ch:  92  132  143  140  156  152  154  163  154  161  164  150  149  154  145  156  154  135  142   -1  138  148  132  145  137  136  133  141  140  139  124  149   10
ch:  93  152  171  166  170  162  153  164  163  155  162  154  152  153  154  138  141  149  141  140  135  149  142  138  136  145  132  149  141  142  143  150   18
ch:  94  134  137  154  150  165  163  159  153  151  157  161  156  152  149  138  144  141  150  136  144  140  124  137  135  141  136  142  133  132  134  147   13
ch:  95  154  161  167  172  163  163  162  163  152  153  164  143  154  148  147  149  140  154  140  140  147  155  142  130  137  165  138  135  140  151  141   34
ch:  96  138  147  144  158  146  167  143  150  152  140  153  142  155  150   -1  151  147  143  135  138  142  134  130  134  136  137  139  141  139  138  137   16
ch:  97  158  156  170  165  153  170  158  157   -1  159  161  154  156  146  152  145  154  147  146  147  137  146  137  142  145  138  139  138  142  139  149   -1
ch:  98  136  137  151  146  156  158  167  153  164  140  150  148  155  148  135  143  146  139  135  134  148  134  137  132  132  131  130  148  126  138  123   12
ch:  99  161  165  156  167  159  178  163  163  163  139  150  146  153  149  147  151  158  147  150  142  124  153  138  134  154  147  135  143  140  143  148   44
ch: 100  136  141  142  155  153  151  165  154  155  152  150  152  154  151  153  146  140  140  136  141  145  136  140  133  136  146  136  152  124  138  139   22
ch: 101  166  157  154  163  156  158  157  150  155  152  152  156  154  164  152  141  150  134  164  138  132  149  140  132  138  139  138  139  141  141  140   15
ch: 102  123  137  145  140  163  154  154  162  161  150  164  169  154  139  141  148  137  145  139  143  142  136  145  137  134  134  138  138  139  138  130   18
ch: 103  162  158  168  167  167  155  154  153  163  152  154  150  149  151  151  141  140  140  143  143  145  141  135  152  122  141  143  145  145  148  141   16
ch: 104  144  137  134  156  160  163  166  149  161  153  151  154  158  146  146  148  142  154  138  137  136  136  151  135  141  148  141  130  140  135   -1   26
ch: 105  164  174  163  156  171  180  163  158  166  155  162  161   -1  151  146  149  154  159  149  142  149  148  136  149  151  150  136  136  141  151  139   54
ch: 106  130  142  147  144  172  149  165   -1  146  162  148  157  136  140  141  138  148  151  139  137  145  139  139  141  137  132  142  146  140  131  136   41
ch: 107  154  171  169  168  165  164  154  157  164  165  165  154  155  156  154  147  150  147  142  140  149  141  135  139  146  147  132  144  154  148  136   -1
ch: 108  134  143  136  151  142  159  155  149  155  149  155  148  150  150  147  147  133  140  137  150  127  119  141  139  133  150  142  145  134  135  138   -1
ch: 109  162  167  163  174  167  179  154  153  162  161  152  149  151  149  149  148  152  140   -1  146  136  134  148  150  149  141  140  140  147  148  150   -1
ch: 110  121  136  142  140  165  163  156  167  150  153  147  145  164  149  142  134  135  148   -1  132  142  131  136  137  141  124  137  131  136  132  136   23
ch: 111  161  170  175  157  169  159  168  157  166  153  154  164  149  147  151  139  155  147  151  142  139  146  147  141  140  149  144  148  145  148  150   -1
ch: 112  134  153  130  156  150  158  163  157  163  145  163  150  151  138  138  148  148  152  147  139  148  135  134  140  142  136  136  139  150  150  136   32
ch: 113  162  183  158  169  162  169  166  169  149  142   -1  157  161  151  149  148  153  153  142  139  140  136  139  141  150  136  137  152  150  143  148   18
ch: 114  123  131  142  150  168  155  155   -1  156  143  149  162  150  149  132  136  139  133  149  143  137  131  136  133  140  129  132  133  137  136  138   -1
ch: 115  156  153  163  180  172  150  162  155  159  162  156  156  153  141  148  152  153  127  147  139  141  148  142  142  148  140  137  141  147  135  137    7
ch: 116  134  133  140  146  146  163  163  151  155  159  154  142  149  154  141  149  143  135  138  146  136  134  135  137  140  141  135  149  135  147  140   45
ch: 117  162  175  168  165  162  166  153  147  157  149  149  153  149  165  150  151  149  147  140  138  141  133  156  137  131  147  133  146  141  139  138   -1
ch: 118  123  132  145  144  156  154  158  151  156  153  151  154  163  146  149  143  154  141  140  144  141  139  150  141  138  140  138  139  148  146  141   -1
ch: 119  149  167  171  169  163  163  158  168  163  164  157  154  155  147  139  150  156  146  152  139  154  146  150  142  132  142  146  143  147  153  152   -1
ch: 120  128  137  140  152  158  153  154  156  161  154  157  162  140  147  162  138  148  146  138  131  134  127  137  141  137   -1  146  137  137  125  148   13
ch: 121  146  168  169  166  170  164  152  158  146  165  155  153  142  147  155  152  145  141  153  152   -1  140  139  151  141  136  151  148  140  145  140   -1
ch: 122  117  134  151  142  156  153  153  157  159  157  155  133  149  146  147  142  150  148  139  131  140  150  135  139  136  142  134  146  143  138  136   53
ch: 123  151  168  163  156  169  164  165  151  164  147  157  150  153  154  153  146  138  147  141  149  143  141  140  137  137  146  134  148  149  149  148   -1
ch: 124  110  109  110  117  128  148  150  152  153  146  165  152  153  152  146  151  144  142  130  146  141  138  147  133  147  130  135  151  142  140  132   -1
ch: 125  162  181  158  171  177  162  162  164  158  155  156  152  163  152  151  150  155  151  149  147  138  138  140  142  137  142  139  141  147  143  152   -1
ch: 126   84  108   97  104  137  123  137  135  124  155  152  150  152  151  141  144  156  148  138  146  136   -1  150  145  139  139  139  138  137  126  147   27
ch: 127  149  165  167  169  169  152  163  164  168  148  147  138  140  149  150  162  140  148  142  144  149  151  145  149  145  151  147  140  159  149  163    1
