# ID XA-000-08-003-000-001-200-06
# Tag _trim_
# Date 240620_18:45:21
# Vref_p 50
# Vref_n 19
# Thr2_glb 10
# Vref_t 118
# Vref_t_range 1
# Pol 1
# ADC range 30-247
# FAST disc 30
ch:   0  110  121  125  133  143  133  139  143  150  163  165  139  135  149  142  147  141  138  125  125   -1  126  134  133  123  124  116  116  133  125  123    4
ch:   1  152  156  152  156  154  155  165  152  148  146  152  152  139  142  138  154  151  135  130  126  135  133  130  123  119  130  123  136  132  119  137   -1
ch:   2  125  132  138  142  157  151  151  139  147  157  149  142  149  140  142  134  135  134  131  133  125  132  132  123  130  130  133  117  106  129  126   29
ch:   3  155  164  152  169  157  157  149  155  150  152  155  147  150  148  139  139  135  145  126  142  138  135  138  130  122  130  123  126  145  138  130   -1
ch:   4  128  140  143  162  155  150  163  154  148  145  138  145  136  139  132  145  146  138  134  145  126  116  122  110  122  121  126  127  123  120  131   29
ch:   5  167  167  167  159  155  158  145  145  156  161  150  141  151  154  133  148  142  136  138  141  129  130  138  121  131  138  129  126  136  132  132   42
ch:   6  133  139  148  144  153  163  149  137  153  141  152  137  141  136  140  133  146  130  128  136  120  131  122  123  120  131  118  120  119  114  120   40
ch:   7  158  171  157  149  157  151  167  155  156  150  150  152  149  137  148  134  137  137  131  128  138  138  137  137  131  133  126  134  129  133  135   -1
ch:   8  142  148  143  165  155  153  150  151  154  148  148  149  144  135  137  136  124  146  122  136  131  130  124  126  120  122  121  120  118  131  128   -1
ch:   9  164  163  183  166  169  162  155  159  156  152  149  140  152  148  153  138  139  140  137  133  132  122  140  151  131  130  130  130  133  128  120   -1
ch:  10  136  139  162  150  151  149  155  164  133  151  154  137  149  147  145  128  124  118  131  127  121  130  137  132  131  123  129  130  122  116  116   -1
ch:  11  150  171  160  161  165  152  165  146  152  141  151  142  137  149  149  148  134  135  134  133  132  131  125  136  130  132  136  124  121  132  133   14
ch:  12  135  138  157  163  151  156  157  150  145  148  145  139  149  149  132  127  126  134  126  129  133  136  130  126  132  121  120  131  123  118   -1   -1
ch:  13  162  168  165  164  165  158  158  149  168  153  146  137  140  148  141  145  145  142  138  134  132  134  125  139  133  130  134  131  132  124  134   12
ch:  14  127  141  139  144  152  156  162  145  139  148  152  151  132  140  139  135  136  132  125  136  133  121  134  121  123  124  119  118  118  125  124   19
ch:  15  154  167  160  153  163  156  158  158  150  146  163  156  150  138  143  139  140  137  130  132  138  123  122  137  123  123  124  140  134  136  121    2
ch:  16  136  146  153  151  150  139  151  150  141  153  154  145  142  135  139  146  135  148  120  120  131  126  121  126  124  121  122  114  116  120  133   15
ch:  17  159  165  159  164  155  159  154  156  141  148  142  145  141  147  153  138  135  137  121  125  135  139  135  134  134  134  130  124  130  132  131   49
ch:  18  129  149  145  153  155  163  155  156  148  153  136  152  148  135  149  126  145  129  135  131  119  116  129  107  114  119  114  124  118  115  119   -1
ch:  19  152  168  174  163  162  149  155  143  153  137  137  150  143  148  141  141  138  139  147  134  124  138  126  121  126  130  132  124  133  129  119   13
ch:  20  142  140  141  159  171  157  152  158   -1  152  145  154  146  153  138  134  134  136  149  124  121  126  130  135  111  123  117  124  124  124  128   -1
ch:  21  158  166  172  163  163  162  167  149  147  152  157  148  148  135  137  141  132  148  132  133  113  131  141  125  122  120  132  124  132  124  125    5
ch:  22  135  135  146  144  155  153  158  147  151  143  145  150  136  132  136  137  135  125  135  138  126  133  127  131  123  139  121  121  117  131  116   -1
ch:  23  157  161  169  166  171  156  158  152  141  153  146  153  139  151  140  133  151  151  142  131  134  134  132  138  130  128  119  123  131  136  137   -1
ch:  24  144  138  157  159  152  157  156  155  147  141  151  150  153  140  145  133  139  128  123  122  131  138   -1  122  123  121  124  131  121  121  124   39
ch:  25  163  155  163  166  173  152  151  165  158  152  147  153  154  139  139  147  135  139  122  134   -1  138  133  134  124  131  125  119  130  132  134    5
ch:  26  131  139  152  146  160  156  149  161  138  157  147  144  153  154  141  135  134  130  134  126  133  128  138  118  118  125  117  127  116  128  123    2
ch:  27  155  168  164  169  162  165  152  162  151  148  149  144  140  140  146  147  133  135  135  134  138  136  132  123  140  133  129  135  119  131  139   56
ch:  28  136  156  154  154  156  153  149  157  151  149  148  151  145  137  137  129  137  138  135  145   -1  133  126  129  134  122  123  118  126  121  129   -1
ch:  29  159  166  170  152  157  163  155  160  151  153  156  154  149  155  134  142  143  134  139  136   -1  130  131  133  130  138  131  131  134  132  120   -1
ch:  30  133  151  145  138  156  157  151  163  153  146  151  139  141  132  144  138  119  140  141  137  131  122  131  134  124  120  130  130  125  135  131   37
ch:  31  155  169  168  167  157  161  163  154  159  150  149  133  152  139  133  137  138  140  139  148  129  131  132  132  125  127  123  124  132  141  132   -1
ch:  32  136  140  155  163  158  150  153  152  147  147  132  145  144  152  142  149  138  134  132  137  128  123  131  125  124  123  122  119  123  118  121   -1
ch:  33  158  171  169  156  157  147  161  168  153  163  151  156  148  140  143  133  137  137  136  141  148  130  126  132  132  131  132  141  126  129  130   -1
ch:  34  133  138  149  158  153  163  147  158  149  152  149  151  156  136  132  151  131  139  120  130  131  131  121  121  123  130  124  126  135  121  126   -1
ch:  35  156  157  158  163  152  155  158  155  156  152  161  136  149  150  140  142  151  130  136  140  132  139  143   -1  137  139  132  129  131  132  122   -1
ch:  36  140  144  141  156  157  163  155  168  158  160  149  147  130  147  151  145  141  132  136  124  143  135  138  136  125  125  121  128  125  121  123   19
ch:  37  153  166  156  165  168  167  153  168  153  152  152  143  149  135  148  139  148  138  145  122  130   -1  136  137  133  122  130  122  131  132  128   -1
ch:  38  129  139  154  170  152  164  165  152  151  142  133  138  141  136  135  135  132  131  121  137  125  117  135  132  128  120  123  122  108  119  115   -1
ch:  39  155  156  163  164  154  162  156  153  150  156  162  138  146  142  136  136  140  151  136  138  139  137  130  120  132  129  138  129  139  126  131   30
ch:  40  132  150  153  149  154  142  155  154  161  142  154  141  135  141  141  138  137  124  133  137  136  123  122  124  135  126  131  134  109  122  124    6
ch:  41  169  155  169  165  156  163  155  162  149  152  151  154  146  135  147  149  135  132  139  136  126   -1  129  135  137  125  124  130  137  133  132   -1
ch:  42  133  141  163  150  150  163  161  155  156  152  146  150  153  147  136  139  136  137  138  125  132  131  129  133  121  129  130  123  111  133  124   28
ch:  43  143  164  157  166  161  156  153  149  163  154  151  152  154  149  155  145  136  142  125  139  136  121  130  127  125  130  131  108  131  126  126   39
ch:  44  138  145  153  153  152  156  157  156  154  139  152  153  134  133  143  148   -1  141  126  121  142  123  128  142  117  126  121  124  121  124  116   21
ch:  45  173  158  165  157  163  165  155  161  155  160  149  154  145  141  126  135  134  124  138  125  126  138  134  125  124  126  126  125  133  121  131   51
ch:  46  131  135  150  149  167  154  155  144  145  150  143  138  150  148  136  134  135  133  140  134  133  135  131  129  122  133  134  132  125  123  120   -1
ch:  47  167  150  166  169  155  166  154  152  152  155  149  153  138  140  145  146  139  139  131  138  129  139  123  128  130  123  124  124  127  131  119   -1
ch:  48  136  142  151  157  155  150  152  148  152  152  151  148  132  140  138  137  136  132  137  131  126  123  137  124  131  121  136  120  119  126  124    2
ch:  49  153  151  158  153  165  163  153   -1  151  152  143  147  147  146  139  138  135  138  133  133  136  121  134  116  124  120  126  125  122  120  132   34
ch:  50  129  149  155  158  153  155  156  152  159  150  152  148  146  135  138  132  145  137  134  126  125  135  131  133  127  125  118  127  119  125  132   -1
ch:  51  151  152  170  163  157  162  155  152  158  158  155  146  147  135  138  139  132  135  131  130  145  137  140  120  130  134  127   -1  124  138  130   46
ch:  52  140  140  141  165  152  155  167  165  163  154  161  151  145  133  148  132  131  120  132  133  129  132  125  123  125  133  121  132  118  117  126   25
ch:  53  152  161  157  172  171  157  157  160   -1  150  155  140  152  145  148  150  146  134  131  133  135  133  125  127  122  120  121  126  129  132  122   56
ch:  54  131  145  155  150  151  150  154  153  160  158  159  137  135  138  142  136  141  130  133  131  134  129  129  132  118  124  118  123  121  117  118   12
ch:  55  155  154  152  167  164  164  165  151  154  162  149  140  136  135  149  161  137  125  127  141  137  140  131  127  123  143  138  140  124  134  133   30
ch:  56  142  142  141  169  154  168  151  153  152  153  134  141  139  142  127  138  139  123  138  133  135  126  127  130  125  129  126  131  124  120  130   30
ch:  57  157  154  165  165  173  157  142  164  148  141  145  139  149  137  152  135  147  145  140  134  137  136   -1  127  140  130  134  125  121  116  124   22
ch:  58  133  141  153  153  148  164  156  148  153  142  144  150  152  139  150  134  142  147  135  127  132  132  130  121  129  128  135  123  123  120  118   -1
ch:  59  151  161  156  164  164  169  153  151  158  148  149  149  152  139  147  148  138  138  139  140  141  128  145  127  129  125   -1  127  133  148  123    9
ch:  60  136  140  141  159  159  159  151  154  150  159  150  145  135  136  133  135  132  129  132  129  131  118  120  132  125  124  119  125  128  126  126    2
ch:  61  155  151  167  159  169  150  153  157  152  154  151  147  147  151  149  145  164  131  132  138  133  122  139  140  122  132  122  137  126  127  133   -1
ch:  62  131  139  159  145  146  154  157  152  148  138  147  149  137  142  143  135  145  136  131  137  134  148  122  126  123  124  135  124  119  115  137   -1
ch:  63  161  165  164  163  165  156  152  155  150  148  148  139  151  148  137  138  147  139  140  132  138  132  121  130  140  127  122  136  123  124  126   10
ch:  64  143  140  147  172  153  158  168  152  161  150  137  154  137  137  140  132  135  139  122  119  147  130  124  140  126  117  126  138  125  135  132   -1
ch:  65  157  171  167  169  153  157  156  151  153  149  143  150  155  149  142  144  141  127  132  152  130  123  129  132  137  137  128  137  122  130  137   -1
ch:  66  135  149  145  160  167  157  150  143  155  165  141  139  147  143  139  129  138  127  133  132  136  137  108  118  126  128  117  119  130  133  138   48
ch:  67  148  174  164  158  154  157  153  143  156  160  151  140  148  154  139  137  134  147  143  126  137  140  137  131  133  132  124  134  125  122  126   25
ch:  68  126  140  153  163  155  158  169  154  156  140  148  139  137  158  132  142  139  136  146  133  130  123  130  131  123  122  126  127  119  114  117   -1
ch:  69  167  169  174  153  168  161  154  146  158  149  153  156  145  148  143  142  135  134  131  135  132  130  124  133  133  146  133  133  135  132  134   -1
ch:  70  133  133  157  151  154  152  148  156  158  154  152  141  139  136  138  139  131  137  142  134  131  140  135  121  121  136  130  119  128  119  131   -1
ch:  71  167  165  165  170  163  157  155  155  158  154  153  156  146  151  141  149  136  141  141  133  147  132  131   -1  125  137  121  123  131  129  132   -1
ch:  72  144  146  153  157  156  165  167  156   -1  151  150  154  146  141  138  143  131  139  144  125  132  146  127  125  134  120  128  130  139  115  131   24
ch:  73  157  164  171  168  164  170  163  170  152  147  156  147  147  149  138  147  136  139  142  127  146  132  136  129  136  138  130  132  120  134  135   20
ch:  74  138  133  158  145  154  166  163  152  143  157  138   -1  148  136  132  132  135  134  131  136  130  122  126  118  118  121  122  125  122  123  123   -1
ch:  75  155  172  160  171  157  169  156  157  154  148  155  154  152  142  146  141  141  141  134  140  135  142  132  140  131  136  127  131  133  136  128   16
ch:  76  136  132  145  162  157  149  140  157  147  143  152  150  146  137  151  132  133  137  135  135  131  130  130  130  130  136  118  123  119  131  126   -1
ch:  77  155  164  167  166  171  158  152  161  150  152   -1  149  141  134  155  137  136  139  135  149  132  128  122  134  123  127  132  122  137  126  132   -1
ch:  78  125  153  152  153  168  153  150  153  155  147  150  154  149  141  140  127  137  135  125  138  125  129  131  120  122  130  121  123  123  131  123   15
ch:  79  151  161  165  172  164  162  155  158  153  149  153  153  142  152  147  141  135  155  149  137  135  136  139  132  134  135  133  137  129  127  135    5
ch:  80  130  140  159  171  152  165  154  162  142  149  145  148  148  151  148  148  140  128  141  130  125  133  130  124  125  119  130  129  130  120  125   53
ch:  81  167  157  166  157  166  171  168  154  145  151  150  154  140  141  149  142  140  133  125  137  139  127  135  139  131  124  125  125  135  126  136   -1
ch:  82  130  139  156  150  156  164  152  162  145  154  150  140  142  142  151  139  134  148  130  134  134  120  130  127  120  128  123  136  118  124  118   21
ch:  83  169  157  158  164  169  166  165  152  166  164  153  142  139  140  140  141  137  141  138  137  137  124  130  132  134  133  131  132  121  138  126   -1
ch:  84  138  150  147  156  153  151  153  146  152  142  163  140  145  147  146  134  131  141  136  130  119  141  134  129  126  136  129  138  117  133  123   -1
ch:  85  154  156  155  166  155  166  148  154   -1  165  153  141  148  141  137  137  134  134  131  141  136  123  137  137  131  124  121  126  124  128  133   -1
ch:  86  135  139  154  159  153  157  164  152  170  157  152  142  153  132  146  134  138  139  142  127  123  139  130  124  134  128  115  128  115  129  119   25
ch:  87  157  163  168  164  164  155  156  154  137  156  155  160  150  147  141  148  137  131  147  139  136  137  133  134  123  137  125  120  134  135  125    4
ch:  88  140  143  147  155  164  152  162  154   -1  154   -1  150  151  130  139  133  137  136  137  134  131  130  117  132  121  117  133  132  122  130  121   -1
ch:  89  153  164  167  165  153  167  158  152  154  152  154  153  147  150  152  138  139  132  148  133  146   -1  131  135  119  137  127  116  130  139  135   -1
ch:  90  131  139  161  139  158  158  155  154  145  142  154  154  154  152  138  148  136  138  131  121  123  142  134  136  130  134  135  130  117  145  138   -1
ch:  91  161  172  165  168  155  154  159  157  163  162  154  149  150  147  137  148  140  132  139  126  135  152  137  132  124  133  125  136  130  126  131   -1
ch:  92  127  156  153  159  167  165  167  156  148  140  147  136  153  153  147  144  138   -1  139  131  138  136  138  127  129  119  121  134  132  116  124   -1
ch:  93  152  171  174  162  170  165  168  156  154  156  148  155  149  135  130  138  141  134  137  141  135  132  134  132  129  126  125  127  130  138  131   -1
ch:  94  132  145  153  146  154  161  154  150  140  148  134  148  131  139  139  137  136  139  139  127  127  132  132  128  123  119  117  121  122  120  131   -1
ch:  95  158  163  157  164  155  163  166  151  152  156  149  145  150  138  151  134  131  140   -1  147  137  127  130  126  136  126  137  130  130  124   -1    2
ch:  96  128  146  141  155  167  158  159  156  158  139  155  153  146  149  138  147  148  132  133  135  128  125  126  129  122  129  126  132  132  137  131   -1
ch:  97  157  157  172  170  159  169  154  162  166  149  156  140  140  147  136  138  137  134  133  136  140  133  133  135  121  133  136  141  132  140  124   27
ch:  98  124  149  153  151  157  147  163  148  149  153  149  149  146  140  131  132  140  136  129  135  145  131  125  125  118  132  115  122  110  128  121   -1
ch:  99  153  153  158  164  168  159  165  161  152  146  147  141   -1  149  138  149  140  146  124  138  127  134  134  134  126  136  137  127  129  137  129   -1
ch: 100  138  146  139  151  157  146  166  150  148  159  152  154  144  147  131  143  137  139  136  127  133  124  132  134  133  124  121  132  131  124  118   22
ch: 101  157  155  172  165  161  166  156  155  154  150  152  150  148  139  142  149  133  136  130  136  133  130  133  129  121  136  125  122  130  136  133    7
ch: 102  122  135  166  144  153  154  164  148  152  150  143  140  140  135  139  133  140  133  130  133  123  119  138  130  127  138  130  123  110  108  118   -1
ch: 103  153  154  160  167  167  155  152  154  162  161  165  140  157  151  155  148  139  127  141  134  139  139  132  122  136  135  135  138  139  130  139   30
ch: 104  128  140  147  155  157  155  155  152  154  150  161  147  140  151  149  137  134  137  132  135  123  129  139  136  121  133  126  130  124  134  132   19
ch: 105  154  171  159  177  155  158  162  161  155  167  150  152  137  146  150  137  138  132  135  140  139  122  131  138  139  129  129  139  130  131  125   -1
ch: 106  138  149  151  150  166  166  153  142  161  154  135  133  148  148  137  141  135   -1  135  132  140  123  126  121  130  125  130  124  111  142  120   12
ch: 107  159  157  164  156  168  155  164  157   -1  156  162  163  150  151  149  149  124  139  147  135  125  138  135  132  137  132  129  136  136  123  137    4
ch: 108  134  154  151  153  157  153  167  154  153  155  140  150  135  146  139  147  126  139  131  132  126  133  131  125  117  129  126  134  123  131  133   25
ch: 109  143  169  166  165  170  167  154  164  150  150  161  151  139  151  138  147  137  137  139  138  137  134  138  137  131  140  129  126  148  134  147   -1
ch: 110  132  139  156  154  155  163  163  147  146  156  138  153  148  137  132  150  136  132  146  137  125  124  120  135  119  132  121  125  131  132  129   -1
ch: 111  167  165  170  164  163  163  169  152  153  157  152  156  145  137  134  147  137  149  137  137  126  137  136  134  134  127   -1  136  131  130  137   -1
ch: 112  126  138  159  157  156  156  157  157  142  163  164  148  135  139  153  146  140  138  130  139  136  135  130  128  135  129  127  124  125  124  129   -1
ch: 113  159  167  165  167  170  157  156  155  154  150  136  150  152  149  139  140  138  134  146  148  141  132  132  131  139  123  130  136  130  124  127    7
ch: 114  120  141  154  146  152  154  157  149  153  154  140  137  145  148  129  142  133  134  135  127  139  127  134  130  118  142  127  132  131  135  132   22
ch: 115  151  165  153  156  159  171  150  162  161  152  147  160  148   -1  146  151  134  136  130  131  125  134  132  138  136  125  133  123  124  130  135   -1
ch: 116  134  156  151  153  164  154  156  150  154  141  155  152  147  146  150  140   -1  132  135  135  126  123  124  132  133  136  135  132  122  131  116   50
ch: 117  164  163  165  153  157  165  158  153  162  152  150  156  148  139  141  147  135  129  151  136  133  132  142  138  136  137  130  124  130  133  120   -1
ch: 118  127  137  145  150  162  156  157  145  152  142  140  150  146  142  151  138  149  136  135  126  125  139  132  114  131  130  122  118  126  128  125   -1
ch: 119  163  173  172  157  164  164  167  151  155  151  155  154  138  152  139  139  137  138  142  134  137  134  134  140  133  122  127  132  136  132  121   -1
ch: 120  128  140  137  163  150  167  165  156  157  152  149  140  141  133  140   -1  134  138  138  119  127  133  115  122  142  119  128  118  127  132  121   -1
ch: 121  151  151  179  165  167  165  162  157  170  156  151  155  149  145  132  140  142   -1  147  138  127  128  126  123  127  123  135  122  134  128  131   -1
ch: 122  120  129  145  139  151  154  163  152  153  148  150  151  153  149  134  143  137  132  132  135  130  137  136  129   -1  122  130  122  115  126  137   15
ch: 123  155  165  168  164  155  168  158  149  158  162  163  158  153  152  147  154  145  138  125  133  145  137  122  132  131  132  111  137  135  133  126    9
ch: 124  130  128  137  141  157  135  158  155  147  165  153  146  156  143  133  135  148  136  135  140  135  133  134  139  125  133  132  134  124  138  122   -1
ch: 125  157  167  180  159  164  156  163  160  151  153  162  157  147  143  142  145  141  146  142  133  134  134  140  141  123  130  130  133  133  116  127   -1
ch: 126  100  113  139  142  126  142  149  155  149  148  136  151  138  134  133  138  135  141  131  122  125  132  123  131  115  122  127  126  121  124  133   10
ch: 127  147  161  152  169  163  165  167  165  168  163  159  149  162  150  138  157  147  152  141  137  139  140  145  132  133  145  129  138  137  135  137   -1
