# ID XA-000-08-003-000-001-227-08
# Tag _trim_
# Date 240620_17:59:59
# Vref_p 50
# Vref_n 19
# Thr2_glb 10
# Vref_t 118
# Vref_t_range 1
# Pol 1
# ADC range 30-247
# FAST disc 30
ch:   0  123  123  123  140  139  152  147  150  153  154  150  150  141   -1  137  148  134  138  153  141  136  140  139  137  145  126  126  126  138  130  136   31
ch:   1  147  165  160  165  166  158  152  151  159  149  151  153  152  135  148  136  140  142  145  140   -1  130  139  133  133  135  127  134  127  124  126   36
ch:   2  115  125  132  140  143  152  156  143  150  151  154  152  139  139  137  135  136  148  135  125  135  140  142  135  131  132  138  135   -1  135  139   -1
ch:   3  151  150  165  159  162  158  157  154  154  154  154  138  148  154  147  136  138  140  136  135  135  132  135  134  133  134  133  123  130   -1  134   53
ch:   4  136  142  134  144  157  164  166  146  159  146  139  135  141  145  136  130  147  142  127  134  129  133  125   -1  122  125  118  123  131  135  122   12
ch:   5  156  155  162  157  154  156  163  151   -1  155  141  140  150  150  149  139  138  147  142  135  140  130  130  136  127  131  134  130  133  118  130   -1
ch:   6  127  143  138  152  157  154  159  154  152  148  150  136  143  145  137  141  144  137  140  125  129  132  115  127  134  123  127  110   -1   -1  124   -1
ch:   7  152  157  153  164  176  162  153  153  155  164  163  150  150  152  140  146  149  147  141  143  137  147  136  132  131  133  125  125  129   -1  147   -1
ch:   8  137  138  135  155  157  164  157  167  171  144  154  134  152  155  151  148  136  134  134  141  138  135  123  136  145  138  132  125  131  131  134   -1
ch:   9  151  165  162  167  162  159  167  158  153   -1  152  150  141  149  149  149  141  153  132  138  135  137  128  139  127  130  130  121  122  124  122   -1
ch:  10  131  148  153  137  154  162  149  159  156  153  148  156  145  152  154  146  151  139  150  137  143  130  131  131  123  125  132  127   -1   -1  125   -1
ch:  11  149  172  163  166  168  170  157  162  152  155  152  152  151  152  138  148  140  149  137  138  138  125  135  132  136  126  132  131  126  125  135   -1
ch:  12  143  137  139  155  155  164  163  152  153  148  146  149  140  141  153  149  137  134  134  135  132  134  131  124  135  122  131  125  125  127  146   17
ch:  13  147  161  162  165  158  162  164  156  164   -1  145  146  154  142  146  138  143  145  146  146  133  142  136  137  135  133  135  133  135  133  130   34
ch:  14  123  139  147  144  157  158  153  158  153  155  156  137  140  151  147  139  137  135  131  133  134  124  135  118  126  128  134  124   -1   -1  107   23
ch:  15  156  155  158  171  161  164  158  166  155  146  145  155  146  152  139  149  147  148  136  142  149  138  135  139  135  136  135  127  136  148  140   -1
ch:  16  127  146  145  154  155  162  155  153  155  148  164  148  146  144  145  136  152  142  148  146  139   -1  136  142  126  127  124  133  139  124  146   24
ch:  17  153  149  158  154  170  164  167  155  146  157  154  136  151  153  151  144  137  131  152  136  134  141  133  136  132  136  122  136  140  129  134   40
ch:  18  131  143  139  152  157  162  151  153  150  156  151  156  145  160  142  138  150  137  136  129  133  137  131  131  132  136  134  125   -1  132  128   -1
ch:  19  151  152  169  170  168  151  165  155  155  161  163  134  155  148  148  148  142  146  140  134  136  142  149  134  131  139  130  143  130  137  138   -1
ch:  20  135  132  139  153  141  155  155  164  166  155  157  149  151  153  153  136  135  152  138  143  139  131  129  135  124  140  137  139  136  124  140   -1
ch:  21  163  156  166  164  157  162  154  161  157  156  159  138  153  152  147  156  139  135  138  149  149  132  152  136  129  124  138  133  134  126  133   13
ch:  22  139  141  151  140  153  142  151  165  141  155  149  149  154  149  139  147  152  149  137  133  133  134  127  134  130  138  130  136  139   -1  129   13
ch:  23  157  162  163  168  163  164  159  151  159  164  163  158  165  152  142  137  143  139  151  138  143  150  135  139  133  137  136  131  137  150  137   43
ch:  24  133  157  135  150  157  164  156  148  157  147  163  150  147  150  132  149  136  147  140  142  139  136  140  128  125  116  129  124  148  126  134   -1
ch:  25  156  163  158  157  166  167  166  166  166  150  149  161  147  147  151  140  147  147  145  142  140  137  142  142  141  147  136  141  132  147  125   -1
ch:  26  139  139  143  137  154  150  156  147  159  154  139  145  141  148  142   -1  141  135  130  136  135  127  121  125  130  131  137  136   -1   -1  134    7
ch:  27  141  158  157  170  154  165  170  151  177  167  153  153  150  152  162  142  142  142  151  132  141  132  142  134  135  129  132  137  147  136  131   31
ch:  28  127  147  135  154  155  164  167  150  164  148  154  148  154  136  146  142  156  137   -1  140  138  139  129  141  133  133  131  135  128  128  134   39
ch:  29  156  165  152  156  169  163  169  172  159  155  153  156  155  153  138  151   -1   -1  138  146  143  148  135  140  134  151  139  144  150  153  139   30
ch:  30  134  140  157  160  151  160  152  148  154  172  152  146  145  153  149   -1  138  131  138  137  141  133  135  132  137  128  129  123  137   -1  129   20
ch:  31  163  155  163  156  169  165  157  157  152  150  156  159  155  139  151  152  149  147   -1  139  143  141  151  134  135  141  145  148  133  146   -1   42
ch:  32  124  140  135  164  165  156  167  154  165  160  156  149  147  151  152  141  141  136  135  147  128  134  149  136  139  131  138  129  120  131  123   45
ch:  33  158  157  168  177  172  157  164  163  165  155  152  153  149  158  152  143  151  153  148  140  138  146  149  135  136  149  126  135  134  139  136   -1
ch:  34  131  136  142  136  153  146  152  152  167  166  136  150  154  153  155   -1  139  135  131  131  129  134  137  136  129  119  134  134  140  119  138   -1
ch:  35  148  158  173  171  157  173  181  167  166  146  157  154  151  152  145  139  151  154  146  155  139  138  142  145  145  140  137  126  135  149  139   -1
ch:  36  133  141  135  163  157  172  156  143  149  148  158  157  143  144  164  142  124  148  136  142  140  148  127  135  128  133  124  135  121  114  135   43
ch:  37  161  161  166  163  171  164  170  156  164  169  154  164  161  157  165  144  150  148  158  149  148  145  151  136  134  145  135  134  146  127  142   -1
ch:  38  115  153  149  145  145  146  146  164  158  151  149  154  151  141  149   -1  135  131  139  136  150  134  130  137  131  139  132  128  121  130  132   29
ch:  39  151  145  172  170  168  165  167  170  167  155  159  168  155  156  143  150  147  147  148  146  142  138  136  141  141  131  141  147  139  128  152   -1
ch:  40  139  140  135  154  153  156  153  150  153  155  156  153  155  150  148  137  126  148  134  136  129  129  132  135  140  122  132  125  131  133   -1   32
ch:  41  153  169  162  179  170  156  161  148  166  167  154  163  153  156  143  162  153  148  141  140  142  137  133  132  136  139  135  142  135  145  137   -1
ch:  42  131  140  147  144  153  162  149  166  149  154  147  144  149  162  155  146  146  139  149  140  138  141  122  142  131  134  126  130   -1  119  120   31
ch:  43  156  155  163  167  157  167  167  155  164  151  154  139  161  163  140  164  148  130  134  150  141  140  142  150  136  140  131  132  136  145  136   33
ch:  44  143  126  135  155  155  164  153  155  153  150  158  150  155  149  141  142  140  153  139  145  136  131  137  135  132  139  137  136  133  132  124   -1
ch:  45  145  157  164  168  169  169  166  156  162  154  165  148  153  143  145  155  140  143  152  141  125  135  134  141  139  133  126  130  140  123  126   56
ch:  46  125  156  141  138  159  158  152  161  156  147  154  148  154  148  143   -1  136  152  147  133  132  132  130  130  131  128  127  122  131  133  134   -1
ch:  47  148  153  158  157  181  167  166  158  167  136  153  156  151  155  155  151  138  139  150  131  138  130  135  133  141  135  133  150  138  138  129   37
ch:  48  133  140  135  139  151  156  161  156  140  155  150  151  153  139  150  152  145  137  146  138  132  138  130  131  130  136  140  115  129  131  134   34
ch:  49  157  163  165  165  164  169  156  155  158  166  162  147  154  153  155  139  138  140  132  135  134  130  134  134  138  141  146  131  137  123  130   20
ch:  50  139  136  141  150  145  150  152  151  166  166  167  157  150  134  149  145  140  138  135  134  148  122  134  131  126  128  119  149   -1  134  122   29
ch:  51  154  153  155  170  165  168  167  164  154  170  152  154  147  150  153  131  145  148  149  142  148  141  139  140  128  134  132  123  141  145  124   48
ch:  52  137  142  137  154  155  154  152  141  153  152  154  153  153  162  144  141  138  144  137  139  140  133  145  137  130  133  127  135  136  121  134   15
ch:  53  147  151  162  166  157  173  167  163  156   -1  162  153  150  142  139  148  150  139  138  149  138  141  135  136  136  136  133  131  132  131  134   30
ch:  54  131  139  141  146  157  150  159  164  153  157  165  148  152  154  148  152  139  138  136  133  136  122  132  118  127  128  121  136  130  126  136   32
ch:  55  148  158  155  165  149  157  164  163  154  146  145  146  145  149  155  141  139  150  135  148  138  141  130  138  132  138  140  142  146  135  134   -1
ch:  56  139  143  143  149  155  156  154  162  162  160  151  154  151  147  149  147  137  148  141  137  137  127   -1  138  137  140  136  143  140  124  141   52
ch:  57  150  153  148  179  165  168  164  170  157   -1  152  148  157  149  152  149  152  149  138  145  133  132  123  138  142  139  125  123  130  148  140   -1
ch:  58  140  136  150  131  145  156  153  164  154  152  140  161  150  143  143  151  153  145  148  143  136  131  129  136  139  121  137  131  126   -1  140   -1
ch:  59  154  160  169  166  165  155  169  152  155  154  163  148  150  133  134  141  145  148  146  136  135  142  153  144  138  148  139  132  124  140  136   -1
ch:  60  140  143  133  158  147  152  152  171  149  162  162  149  157  151  147  147  160  134  139  133  130   -1  122  134  127  132  135  133  137  140  127   -1
ch:  61  153  155  156  166  168  159  165  167  162  148  152  158  143  149  151  137  153  147   -1  148  139  139  135  132  137  137  145  131  132  137  125   11
ch:  62  134  152  152  153  155  150  152  157  156  158  157  147  147  141  150   -1  135  141  152  135  138  133  135  128  135  133  146  133  140  138  134   32
ch:  63  115  127  131  136  142  155  154  171  151  195  181  209  208  204  208  209  209  209  209  209  209  209  209  209  209  209  209  209  209  209  209   10
ch:  64  137  146  145  148  151  154  162  158  150  157  150  154  151  148  137  148  138   -1  154  149  134  153  121  129  131  133  142  133  134  135  131   -1
ch:  65  155  158  164  158  171  173  157  149  166   -1  164  159  164  158  140  142  148  145  138  136  138  132  121  134  139  131  141  134  130  133  131    9
ch:  66  125  132  153  150  153  152  158  153  152  156  150  152  151  150  142  140  155  140  143  150  132  134  136  135  133  131  123  135   -1  136  133   -1
ch:  67  165  156  156  171  168  166  162  169  153  147  151  141  146  147  150  148  131  146  142  141  149  146  133  150  138  133  138  144  131   -1  137    4
ch:  68  142  140  137  148  155  158  165  153  150  158  151  154  153  146  139  150  146  147  140  137  138  136  138  134   -1  132  134  130  133   -1  139   17
ch:  69  140  157  156  172  172  150  164  155  171  161  152  146  155  147  155  151  140  140  135  137  139  129  135  137  137  135  133  131  144  135  133   -1
ch:  70  126  145  149  147  137  154  164  157  154  166  147  150  162  161  146  152  144  139   -1  147  147  137  129  122  134  128  127  136  132  126  132   30
ch:  71  152  158  157  157  170  158  167  150  167  155  160  156  163  154  150  154  143  150  148  136  133  136  129  133  137  134  134  133  137  134  141   -1
ch:  72  141  137  139  148  153  158  156  163  161  144  151  152  162  152  156  149  151  148  135  140  136  140   -1  154  133  134  133  127  136  130  134   20
ch:  73  157  154  162  175  165  170  167  166  158  152  163  138  147  151  152  149  153  156  150  135  137  136  138  148  138  139  133  139  134  134  132   -1
ch:  74  135  135  145  150  155  156  143  157  156  153  154  154  155  151  147  148  147  135  140  140  138  133  135  127  129  132  128  134  128  123  125   -1
ch:  75  147  153  159  171  157  171  169  151  162  177  157  153  153  147  142  134  156  141  146  147  139  142  145  134  145  139  138  123  135  134  136   16
ch:  76  132  138  141  150  155  150  168  151  153  159  152  151  142  158  143  152  137  146  141  135  136  147  137  139  123  133  143  138  127  133  125   -1
ch:  77  150  157  160  164  168  166  163  163  153   -1  161  150  152  149  152  152  147  147  142  141  139  148  137  140  133  137  138  134  146  135  137    5
ch:  78  125  143  141  147  169  156  160  151  167  153  148  152  149  148  149  151  143  135  134  135  148  139  138  130  137  118  133  147  129   -1  138   -1
ch:  79  150  141  155  159  162  171  170  158  163  153  160  154  152  150  146  140  153  149  139  134  139  141  141  148  144  134  131  140  125  132  135   -1
ch:  80  143  149  155  151  155  160  163  152  158  158  151  140  151  139  139  148  136  142  146  141  134  136  131  118  127  121  135  139  129  134  139   52
ch:  81  156  152  147  170  163  165  168  152  156  154  159  169  151  151  141  151  148  135  139  146  147  138  132  137  140  136  133  137  135  132  136   39
ch:  82  131  139  141  150  167  150  160  159  150  153  151  155  140  149  149  147  150  134  150  145  134  138  128  136  130  127  132  129   -1   -1  137   -1
ch:  83  156  165  163  165  154  166  166  147  168  155  170  154  148  140  151  156  154  145  139  141  130  154  137  134  139  127  135  123  146  136  133   -1
ch:  84  131  139  139  151  156  168  157  158  148  150  164  155  139  150  151  149  141  147  155  155  146  153  137  133  128  132  139  122  123  136  130   -1
ch:  85  153  156  162  163  167  168  157  158  162  153  145  148  149  148  137  142  138  134  147  136  138  143  146  126  132  137  137  131  137  124  130   38
ch:  86  128  152  139  146  144  150  164  159  142  153  147  152  153  150  137   -1  149  145  135  133  134  138  126  130  133  134  121  125  120  121  134   -1
ch:  87  154  153  173  167  168  165  164  151  155  146  166  156  164  147  163  151  153  142  142  140  140  150  139  139  148  133  135  142  146  148  136   -1
ch:  88  143  141  144  155  155  152  169  164  163  148   -1  148  151  149  153  136  140  135  155  133  140   -1   -1  132  143  133  123  138  139  118  140   -1
ch:  89  153  161  152  155  164  167  169  152  163  156  154  156  161  152  150  141  151  146  149  147  141  146  133  135  137  139  139  138  138  139  146   -1
ch:  90  121  141  153  141  149  152  149  154  165  152  163  152  148  162  150  146  148  140  149  133  141  129  139  132  130  138  146  126  145  118  138   -1
ch:  91  150  157  166  165  170  169  173  168  168  169  150  160  150   -1  154  151  149  136  146  153  139  131  137  135  137  138  136  136  145  132  139    2
ch:  92  135  130  135  150  155  152  167  161  152  146  157  155  153  156  147  154  146  144  148  132  139  134  136  135  132  128  135  136  139  134  134   13
ch:  93  150  170  152  164  154  173  167  163  164  165  154  154  155  157  167  152  153  135  154  151  137  127  150  125  142  140  148  133  125  138  149   34
ch:  94  131  141  149  158  151  154  154  156  168  146  151  156  141  140  152  140  148  145  134  137  135  140  133  133  135  139  134  137  147  138  130   50
ch:  95  165  156  157  171  157  162  170  161  154  154   -1  146  158  149  138  152  149  147  146  150  147  143  139  139  143  133  133  136  137  136  139   31
ch:  96  125  145  125  149  154  156  164  154  163  152  151  153  149  154  153  154   -1  148  134  149  141  137  153  144  125  136  139  131  136  118  134   -1
ch:  97  145  155  166  156  167  153  158  164   -1  162  158  162  137  149  132  142  138  140  145  134  147  127  132  136  133  140  148  131  134  132  134   14
ch:  98  123  142  149  151  165  160  153  151  155  155  143  154  147  135  154  152  145  138  139  137  150  139  149  132  132  138  125  139  128  133  128   40
ch:  99  147  156  176  164  152  158  168  158  166  151  151  153  143  157  140  148  148  141  162  140  142  137  137  135  126  133  152  129  127  133  129    7
ch: 100  129  133  149  142  156  152  169  161   -1  150  163  139  151  150  147  151  145   -1  133  142  145  135  132  129  126  118  132  126  131  136  132    7
ch: 101  153  162  148  172  166  182  157  158  153  150  149  153  147  141  135  150  139  132  148  141  127  134  139  140  134  133  139  142  134  130  136    7
ch: 102  132  126  143  140  153  156  156  158  154  161  135  146  149  151  148  146  140  150  150  131  141  134  134  133  136  142  127  135  134   -1  136   -1
ch: 103  163  158  159  169  168  170  159  160  155  149  145  159  151  150  133  150  152  140  145  140  136  134  133  139  138  136  138  140  147  145  135   -1
ch: 104  139  139  135  151  148  154  162  153  161  150  148  145  146  154  147  142  148  143  137  143  147  142  135  127  138  129  127  130  148  137  137   -1
ch: 105  153  163  156  166  162  141  150  153  151  165  152  154  150  153  152  152  135  140  135  146  142  137  128  135  130  147  132  131  135  123  124   43
ch: 106  125  136  143  150  153  156  152  169  159  155  139  167  147  148  140  145  145  147  139  141  127  132  131  130  147  139  143  139  132  127  129   -1
ch: 107  156  174  159  171  167  173  170  165  161  145  170  150  158  152  136  150  148  148  141  143  147  140  145  138  119  128  128  133  139  137  133   48
ch: 108  133  134  133  151  164  161  163  154  154  154  154  165  148  151  155  147  138  148  149  147  138  133  127  135  124  136  133  129  134  138  128   20
ch: 109  139  163  159  165  168  174  162  168  159   -1  152  151  158  148  155  147  147   -1  150  146  150  132  146  139  132  135  138  145  141  139  132   18
ch: 110  131  136  145  147  153  162  138  156  148  155  161  150  143  162  151  134  150  135  137  145  146  148  134  135  140  135  131  132   -1  135  132   -1
ch: 111  151  154  157  156  171  169  170  153  158  156  149  151  143  164  141  144  140  139  140  140  147  140  139  150  136  123  140  131  141  142  139   -1
ch: 112  123  130  139  153  155  154  158  153  153  154  143  148  148  148  145  137  138  145  145  142  138   -1  138  133  127  122  124  135  139  137  136   -1
ch: 113  157  153  164  167  165  168  164  161  165   -1  151  157  158  149  138  146  138  139  140  138  135  138  140  137  140  139  149  133  136  126  132   28
ch: 114  134  145  133  141  145  164  142  158  148  158  155  141  151   -1  150  142  148  138  138  133  135  131  130  139  136  129  143  125  133   -1  135   -1
ch: 115  149  161  167  163  164  171  156  148  163  150  147  156  146  164  148  147  142  140  151  133  131  139  141  138  131  134  138  133  129   -1  139   -1
ch: 116  130  133  139  154  155  158  151  161  161  158  154  149  153  147  154  147  137  153  146  141  133   -1  137  127  150  123  133  128  121  132   -1   -1
ch: 117  143  152  148  167  171  164  153  153  155  155  153  155  165  158  148  140  134  153  133   -1  132  138  132  131  150  147  135  149  143  138  135   10
ch: 118  122  133  139  139  153  156  152  154  155  148  153  153  143  151  136   -1  142  138  137  137  134  132  126  137  129  122  120  131   -1   -1  124   -1
ch: 119  140  153  153  158  166  167  174  161  157  165  153  154  150  152  151  153  138  133  141  129  135  137  157  130  132  139  137  137  143  146  145   -1
ch: 120  129  127  141  149  155  148  155  162  151  162  155  147  140  148  135  156   -1  141  146  143  136  133  138  130  122  139  125  137  139  132  127   -1
ch: 121  171  154  152  156  162  154  165  156  162  156  147  154  143  155  147  140  138  147  153  137  138  146  131  137  137  148  143  134  136  134  135   -1
ch: 122  121  137  143  134  151  146  156  152  156  163   -1  159  135  147  151  133  147  135  133  139  123  129  133  122  131  124  130  123  130  136  131   22
ch: 123  157  153  159  166  164  170  168  155  164  161  150  148  157  150  153  148   -1  137  139  139  136  150  143  131  133  139  132  135  149  144  144   -1
ch: 124  113  133  117  133  134  136  146  155  151  150  164  150  162  158  154  137  139  134  146  136  128  138  122  135  130  134  131  137  133  125  118    1
ch: 125  156  152  154  163  168  172  157  152  158   -1  164  148  152  150  141  152  148  141  153  153  128  118  135  137  142  145  136  134  132  135  147   -1
ch: 126   82   99  115  105  109  120  144  143  147  143  140  160  149  149  152  147  141  150  134  129  133  139  131  120  133  136  123  139   -1   -1  122    6
ch: 127  148  127  157  161  161  166  165  168  169  158  157  153  153  156  164  134  139  153  144  135  143  153  133  129  126  143  132  139  132   -1  149   18
