# ID XA-000-08-003-000-001-252-15
# Tag _trim_
# Date 240620_16:55:26
# Vref_p 49
# Vref_n 23
# Thr2_glb 10
# Vref_t 118
# Vref_t_range 1
# Pol 0
# ADC range 30-247
# FAST disc 30
ch:   0  123  114  131  144  141  151  155  157  148  153  149  150  158  147  144  155  140  140  128  136  136  132  139  130  137   -1  121  121  133  136  135   25
ch:   1  153  162  171  167  170  181  162  158  155  157  158  152  160  158  158  149  154  156  151  141  146  139  135  140  130  133  133  141  150  135  136   19
ch:   2  120  138  153  158  157  166  151  150  154  167  151  158  148  137  150  136  143  147  145  137  144  131  139  147  120  125  120  117  132  123  136   20
ch:   3  165  163  179  168  187  177  165  166  147  166  166  156  150  153  155  133  156  150  148  139  146  147  141  149  142  147  137  134  136  146  136   -1
ch:   4  154  148  157  164  152  164  162  152  160  160  152  152  141  140  144  149  136  140  137  136  135  137  131  132  134  134  131  139  132  130  132   -1
ch:   5  174  179  174  179  166  181  168  168  154  157  161  153  153  155  156  154  156  145  146  139  150  136  138  152  136  142  136  149  129  135  136    8
ch:   6  149  156  151  168  155  159  164  167  155  161  159  158  140  155  152  149  149  138  138  153  135  136  126  134  126  122  129  128  132  129  130   41
ch:   7  163  172  171  175  183  163  168  164  168  155  165  161  153  160  155  164  148  148  140  149  156  146  140  131  140  132  137  138  146  150  147   -1
ch:   8  159  158  155  165  166  165  166  148  155  164  145  160  153  140  140  156  149  154  152  135  130  137  133  139  131  134  127  131  131  132  130    8
ch:   9  175  170  175  169  169  170  171  171  161  157  154  155  153  155  164  153  154  156  142  152  139  155  142  138  138  130  150  138  149  151  138   -1
ch:  10  136  158  167  165  161  156  155  158  154  154  163  162  150  142  152  149  148  136  130  137   -1  138  130  139  136  131  134  123  133  126  133   35
ch:  11  155  168  164  171  168  167  177  158  166  149  163  150  139  166  152  156  169  151  148  141  150  142  149  152  145  124  154  145  139  136  138   -1
ch:  12  139  156  155  165  160  173  154  163  153  155  162  149  165  158  149  145  137  137  135  140  132  146  127  130  137  132  127  132  123  124  130   26
ch:  13  180  166  179  177  165  174  169  171  169  156  168  154  151  158  152  154  150  154  135  152  153  142  158  141  137  135  139  139  142  138  150   -1
ch:  14  147  153  169  156  171  169  170  157  157  154  164  169  152  140  148  139  147  147  144  134  134  134  136  132  128  132  132  145  126  134  128   -1
ch:  15  163  173  173  182  177  162  153  166  159  165  158  162  153  154  155  139  146  153  146  152  148  152  134  147  138  132  135  139  136  143  123   -1
ch:  16  149  152  154  157  170  170  166  167  157  158  152  158  158  151  154  149  140  148  151  139  142  139  132  139  132  138  130  125  125  126  123   -1
ch:  17  171  166  165  174  169  171  165  172  157  165  156  155  154  164  152  163  152  147  152  148  149  142  154  146  135  132  140  133  135  140  150   -1
ch:  18  136  158  155  169  171  159  168  165  151  166  151  146  152  153  149  139  151  146  151  148  133  135  133  138  139  133  149  149  134  125  126   -1
ch:  19  153  180  165  166  181  168  172  156  165  164  151  155  157  159  162  153   -1  153  145  141  151  151  140  135  139  154  130   -1  135  138  136   11
ch:  20  142  152  161  165  164  166  155  156  158  159  148  152  153  151  147  141  149  139  132  136  135  131  127  135  138  134  131  124  134  130  123   -1
ch:  21  179  170  184  166  166  170  166  165  158  169  150  155  146  147  155  158  164  163  137  154  137  149  125  135  155  120  138  133  145  135  133   -1
ch:  22  142  153  159  169  171  164  168  163  149  163  159  134  161  150  146  142  139  149  152  140  132  130  134  137  130  134  130  120  128  131  126   53
ch:  23  167  175  165  181  170  165  166  161  165  153  170  158  169  161  161  155  152  156  149  150  149  161  148  141  152  133  137  150   -1  137  150   28
ch:  24  152  142  171  169  159  170  164  167  171  154  155  145  153  155  146  140  150  147  142  130  149  137  155  131  136  136  138  132  139  129  139   -1
ch:  25  173  170  169  172  173  165  169  168  157  163  158  158  165  155  137  158  135  157  148  156  147  155  133  138  140  139  131  138  137  136  139   -1
ch:  26  152  155  157  156  170  165  160  150  163  155  157  162   -1  150  149  156  145  148  147  134  141  142  130  139  129  130  128  138  137  131  136   -1
ch:  27  161  180  164  174  177  169  156  169  158  150  164  166  157  163  165  167  153  159  150  148  146  145  141  150  148  138  139  128  139  129  135   39
ch:  28  137  150  172  166  162  154  167  165  152  157  167  153  167  147  146  159  162  146  141  137  132  140  148  129  134  139  132  140  129  132  130   18
ch:  29  166  167  184  162  174  174  178  153  156  166  162  158  154  163  153  151  155  150  140  150  152   -1  134  151  140  138  138  135  149  136  132   -1
ch:  30  157  161  159  168  165  156  155  170  168  162  155  169  146  146  153  140  132  126  143  140  147  133  138  148  126  125  135  120  128  139  132   -1
ch:  31  171  174  169  169  167  164  166  162  172  162  162  167  154  156  157  158  153  148  150  145  140  155  147  150  136  140  137  150  139  142  136   -1
ch:  32  165  149  155  172  156  171  168  152  157  149  166  155  152  157  149  148  149  147  137  156  154  135  139  129  148  136  127  125  131  133  119   -1
ch:  33  166  178  174  169  178  174  169  166  159  168  154  166  155  164  143  155  164  161  136  134  153  147  161  136  147  147  136  141  152  137  136    7
ch:  34  151  149  169  162  179  161  169  157  153  161  151  155  153  162  155  155  139  149  144  141  156  139  133  162  137  138  132  133  130  133  133   55
ch:  35  167  170  177  174  153  169  166  167  158  170  150  159  164  165  156  142  150  155  142  157  146  131  150  148  136  151  151  141  137  140  139   39
ch:  36  152  146  155  165  170  171  168  167  153  164  154  161  147  165  153  157  140  153  139  152  137  157  141  148  137  132  135  137  146  129  129   -1
ch:  37  173  166  174  181  174  182  168  170  165  166  172  171  154  157  154  154  163  156  157  152  159  153  152  151  152  141  156  149  139  147  141   -1
ch:  38  140  152  169  179  169  163  162  165  148  140  171  150  149  150  136  152  163  136  148  127  133  140  140  138  132  134  142  133  131  140  139    5
ch:  39  165  179  166  172  179  177  169  165  159  168  173  154  169  161  167  153  161  151  154  164  150  153  136  142  149  150  146  147  140  146  149   -1
ch:  40  152  152  157  170  164  167  169  163  166  162  155  155  154  157  158  154   -1  138  141  140  142  133  133  138  133  132  130  118  131  137  126   -1
ch:  41  170  170  174  174  168  167  183  157  162  165  173  162  158  151  155  153  156  157  146  150  148  138  149  163  149  131  142  140  133  136  138   -1
ch:  42  148  164  167  164  170  158  162  158  162  171  164  163  144  164  146  164  151  147  139  131  136  136  128  142  146  124  130  130  131  146  130   43
ch:  43  159  178  180  171  163  169  168  170  169  167  164  158  161  162  157  155  167  156  153  153  153  147  139  157  151  158  141  152  137  138  139   -1
ch:  44  140  161  163  170  166  172  165  158  167  158  164  163  148  159  150  149  155  139  149  148  150  138  140  146  141  140  141  130  122  142  136   -1
ch:  45  170  168  171  171  179  166  165  167  163  161  165  158  154  158  167  140  154  153  150  149  145  148  129  143  131  152  136  150  138  141  135   43
ch:  46  158  156  163  172  167  164  156  163  165  151  148  164  148  152  151  142  148  146  139  149  142  141  147  136  119  139  138  134  136  130  137   -1
ch:  47  171  180  169  170  168  173  165  164  162  157  159  167  166  152  166  167  148  151  149  152  156  148  139  165  152  140  152  137  140  140  150   -1
ch:  48  147  145  167  173  165  152  155  154  158  151  162  159  147  148  145  138  146  145  131  124  136  137  140  126  122  137  130  126  129  133  140   43
ch:  49  183  172  173  181  167  170  167  164  176  163  167  158  173  137  151  151  167  148  154  155  147  151  134  140  153  145  140  150  151  137  145   25
ch:  50  154  154  159  154  171  165  157  165  148  155  155  154  139  156  155  139  145  139  148  150  135  136  147  136  135  149  133  128  125  127  137   27
ch:  51  171  168  167  181  169  152  163  167  163  154  170  157  154  154  169  148  153  157  154  155  151  151  158  137  128  142  149  144  147  138  136   39
ch:  52  153  156  155  165  169  165  161  169  155  157  153  164  167  162  157  149  147  161  141  138  149  140  136  151  137   -1  137  128  140  132  121   -1
ch:  53  165  172  168  177  168  183  178  164  157  163  162  163  155  153  172  164  163  154  157  153  150  167  148  151  150  148  148  155  141  148  139   44
ch:  54  140  171  165  166  165  164  155  161  159  167  158  148  153  147  152  147  150  154  136  134  137  135  132  139  133  139  135  134  135  131  130   -1
ch:  55  171  178  172  171  167  180  168  168  172  168  168  155  159  158  164  159  156  147  139  150  147  155  165  153  151  150  141  141  151  137  136   -1
ch:  56  152  151  173  163  162  166  165  155  165  163  153  151  154  161  139  150  137  140  155  151  136  136  137  137  132  139  128  120  135  136  138   51
ch:  57  182  180  171  168  174  168  179  168  154  172  165  164  154  156  159  152  154  155  152  148  147  152  154  136  152  133  149  136  149  146  149   -1
ch:  58  150  164  169  164  173  169  154  152  156  159  148  150  149  156  149  153  147  154  139  146  152  132  138  140  141  142  135  129  132  127  141   10
ch:  59  161  178  181  168  171  177  157  169  171  165  174  158  152  165  156  154  157  152  154  148  155  148  151  142  138  135  154  132  135  137  136   40
ch:  60  149  156  170  172  163  163  171  163  149  155  147  153  150  165  152  153  142  140  141  138  151  135  131  150  137  124  135  140  128  136  128   -1
ch:  61  171  175  175  177  174  163  166  159  163  158  167  168  163  168  162  151  151  155  154  147  161  150  150  154  151  147  141  147  137  136  133   53
ch:  62  140  154  165  171  170  158  166  163  163  157  168  150  148  157  150  154  147  146  150  137  134  141  132  140  134  135  136  132  132  134  137   -1
ch:  63  165  178  181  170  167  167  179  166  158  165  174  151  164  152  164  158  162  151  137  148  151  149  149  137  153  138  159  138  139  142  146   -1
ch:  64  142  152  155  167  166  159  164  169  167  164  162  154  167  148  141  150  153  131  135  133  139  133  150   -1  147  133  144  134  130  132  131   -1
ch:  65  170  166  170  181  168  171  168  177  156  156  163  157  167  153  158  152  138  167  156  155  153  154  150  154  151  153  142  155  140  149  137   17
ch:  66  154  161  159  168  164  175  168  167  159  155  159  153  158  156  148  148  154  150  138  135  137  147  146  133  147  133  138  137  136  141  136   35
ch:  67  171  172  163  180  170  169  172  172  163  165  164  165  158  150  163  162  155  156  151  150  150  146  146  147  131  137  146  146  136  146  146   48
ch:  68  141  152  167  157  172  166  165  163  169  159  163  142  169  151  161  148   -1  157  155  141  152  127  145  138  133  133  139  131  149  134  133   16
ch:  69  168  174  170  178  165  181  175  169  167  164  169  164  158  165  165  164  156  162  164  147  153  154  152  149  162  138  150  139  157  151  151   -1
ch:  70  147  163  161  163  170  165  173  171  166  162  157  163   -1  158  148  152  147  152  154  136  136  140  142  141  137  134  149  137  138  133  129    2
ch:  71  169  172  178  183  158  171   -1  181  165  166  163  166  158  158  154  152  148  156  161  147  153  155  137  151  137  141  147  147  155  150  142   11
ch:  72  149  160  167  151  159  171  167  163  168  163  152  149  157  153  162  151  146  151  135  137  140  152  141  140  141  138  129  133  129  136  123   29
ch:  73  179  171  174  174  173  167  168  155  167  163  166  147  165  167  163  153  150  163  156  138  147  153  156  154  152  136  146  132  149  147  146   10
ch:  74  147  161  157  172  170  167  167  174  168  164  158  155  149  142  154  153  152  139  148  147  156  132  146  139  131  137  133  135  148  135  138   37
ch:  75  168  171  173  164  167  166  169  165   -1  171  171  164  167  155  154  155  153  158  151  157  159  153  155  155  149  148  139  139  149  149  137    8
ch:  76  149  147  155  174  162  168  161  162  181  158  155  151  154  161  148  148  137  140  151  141  134  145  148  137  140  148  139  120  129  135  133   34
ch:  77  170  181  181  179  170  171  157  168  157  169  161  157  164  148  156  143  150  157  148  148  147  145  154  147   -1  142  132  148  147  152  153   -1
ch:  78  140  167  157  162  171  172  171  167  156  150  159  153  149  154  151  145  149  153  147  153  161  148  138  135  123  130  133  125  137  139  128   23
ch:  79  165  185  180  178   -1  166  161  167   -1  166  165  164  150  170  165  141  149  155  154  148  139  151  140  157  147  137  153  146  133  151  138    3
ch:  80  157  154  167  169  164  159  157  162  171  156  153  162  145  155  140  159  155  152  148  147  148  141  149  155  130  132  135  137  139  142  132   -1
ch:  81  179  180  181  179  171  181  157  167  171  163  169  165  163  163  148  162  162  155  155  161  140  152  148  149  154  152  158  154  151  140  141   50
ch:  82  140  168  151  164  155  166  165  164  152  153  155  156   -1  152  154  147  151  152  150  135  136  141  144  139  140  136  147  136  124  132  133   48
ch:  83  167  174  165  179  166  166  171  157  169  166  164  154  154  155  154  165  155  163  154  152  154  148  155  149  145  143  153  141  148  136  138   -1
ch:  84  152  161  161  175  162  170  166  157  163  165  164  157  163  168  150  154  149  153  143  146  138  137  152  142  140  147  137  132  137  135  133   23
ch:  85  185  176  174  171  170  165  165  157  159  170  172  165  164  162  170  156   -1  153  157  163  156  157  149  152  138  142  155  150  151  149  149   -1
ch:  86  137  152  157  164  171  162  162  165  162  155  152  163  153  155  146  137  141  153  144  142  137  133  141  140  139  150  132  126  130  133  130   -1
ch:  87  165  170  181  179  172  177  180  168  159  156  163  167  156  156  151  156  153  157  150  152  142  143  156  139  145  136  137  139   -1  139  135   -1
ch:  88  153  150  171  155  164  157  158  168  164  164  162  164  165  148  141  158  164  158  142  154  140  139  137  132  152  145  135  137  131  135  125   54
ch:  89  167  165  156  168  168  170  171  170  166  165  168  169  146  148  150  152  152  147  150  147  155  130  149  138  148  145  141  140  133  140  146    6
ch:  90  148  158  151  166  157  175  164  153  155  165  164  148   -1  161  150  139  138  137  138  134  132  139  132  147  139  140  139  135  127  126  127   -1
ch:  91  167  179  169  180  171  168  169  165  169  170  170  166  158  155  170  152  155  154  154  156  162  153  148  147  136  142  138  130  150  146  142   -1
ch:  92  149  156  167  165  156  156  152  169  167  155  161  154  152  149  142  138  145  138  142  148  141  136  137  136  130  132  135  144  133  133  132   49
ch:  93  180  172  170  176  175  172  181  173  165  162  167  168  167  164  154  163  150  166  139  154  148  165  148  155  151  133  153  142  138  147  136   -1
ch:  94  142  154  159  168  163  169  164  163  168  168  164  150   -1  156  166  142  148  145  136  143  137  137  141  137  137  125  137  139  129  135  132   16
ch:  95  167  167  172  181  168  157  161  161  165  168  145  140  163  167  152  157  157  147  158  156  150  149  147  139  151  142  151  149  148  143  137   -1
ch:  96  153  150  169  164  162  167  162  165  165  152  156  161  145  148  161  139  151  133  141  135  140  137  141  136  135  140  134  132  130  126  130   -1
ch:  97  175  169  167  177  169  180  167  173  169  168  167  168  167  165  164  169  155  146  165  155  150  147  149  147  144  149  149  146  155  150  140   28
ch:  98  152  155  143  166  165  169  169  152  159  165  152  166  149  162  143  152  150  152  154  142  140  156  150  126  145  139  137  127  137  125  136    8
ch:  99  165  172  182  165  170  165  161  166  158  171  157  156  156  154  155  158  167  142  150  132  149  148  139  156  147  141  137  149  147  149  136   -1
ch: 100  169  153  157  170  166  174  157  155  156  155  152  159  151  147  148  148  150  150  153  141  150  147  139  134  133  136  135  134  129  125  134   52
ch: 101  170  174  182  183  172  163  180  172  172  169  161  162  160  158  141  151  149  153  147  139  145  136  150  150  134  135  137  133  132  138  136   52
ch: 102  152  154  153  168  173  167  153  152  163  162  156  155  156  153  154  138  147  152  146  139  148  142  129  140  133  130  130  139  136  126  133   -1
ch: 103  155  170  174  171  168  170  165  163  168  156  168  152  155  163  155  170  143  164  147  148  149  149  152  139  140  153  137  135  135  141  135   30
ch: 104  142  151  163  151  172  182  157  153  155  157  152  164  153  148  154  148   -1  147  141  136  148  138  135  148  128  138  137  137  132  131  124   -1
ch: 105  177  175  169  165  166  171  163  166  159  151  163  166  154  174  162  162  155  156  156  151  151  142  148  138  149  153  139  148  138  132  132   41
ch: 106  136  158  149  166  155  170  162  172  172  154  151  156  163  141  154  150  140  153  130  132  151  127  135  125  146  147  135  133  130  123  132   -1
ch: 107  163  181  180  173   -1  167  154  169  162  167  167  163  166  153  162  154  148  152  154  154  148  152  147  156  138  140  151  147  141  140  133    1
ch: 108  153  153  163  169  168  157  171  159  151  155  165  151   -1  166  155  149   -1  150  153  140  139  156  138  149  137  137  141  139  132  135  120    1
ch: 109  167  168  169  174  165  168  173  165  166  163  165  169  152  166  158   -1  164  140  147  149  151  156  137  134  139  147  139  148  147  154  140   34
ch: 110  142  163  151  168  167  156  152  157  167  151  155  149  138  168  150  146  148  140  135  139  126  131  127  126  137  136  124  132  129  116  130   -1
ch: 111  164  177  179  169  171  171  167  170  155  169  167  157  153  155  148  157  155  143  158  149  139  139  138  151  140  141  147  142  138  138  136   -1
ch: 112  137  142  169  146  154  171  161  157  152  157  161  153  147  153  146  140  139  149  138  135  148  134  132  136  136  123  123  137  129  135  125   -1
ch: 113  168  177  173  163  173  158  156  180  158  157  164  157  166  158  154  150  167  155  164  137  152  138  143  141  149  155  146  137  149  129  148    3
ch: 114  146  152  165  166  171  155  165  166  158  155  153  154  150  161  150  151  133  138  136   -1  145  146  137  138  139  132  130  128  130  134  128   -1
ch: 115  167  165  173  166  180  164  171  167  167  168  153  167  159  150  155  162  146  159  142  163  149  153  139  140  140  157  131  137  140  141  136   -1
ch: 116  140  154  169  165  178  172  164  170  154  165  158  150  154  147  138  156  150  149  142  139  135  135  149  137  137  124  137  132  129  135  130   50
ch: 117  166  179  164  163  181  166  171  159  164  155  152  164  151  164  162  150  158  157  150  159  152  145  138  138  137  145  141  136  147  138  139   -1
ch: 118  142  152  151  156  170  155  156  169  162  156  159  168  155  156  149  145  157  148  148  134  146  142  135  131  135  135  130  136  134  131  134   -1
ch: 119  157  169  167  182   -1  181  171  168  178  172  157  165  161  148  158  149  146  133  159  146  155  147  153  142  156  127  138  136  155  141  130   45
ch: 120  151  147  165  158  163  164  177  156  155  157  161  153  145  147  163  149  150  150  134  139  149  139  139  137  134  134  127  131  130  127  128   -1
ch: 121  174  171  170  174  170  168  163  170  169  168  162  141  155  157  153  154  155  154  158  135  151   -1  142  142  150  150  138  146  143  140  145   17
ch: 122  132  152  149  159  157  165  172  152  158  161  162  149  147  148  153  135  136  139  134  147  131  137  132  126  133  133  130  131  131  134  125   -1
ch: 123  160  172  170  171  170  172  163  168  155  152  149  154  152  155  151  146  152  139  148  152  154  140  139  141  145  142  137  132   -1  134  139   -1
ch: 124  119  140  145  152  152  168  168  161  162  154  153  158  155  155  141  155  147  150  149  138  152  139  132  138  145  132  131  137  130  131  134   46
ch: 125  173  180  180  171  171  171  158  171  161  155  165  156  154  166  155  150  156  142  149  149  156  142  133  147  139  144  131  137  147  133  132   30
ch: 126  127  150  135  150  143  166  159  170  153  152  157  150  151  144  141  140  141  147   -1  137  134  139  132  125  140  135  136  134  132  123  127   -1
ch: 127  164  171  165  166  177  168  167  165  163  157  163  166  163  157  155  156  146  149  149  131  148  142  142  142  138  140  136  136  140  135  141   -1
