# ID XA-000-08-003-000-001-201-06
# Tag _trim_
# Date 240620_18:27:19
# Vref_p 52
# Vref_n 20
# Thr2_glb 10
# Vref_t 118
# Vref_t_range 1
# Pol 1
# ADC range 30-247
# FAST disc 30
ch:   0  114  131  108  121  137  151  135  133  142  145  131  142  135  135  131  126  128  127  128  130  126  121  123  123  126  131  116  118  123   -1  122   44
ch:   1  136  145  145  157  152  149  149  144  139  134  139  146  151  135   -1  137  130  124  129  133  136  121  132  124  127  128  119  125  123  132  130   -1
ch:   2  102  108  131  122  142  137  130  148  145  143  137  137  147  145  131  133  132  129  127  119  129  129  118  128  124  136  121  123  117  116  122   55
ch:   3  131  156  163  150  157  147  139  165  155  139  141  132  129  146  127  130  126  126  121  134  125  132  117  132  124  121  127  133  129  132  133   -1
ch:   4  119  126  132  145  139  153  154  155  163  140  133  135  138  134  137  131  122  131  127  124  121  124  119  129   -1  118  112  132  118  134  116    3
ch:   5  140  159  151  153  161  156  148  136  148  150  150  139  150  148  132  127  124  133  133  133  127  125  124  125  127  119  116  130  125  127  124    6
ch:   6  110  131  149  136  155  145  151  139  140  149  133  138  132  127  139  133  132  123  136  129  125  123  117  122  110  109  124  126  125  127  119   23
ch:   7  147  156  159  149  154  150  153  155  150  142  136  137  147  129  147  135  131  123  131  117  135  118   -1  131  125  122  137  130  131  128  135   43
ch:   8  136  125  122  133  150  155  153  146  147  142  146  132  132  125  127  130  124  129  118  127  130  121  123  129  135  121  118  122  128  124  133   26
ch:   9  138  158  154  164   -1  146  153  152  143  135  140  147  142  146  131  131  134  132  139  140  132  132  126  122  122  116  125  123  133  137  110   -1
ch:  10  126  121  136  132  142  150  146  141  145  150  153  131  122  135  142  135  132  125  122  125  124  126  123  117  129  122  115  119  113  121  110   -1
ch:  11  131  166  157  163  162  146  149  151  142  142  156  139  131  138  130  140  125  124  127  136  126  130  117  114  126  128  136  128  117  124  118   53
ch:  12  119  128  132  129  151  151  156  145  144  140  140  135  131  135  134  131  131  126  128  121  108  122  124  121  128  119  129  124  119  117  119   -1
ch:  13  136  151  157  150  161  140  153  147  152  139  147  130  139  136  134  124  129  135  126  127  125  129  128  131  115  116  126  127  117  127  117   -1
ch:  14  122  124  143  138  139  145  149  151  137  157  142  143  146  124  147  134  135   -1  125  131  128  117  118  124  125  115  118  116  117  122  122   23
ch:  15  135  164  150  149  160  149  142  153  147  138  123  137  135  140   -1  132  137  125  130  131  126  133  137  126  132  117  121  132  138  116  123   -1
ch:  16  118  131  132  135  153  150  142  147  138  131   -1  140  132  138  125   -1  132  132  132  129  118  119  122  129  130  123  124  132  118  117  122   -1
ch:  17  148  151  165  153  155  156  151  147  142  142  145  143  136  137  130  132  133  128  121  116  133  127  135  115  124  129  129  128  126  125  121   -1
ch:  18  126  118  143  132  137  147  137  157  147  142  147  146  134  138  123  133  132  129  132  133  123  133  132  124  125  124  129  124  125  122  125    7
ch:  19  155  166  155  157  153  146  148  153  149  141  138  138  135  135  120  146  139  129  123  130  127  151  124  145  132  124  130  116  125  134  125   51
ch:  20  124  130  136  129  155  161  146  153  151  141   -1  134  142  138  136  131  126  127  120  123  132  121  121  126  131  122  118   -1  121   -1  127   -1
ch:  21  156  157  154  157  162  156  142  152  152  143  136  141  147  129  137  143  120  134  136  122  127  132  124  132  124  129  121  137  131  117  115   -1
ch:  22  110  124  129  140  149  151  152  150  147  140  147  151  132  138   -1  140  133  134  129  126  125  131  123  124  123  121  130  123  119  116  120    7
ch:  23  165  152  151  149  159  156  154  150  155  140  140  137  141  137  147  140  132  133  134  136  136  123  122  127  132  123  126  133  115  130  124   13
ch:  24  134  127  148  141  157  158  152  153  148  135  137  138  141  122  135  129  122  138  130  127  133  121  119  135  121  125  117   -1  121  122  125   44
ch:  25  148  157  146  154  150  155  147  150  148  153  154  149  139  140  131  146  128  132  131  130  133  131  129  130  129  123  125  128  121  106  121   -1
ch:  26  120  128  136  136  142  156  147  140  153  149  139  151  136  126  129  133  140  130  126  118  133  111  117  133  132  116  120  108  118  126  127   -1
ch:  27  145  155  147  158  159  158  153  146  155  138  136  137  137  149  132  149  142  134  137  123  143  128  132  132  128  124  128  128  121  130  120    8
ch:  28  141  133  125  141  153  156  138  153  149  132  138  147  131  137  128  137  134  128  135   -1  130  129  124  126  122  115  123  123  123  108  127   -1
ch:  29  156  152  159  155  151  153  158  150  150  138  140  140  141  139  124  137  140  138  134  126  139  121  124  140  131  129  133  120  125  127  125    7
ch:  30  110  121  136  143  156  138  132  158  140  137  147  155  136  151  131  139  135  129  126  130  137  131  129  131  119  124  125  126  125  125  116   -1
ch:  31  147  156  156  158  152  156  151  136  159  130  150  142  142  157  150  139  142  146  130  139  129  133  123  136  118  123  132  127  131  126  147   19
ch:  32  119  133  132  129  151  150  131  151  141  137  137  141  129  132  134  139  133  126  127  133  134  133  122  126  131  125  114  121  102  118  116   -1
ch:  33  148  155  155  152  153  149  147  142  151  154  147  148  148  138  145  135  137  135  132  142  126  124  128  125  132  128  120  133  126  136  129    9
ch:  34  120  123  135  148  157  155  149  149  142  140  124  138  135  148  130  138  135  136  137  121  129  127  128  131  130  122  123  128  129  127  122    8
ch:  35  145  158  157  156  158  150  151  162  155  155  151  135  146  135  132  134  126  139  128  133  131  125   -1  135  122  145  122  122  135  130  130   -1
ch:  36  119  131  122  131  155  155  149  150  146  139  151  137  131  144  137  127  126  133  130  131  136  127  132  122  118  117  123   -1  120  129  125   37
ch:  37  138  169  155  156  161  148  150  150  139  149  140  148  135  133  132  132  137  137  129  137  133  125  126  126  123  125  127  121  128  125  125   42
ch:  38  110  124  135  140  151  145  155  147  142  151  151  151  146  137  135  135  129  130  134  128  130  128  119  124  117  129  132  128  117  131  126   -1
ch:  39  153  142  163  152  151  150  153  150  155  137  156  135  133  147  124  140   -1  140  140  127  129  129  135  140  125  130  134  136  134  134  135   -1
ch:  40  125  129  122  145  153  152  143  149  138  148   -1  133  137  139  147  139  128  124  131  133  123  130  129  127   -1  119  126  116  126  122  127   -1
ch:  41  146  157  143  155  151  150  148  154  139  137  147  154  137  143  136  130  132  136  126  130  133  128  116  119  126  131  126  132  130  123  125   51
ch:  42  110  116  143  148  164  148  152  149  148  134  150  139  137  151  130  127  132  134  134  149  138  131  130  121  129  129  122  125  119  124  116    2
ch:  43  147  156  155  151  153  153  150  146  143  146  138  138  141  133  135  140  135  135  126  139  133  130  117  131  126  119  131  126  131  125  129   26
ch:  44  125  138  141  125  141  153  151  153  152  142  151  139  138  141  142  143  123  133  127  129  128  129  129  135  127  130  128  132  126   -1  121   55
ch:  45  154  157  150  156  146  157  143  142  156  146  150  140  138  137  137  130  134  122  122  126  134  125  124  127  137  122  118  127  132  122  133   -1
ch:  46  120  120  132  132  153  152  149  148  138  152  151  143  140  138  131  137  133  137  123  124  131  126  125  126  108  115  126  129  126  125  120   48
ch:  47  155  156  171  151  152  154  155  167  154  133  145  134  149  147  147  123  142  148  133  135  132  118  145  127  124  123  126  130  124  126  131   -1
ch:  48  127  131  136  137  139  153  156  162  150  148  143  139  136  141  132  140  129  132  138  131  137  128  135  126  129  119  129  124   -1  126  128   -1
ch:  49  150  164  157  154  161  147  151  150  139  142  156  152  130  136  127  130  135  133  131  124  130  133  132  130  112  131  133  124  130  126  125   -1
ch:  50  110  124  133  144  140  149  155  149  147  143  151  140  136  136  147  130  131  133  131   -1  131  134  129  110  121  132  117  109  115  121  123   39
ch:  51  145  162  163  152  154  146  159  156  155  153  162  144  148  131  145  134  138  124  132  132  121  125   -1  122  119  129  130  121  135  130  135    1
ch:  52  127  115  146  131  155  158  148  137  160  138  151  141  142  145  147  132  136  132  137  121  135  134  123  131  117  121  130  128  122  118  125   -1
ch:  53  156  158  163  166  157  156  150  151  151  152  141  140  134  140  146  131  132  130  135  132  136  127  128  133  132  123  121  129  128  127  132   27
ch:  54  116  121  131  144  160  153  138  148  140  151  153  141  138  147  126  133  144  145  133  137  135  119  132  121  120  126  129  124  117  125  118   -1
ch:  55  145  162  167  150  162  156  155  148  147  139  148  139  131  139  138  139  138  135  134  139  131  122  131  126  130  129  126  118  129  127  135   -1
ch:  56  127  125  122  137  151  157  154  148  158  152  134  141  138  143  141  137  132  133  135  131  128  124  128  133  128  135  123  121  117  118  125   -1
ch:  57  146  159  154  158  157  152  150  150  151  148  146  153  139  147  144  136  134  137  139  136  124  123  133  128  126  131  131  129  119  127  125   18
ch:  58  122  127  134  140  140  141  143  152  153  147  146  153  140  147  131  133  135  128  136  123  124  121  130  132  117  122  125  118  110  131  115   -1
ch:  59  141  152  157  155  162  164  155  145  158  138  151  145  150  137  139  153  138  133  131  139  131  130  131  131  124  136  123  130  133  126  122   -1
ch:  60  127  131  127  131  143  162  142  149  145  153  140  140  133  131  145  134  138  127  129  121  136  122  111  132  118  129  122  122  122  128  118   -1
ch:  61  132  155  166  158   -1  155  156  147  145  150  136  138  137  138  130  127  137  134  132  141  123  142  124  128  136  133  135  133  123  134  133   -1
ch:  62  110  129  141  132  142  141  138  167  151  142  136  138  145  147  135  137  137  132  138  135  131  135  116  132  125  119  124  122  126  125  117   -1
ch:  63  147  160  147  152  168  154  156  153  152  141  146  139  137  139  130  129  133  152  131  122  133  133  123  123  134  125  131  134  123  120  123   -1
ch:  64  137  131  132  136  145  158  149  140   -1  153  137  141  137  129  139  137  138  121  134  137  134  131  135  124  125  123  120   -1  129   -1  128   -1
ch:  65  140  151  152  150  158  150  141  135  136  142  137  149  129  135  131  137  134  136  136  132  117  125  120  117  120  120  125  123  133  122  130   19
ch:  66  125  133  139  140  149  152  152  163  137  154  135  141  138  140  141  131  137  131  137  123  129  124  132  134  113  122  123  123  119  126  124   32
ch:  67  163  164  156  158  161  152  149  155  151  137  141  146  133  134  147  133  133  134  126  134  131  137  121  122  127  127  129  124  117  124  123   -1
ch:  68  124  131  132  137  150  152  152  150  146  138  140  147  139  134  132  131  133  129  135  125  138  133  131  130   -1  119  119  129  120  132  109   16
ch:  69  138  153  150  167  157  168  153  156  153  154  137  142  148  137  137  139  130  148  136  136  127  126  130  127   -1  128  123  131  118  130  137   -1
ch:  70  110  120  151  140  146  145  150  153  148  147  129  152  133  131  135  137  131  128  132  131  124  129  124  124  122  122  123  128  136   -1  118   -1
ch:  71  141  144  149  149  156  153  156  154  146  138  152  137  153  147  139  136   -1  133  137  129  131  132  130  128  125  134  131  129  124  129  131   46
ch:  72  136  129  150  129  139  147  153  152  142  148  138  138  138  136  137  136  129  136  128  131  135  131  130  106  131  101  124  127  119  122  128   -1
ch:  73  138  159  158  165  151  166  155  140  150  138  154  135  132  140  146  135  123  130  134  142  148  130  136  121  122  123  128  130  127  137  126   -1
ch:  74  122  128  155  132  155  151  148  153  145  152  145  136  135  130  131  125  137  128  137  133  135  139  120  126  121  126  123  126  123  123  118   -1
ch:  75  138  150  155  156  154  150  154  145  140  133  133  138  141  134  147  142  133  137  122  134  139  128  138  131  132  123  125  123  125  133  126   -1
ch:  76  118  131  132  139  151  143  154  144   -1  139  146  126  143  139  147  134  122  135  127  124  125  125  130   -1  119  117  118  125  119  119  130   17
ch:  77  148  156  155  163  149  150  149  153  141  142  135  136  135  149  135  131  130  133  138  140  138  132  125  131  129  117  131  133  124  126  121   -1
ch:  78  110  118  131  148  149  145  139  140  151  151  138  150  148  135  131  127  124  137  135  131  119  123  136  120  120  126  129  108  105  122  116   -1
ch:  79  136  156  142  142  160  156  154  149  151  148  141  141  152  133  140  138  129  138  128  132  123  131  138  127  125  137  119  124  131  127  139   -1
ch:  80  124  125  130  133  152  151  155  137  148  141  140  132  140  137  128  132  122  132  132  134  126  134  136  118  128  119  121  118  120   -1  129   34
ch:  81  156  148  158  166  149  155  152  153  137  138  138  149  147  126  121  134  132  128  125  137  130  133  123  136  122  129  130  139  130  135  120   -1
ch:  82  116  126  138  148  145  153  152  152  141  149  153  129  132  139  144  129  136  138  130  135  138  123  130  133  130  124  119  136  119  125  120   -1
ch:  83  147  152  158  167  152  167  146  146  140  141  152  142  129  139  147  150  132  125  123  131  130  130  117  131  127  124  126  119  123  122  126   52
ch:  84  126  121  124  137  158  154  149  155  142  147  134  140  129  141  136  133  133  130  135  123  137  135  132  121  117  121  124  120  122  114  129   -1
ch:  85  140  153  158  155  161  160  153  153  151  135  137  152  138  140  138  140  137  130  136  131  131  128  121  131  121  128  124  125  119  129  133   15
ch:  86  119  127  139  140  139  148  148  142  153  141  151  137  129  147  137  131  129  127  126  129  133  127  116  113  123  134  129  117  117  124  104   -1
ch:  87  139  158  155  156  158  148  139  164  148  141  137  135  140  129  127  140  137  137  151  129  116  135  122  122  122  123  130  134  130  130  124   -1
ch:  88  127  125  132  129  141  155  127  148  148  148  141  149  149  137  139  140  139  136  132  129  130  109  128  125  114  122  118  116  122   -1  125    9
ch:  89  140  150  163  158  155  152  149  142  150  140  140  139  141  136  132  136  134  135  134  138  126  121  126  139  132  118  130  125  124  135  115   42
ch:  90  129  121  146  140  157  152  143  155  131  141  145  146  147  134  131  131  146  139  123  125  131  125  131  124  119  117  129  126  119  121  116   -1
ch:  91  145  142  164  158  155  140  142  149  156  138  146  135  147  147  137  140  136  129  142  134  126  133  124  129  130  118  121  128  133  124  138   22
ch:  92  134  131  146  137  151  150  156  152   -1  133  145  149  142  136  145  147  135  133  122  129  129  131  132  122  121  124  131  119  118  121  126   -1
ch:  93  154  152  138  147  158  155  155  148  139  153  154  150  141  148  147  133  139  133  133  137  135  124  126  132  120  119  126  133  125  123  129    5
ch:  94  121  130  139  122  153  145  149  151  141  135  133  137  140  137  145  133  127  130  129  135  123  120  127  132  130  117  128  131  117  125  119    4
ch:  95  141  142  154  164  165  146  154  144  142  152  136  149  141  131  139  137  133  135  131  133  127  128  134  124  132  123  130  129  133  124  125   -1
ch:  96  122  125  128  129  153  164  150  150  148  140  146  143  147  136  140  136  122  125  137  129  130  134  130  122  127  123  128  121  120  132  132   -1
ch:  97  152  151  157  164  155  149  150  159  142  141  151  136  141  131  126  148  128  132  130  138  126  124  136  126  131  135  138  131  125  120  131   10
ch:  98  109  116  141  140  151  153  151  141  145  134  146  137  133  142  133  134  133  127  136  129  130  134  133  130  131  129  119  125  123  123  133   53
ch:  99  145  160  152  157  161  145  153  134  148  149  147  152  142  137   -1  130  135  125  135  149  135  136  132  132  137  123  127  131  131  125  129   43
ch: 100  125  125  122  129  145  155  150  156  163  147   -1  136  139  136  147  127  127  135  132  131  129  125  129  135  125  129  119  120  128   -1  127   -1
ch: 101  148  142  158  151  155  148  155  156  140  139  154  152  141  134  148  135  142  148  139  124  129  138  133  130  129  135  133  123  131  123  134   38
ch: 102  110  118  132  132  140  154  136  148  138  148  148  143  132  135  145  132  128  126  139  133  110  129  122  120  130  126  119  134  123  121  126   -1
ch: 103  151  143  155  149  154  153  150  147  155  149  157  138  147  145  147  127  134  146  130  129  133  130  135  140  120  124  128  136  124  139  134   -1
ch: 104  127  135  124  139  146  157  151  154  138  148  139  140  130  135  140  131  135  127  135  124  129  123  123  118  119  126  129  123  114  119  120   -1
ch: 105  152  158  163  168  162  145  156  134  149  139  149  142  139  148   -1  138  131  145  137  129  136  123  137  135  134  126  131  125  127  138  131   31
ch: 106  107  120  139  138  151  145  137  151  159  140  147  146  139  135  133  137  129  133  124  135  128  120  133  136  125  128  124  126  123  123  128   27
ch: 107  147  157  149  151  155  154  152  153  147  150  151  147  141  147  151  137  130  139  134  142  133  138  118  130  120  125  125  126  129  125  129   54
ch: 108  119  126  132  129  139  152  148  154  135  148  140  146  142  137  136  133  138  127  131  123  132  125  126  137  128  137  121  130  124   -1  128   -1
ch: 109  150  152  148  152  152  163  152  148  151  147  146  150  136  142  142  127  133  139  140  140  136  132  129  137  139  124  132  125  127  132  123   -1
ch: 110  121  119  139  132  156  139  153  149  147  143  146  133  148  134  142  138  134  132  129  129  125  117  130  127  119  122  124  120  118  119  118   -1
ch: 111  140  144  151  158  164  149  155  161  152  150  152  139  137  147   -1  136  126  118  132  129  133  135  130  137  127  123  131  128  136  132  134   45
ch: 112  127  138  132  129  155  136  141  153  145  150  145  139  134  138  131  134  137  129  132  122  129  128  123  120  129  134  120  116  125  120  125   -1
ch: 113  150  165  148  168  154  152  152  141  156  137  134  140  139  134  138  134  141  138  141  123  129  138  131  123  129  121  136  119  135  125  116   36
ch: 114  125  121  139  138  160  142  133  153  147  152  135  143  133  135  136  137  147  124  127  123  129  121  127  119  118  124  124  122  124  122  130   -1
ch: 115  143  152  163  150   -1  154  153  138  147  141  143  142  156  139  140  136  137  127  134  133  126  135  123  121  131  124  133  136  130  126  133   -1
ch: 116  119  129  130  129  141  153  158  152  149  142  151  139  137   -1  136  149  133  137  119  132  130  135  122  125  122  131  118  122  124  129  129   -1
ch: 117  138  158  152  165  149  154  158  146  141  140  148  148  139  142  132  137  134  134  133  132  130  120  133  126  128  135  125  125  129  125  123   10
ch: 118  126  124  129  140  150  147  138  149  147  141  148  136  149  141  145  135  135  130  132  135  120  127  125  124  123  132  134  124  125  125  125   -1
ch: 119  131  156  168  167  153  153  157  156  137  152  140  153  137  135  134  158  138  129  139  127  135  127  126  130  134  129  122  131  127  117  121   -1
ch: 120  119  124  136  151  159  144  154  147  152  149  129  129  149  151  141  136  126  131  127  132  124  128  132  125  122  133  138  129  122  114  120   11
ch: 121  150  165  157  166  153  149  152  150  147  166  136  140  134  130  145  139  131  134  126  122  124  136  124  138  118  133  127  125  111  134  123   -1
ch: 122  118  121  141  140  152  158  139  140  153  139  141  134  147  132  127  126  132  132  139   -1  133  132  123  141  110  130  126  129  128  130  112   -1
ch: 123  139  150  155  154  156  157  152  143  142  151  145  136  137  130  132  140  129  138  126  147  125  124  134  138  132  125  131  129  135  134  127   52
ch: 124  111  115  114  125  139  149  147  137  132  152  149  139  136  151  145  152  130  130  138   -1  126  135  121   -1  126  122  133  135   -1  124  125    6
ch: 125  136  153  157  154  153  151  154  149  153  151  137  143  142  148  133  133  136  127  133  132  126  133  127  126  132  122  125  136  122  121  130   -1
ch: 126   84   88  115  118  126  125  126  144  139  153  133  147  138  149  148  131  131  132  132  135  135  127  125  134  132  138  120  132  120  123  130    6
ch: 127  133  144  136  154  156  147  140  147  153  133  148  140  137  148  135  147  136  135  133  121  124  130  132  129  123  127  125  119  125  127  128   -1
