# ID XA-000-08-003-000-001-228-08
# Tag _trim_
# Date 240624_19:15:09
# Vref_p 51
# Vref_n 19
# Thr2_glb 10
# Vref_t 118
# Vref_t_range 1
# Pol 1
# ADC range 30-247
# FAST disc 30
ch:   0   68   77   77   93   93  106   96  112  135  125  139  141  139  149  158  148  146  148  147  139  137  134  137  142  149  141  123  146   -1  152  153   -1
ch:   1  122  140  140  151  153  153  159  156  156  154  143  157  151  146  151  138  136  141  151  130  137  142  137  137  144  148  136  150  161  136  142   10
ch:   2   95   90   95  107  123  139  126  139  133  138  140  148  142  150  134  150  138  151  143  141  130  140  134  134  135  149  138   -1  154  151  152   -1
ch:   3  133  139  152  148  152  149  162  155  161   -1  147  151  155  150  147  148  151  138  149  141  143  149  142  155  155  138  140  140  149  141  152   34
ch:   4  102  125  115  127  128  144  155  143  157  153  139  160  149  146  141  142  143  143  146  135  146  139  146  141  140  150  134  151  146  137  150   -1
ch:   5  134  147  140  153  164  166  151  153  157  155  152  159  148  137  150  154  145  147  141  147  138  146  146  146  134  137  140  150  149  147  147    1
ch:   6  116  122  133  135  145  150  153  147  147  146  146  149  149  139  143  147  148  135   -1  140   -1  141  145  138  135  146  135  147  152  133  150   12
ch:   7  140  142  150  156  155  164  151  149  153  135  147  154  161  151  156  153  149  140  154  153  139  149  148  145  148  151  136  136  148  151  147   -1
ch:   8  106  124  119  131  143  150  146  151  153  152  151  138  144  149  145  142  135  150  136  129  139  154  131  135  151  133  141  138  157  139  137   30
ch:   9  136  143  154  153  153  154  160  156  151  152  153  152  155  131  152  141  146  142  139  147  138  136  141  139  144  145  146  145  139  154  142   28
ch:  10  119  126  124  118  127  148  152  155  148  151  147  152  149  161  138  143  142  141  137  134  135  127  136  143  146  147  141  137  137  140  147   -1
ch:  11  143  139  151  158  159  159  157  164  155  154  155  150  146  143  146  166  136  150  147  147  138  140  145  154  139  150  159  139  134  148  156   -1
ch:  12  110  115  115  129  142  134  146  156  150  142  147  149  144  146  150  152  143  149  140  123  150  138  142  142  140  152  134  147  152  146  152   -1
ch:  13  138  148  155  159  158  152  151  166  167  150  147  145  151  151  151  147  155  138  142  146  134  142  141  150  151  142  152  142  140  148  141   17
ch:  14  118  120  126  129  161  154  141  143  154  157  150  150  158  148  140  140  138  150  134  133  146  143  138  136  139  129  138  154  138  135  133   -1
ch:  15  149  142  166  158  166  167  156  166  152  162  147  151  149  147  152  147  152  151  162  155  150  140  149  139  147  139  145  138  151  154  148   -1
ch:  16  102  123  121  143  124  140  150  146  136  157  147   -1  139  147  152  151  153  149  136  141  148  136  135  141  142  143  140  147  141  148  142   42
ch:  17  152  158  167  150  155  153  153  148  152  155   -1  140  141  142  136  139  138  142  139  138  126  139  137  139  135  146  121  134  132  134  140   -1
ch:  18  118  132  138  129  149  153  140  155  148  147  146  135  153  141  135  139  138  135   -1  138  122  138  132  132  134  132  122  139  123  123  131   39
ch:  19  149  169  166  142  162  157  152  139  149  149  146  149  139  149  151  148  135  136  127  130  134  141  143  147  134  131  139  134  143  141  137    8
ch:  20  120  133  139  140  156  153  152  154  148  148  148  139  143  149  135  130  136  133  134  126  124  135  136  132  126  133  130  132  145  141  126   -1
ch:  21  156  148  156  167  147  139  153  151  155  137  148  150  147  141  134  153  147  138  120  137  137  139  129  135  148  134  134  135  125  146  140   -1
ch:  22  122  140  139  145  155  148  152  148  152  141  154  145  143  134  130  134  138  127  136  137  139  127  119  139  133  139  133  131  136  139  132   16
ch:  23  154  156  152  158  149  155  157  136  141  154  142  147  141  145  139  139  140  133  138  132  133  147  124  138  137  138  135  138  135  152  142    1
ch:  24  120  133  127  151  163  137  147  150  149  142  135  144  133  136  145  134  142  134  136  134  137  142  138  129  122  129  141  153  146  124  138   -1
ch:  25  156  159  162  163  155  152  156  137  146  147  145  154  149  145  134  139  143  137  140  132  142  142  131  138  138  133  134  136  134  134  142   45
ch:  26  121  142  152  145  158  152  153  149  141  136  145   -1  135  139  139  139  125  139  139  135  139  134  132  133  130  124  135  133  135  139  137   -1
ch:  27  157  158  164  165  153  155  145  151  143  134  148  146  136  153  145  137  139  134  126  132  132  139  144  143  131  133  139  138  145  139  140   -1
ch:  28  112  145  143  149  154  150  155  163  136  138  139  146  138  136  134  148  127  142  140  145  141  138  133  123  134  138  147  123  136  124  134    7
ch:  29  150  166  157  155  163  155  154  141  152  151  150  146  141  142  140  135  137  131  137  138  139  143  132  132  134  142  132  134  132  152  139   -1
ch:  30  120  132  151  141  154  166  150  162  147  150  135  146  132  139  133  151  142  131  138  126  123  135  122  138  133  130  132  133  150  124  138   54
ch:  31  153  158  165  148  145  153  152  148  151  148  156  146  146  142  139  138  152  141  140  150  139  134  139  140  140  136  141  127  139  150  135   32
ch:  32  126  133  141  149  152  145  150  153  153  147  151  139  141  145  143  143  133  136  133  137  146  126  141  126  134  119  149  120  134  138  140   -1
ch:  33  168  162  161  152  156  154  148  140  148  151  146  139  141  148  132  146  142  141  151  138  134  135  135  134  140  140  141  138  138  134  134   19
ch:  34  110  132  133  156  156  139  138  142  156  150  147  143  131  120  121  140  140  137  140  143   -1  133  125  135  132  129  136  129  138  145  133   22
ch:  35  169  164  157  158  158  155  152  153  155  162  156  145  150  136  141  142  146  142  144  143  141  146  147  138   -1  134  143  140  136  141  138   -1
ch:  36  123  145  141  152  152  153  153  156  139  148  148  149  136  145  135  139  139  148  131  147  140  134  137  131  127  147  130  139  134  135  131   19
ch:  37  156  163  154  164  162  158  162  148  141  148  151  140  151  144  140  140  141  130  138  134  137  134  138  135  137  140  142  149  139  138  139   27
ch:  38  126  138  139  157  154  162  148  148  145  150  147  146  143  138  143  134  151  133  146  133  135  122  143  131  133  149  123  135  140  149  141   -1
ch:  39  165  169  167  164  162  140  148  153  147  147  138  146  153  154  124  137  139  137  145  132  148  133  137  146  140  139  139  138  133  138  134   -1
ch:  40  132  132  141  143  155  143  146  156  149  140  142  146  141  140  149  141  130  138  142  136  145  133  121  133  132  127  131  133  132  134  135   -1
ch:  41  151  158  158  166  155  142  150  153  142  153  150  140  138  146  150  141  139  140  139  145  123  136  133  137  138  124  133  136  139  141  137   -1
ch:  42  122  130  140  143  150  153  146  151  153  152  135  133  134  139  140  143  137  127  135  132   -1  126  132  131  122  136  134  131  136  136  134   -1
ch:  43  165  164  157  167  150  150  158  152  151  139  154  149  146  138  131  139  132  133  145  134  139  136  135  134  134  124  147  136  138  153  135   15
ch:  44  124  129  143  142  159  139  148  159  154  158  140  144  145  134  135  137  142  138  147  141  140  137  136  135  122  133  123  138  138  137  137   -1
ch:  45  156  162  165  155  159  156  166  151  147  137  139  149  152  148  154  153  136  138  148  136   -1  135  133  136  140  146  138  150  132  139  143    7
ch:  46  136  144  149  147  152  153  152  151  139  142  150  149  141  130  148  133  120  133  130  147  133  140  122  137  130  146  133  133  141  142  141   -1
ch:  47  166  149  157  171  170  172  164  147  152  157  147  142  152  145  150  145  145  132  136  142  137  147  139   -1  126  134  146  155  149  149  150   -1
ch:  48  122  129  137  136  151  154  146  148  143  143  145  149  133  145  135  148  135  135  140  139  124  125  132  129  126  131  129  146  141  134  137   -1
ch:  49  150  159  154  157  151  156  149  150  149  139  155  154  135  137  146  139  139  146  141  152  125  140  147  136  152  134  154  140  132  150  143   56
ch:  50  130  132  147  135  150  157  150  147  161  138  152  147  140  133  138  156  126  131  151  131  131  129  132  135  121  134  135  133  140  137  140   -1
ch:  51  149  155  157  165  163  159  154  150  146  145  145  152  157  137  148  138  137  147  141  146  137  132  135  151  150  137  138  131  144  149  143    4
ch:  52  134  149  141  152  139  149  132  152   -1  147  143  144  139  139  142  140  148  134  148  132  129  149  133  137  131  136  132  126  122  136  126   45
ch:  53  156  156  153  167  155  156  153  157  158  150  152  156  143  148   -1  134  147  132  134  138   -1  138  147  149  142  137  136  140  148  148  146   -1
ch:  54  124  126  142  141  149  151  154  153  149  143  136  152  141  141  145  130  137  140  138  133  135  133  132  139  132  134  132  126  131  145  140   -1
ch:  55  151  165  159  151  156  153  152  151  149  153  145  136  149  147  143  141  133  141  140  149  141  135  132  148  146  146  148  150  138  149  148   -1
ch:  56  122  127  147  142  142  144  146  145  148  140  152  150  139  147  151  142  127  134  130  134   -1  151  133  133  136  135  136  139  138  141  147    7
ch:  57  148  153  156  146  166  152  136  154  150  155  152  156  141  135  142  144  145  141  136  153  122  146  137  130  142  137  137  135  142  132  142   -1
ch:  58  134  146  142  143  153  153  147  154  141  158  145  139  134  145  138  140  140  133  139  137  139  145  136  137  138  131  135  135  121  143  154    3
ch:  59  153  169  166  155  163  148  148  152  140  145  141  141  149  142  146  151  138  136  140  149  139  137  138  142  147  150  138  134  155  147  137    5
ch:  60  128  141  139  143  148  148  153  157  148  164  147  138  140  145  133  136  149  133  139  137  132  141  150  119  130  135  138  132  148  145  141   -1
ch:  61  149  164  152  163  168  156  151  152  147  152  144  147  145  137  147  149  149  143  139  149  119  133  138  140  134  142  137  148  140  136  137   -1
ch:  62  130  138  145  149  148  153  149  154  157  150  146  139  137  137  146  146  139  136  143  138  136  131  133  123  120  126  132  131  132  146  126   44
ch:  63  158  165  158  148  151  151  155  150  165  153  152  149  149  143  152  147  139  146  143  148  142  140  140  141  138  130  136  150  151  136  148   -1
ch:  64  122  141  133  147  157  155  150  147  161  151  136  141  135  143  142  145  134  134  132  140  137  126  134  145  132  133  137  132  136  134  127   -1
ch:  65  152  158  166  167  155  154  153  152  140  162  134  141  141  133  146  153  146  150  146  132  140  140  138  149  138  149  133  143  141  154  143   33
ch:  66  124  144  151  157  155  154  153  147  148  156  139  149  148  149  136  134  139  135  135  136  140  133  134  134  132  143  136  133  136  132  139   51
ch:  67  151  164  155  172  165  153  165  168  151  147  136  140  139  139  148  141  138  140  140  135  139  134  135  143  140  136  139  146  141  145  147   30
ch:  68  124  143  149  147  145  155  148  151  147  163  146  138  147  136  140  151  127  134  136  135  132  135  133  125  149  133  137  136  138  148  134   -1
ch:  69  150  167  164  153  162  164  147  150  154  141  149  140  155  146  148  156  136  136  142  136  136  133  136  135  138  151  139  147  150  147  150   -1
ch:  70  132  132  143  143  152  165  151  147  150  172  150  149  143  133  141  141  145  127  142  122  135  135  132  140  137  130  129  132  134  125  138   -1
ch:  71  152  163  156  158   -1  159  153  147  148  148  151  153  150  149  147  145  139  145  143  142  140  136  127  142  138  131  139  136  141  148  148   25
ch:  72  134  130  133  148  155  149  140  140  142  145  145  142  136  141  127  147  124  129  130  134  144  135  134  138  129  135  131  133  152  137  147    6
ch:  73  155  165  164  151  170  153  155  148  154  142  149  137  140  141  135  148  136  137  139  143  133  147  143  137  142  142  140  139  141  134  140   -1
ch:  74  126  131  155  141  152  154  154  153  161  152  141  148  153  130  151  139  138  126  139  130  134  140  133  150  134  141  129  129  146  139  137   50
ch:  75  151  166  162  156  156  164  152  147  151  152  152  151  164  145  150  138  146  137  142  138  136  150  139  131  142  139  138  148  147  152  137   -1
ch:  76  136  134  149  150  138  159  147  150  142  143  154  146  145  135  139  150  137  138  146  146  133  132  138  131  138  140  120  139  145  136  137   -1
ch:  77  164  150  155  165  163  158  149  141  152  163  151  153  150  143  140  139  139  150  138  136  149  136  134  140  137  138  125  143  152  134  155   -1
ch:  78  120  142  138  141  150  156  165  152  140  154  146  143  154  133  150  149  134  140  138  130  126  127  126  130  134  130  125  133  136  139  132   53
ch:  79  166  170  155  148  162  152  156  171  153  148  151  138  141  147  142  152  148  141  133  149  138  140  139  144  138  140  146  141  150  136  137   49
ch:  80  120  136  124  148  150  157  161  147  142  155  149  147  136  140  146  146  126  132  135  128  134  137  127  133  125  135  133  130  139  139  143    3
ch:  81  148  157  170  166  167  146  157  162  150  156  146  140  143  140  138  138  135  137  140  147  125  133  123  143  136  137   -1  140  149  141  135   21
ch:  82  129  136  145  140  157  145  141  155  148  140  137  145  149  148  139  132  137  131  128  137  126  141  129  138  138  135  130  125  136  129  130   27
ch:  83  163  165  167  158  151  150  156  151  145  154  134  150  146  148  138  136  141  135  147  140  139  136  134  147  139  135  141  140  149  151  149   -1
ch:  84  120  125  131  146  150  145  147  154  145  148  141  139  145  135  132  137  135  140  134  133  133  126  136  137  141  135  117  142  136  153  138   -1
ch:  85  164  162  153  151  162  168  147  148   -1  151  139  134  151  145  135  132   -1  154  138  137  150  133  138  138  118  139  139  132  137  134  136   -1
ch:  86  140  136  133  143  152  149  153  156  153  147  135  139  131  136  147  139  131  142  151  134  120  135  131  142  140  142  136  135  135  137  137   -1
ch:  87  157  157  155  158  157  153  152  149  143  138  150  139  136  131  147  150  136  138  146  134  138  137  133  137  135  130  136  124  124  154  134   -1
ch:  88  127  131  137  151  150  153  154  158  152  151  135  154  138  151  146  139  127  146  132  151  133  137  137  148  140  149  135  151  139  133  131   12
ch:  89  160  156  163  158  153  153  153  156  154  141  150  150  141  141  147  150  137  151  137  133   -1  133  139  141  134  148  135  148  133  136  149   41
ch:  90  134  122  147  153  157  151  147  163  149  147  145  149  147  139  138  143  141  138  142  149  132  123  137  139  131  135  123  123  134  138  140   32
ch:  91  140  154  157  152  154  155  156  148  150  150  153  142  152  140  153  152  141  140  138  147  135  135  131  147  135  132  150  146  148  152  139   14
ch:  92  120  134  139  148  153  148  152  147  153  156  141  145  148  137  151  146  126  138  138  126  141  123  138  133  132  131  137  138  138  123  149   44
ch:  93  149  166  158  166  152  149  153  154  149  153  149  146  150  148  133  136  141  139  136  132  142  139  135  135  139  132  149  142  141  145  150   -1
ch:  94  134  132  149  151  156  156  152  149  148  152  152  152  145  140  132  136  136  145  126  137  137  119  132  132  138  133  137  131  131  131  142   -1
ch:  95  153  153  158  167  154  155  152  157  148  146  155  137  150  141  140  145  137  149  137  136  141  154  139  126  134  163  136  134  140  150  139   24
ch:  96  126  137  139  150  147  157  138  142  142  135  147  135  146  142  131  146  140  138  132  131  136  126  124  132  134  131  136  137  137  139  137    4
ch:  97  153  152  165  157  147  165  152  152  148  153  152  148  152  137  146  137  149  140  140  141  134  139  133  139  140  136  136  138  140  139  148   -1
ch:  98  138  128  144  147  150  155  158  147  156  134  142  139  147  139  130  139  137  135  132  126  142  126  133  129  125   -1  122  145  123  137  122   -1
ch:  99  156  163  152  162  154  169  154  154  153  133  142  139  150  140  138  145  155  141  145  138  120  150  135  132  150  142  134   -1  140  145  147   -1
ch: 100  124  128  139  142  154  139  155  145  149  148  142  147  148  142  149  140  135  134  132  137  138  133  135  129  133  141  133  149  123  137  138   51
ch: 101  159  151  149  153  151  152  149  142  151  148  147  151  147  155  146  137  146  130  156  134  129  147  137  131  135  137  136  137  144  142  139   -1
ch: 102  124  131  138  141  153  150  149  154  153  141  153  163  146  133  136  143  133  140  135  138  137  131  136  135  131  132  136  135  139  136  125   -1
ch: 103  158  154  159  157  156  153  148  149  154  147  151  141  139  148  145  136  137  135  139  141  138  138  132  150  121  138  140  141  140  143  139   47
ch: 104  136  129  127  149  161  153  156  139  151  148  146  149  151  139  136  141  138  148  133  131  131  133  147  131  139  143  139  124  139  132  134   37
ch: 105  158  169  155  152  166  170  152  151  156  151  154  152  145  143  137  141  148  154  143  138  143  141  133  148  147  148  134  135  139  149  138   -1
ch: 106  129  138  139  143  166  149  157  157  137  154  138  151  126  133  135  133  140  147  135  133  139  133  134  137  134  130  138  145  138  131  134    4
ch: 107  155  167  164  163  155  153  149  153  155   -1  156  147  149  151  151  138  145  141  139  137  142  137  133  137  142  142  126  141  153  148  134   -1
ch: 108  123  133  133  142  147  152  147  139  147  143  146  139  145  141  138  138  125  135  131  142  124  115  135  135  127  149  138  142  133  133  138   -1
ch: 109  155  157  154  168  157  169  149  150  153  153  147  141  143  139  143  141  149  137  133  141  133  131  142  148  146  139  139  139  143  148  148   43
ch: 110  116  128  135  141  157  156  150  158  143  148  139  137  155  141  136  131  125  142  137  123  139  121  130  133  138  123  133  125  134  130  134   25
ch: 111  156  168  170  152  164  155  161  152  156  148  149  157  139  140  146  133  149  145  148  137  135  141  142  139  137  147  140  146  143  147  151    7
ch: 112  124  145  123  147  154  149  152  149  152  138  153  144  145  133  130  140  139  148  138  134  140  124  126  135  139  135   -1  138  148  149  137   17
ch: 113  152  173  154  164  153  164  162  166   -1  139  151  151  151  146  145  140  148  149  139  135  137  133  136  139  147  135  136  151  150  147  147   56
ch: 114  122  124  135  151  157  152  151  139  152  136  142  153  141  139  122  132  133  125  145  138  134  122  130  129  139  124  130  126  137  133  137   -1
ch: 115  155  149  155  170  167  145  153  149  151  155  150  151  147  135  144  149  148  124  141  137  138  143  139  139  145  138  136  141  147  134  136   24
ch: 116  124  126  135  137  151  156  154  142  147  154  149  139  141  149  137  143  138  129  132  141  133  129  132  133  137  140  131  146  133  144  138   45
ch: 117  156  171  157  156  153  161  146  140  151  141  142  148  141  157  145  146  142  140  135  135  138  126  153  134  129  145  132  142  139  139  137   -1
ch: 118  118  124  139  141  150  151  152  146  149  148  146  148  153  139  142  140  149  138  135  138  135  136  147  136  135  137  133  137  146  145  140   -1
ch: 119  149  157  166  163  154  155  154  158  153  155  154  149  147  140  132  142  152  140  148  136  150  140  147  139  130  139  141  141  146  154  151   -1
ch: 120  120  127  133  145  155  143  146  150   -1  150  151  154  135  139  152  133  143  138  134  124  130  123  133  137  135  135  145  134  137  125  147   -1
ch: 121  140  161  164  157  165  155  148  152  139  158  150  149  135  140  150  146  139  138  150  149  137  136  135  147  139  134  151  146  139  145  138   -1
ch: 122  110  124  147  141  143  152  147  152  155  152  148  124  140  135  141  138  142  141  136  122  134  145  130  137  135  142  130  140  140  136  135   -1
ch: 123  149  165  155  150  163  157  155  147  155  142  154  142  147  150  148  139  133  141  137  146  136  136  137  134  133  142  132  146  149  148  147   -1
ch: 124  100   97  107  111  127  140  141  142  148  141  154  143  146  143  136  143  137  136  122  139  133  126  140  124  142  123  134  151  139  139  127   -1
ch: 125  154  170  154  167  168  153  152  157  153  150  150  145  156  147  144  146  151  149  145  140  136  135  136  139  136  141  137  139  147  141  151   -1
ch: 126   78   98   91  109  129  125  131  137  119  146  149  148  145  146  133  138  151  145  134  140  130  137  146  138  136  138  133  135  135  124  145   38
ch: 127  140  157  157  163  159  149  155  156  157  141  141  133  137  143  146  154  133  142  137  138  146  148  140  147  142  148  143  139  158  147  162    6
